599
559
382
4824
1429
545
307
1171
210
1188
2963
1987
417
131
92
839
4181
2773
9908
3041
1159
363
255
192
122
474
1692
1320
3641
866
23
5335
224
3266
326
1156
105
76
393
1169
1238
562
1327
1370
6638
1515
5712
4266
15
885
2133
6271
3209
266
2840
1282
2602
1162
1520
989
1784
6477
349
156
145
657
1599
515
159
2389
3978
7145
634
80
2067
2033
2331
60
14
6693
37
3827
6057
563
724
705
66
247
63
1312
274
1827
1635
1038
6072
