seen,user_index,seed_size
2,683352,1
11,657449,2
16,20071,3
21,1239,4
26,5205,5
47,6400,6
52,3424,7
58,26084,8
59,102903,9
64,642782,10
75,3491,11
80,729,12
81,469,13
85,21159,14
92,62903,15
98,24732,16
102,179149,17
103,662634,18
104,4185,19
105,1071,20
118,883,21
120,1587,22
123,29772,23
132,38384,24
137,928,25
142,69931,26
143,1210,27
147,362,28
150,89639,29
157,2774,30
160,18938,31
169,9954,32
170,1039106,33
172,645916,34
176,66332,35
182,646628,36
184,8256,37
202,268336,38
203,3008,39
206,91958,40
209,47794,41
215,1036,42
217,210612,43
225,126853,44
231,1190,45
235,122800,46
237,18858,47
239,20234,48
243,112773,49
248,516,50
253,8856,51
259,143923,52
265,2834,53
270,672567,54
281,2973,55
295,62726,56
299,3433,57
301,20754,58
306,24977,59
307,13024,60
310,2234,61
316,14702,62
321,96241,63
327,20795,64
328,25845,65
329,77260,66
387,665749,67
388,2759,68
389,694932,69
398,126137,70
399,3162,71
400,2720,72
409,3523,73
416,889,74
418,275,75
420,160789,76
424,35660,77
426,403,78
431,280435,79
434,20586,80
441,661610,81
447,833,82
450,20081,83
462,657377,84
463,684215,85
476,55023,86
479,648298,87
483,108623,88
487,5135,89
496,574709,90
509,658459,91
525,2708,92
534,19462,93
535,866,94
536,94059,95
542,1489,96
551,751972,97
553,2711,98
558,11356,99
563,105,100
564,884,101
570,106354,102
571,23129,103
577,642861,104
580,3673,105
583,643719,106
585,27976,107
592,1259,108
597,2559,109
599,642550,110
602,2344,111
612,155431,112
613,18613,113
619,230052,114
636,722,115
637,3899,116
648,106976,117
652,3101,118
655,801,119
661,115240,120
670,4541,121
671,18172,122
672,5872,123
674,678999,124
681,2525,125
685,642490,126
701,8879,127
704,9239,128
706,3916,129
717,515983,130
719,805,131
720,642,132
725,742,133
730,646255,134
732,650456,135
733,27543,136
742,6210,137
747,1845,138
751,2608,139
752,122825,140
754,15143,141
767,97346,142
782,196,143
783,4,144
787,37027,145
793,37063,146
796,1009453,147
798,69794,148
800,21080,149
802,4821,150
804,3219,151
813,2810,152
816,357530,153
825,657357,154
835,254926,155
837,3371,156
838,75543,157
841,36072,158
852,71084,159
862,132538,160
868,807,161
883,26352,162
887,649243,163
899,62875,164
902,18105,165
903,663582,166
916,185311,167
918,156906,168
919,110104,169
924,20024,170
939,96926,171
943,1013167,172
945,20964,173
946,78636,174
950,2844,175
951,2282,176
953,9734,177
963,27203,178
964,479,179
981,16013,180
984,108601,181
988,79719,182
990,131027,183
1000,108617,184
1002,20363,185
1009,137363,186
1011,1034426,187
1019,21,188
1023,94026,189
1025,7200,190
1027,6375,191
1035,692623,192
1041,758404,193
1049,11303,194
1052,20011,195
1053,3477,196
1056,1226,197
1058,3665,198
1059,72639,199
1062,77110,200
1064,950752,201
1071,3138,202
1074,672244,203
1077,2962,204
1082,154085,205
1083,881,206
1110,110697,207
1113,18763,208
1114,518634,209
1116,72399,210
1126,521930,211
1136,104540,212
1150,1244,213
1151,4892,214
1158,38374,215
1174,75799,216
1180,9849,217
1185,24420,218
1190,642536,219
1198,102936,220
1213,17270,221
1221,907,222
1238,2423,223
1239,107678,224
1241,4562,225
1255,69888,226
1263,4921,227
1266,9286,228
1268,4049,229
1271,1011428,230
1274,3446,231
1281,1011763,232
1292,9405,233
1307,47763,234
1315,27004,235
1319,687,236
1322,166594,237
1323,280986,238
1337,642667,239
1345,2846,240
1351,27803,241
1352,11866,242
1361,2686,243
1366,850,244
1367,30363,245
1368,4435,246
1380,660234,247
1399,642877,248
1400,6518,249
1411,18792,250
1412,1168,251
1413,482708,252
1416,4904,253
1431,3168,254
1434,38409,255
1439,9344,256
1440,41561,257
1444,732340,258
1453,128675,259
1456,167,260
1475,2822,261
1479,1232,262
1500,27836,263
1505,20988,264
1510,104683,265
1511,20306,266
1519,71119,267
1522,10549,268
1529,22014,269
1533,71075,270
1536,234692,271
1537,20753,272
1544,3750,273
1552,373537,274
1564,646367,275
1570,2316,276
1572,2782,277
1576,4814,278
1585,20868,279
1596,660238,280
1601,3683,281
1610,6475,282
1622,1808,283
1625,340,284
1633,4751,285
1637,8607,286
1640,1203,287
1644,1179,288
1647,802056,289
1654,37398,290
1656,131024,291
1661,22367,292
1663,6269,293
1668,2982,294
1697,645693,295
1700,640017,296
1701,1860,297
1704,114387,298
1709,1007994,299
1716,700,300
1722,725875,301
1730,1048329,302
1753,51821,303
1767,24033,304
1776,57500,305
1779,12825,306
1788,2422,307
1798,5203,308
1801,702853,309
1802,343346,310
1805,60085,311
1812,122853,312
1815,2538,313
1825,23127,314
1844,30295,315
1863,1243,316
1869,636736,317
1872,1118,318
1894,846,319
1896,109988,320
1898,6267,321
1902,159927,322
1925,1311,323
1926,106984,324
1928,5693,325
1936,636156,326
1943,8335,327
1948,93539,328
1951,4935,329
1953,3941,330
1961,33783,331
1971,672652,332
1977,1490,333
1980,728998,334
1981,153702,335
1985,52758,336
1996,3589,337
1997,28179,338
1999,4613,339
2003,3600,340
2020,831,341
2033,25715,342
2037,1289,343
2038,1707,344
2040,27171,345
2046,21341,346
2049,642539,347
2071,662159,348
2077,69853,349
2083,11905,350
2086,2953,351
2101,8809,352
2120,129912,353
2129,32877,354
2133,919,355
2138,33,356
2143,93,357
2159,698535,358
2168,37661,359
2189,170155,360
2220,825,361
2234,298366,362
2238,1271,363
2241,20635,364
2243,684219,365
2245,112235,366
2252,18571,367
2255,1574,368
2258,10418,369
2272,1182,370
2278,77327,371
2297,645647,372
2299,17685,373
2302,697830,374
2310,209,375
2311,124592,376
2315,30374,377
2322,17404,378
2323,77607,379
2325,85327,380
2332,2286,381
2343,1273,382
2351,70661,383
2358,75044,384
2362,1507,385
2372,5234,386
2383,75183,387
2392,1258,388
2393,4942,389
2394,79641,390
2400,3112,391
2405,131799,392
2410,3,393
2413,643569,394
2416,219236,395
2420,28559,396
2423,79927,397
2430,122395,398
2435,7827,399
2451,677561,400
2458,1265,401
2463,2378,402
2465,74227,403
2469,678165,404
2477,112201,405
2491,62833,406
2502,167980,407
2513,4244,408
2520,17263,409
2524,1001507,410
2527,46,411
2531,88678,412
2533,4220,413
2534,480825,414
2540,9061,415
2541,8969,416
2564,80175,417
2578,406,418
2581,4418,419
2590,13567,420
2599,38337,421
2609,162035,422
2613,1224,423
2614,640016,424
2617,104537,425
2619,695405,426
2622,24395,427
2630,105477,428
2635,59369,429
2643,57914,430
2651,838,431
2654,862133,432
2655,13737,433
2656,644920,434
2657,20323,435
2666,9357,436
2683,956,437
2687,108796,438
2703,197779,439
2705,17283,440
2706,676602,441
2710,3306,442
2722,69320,443
2724,104582,444
2728,162026,445
2735,123842,446
2737,951,447
2743,638817,448
2768,6425,449
2770,280407,450
2776,1708,451
2778,3695,452
2779,11479,453
2785,4406,454
2793,153277,455
2796,8000,456
2798,311,457
2806,3048,458
2817,1910,459
2827,9348,460
2837,3739,461
2851,106983,462
2871,94914,463
2905,3099,464
2930,1070,465
2937,649853,466
2939,23840,467
2954,1368,468
2960,86340,469
2972,116,470
2973,29769,471
2984,7376,472
2987,880,473
2994,186239,474
2999,102389,475
3000,44005,476
3005,679090,477
3013,676429,478
3016,295011,479
3022,4958,480
3035,25683,481
3043,3948,482
3044,282823,483
3057,1246,484
3072,113768,485
3073,11879,486
3081,510,487
3085,105327,488
3087,226946,489
3089,694116,490
3105,106347,491
3110,218037,492
3114,642689,493
3120,44012,494
3123,2249,495
3130,114445,496
3132,3482,497
3133,1967,498
3144,772,499
3171,649123,500
3172,4293,501
3173,65170,502
3174,92011,503
3192,14777,504
3196,285863,505
3226,542,506
3231,77295,507
3237,2632,508
3239,643702,509
3240,47454,510
3243,17416,511
3246,19951,512
3247,679657,513
3254,104131,514
3256,25520,515
3257,27019,516
3258,4443,517
3259,1069,518
3266,35290,519
3268,69856,520
3272,634,521
3280,110194,522
3284,24456,523
3291,5394,524
3299,108439,525
3340,5995,526
3351,20256,527
3355,686673,528
3365,77319,529
3367,360505,530
3368,2732,531
3375,402216,532
3379,23796,533
3382,856803,534
3400,1041,535
3412,95895,536
3417,486880,537
3461,661399,538
3462,101920,539
3463,17342,540
3467,21709,541
3468,27053,542
3475,527,543
3481,1242,544
3484,649455,545
3489,646083,546
3491,947,547
3492,656342,548
3493,78451,549
3514,643183,550
3518,75567,551
3527,8745,552
3533,3119,553
3535,705,554
3539,278192,555
3543,1252,556
3558,7840,557
3563,20572,558
3568,33541,559
3573,714304,560
3581,103,561
3597,101442,562
3602,2425,563
3605,3220,564
3616,3533,565
3629,376276,566
3636,24198,567
3643,73236,568
3644,122057,569
3645,645702,570
3648,661951,571
3655,61867,572
3666,96886,573
3672,635830,574
3673,114349,575
3693,38308,576
3703,231216,577
3717,1024,578
3729,701,579
3730,653253,580
3739,4301,581
3758,37277,582
3768,6331,583
3809,96350,584
3828,107408,585
3830,5455,586
3836,10031,587
3842,214319,588
3845,104181,589
3855,20867,590
3864,21660,591
3878,646130,592
3881,21137,593
3886,71,594
3894,1431,595
3913,115673,596
3932,60362,597
3956,108563,598
3962,20087,599
3964,27682,600
3967,3231,601
3972,21916,602
3982,106933,603
3988,10843,604
3990,42412,605
3995,513,606
4005,902,607
4010,27792,608
4012,97297,609
4017,122974,610
4026,8924,611
4030,1060667,612
4064,14250,613
4105,748795,614
4114,62842,615
4121,24739,616
4133,2301,617
4134,2049,618
4139,88985,619
4140,271961,620
4166,84977,621
4175,35896,622
4179,3583,623
4180,20720,624
4196,2026,625
4200,21112,626
4240,66013,627
4251,251218,628
4252,104690,629
4254,640862,630
4289,4221,631
4326,8617,632
4344,2507,633
4351,162223,634
4357,43,635
4360,2420,636
4366,355471,637
4373,684216,638
4396,491,639
4406,21029,640
4409,203,641
4428,116989,642
4429,3564,643
4494,102606,644
4497,77474,645
4503,6533,646
4504,9027,647
4507,62632,648
4508,802,649
4512,57936,650
4515,4112,651
4529,172933,652
4531,662416,653
4540,184333,654
4550,64787,655
4552,383,656
4557,649209,657
4564,29974,658
4600,104698,659
4601,71153,660
4603,30444,661
4611,176637,662
4619,59983,663
4625,92745,664
4641,637262,665
4643,20455,666
4645,20829,667
4653,4229,668
4657,226625,669
4664,4852,670
4669,21065,671
4671,143842,672
4672,31427,673
4700,3061,674
4701,9162,675
4704,70137,676
4711,62629,677
4715,1834,678
4720,1023,679
4745,5129,680
4747,21472,681
4758,20663,682
4762,10598,683
4787,106990,684
4790,454,685
4794,4368,686
4796,9402,687
4798,20145,688
4822,213776,689
4846,665215,690
4852,77321,691
4853,1078,692
4863,5156,693
4877,229006,694
4878,18679,695
4885,33826,696
4890,651485,697
4908,20049,698
4912,279498,699
4913,1450,700
4918,2548,701
4923,20508,702
4925,60982,703
4951,1704,704
4964,195579,705
4970,748616,706
4975,84193,707
4989,649232,708
4996,46868,709
5015,69807,710
5029,642509,711
5037,194880,712
5039,21549,713
5046,5037,714
5050,5463,715
5061,622419,716
5072,616,717
5077,20799,718
5092,78582,719
5097,221169,720
5098,20216,721
5103,104132,722
5124,4718,723
5126,83626,724
5127,94739,725
5193,20558,726
5210,2724,727
5235,15152,728
5237,810,729
5241,27801,730
5245,20933,731
5248,77,732
5260,20457,733
5274,77252,734
5275,123134,735
5290,7784,736
5293,401876,737
5294,1185,738
5302,21430,739
5313,27814,740
5341,643172,741
5355,22745,742
5357,664092,743
5367,645505,744
5368,20789,745
5387,640363,746
5389,2673,747
5424,37403,748
5457,14569,749
5483,4735,750
5484,2251,751
5486,678168,752
5487,181087,753
5496,15691,754
5525,33129,755
5527,636782,756
5536,132779,757
5537,12366,758
5540,37201,759
5560,63544,760
5574,20551,761
5598,95611,762
5621,72485,763
5636,101817,764
5693,33787,765
5726,11945,766
5739,8476,767
5799,21329,768
5808,78640,769
5830,17258,770
5835,17709,771
5844,6659,772
5863,3971,773
5864,2661,774
5865,1657,775
5882,5594,776
5891,20921,777
5903,20592,778
5922,104534,779
5923,181147,780
5935,86430,781
5941,4398,782
5958,91446,783
5968,4897,784
5977,101094,785
5985,63481,786
6017,642838,787
6021,28925,788
6058,646129,789
6061,110087,790
6068,75026,791
6070,887,792
6072,313757,793
6079,32,794
6094,702943,795
6100,6473,796
6117,11916,797
6125,202026,798
6136,648308,799
6140,3405,800
6152,20137,801
6184,6722,802
6187,21170,803
6189,104196,804
6190,228175,805
6191,4910,806
6212,717,807
6241,717436,808
6248,807472,809
6251,12114,810
6282,1384,811
6285,647829,812
6306,11869,813
6351,90212,814
6355,122761,815
6362,17391,816
6377,6429,817
6419,388243,818
6420,33741,819
6421,21017,820
6465,78273,821
6472,645583,822
6484,2131,823
6485,7708,824
6490,94297,825
6495,24554,826
6534,4730,827
6535,61023,828
6537,661448,829
6538,323006,830
6543,8591,831
6560,20327,832
6564,7961,833
6598,37057,834
6613,21312,835
6624,26666,836
6629,642499,837
6670,1077021,838
6683,718,839
6690,4979,840
6698,1983,841
6708,27109,842
6720,758957,843
6741,20999,844
6751,96567,845
6754,37353,846
6771,25256,847
6772,21957,848
6789,11919,849
6796,37314,850
6801,93930,851
6803,287783,852
6812,642501,853
6824,455314,854
6827,12094,855
6828,126107,856
6834,26856,857
6837,4889,858
6841,29149,859
6861,1999,860
6875,638610,861
6878,1041808,862
6881,269348,863
6884,4347,864
6907,192965,865
6918,74868,866
6934,12684,867
6942,9291,868
6943,60392,869
6957,20817,870
6959,744,871
6964,222724,872
6965,13771,873
6966,6460,874
6967,20494,875
6979,374671,876
7001,77330,877
7029,699925,878
7052,4955,879
7058,7621,880
7063,6018,881
7064,4945,882
7074,690002,883
7080,18841,884
7084,886,885
7086,195547,886
7121,20902,887
7140,160788,888
7147,726,889
7151,310,890
7187,8386,891
7188,105014,892
7196,4908,893
7204,89585,894
7207,4459,895
7216,1012,896
7233,104533,897
7261,6462,898
7262,847,899
7289,11822,900
7301,5175,901
7307,133185,902
7314,297710,903
7315,649214,904
7330,711483,905
7344,3803,906
7349,3903,907
7357,87758,908
7361,18208,909
7419,33876,910
7420,642478,911
7449,59979,912
7460,1088,913
7500,37290,914
7505,104136,915
7558,643161,916
7563,3403,917
7571,778686,918
7574,641848,919
7583,600631,920
7587,83080,921
7597,62828,922
7609,3408,923
7615,1021638,924
7626,328122,925
7659,168057,926
7663,656668,927
7674,407839,928
7679,865,929
7684,640364,930
7706,348,931
7709,645456,932
7714,11931,933
7717,6536,934
7718,24184,935
7729,7166,936
7742,8682,937
7744,1592,938
7746,63923,939
7750,104543,940
7770,649240,941
7774,905,942
7781,3727,943
7787,8834,944
7790,107977,945
7842,1059,946
7853,44004,947
7867,61517,948
7878,8791,949
7879,701424,950
7890,79689,951
7896,620268,952
7897,20055,953
7915,60132,954
7928,18854,955
7929,20507,956
7931,13696,957
7943,108611,958
7944,4630,959
7949,108221,960
7952,194460,961
7957,1160,962
7961,644577,963
7969,4383,964
7987,661664,965
7989,1063070,966
7993,20483,967
7999,59846,968
8003,77342,969
8031,22467,970
8033,10009,971
8034,155186,972
8040,324178,973
8053,94664,974
8063,1316,975
8069,874,976
8083,31842,977
8092,6459,978
8109,90542,979
8112,6139,980
8114,38017,981
8128,914,982
8132,93945,983
8140,3511,984
8141,646046,985
8170,248,986
8179,6594,987
8201,1007,988
8213,78757,989
8216,3459,990
8217,88797,991
8220,20092,992
8240,642613,993
8247,679347,994
8265,1018,995
8280,90811,996
8309,2134,997
8314,108785,998
8332,2710,999
8345,105821,1000
8367,4790,1001
8371,5701,1002
8398,21237,1003
8408,241,1004
8429,208974,1005
8433,85658,1006
8471,706,1007
8489,37068,1008
8506,4696,1009
8524,640858,1010
8530,5860,1011
8546,43019,1012
8583,4905,1013
8611,105791,1014
8619,20928,1015
8628,661421,1016
8644,4773,1017
8645,93528,1018
8660,79243,1019
8666,126133,1020
8669,3883,1021
8681,43513,1022
8683,7915,1023
8716,18819,1024
8745,23631,1025
8759,3996,1026
8778,7878,1027
8780,11350,1028
8790,20252,1029
8800,643250,1030
8820,3537,1031
8834,657640,1032
8843,11837,1033
8853,186778,1034
8876,4965,1035
8883,714495,1036
8915,252958,1037
8938,1709,1038
8941,100881,1039
8949,949002,1040
8974,1063971,1041
8998,69812,1042
9004,96360,1043
9030,196483,1044
9035,638922,1045
9080,3708,1046
9099,1703,1047
9119,11809,1048
9140,4303,1049
9152,4728,1050
9160,2161,1051
9165,11009,1052
9169,29504,1053
9174,290,1054
9206,83377,1055
9207,1269,1056
9218,59970,1057
9224,11849,1058
9238,123,1059
9287,108463,1060
9289,9378,1061
9298,3478,1062
9334,96919,1063
9337,2809,1064
9346,646289,1065
9355,66342,1066
9358,15895,1067
9386,17825,1068
9389,37250,1069
9392,24061,1070
9394,3973,1071
9395,21604,1072
9404,91961,1073
9407,644567,1074
9455,3551,1075
9490,1600,1076
9491,667483,1077
9499,88732,1078
9572,190657,1079
9619,33860,1080
9630,123828,1081
9636,18619,1082
9657,94199,1083
9678,1167,1084
9680,643162,1085
9737,125849,1086
9738,6510,1087
9753,622595,1088
9756,4235,1089
9770,3217,1090
9799,20603,1091
9806,5048,1092
9816,77338,1093
9826,4082,1094
9827,4986,1095
9831,2462,1096
9837,18054,1097
9860,4843,1098
9865,6287,1099
9877,5702,1100
9885,21351,1101
9886,88709,1102
9912,89985,1103
9924,4248,1104
9940,20076,1105
9946,22033,1106
9964,231819,1107
9979,126608,1108
9982,37352,1109
9983,22892,1110
9985,20580,1111
10003,20726,1112
10004,122763,1113
10021,305336,1114
10027,31453,1115
10044,1032183,1116
10052,11870,1117
10066,95,1118
10111,4305,1119
10117,20422,1120
10126,95010,1121
10154,8705,1122
10175,103001,1123
10198,1041416,1124
10222,188936,1125
10258,8480,1126
10311,822,1127
10340,672637,1128
10362,10007,1129
10376,38282,1130
10384,63055,1131
10387,366,1132
10388,714928,1133
10397,1014555,1134
10399,4860,1135
10440,20231,1136
10444,91995,1137
10458,306892,1138
10475,28206,1139
10478,21685,1140
10486,1096010,1141
10528,690,1142
10538,60443,1143
10540,248393,1144
10546,60955,1145
10549,638634,1146
10551,7577,1147
10558,1499,1148
10560,732815,1149
10569,293716,1150
10583,23472,1151
10605,4501,1152
10612,12950,1153
10638,693176,1154
10646,658204,1155
10674,14029,1156
10699,288,1157
10707,50223,1158
10708,20432,1159
10711,746834,1160
10718,4028,1161
10726,7789,1162
10733,6404,1163
10746,26334,1164
10773,447,1165
10782,100127,1166
10787,2245,1167
10792,133563,1168
10809,10284,1169
10817,197040,1170
10819,179192,1171
10824,93857,1172
10850,36654,1173
10851,9024,1174
10864,114465,1175
10871,112301,1176
10872,113679,1177
10875,67667,1178
10921,289368,1179
10931,652673,1180
10937,375,1181
10944,646193,1182
10945,103913,1183
10954,77217,1184
10964,396761,1185
10999,1044927,1186
11009,991906,1187
11024,6457,1188
11041,439593,1189
11045,4759,1190
11048,732816,1191
11071,141746,1192
11076,158754,1193
11090,6440,1194
11112,649283,1195
11140,662189,1196
11163,4777,1197
11164,75228,1198
11168,90607,1199
11176,379920,1200
11197,644543,1201
11242,96945,1202
11266,21627,1203
11267,60317,1204
11274,679387,1205
11282,646231,1206
11300,643765,1207
11302,18117,1208
11307,727988,1209
11317,6067,1210
11326,79272,1211
11327,1008,1212
11332,37670,1213
11352,101695,1214
11364,1040337,1215
11413,3769,1216
11460,1249,1217
11466,24616,1218
11479,645172,1219
11488,132891,1220
11493,62638,1221
11498,116948,1222
11499,21343,1223
11506,642672,1224
11520,1008561,1225
11522,3677,1226
11544,20518,1227
11556,1267,1228
11610,1006489,1229
11632,23947,1230
11638,93567,1231
11653,646419,1232
11660,3009,1233
11677,702852,1234
11700,1885,1235
11713,4946,1236
11714,63471,1237
11720,164517,1238
11743,3790,1239
11744,1008964,1240
11749,124310,1241
11760,710,1242
11769,29280,1243
11773,71067,1244
11783,1073128,1245
11795,20429,1246
11815,367947,1247
11821,5698,1248
11829,4787,1249
11831,151914,1250
11834,1819,1251
11839,21081,1252
11850,730472,1253
11869,2244,1254
11886,8839,1255
11924,47409,1256
11934,781521,1257
11938,103453,1258
11997,11813,1259
12001,137982,1260
12029,200306,1261
12057,1124,1262
12083,639471,1263
12086,20052,1264
12089,2227,1265
12106,2105,1266
12108,660553,1267
12113,696115,1268
12129,803,1269
12143,199208,1270
12188,104320,1271
12205,11914,1272
12255,77336,1273
12256,143837,1274
12264,94185,1275
12275,6576,1276
12285,22551,1277
12293,17927,1278
12294,183729,1279
12310,11900,1280
12323,1156,1281
12341,681378,1282
12354,4314,1283
12364,47555,1284
12385,1750,1285
12394,4259,1286
12402,96561,1287
12411,217121,1288
12449,82142,1289
12455,862,1290
12473,2363,1291
12482,102395,1292
12548,1097739,1293
12551,216645,1294
12601,646812,1295
12684,927,1296
12691,79635,1297
12722,20780,1298
12737,90888,1299
12826,3450,1300
12832,205673,1301
12837,1018746,1302
12851,665214,1303
12866,122900,1304
12887,643181,1305
12888,28232,1306
12907,991893,1307
12919,4833,1308
12923,104133,1309
12927,144624,1310
12931,30952,1311
12935,28514,1312
12951,123040,1313
12974,518,1314
12977,62850,1315
12987,6674,1316
13020,20538,1317
13039,637333,1318
13040,151639,1319
13070,3360,1320
13090,1294,1321
13111,25933,1322
13129,24372,1323
13130,16260,1324
13144,105934,1325
13200,661391,1326
13232,9258,1327
13268,95945,1328
13283,1066844,1329
13285,117224,1330
13316,939,1331
13320,4820,1332
13335,18783,1333
13356,131859,1334
13394,3005,1335
13401,991775,1336
13419,5925,1337
13420,1228,1338
13449,160751,1339
13453,1171,1340
13487,4488,1341
13499,247255,1342
13502,10071,1343
13510,70413,1344
13562,216122,1345
13569,689813,1346
13580,21013,1347
13586,954,1348
13608,77352,1349
13614,164829,1350
13621,11286,1351
13622,515150,1352
13623,10004,1353
13629,73213,1354
13632,68175,1355
13674,23133,1356
13688,19999,1357
13709,85052,1358
13711,3221,1359
13734,24536,1360
13735,728304,1361
13745,279476,1362
13759,9742,1363
13773,17267,1364
13786,69791,1365
13798,17716,1366
13807,20189,1367
13832,1107700,1368
13850,661070,1369
13854,37334,1370
13907,6721,1371
13949,48598,1372
13977,1612,1373
14074,21020,1374
14100,3802,1375
14113,26479,1376
14142,701317,1377
14233,17,1378
14237,11806,1379
14242,17845,1380
14245,689971,1381
14249,1015038,1382
14255,37132,1383
14281,741544,1384
14348,27038,1385
14372,198858,1386
14404,18147,1387
14409,40403,1388
14425,643560,1389
14463,63513,1390
14470,277758,1391
14491,20157,1392
14515,23506,1393
14563,800,1394
14565,1813,1395
14567,1985,1396
14584,23462,1397
14608,662527,1398
14616,4856,1399
14621,193227,1400
14630,100270,1401
14636,1261,1402
14638,305845,1403
14648,14812,1404
14729,60204,1405
14774,12579,1406
14792,20672,1407
14806,62826,1408
14838,22888,1409
14877,640047,1410
14887,240396,1411
14947,1958,1412
14962,4657,1413
14963,107928,1414
14991,20394,1415
15023,3473,1416
15028,5035,1417
15040,27644,1418
15048,646,1419
15056,84856,1420
15103,29697,1421
15110,188807,1422
15154,2775,1423
15181,7028,1424
15225,8874,1425
15236,222602,1426
15246,774646,1427
15255,24803,1428
15312,160264,1429
15329,59613,1430
15340,643278,1431
15356,13449,1432
15359,21783,1433
15369,51841,1434
15372,63585,1435
15373,133389,1436
15383,673641,1437
15411,966,1438
15513,680246,1439
15530,3471,1440
15540,18674,1441
15544,6651,1442
15557,87627,1443
15577,677039,1444
15585,912,1445
15614,77316,1446
15616,47112,1447
15624,241905,1448
15653,70818,1449
15656,16255,1450
15721,107600,1451
15755,692167,1452
15772,78577,1453
15779,90589,1454
15819,153647,1455
15828,75076,1456
15840,998605,1457
15860,335,1458
15882,252825,1459
15899,7487,1460
15909,60452,1461
15916,647754,1462
15990,821,1463
16044,884241,1464
16049,1176,1465
16057,9021,1466
16065,66016,1467
16069,78730,1468
16073,57889,1469
16081,20912,1470
16105,278207,1471
16144,103824,1472
16166,77838,1473
16171,107902,1474
16180,3842,1475
16187,1089811,1476
16218,995816,1477
16238,719,1478
16247,33623,1479
16254,2557,1480
16270,9883,1481
16271,1351,1482
16304,926,1483
16319,26391,1484
16331,30862,1485
16371,124730,1486
16381,11963,1487
16478,307548,1488
16515,104236,1489
16603,1181,1490
16608,90,1491
16627,1822,1492
16633,7999,1493
16675,7356,1494
16698,27259,1495
16750,3882,1496
16752,8122,1497
16767,21513,1498
16776,51827,1499
16789,643035,1500
16858,660230,1501
16897,23007,1502
16916,713825,1503
16968,127697,1504
16981,5138,1505
16985,740,1506
16998,4012,1507
17001,86182,1508
17012,30131,1509
17023,101902,1510
17029,10621,1511
17042,75008,1512
17067,33825,1513
17094,245019,1514
17127,644647,1515
17128,63819,1516
17171,11955,1517
17202,4848,1518
17222,644398,1519
17228,77294,1520
17243,777229,1521
17246,89951,1522
17275,18088,1523
17284,1006931,1524
17287,16172,1525
17351,77340,1526
17387,1068,1527
17407,20227,1528
17419,715909,1529
17486,219819,1530
17500,19074,1531
17526,1767,1532
17551,95848,1533
17592,4239,1534
17602,20199,1535
17607,637244,1536
17615,8423,1537
17629,77320,1538
17684,130557,1539
17694,22457,1540
17699,7023,1541
17714,63025,1542
17795,160814,1543
17801,85568,1544
17832,827,1545
17833,18436,1546
17840,111467,1547
17848,789,1548
17850,18028,1549
17873,37355,1550
17897,206548,1551
17901,4733,1552
17903,13600,1553
17967,60611,1554
17997,20159,1555
18054,30951,1556
18074,21499,1557
18075,660328,1558
18148,1850,1559
18177,15365,1560
18205,28491,1561
18230,139,1562
18302,646621,1563
18309,33772,1564
18314,451,1565
18336,8548,1566
18345,137766,1567
18364,660571,1568
18400,129268,1569
18436,142963,1570
18465,59608,1571
18472,4188,1572
18515,104039,1573
18527,163440,1574
18575,673035,1575
18579,280252,1576
18623,71141,1577
18658,6761,1578
18676,343060,1579
18683,30776,1580
18691,17855,1581
18729,665744,1582
18733,649311,1583
18763,535092,1584
18769,79778,1585
18795,17737,1586
18802,3606,1587
18809,123220,1588
18816,2444,1589
18827,134129,1590
18867,638614,1591
18889,101482,1592
18902,715780,1593
18903,642549,1594
18954,82058,1595
19004,1013878,1596
19010,91942,1597
19069,321176,1598
19076,19875,1599
19087,153914,1600
19105,5109,1601
19113,1461,1602
19136,197770,1603
19147,649310,1604
19157,49647,1605
19161,23154,1606
19238,3155,1607
19253,41397,1608
19267,5148,1609
19310,36553,1610
19323,37781,1611
19352,23429,1612
19358,9531,1613
19360,6780,1614
19375,37363,1615
19385,897666,1616
19410,136261,1617
19417,643591,1618
19429,1025810,1619
19474,100171,1620
19499,18823,1621
19502,3974,1622
19512,107558,1623
19546,694961,1624
19582,5093,1625
19592,2242,1626
19595,4018,1627
19622,686692,1628
19656,21033,1629
19670,916468,1630
19676,23596,1631
19742,5423,1632
19745,18481,1633
19766,30788,1634
19804,643420,1635
19816,88672,1636
19832,62853,1637
19862,1033692,1638
19866,8213,1639
19966,18302,1640
19981,678108,1641
19982,825828,1642
20042,1030085,1643
20052,707,1644
20057,17874,1645
20128,710072,1646
20275,41815,1647
20303,63622,1648
20321,220754,1649
20332,26639,1650
20364,1530,1651
20392,66341,1652
20449,1009462,1653
20527,829,1654
20532,103015,1655
20534,93511,1656
20547,642464,1657
20551,125304,1658
20569,173183,1659
20572,74438,1660
20608,3848,1661
20635,2213,1662
20650,234784,1663
20661,19572,1664
20680,1019953,1665
20688,108118,1666
20834,93182,1667
20912,75060,1668
20923,9038,1669
20966,3796,1670
20973,28072,1671
20975,696875,1672
21007,1007584,1673
21008,94983,1674
21011,798104,1675
21021,70141,1676
21034,22210,1677
21037,644688,1678
21050,303713,1679
21078,10634,1680
21081,25524,1681
21108,698537,1682
21114,6778,1683
21158,132645,1684
21177,5139,1685
21188,66500,1686
21191,72650,1687
21198,112330,1688
21231,607,1689
21282,20349,1690
21430,713685,1691
21504,3015,1692
21537,711939,1693
21540,738883,1694
21585,63543,1695
21590,4555,1696
21611,642738,1697
21634,715155,1698
21650,4351,1699
21670,2095,1700
21688,3480,1701
21707,232018,1702
21713,529,1703
21758,643146,1704
21772,325182,1705
21814,2900,1706
21832,9552,1707
21892,63993,1708
21927,9394,1709
21964,16115,1710
21970,5630,1711
21971,1974,1712
21993,640636,1713
22001,4980,1714
22047,16948,1715
22059,8186,1716
22061,20166,1717
22070,182588,1718
22078,12194,1719
22140,67980,1720
22149,159312,1721
22153,322222,1722
22192,11884,1723
22291,20758,1724
22294,112392,1725
22295,101951,1726
22326,84808,1727
22346,4724,1728
22350,22104,1729
22368,7347,1730
22377,706630,1731
22383,6424,1732
22416,7863,1733
22445,203823,1734
22485,17399,1735
22585,2122,1736
22631,43410,1737
22658,21039,1738
22723,62843,1739
22748,211400,1740
22793,156802,1741
22806,30256,1742
22846,101883,1743
22854,1187,1744
22859,176953,1745
22869,16346,1746
22879,4141,1747
22900,640579,1748
22902,608286,1749
22909,100958,1750
22917,370284,1751
22957,103426,1752
22975,57407,1753
22977,813,1754
23133,94401,1755
23245,91861,1756
23278,2046,1757
23286,135193,1758
23288,3402,1759
23305,51268,1760
23369,8898,1761
23390,108477,1762
23412,327748,1763
23442,645596,1764
23496,644878,1765
23498,336787,1766
23524,638632,1767
23597,3728,1768
23620,93074,1769
23681,5425,1770
23685,3999,1771
23701,37908,1772
23713,24048,1773
23735,44521,1774
23739,673305,1775
23746,60211,1776
23748,17955,1777
23811,9192,1778
23816,11778,1779
23844,486959,1780
23861,425796,1781
23888,771180,1782
23926,79232,1783
23938,21408,1784
23993,764160,1785
23997,1649,1786
24019,21275,1787
24064,688098,1788
24094,102873,1789
24112,63528,1790
24120,92974,1791
24140,837753,1792
24143,81680,1793
24161,106143,1794
24244,6395,1795
24304,95825,1796
24349,84737,1797
24353,839,1798
24427,7925,1799
24439,4963,1800
24460,853448,1801
24469,69875,1802
24477,837082,1803
24507,192714,1804
24636,1085146,1805
24650,643213,1806
24663,188544,1807
24670,101721,1808
24695,324281,1809
24735,7606,1810
24738,36712,1811
24766,95734,1812
24830,96225,1813
24895,339302,1814
25023,3604,1815
25036,7790,1816
25068,45391,1817
25115,21466,1818
25126,566049,1819
25138,61491,1820
25144,36885,1821
25150,21100,1822
25159,71091,1823
25196,649184,1824
25209,1003560,1825
25312,5549,1826
25323,5273,1827
25406,21001,1828
25411,110046,1829
25422,23734,1830
25425,23933,1831
25431,21823,1832
25432,10496,1833
25467,674081,1834
25482,640292,1835
25575,60203,1836
25588,28513,1837
25597,11238,1838
25716,84350,1839
25735,110048,1840
25789,23654,1841
25799,740743,1842
25826,661957,1843
25830,684221,1844
25850,3399,1845
25892,676110,1846
25893,90162,1847
25896,644786,1848
25910,1015992,1849
25956,694765,1850
25968,9147,1851
25986,74097,1852
26003,184314,1853
26070,1016,1854
26098,199860,1855
26152,8640,1856
26155,22746,1857
26173,426101,1858
26195,96698,1859
26218,17238,1860
26232,1090958,1861
26330,124360,1862
26515,30126,1863
26539,693224,1864
26580,643335,1865
26581,325243,1866
26597,3394,1867
26602,1119831,1868
26609,107882,1869
26612,100173,1870
26646,31038,1871
26699,663745,1872
26718,648375,1873
26726,435225,1874
26737,9321,1875
26754,663503,1876
26772,37339,1877
26796,653432,1878
26834,60083,1879
26837,58419,1880
26842,831136,1881
26864,2076,1882
26909,22088,1883
26912,11816,1884
26968,676940,1885
27049,3503,1886
27055,138992,1887
27084,131393,1888
27142,645727,1889
27153,31287,1890
27164,27760,1891
27245,587114,1892
27254,63507,1893
27304,646745,1894
27424,5462,1895
27458,200394,1896
27520,42,1897
27522,726585,1898
27523,159537,1899
27534,3813,1900
27542,787702,1901
27546,1071100,1902
27576,18420,1903
27629,47543,1904
27681,873,1905
27712,70548,1906
27819,36313,1907
27835,643985,1908
27840,44,1909
27959,123093,1910
27968,101699,1911
27977,8108,1912
28000,3215,1913
28033,287958,1914
28092,227079,1915
28107,301293,1916
28191,9051,1917
28206,445,1918
28236,17275,1919
28239,468956,1920
28295,647070,1921
28312,5042,1922
28316,68027,1923
28321,46679,1924
28328,635519,1925
28352,649137,1926
28391,86177,1927
28424,27849,1928
28462,51616,1929
28466,373833,1930
28484,29500,1931
28489,197843,1932
28544,3370,1933
28582,644036,1934
28646,66421,1935
28648,20866,1936
28672,660639,1937
28674,10111,1938
28681,18123,1939
28710,37967,1940
28728,732826,1941
28756,30809,1942
28777,4781,1943
28800,1247,1944
28918,97099,1945
28954,642768,1946
29006,6754,1947
29015,69833,1948
29041,129497,1949
29080,96342,1950
29158,27647,1951
29271,175523,1952
29297,96,1953
29300,3568,1954
29311,232346,1955
29334,784912,1956
29340,220916,1957
29342,4421,1958
29382,3921,1959
29411,89755,1960
29427,2114,1961
29441,676936,1962
29502,105386,1963
29578,31475,1964
29620,4326,1965
29688,62127,1966
29691,20415,1967
29726,62662,1968
29733,391474,1969
29777,32542,1970
29857,962,1971
29865,345704,1972
29884,508599,1973
29927,3908,1974
30015,227895,1975
30068,126444,1976
30096,20638,1977
30097,18047,1978
30209,60426,1979
30210,4110,1980
30256,126291,1981
30274,110904,1982
30299,1014206,1983
30322,7005,1984
30370,71178,1985
30388,455381,1986
30403,122843,1987
30491,20012,1988
30513,3046,1989
30538,25460,1990
30540,961845,1991
30551,2240,1992
30571,5160,1993
30660,1079206,1994
30664,27774,1995
30700,759687,1996
30742,642492,1997
30766,118297,1998
30777,4949,1999
30788,727861,2000
30821,715615,2001
30910,6381,2002
30916,5987,2003
30941,235458,2004
30961,71131,2005
30999,71221,2006
31026,1305,2007
31044,33164,2008
31081,9206,2009
31208,192412,2010
31214,74582,2011
31245,409121,2012
31281,8938,2013
31328,75020,2014
31378,639,2015
31395,320049,2016
31403,3457,2017
31423,131825,2018
31473,9377,2019
31480,1029195,2020
31519,146021,2021
31541,735981,2022
31739,304446,2023
31754,60179,2024
31770,6898,2025
31885,87959,2026
31942,4798,2027
31953,696592,2028
31996,17993,2029
32017,995708,2030
32050,1037083,2031
32100,600762,2032
32111,63668,2033
32115,20534,2034
32118,64117,2035
32150,29402,2036
32212,10242,2037
32223,4081,2038
32330,9356,2039
32389,118479,2040
32463,129372,2041
32520,1925,2042
32533,83889,2043
32536,62518,2044
32540,125383,2045
32543,165989,2046
32580,1001209,2047
32611,38352,2048
32666,4062,2049
32752,66565,2050
32852,9840,2051
32854,70081,2052
32988,26850,2053
32991,727690,2054
32992,11484,2055
33053,49955,2056
33076,7895,2057
33109,18878,2058
33114,1841,2059
33116,660793,2060
33189,58097,2061
33395,132935,2062
33408,71166,2063
33445,74794,2064
33459,213003,2065
33471,270679,2066
33567,11921,2067
33580,4838,2068
33605,41696,2069
33608,71092,2070
33616,457731,2071
33645,27985,2072
33671,3578,2073
33675,30303,2074
33688,20484,2075
33725,60456,2076
33736,79558,2077
33740,36580,2078
33908,687801,2079
33957,3461,2080
34071,137052,2081
34098,660216,2082
34120,93965,2083
34150,1018614,2084
34163,410196,2085
34223,71060,2086
34230,47549,2087
34315,146279,2088
34319,21070,2089
34374,178233,2090
34451,930507,2091
34508,127172,2092
34524,97260,2093
34579,737274,2094
34599,21646,2095
34649,155423,2096
34732,513204,2097
34870,26414,2098
34922,76785,2099
34929,1012808,2100
35007,25157,2101
35013,36750,2102
35020,5800,2103
35028,20989,2104
35032,62522,2105
35043,95860,2106
35073,28908,2107
35139,20041,2108
35317,138054,2109
35319,26164,2110
35363,18972,2111
35365,1086053,2112
35377,94844,2113
35454,113629,2114
35478,4456,2115
35482,6216,2116
35503,160769,2117
35665,1257,2118
35702,347330,2119
35735,89748,2120
35774,61716,2121
35808,2058,2122
35888,138401,2123
35972,457697,2124
35988,71121,2125
36008,660072,2126
36165,3085,2127
36247,686421,2128
36367,657448,2129
36392,660236,2130
36407,131135,2131
36421,13846,2132
36477,169523,2133
36574,135771,2134
36575,681946,2135
36629,727200,2136
36686,737534,2137
36700,60322,2138
36706,1063520,2139
36740,4799,2140
36751,90562,2141
36814,33472,2142
36992,2118,2143
37017,654900,2144
37045,14297,2145
37076,21447,2146
37088,61712,2147
37118,676883,2148
37162,50561,2149
37204,89950,2150
37210,962893,2151
37347,1061557,2152
37359,111353,2153
37362,713699,2154
37414,1112,2155
37477,885857,2156
37481,139227,2157
37534,13503,2158
37593,230682,2159
37611,766884,2160
37668,1121294,2161
37679,112147,2162
37707,950593,2163
37747,59941,2164
37804,28964,2165
37807,303799,2166
37832,65,2167
37840,477206,2168
37904,1218,2169
37941,69798,2170
37993,191444,2171
38046,97284,2172
38087,3458,2173
38216,649217,2174
38290,114447,2175
38314,8644,2176
38347,20881,2177
38444,96424,2178
38457,166328,2179
38462,63870,2180
38534,46195,2181
38547,10419,2182
38615,219035,2183
38711,290288,2184
38761,681735,2185
38790,7682,2186
38793,85657,2187
38924,62584,2188
38964,119778,2189
39159,3414,2190
39373,2126,2191
39443,727828,2192
39486,23044,2193
39504,37188,2194
39505,743910,2195
39546,4834,2196
39548,77276,2197
39786,93764,2198
39990,706780,2199
40302,81986,2200
40442,203053,2201
40451,20129,2202
40484,680045,2203
40510,874122,2204
40512,78647,2205
40539,3025,2206
40557,110370,2207
40583,3438,2208
40736,96594,2209
40854,275744,2210
40942,38301,2211
41014,672473,2212
41047,152094,2213
41102,3506,2214
41147,4776,2215
41248,786938,2216
41300,4272,2217
41328,55802,2218
41355,1528,2219
41362,731412,2220
41393,1070001,2221
41519,4234,2222
41639,21004,2223
41649,61905,2224
41704,107760,2225
41722,21935,2226
41746,637039,2227
41974,142358,2228
42033,82306,2229
42072,1052212,2230
42089,305515,2231
42136,111389,2232
42199,75179,2233
42243,4174,2234
42251,17292,2235
42400,174944,2236
42438,8952,2237
42507,71127,2238
42542,111634,2239
42593,175786,2240
42626,697819,2241
42629,19821,2242
42636,494735,2243
42650,39160,2244
42676,644353,2245
42692,51832,2246
42699,60900,2247
42808,643151,2248
42826,3959,2249
42979,60341,2250
42990,4653,2251
43081,122688,2252
43162,227195,2253
43172,102374,2254
43268,270355,2255
43288,16515,2256
43476,24042,2257
43487,62517,2258
43523,3602,2259
43612,97309,2260
43656,6345,2261
43666,160697,2262
43777,135351,2263
43789,708998,2264
43810,31339,2265
43827,664531,2266
44001,18894,2267
44011,621245,2268
44078,45154,2269
44092,71093,2270
44135,170441,2271
44138,658706,2272
44248,1041717,2273
44274,935515,2274
44296,2820,2275
44386,214058,2276
44396,203999,2277
44427,665179,2278
44655,112737,2279
44656,639371,2280
44661,1101045,2281
44665,37374,2282
44738,67,2283
44744,1202,2284
44930,656631,2285
44937,561748,2286
44963,37952,2287
45010,62824,2288
45044,62921,2289
45058,6328,2290
45059,73244,2291
45103,331246,2292
45131,90165,2293
45191,698119,2294
45216,1922,2295
45311,221749,2296
45324,44751,2297
45399,20325,2298
45468,175794,2299
45508,19270,2300
45543,31965,2301
45696,92262,2302
45701,36597,2303
45819,130974,2304
45832,7712,2305
45993,4667,2306
46002,36670,2307
46029,546251,2308
46206,192010,2309
46211,37306,2310
46284,23035,2311
46412,715450,2312
46447,125371,2313
46489,75606,2314
46609,21147,2315
46626,1038170,2316
46704,7883,2317
46729,3508,2318
46753,17148,2319
46775,104171,2320
46783,754127,2321
46978,9429,2322
47006,199358,2323
47051,278203,2324
47117,406141,2325
47173,639677,2326
47205,307299,2327
47230,84014,2328
47278,1063,2329
47526,866081,2330
47657,144298,2331
47667,3230,2332
47712,10236,2333
47788,59688,2334
47992,1074,2335
48014,14523,2336
48080,649411,2337
48236,3139,2338
48299,667113,2339
48367,633923,2340
48485,907684,2341
48674,307599,2342
48777,98174,2343
48799,2993,2344
48807,23869,2345
48852,131599,2346
48996,537,2347
49012,19560,2348
49036,430547,2349
49075,8571,2350
49216,648635,2351
49243,91941,2352
49247,5464,2353
49265,24434,2354
49301,426134,2355
49419,27358,2356
50026,47804,2357
50058,1010,2358
50086,170114,2359
50106,644645,2360
50124,232413,2361
50236,215755,2362
50354,4320,2363
50439,1032280,2364
50695,943051,2365
50741,11321,2366
50753,87093,2367
50811,649204,2368
50812,194440,2369
50855,795,2370
50861,390,2371
50869,19923,2372
50912,311519,2373
50913,145655,2374
50923,28535,2375
50929,234956,2376
50975,11988,2377
50993,160560,2378
51223,100924,2379
51350,759077,2380
51432,807041,2381
51433,112129,2382
51595,157176,2383
51604,1887,2384
51863,101677,2385
51973,60368,2386
52071,665596,2387
52233,3500,2388
52317,615353,2389
52524,5570,2390
52597,185912,2391
52768,206271,2392
52778,1275,2393
52790,63736,2394
52805,212420,2395
52905,172002,2396
52935,328,2397
52958,25709,2398
53019,18364,2399
53049,690388,2400
53054,272086,2401
53090,69863,2402
53092,49493,2403
53382,63878,2404
53551,699491,2405
53580,18795,2406
53627,126125,2407
53649,20021,2408
53941,88480,2409
53958,90873,2410
54057,93977,2411
54444,133095,2412
54569,28137,2413
54607,907982,2414
54638,413562,2415
54923,1064,2416
54993,341613,2417
54996,22816,2418
54998,5803,2419
55105,231050,2420
55145,637220,2421
55269,1023269,2422
55427,865470,2423
55612,22705,2424
55622,21211,2425
55681,635970,2426
55736,672370,2427
55833,27881,2428
56049,124112,2429
56101,7418,2430
56117,73259,2431
56159,20069,2432
56309,182324,2433
56365,26213,2434
56396,699563,2435
56472,1890,2436
56671,49933,2437
56693,465125,2438
56704,9411,2439
56706,601246,2440
56787,229031,2441
56974,2037,2442
57102,799296,2443
57120,122891,2444
57175,711199,2445
57235,80289,2446
57532,145542,2447
57672,29439,2448
57697,16531,2449
57756,3862,2450
57833,705155,2451
57881,642753,2452
57974,2815,2453
58045,8665,2454
58102,63030,2455
58154,122759,2456
58179,91447,2457
58197,202408,2458
58308,480,2459
58354,291544,2460
58588,57911,2461
58751,339697,2462
58916,3744,2463
59449,81981,2464
59475,1112790,2465
59491,442642,2466
59564,71138,2467
59608,33626,2468
59712,3227,2469
59724,104541,2470
59760,60606,2471
59789,189343,2472
59820,1661,2473
59845,177336,2474
59865,18371,2475
59875,95813,2476
59943,68307,2477
60000,983046,2478
60088,1227,2479
60139,99166,2480
60211,22657,2481
60304,14602,2482
60415,528218,2483
60437,17725,2484
60439,217187,2485
60562,1159,2486
60590,9366,2487
60680,1411,2488
60737,681268,2489
60831,35738,2490
61005,331851,2491
61034,222240,2492
61113,703961,2493
61283,223178,2494
61303,8117,2495
61427,44142,2496
61457,137316,2497
61471,51062,2498
61551,336215,2499
61741,3024,2500
61776,460539,2501
61800,649273,2502
61851,660523,2503
61884,4384,2504
62306,6751,2505
62427,1018765,2506
62810,69799,2507
63044,71488,2508
63078,59838,2509
63094,180680,2510
63148,657619,2511
63151,328166,2512
63233,643467,2513
63312,151258,2514
63321,90046,2515
63492,371165,2516
63683,616053,2517
63710,5563,2518
63715,85490,2519
63876,136992,2520
63931,960026,2521
63957,130378,2522
63981,8131,2523
64048,10967,2524
64079,22463,2525
64225,712162,2526
64246,811479,2527
64290,22658,2528
64356,153926,2529
64410,659383,2530
64434,1251,2531
64536,108983,2532
64718,409552,2533
64900,128702,2534
64972,700175,2535
65011,26216,2536
65197,187595,2537
65312,814940,2538
65466,781832,2539
65494,4915,2540
65794,102610,2541
65960,54830,2542
65984,87810,2543
66233,101921,2544
66245,635672,2545
66510,344033,2546
66514,1,2547
66516,14147,2548
66753,3420,2549
66755,48360,2550
66877,367127,2551
66986,318695,2552
66990,714496,2553
67045,968674,2554
67239,646634,2555
67613,315154,2556
67616,943243,2557
67876,62610,2558
67889,29664,2559
68015,5130,2560
68083,650993,2561
68278,3034,2562
68479,204250,2563
68767,1122918,2564
68835,4791,2565
68877,60309,2566
68985,21252,2567
69332,2174,2568
69382,1034251,2569
69430,3106,2570
69520,68255,2571
69527,22107,2572
69584,10605,2573
69623,393687,2574
69707,5869,2575
69806,175669,2576
70000,108541,2577
70013,77240,2578
70127,11395,2579
70272,643177,2580
70353,73279,2581
70426,6349,2582
70669,8941,2583
70699,839501,2584
70862,38675,2585
71027,692138,2586
71181,20125,2587
71295,3211,2588
71395,7294,2589
71418,529808,2590
71474,6130,2591
71737,20059,2592
71992,60528,2593
72050,4409,2594
73275,223033,2595
73738,274637,2596
73904,715136,2597
73940,125034,2598
74063,679529,2599
74099,262190,2600
74242,645626,2601
74247,11796,2602
74453,186704,2603
74542,9161,2604
74609,125251,2605
74611,22486,2606
74880,655623,2607
75164,354470,2608
75303,593582,2609
75323,301607,2610
75325,8209,2611
75448,21697,2612
75641,690122,2613
75888,62760,2614
75957,3935,2615
76036,169753,2616
76076,231489,2617
76260,75069,2618
76278,21249,2619
76394,60423,2620
76890,21868,2621
76969,1068955,2622
77042,1004461,2623
77118,709,2624
77432,923232,2625
77539,4926,2626
77624,58778,2627
77733,202176,2628
77762,8319,2629
77787,113758,2630
78017,451731,2631
78299,78576,2632
78383,265154,2633
78707,426874,2634
78953,736092,2635
79334,8956,2636
79377,908778,2637
79589,662194,2638
79739,4772,2639
80068,1022883,2640
80153,1117955,2641
80201,21226,2642
80331,71098,2643
80614,5204,2644
80941,130997,2645
81119,5960,2646
81171,649255,2647
81293,649250,2648
81419,223430,2649
81433,202006,2650
81451,121953,2651
81455,657503,2652
81501,644120,2653
81970,23904,2654
82451,685972,2655
82583,8701,2656
82928,167008,2657
83065,1030432,2658
83407,10039,2659
83620,143890,2660
83709,656065,2661
83808,642504,2662
83824,740137,2663
83903,229792,2664
83931,13697,2665
84259,773752,2666
84300,752616,2667
84420,68124,2668
84644,114385,2669
84967,1715,2670
84979,124665,2671
85100,4987,2672
85247,5905,2673
85860,865853,2674
85878,26921,2675
85972,92906,2676
86080,29810,2677
86212,24839,2678
86245,939679,2679
86299,129280,2680
86363,89888,2681
86364,430850,2682
86714,123978,2683
86865,772097,2684
87001,27463,2685
87045,24811,2686
87593,57751,2687
87755,228945,2688
88153,649251,2689
88271,9077,2690
88379,774989,2691
88560,29732,2692
88641,21120,2693
88648,669066,2694
89158,85743,2695
89350,644311,2696
89839,666953,2697
89862,4139,2698
90040,645507,2699
90430,191423,2700
90808,13691,2701
91122,734791,2702
91200,57840,2703
91313,21706,2704
91341,186794,2705
92397,216445,2706
92621,17762,2707
92624,154907,2708
92834,176101,2709
92925,17299,2710
93162,733870,2711
93405,1026495,2712
93418,5572,2713
93927,667551,2714
94098,33849,2715
94310,649215,2716
94442,9177,2717
94447,644348,2718
94829,206141,2719
95166,1539,2720
96561,117939,2721
96704,59836,2722
97764,123248,2723
98321,489992,2724
98488,26948,2725
98497,853015,2726
98626,175315,2727
98648,20185,2728
99541,736804,2729
99709,2107,2730
100340,18943,2731
100761,891277,2732
101059,353209,2733
101172,801695,2734
101569,19144,2735
102423,649266,2736
103599,222550,2737
103750,20808,2738
104000,1000950,2739
104536,3335,2740
104816,31199,2741
105109,163630,2742
105186,47472,2743
105495,542293,2744
105506,177584,2745
105515,62739,2746
105921,301524,2747
106057,3497,2748
106444,1032923,2749
106677,3156,2750
107019,685055,2751
107687,1079896,2752
107781,78613,2753
107830,137483,2754
107843,6194,2755
107860,192249,2756
109153,1526,2757
109273,3152,2758
109301,713655,2759
109686,795991,2760
110213,342060,2761
110348,3154,2762
110494,404396,2763
110572,3807,2764
110765,663849,2765
110942,23022,2766
111043,122845,2767
111314,327793,2768
111364,83213,2769
111714,39827,2770
112274,12240,2771
112358,242978,2772
112403,71018,2773
112591,90679,2774
112617,3429,2775
112714,29662,2776
