seen,user_index,seed_size
2,683352,1
6,249069,2
10,365445,3
11,657449,4
16,20071,5
21,1239,6
26,5205,7
30,39102,8
32,125298,9
37,90535,10
47,6400,11
50,86199,12
52,3424,13
58,26084,14
59,102903,15
64,642782,16
75,3491,17
80,729,18
81,469,19
85,21159,20
92,62903,21
98,24732,22
102,179149,23
103,662634,24
104,4185,25
105,1071,26
107,71885,27
112,30395,28
118,883,29
120,1587,30
123,29772,31
132,38384,32
137,928,33
142,69931,34
143,1210,35
144,693282,36
147,362,37
150,89639,38
153,662158,39
157,2774,40
160,18938,41
169,9954,42
170,1039106,43
172,645916,44
176,66332,45
182,646628,46
184,8256,47
194,21306,48
200,4480,49
202,268336,50
203,3008,51
206,91958,52
209,47794,53
215,1036,54
217,210612,55
225,126853,56
231,1190,57
235,122800,58
237,18858,59
239,20234,60
243,112773,61
248,516,62
252,281844,63
253,8856,64
259,143923,65
265,2834,66
270,672567,67
281,2973,68
295,62726,69
299,3433,70
301,20754,71
306,24977,72
307,13024,73
310,2234,74
313,173055,75
315,21289,76
316,14702,77
321,96241,78
327,20795,79
328,25845,80
329,77260,81
330,4050,82
352,1013584,83
354,82325,84
382,4333,85
387,665749,86
388,2759,87
389,694932,88
398,126137,89
399,3162,90
400,2720,91
409,3523,92
416,889,93
418,275,94
420,160789,95
424,35660,96
426,403,97
431,280435,98
434,20586,99
441,661610,100
447,833,101
450,20081,102
459,30851,103
460,5826,104
462,657377,105
463,684215,106
471,155503,107
476,55023,108
479,648298,109
483,108623,110
487,5135,111
496,574709,112
509,658459,113
525,2708,114
534,19462,115
535,866,116
536,94059,117
542,1489,118
551,751972,119
553,2711,120
558,11356,121
563,105,122
564,884,123
570,106354,124
571,23129,125
577,642861,126
580,3673,127
583,643719,128
585,27976,129
592,1259,130
597,2559,131
599,642550,132
602,2344,133
608,104848,134
609,27685,135
612,155431,136
613,18613,137
619,230052,138
621,60312,139
636,722,140
637,3899,141
638,31080,142
648,106976,143
649,38585,144
650,202747,145
652,3101,146
655,801,147
661,115240,148
668,685071,149
670,4541,150
671,18172,151
672,5872,152
674,678999,153
678,88559,154
681,2525,155
685,642490,156
701,8879,157
704,9239,158
706,3916,159
716,134082,160
717,515983,161
719,805,162
720,642,163
725,742,164
726,37255,165
730,646255,166
732,650456,167
733,27543,168
737,12892,169
742,6210,170
745,567635,171
747,1845,172
749,93020,173
751,2608,174
752,122825,175
754,15143,176
758,168595,177
767,97346,178
771,37300,179
782,196,180
783,4,181
787,37027,182
793,37063,183
796,1009453,184
798,69794,185
800,21080,186
802,4821,187
804,3219,188
813,2810,189
816,357530,190
825,657357,191
835,254926,192
837,3371,193
838,75543,194
841,36072,195
852,71084,196
862,132538,197
866,20278,198
868,807,199
883,26352,200
887,649243,201
897,646667,202
899,62875,203
902,18105,204
903,663582,205
916,185311,206
918,156906,207
919,110104,208
924,20024,209
939,96926,210
943,1013167,211
945,20964,212
946,78636,213
950,2844,214
951,2282,215
953,9734,216
955,1082222,217
956,4844,218
959,215078,219
963,27203,220
964,479,221
981,16013,222
982,222053,223
984,108601,224
988,79719,225
990,131027,226
1000,108617,227
1002,20363,228
1009,137363,229
1011,1034426,230
1019,21,231
1023,94026,232
1025,7200,233
1027,6375,234
1035,692623,235
1041,758404,236
1049,11303,237
1052,20011,238
1053,3477,239
1056,1226,240
1058,3665,241
1059,72639,242
1062,77110,243
1064,950752,244
1071,3138,245
1074,672244,246
1077,2962,247
1082,154085,248
1083,881,249
1100,24201,250
1110,110697,251
1113,18763,252
1114,518634,253
1116,72399,254
1126,521930,255
1136,104540,256
1150,1244,257
1151,4892,258
1158,38374,259
1174,75799,260
1180,9849,261
1185,24420,262
1190,642536,263
1198,102936,264
1206,20813,265
1213,17270,266
1221,907,267
1238,2423,268
1239,107678,269
1241,4562,270
1255,69888,271
1263,4921,272
1266,9286,273
1268,4049,274
1271,1011428,275
1274,3446,276
1281,1011763,277
1292,9405,278
1294,20836,279
1301,9109,280
1307,47763,281
1315,27004,282
1319,687,283
1322,166594,284
1323,280986,285
1324,1886,286
1329,26753,287
1332,20067,288
1337,642667,289
1345,2846,290
1351,27803,291
1352,11866,292
1361,2686,293
1366,850,294
1367,30363,295
1368,4435,296
1380,660234,297
1396,96750,298
1399,642877,299
1400,6518,300
1409,22224,301
1411,18792,302
1412,1168,303
1413,482708,304
1416,4904,305
1431,3168,306
1432,312265,307
1434,38409,308
1439,9344,309
1440,41561,310
1444,732340,311
1447,63732,312
1448,997937,313
1450,4767,314
1453,128675,315
1456,167,316
1475,2822,317
1479,1232,318
1500,27836,319
1505,20988,320
1510,104683,321
1511,20306,322
1514,468845,323
1518,2075,324
1519,71119,325
1522,10549,326
1528,6810,327
1529,22014,328
1533,71075,329
1536,234692,330
1537,20753,331
1544,3750,332
1552,373537,333
1559,33632,334
1560,96186,335
1564,646367,336
1570,2316,337
1572,2782,338
1575,510709,339
1576,4814,340
1585,20868,341
1596,660238,342
1601,3683,343
1610,6475,344
1622,1808,345
1625,340,346
1627,1781,347
1631,39126,348
1633,4751,349
1637,8607,350
1640,1203,351
1643,695747,352
1644,1179,353
1647,802056,354
1653,30212,355
1654,37398,356
1656,131024,357
1661,22367,358
1663,6269,359
1668,2982,360
1676,32497,361
1697,645693,362
1700,640017,363
1701,1860,364
1704,114387,365
1708,91268,366
1709,1007994,367
1715,30175,368
1716,700,369
1722,725875,370
1730,1048329,371
1753,51821,372
1767,24033,373
1774,888,374
1776,57500,375
1779,12825,376
1788,2422,377
1798,5203,378
1801,702853,379
1802,343346,380
1805,60085,381
1812,122853,382
1813,215841,383
1815,2538,384
1822,46218,385
1825,23127,386
1831,643385,387
1844,30295,388
1863,1243,389
1867,20870,390
1869,636736,391
1872,1118,392
1874,4998,393
1877,104149,394
1894,846,395
1896,109988,396
1898,6267,397
1902,159927,398
1906,223576,399
1925,1311,400
1926,106984,401
1928,5693,402
1936,636156,403
1943,8335,404
1948,93539,405
1951,4935,406
1953,3941,407
1958,2117,408
1961,33783,409
1968,643279,410
1971,672652,411
1977,1490,412
1980,728998,413
1981,153702,414
1985,52758,415
1993,989,416
1996,3589,417
1997,28179,418
1998,1731,419
1999,4613,420
2000,106500,421
2003,3600,422
2016,118647,423
2020,831,424
2031,28938,425
2033,25715,426
2037,1289,427
2038,1707,428
2040,27171,429
2042,87942,430
2046,21341,431
2049,642539,432
2068,8291,433
2071,662159,434
2077,69853,435
2083,11905,436
2085,20876,437
2086,2953,438
2091,4241,439
2101,8809,440
2109,9305,441
2120,129912,442
2125,43743,443
2129,32877,444
2133,919,445
2138,33,446
2143,93,447
2148,1012889,448
2152,60540,449
2159,698535,450
2162,50680,451
2168,37661,452
2189,170155,453
2220,825,454
2221,47860,455
2234,298366,456
2238,1271,457
2241,20635,458
2243,684219,459
2245,112235,460
2252,18571,461
2255,1574,462
2258,10418,463
2272,1182,464
2274,639961,465
2278,77327,466
2289,5926,467
2297,645647,468
2299,17685,469
2302,697830,470
2310,209,471
2311,124592,472
2315,30374,473
2322,17404,474
2323,77607,475
2325,85327,476
2332,2286,477
2343,1273,478
2351,70661,479
2352,649225,480
2358,75044,481
2362,1507,482
2372,5234,483
2383,75183,484
2392,1258,485
2393,4942,486
2394,79641,487
2400,3112,488
2405,131799,489
2406,22512,490
2410,3,491
2413,643569,492
2416,219236,493
2420,28559,494
2423,79927,495
2430,122395,496
2435,7827,497
2442,97413,498
2443,4842,499
2444,39551,500
2445,4991,501
2451,677561,502
2458,1265,503
2463,2378,504
2465,74227,505
2469,678165,506
2477,112201,507
2478,794063,508
2491,62833,509
2502,167980,510
2513,4244,511
2515,673215,512
2520,17263,513
2523,104127,514
2524,1001507,515
2526,134032,516
2527,46,517
2531,88678,518
2533,4220,519
2534,480825,520
2540,9061,521
2541,8969,522
2554,202789,523
2564,80175,524
2578,406,525
2581,4418,526
2590,13567,527
2599,38337,528
2602,19997,529
2609,162035,530
2613,1224,531
2614,640016,532
2617,104537,533
2619,695405,534
2622,24395,535
2630,105477,536
2631,6013,537
2635,59369,538
2643,57914,539
2651,838,540
2654,862133,541
2655,13737,542
2656,644920,543
2657,20323,544
2658,104539,545
2661,674,546
2666,9357,547
2683,956,548
2686,17287,549
2687,108796,550
2688,21139,551
2692,102617,552
2701,199945,553
2703,197779,554
2705,17283,555
2706,676602,556
2710,3306,557
2722,69320,558
2724,104582,559
2725,102942,560
2728,162026,561
2735,123842,562
2737,951,563
2743,638817,564
2768,6425,565
2770,280407,566
2776,1708,567
2778,3695,568
2779,11479,569
2782,16019,570
2785,4406,571
2793,153277,572
2796,8000,573
2798,311,574
2806,3048,575
2817,1910,576
2827,9348,577
2837,3739,578
2845,1820,579
2851,106983,580
2871,94914,581
2905,3099,582
2913,86295,583
2930,1070,584
2936,1022475,585
2937,649853,586
2939,23840,587
2940,689979,588
2954,1368,589
2960,86340,590
2972,116,591
2973,29769,592
2984,7376,593
2987,880,594
2994,186239,595
2999,102389,596
3000,44005,597
3002,13499,598
3005,679090,599
3013,676429,600
3016,295011,601
3020,645860,602
3022,4958,603
3025,168305,604
3035,25683,605
3043,3948,606
3044,282823,607
3055,158900,608
3057,1246,609
3072,113768,610
3073,11879,611
3081,510,612
3085,105327,613
3087,226946,614
3089,694116,615
3105,106347,616
3110,218037,617
3114,642689,618
3120,44012,619
3123,2249,620
3130,114445,621
3132,3482,622
3133,1967,623
3144,772,624
3171,649123,625
3172,4293,626
3173,65170,627
3174,92011,628
3175,79813,629
3192,14777,630
3196,285863,631
3220,2032,632
3221,683618,633
3226,542,634
3231,77295,635
3237,2632,636
3239,643702,637
3240,47454,638
3243,17416,639
3244,849785,640
3246,19951,641
3247,679657,642
3254,104131,643
3256,25520,644
3257,27019,645
3258,4443,646
3259,1069,647
3266,35290,648
3268,69856,649
3272,634,650
3280,110194,651
3284,24456,652
3291,5394,653
3299,108439,654
3332,10049,655
3340,5995,656
3351,20256,657
3355,686673,658
3365,77319,659
3367,360505,660
3368,2732,661
3375,402216,662
3379,23796,663
3382,856803,664
3400,1041,665
3412,95895,666
3417,486880,667
3448,35825,668
3461,661399,669
3462,101920,670
3463,17342,671
3467,21709,672
3468,27053,673
3471,21761,674
3475,527,675
3481,1242,676
3484,649455,677
3489,646083,678
3491,947,679
3492,656342,680
3493,78451,681
3506,94069,682
3514,643183,683
3518,75567,684
3527,8745,685
3530,645121,686
3533,3119,687
3535,705,688
3539,278192,689
3543,1252,690
3558,7840,691
3563,20572,692
3565,679086,693
3568,33541,694
3573,714304,695
3581,103,696
3582,126287,697
3593,10036,698
3597,101442,699
3600,341247,700
3602,2425,701
3605,3220,702
3613,20201,703
3616,3533,704
3617,9355,705
3629,376276,706
3631,3912,707
3636,24198,708
3643,73236,709
3644,122057,710
3645,645702,711
3648,661951,712
3655,61867,713
3664,790701,714
3666,96886,715
3672,635830,716
3673,114349,717
3677,101639,718
3693,38308,719
3703,231216,720
3713,349270,721
3717,1024,722
3726,35016,723
3729,701,724
3730,653253,725
3739,4301,726
3742,6540,727
3744,1354,728
3751,4994,729
3758,37277,730
3768,6331,731
3809,96350,732
3810,2057,733
3825,357547,734
3828,107408,735
3830,5455,736
3836,10031,737
3842,214319,738
3845,104181,739
3855,20867,740
3859,2197,741
3864,21660,742
3870,78622,743
3878,646130,744
3881,21137,745
3883,6322,746
3886,71,747
3889,38428,748
3894,1431,749
3913,115673,750
3916,150209,751
3929,778604,752
3932,60362,753
3939,1084106,754
3949,6939,755
3956,108563,756
3962,20087,757
3964,27682,758
3967,3231,759
3972,21916,760
3982,106933,761
3988,10843,762
3990,42412,763
3993,77275,764
3995,513,765
4003,179121,766
4005,902,767
4010,27792,768
4012,97297,769
4013,7503,770
4017,122974,771
4026,8924,772
4030,1060667,773
4064,14250,774
4067,106804,775
4105,748795,776
4110,229264,777
4114,62842,778
4115,99715,779
4121,24739,780
4123,175287,781
4124,883573,782
4133,2301,783
4134,2049,784
4139,88985,785
4140,271961,786
4141,94614,787
4166,84977,788
4175,35896,789
4179,3583,790
4180,20720,791
4182,27297,792
4190,675,793
4196,2026,794
4200,21112,795
4201,5182,796
4207,155191,797
4214,85697,798
4240,66013,799
4251,251218,800
4252,104690,801
4254,640862,802
4256,24482,803
4257,20486,804
4266,25591,805
4270,93269,806
4280,216432,807
4287,94524,808
4289,4221,809
4293,79781,810
4307,7918,811
4326,8617,812
4341,33392,813
4342,186563,814
4344,2507,815
4351,162223,816
4356,22465,817
4357,43,818
4360,2420,819
4366,355471,820
4373,684216,821
4384,87867,822
4396,491,823
4406,21029,824
4409,203,825
4428,116989,826
4429,3564,827
4437,7962,828
4456,713388,829
4472,74829,830
4473,3926,831
4494,102606,832
4497,77474,833
4503,6533,834
4504,9027,835
4507,62632,836
4508,802,837
4512,57936,838
4515,4112,839
4525,643033,840
4527,27538,841
4529,172933,842
4530,62571,843
4531,662416,844
4540,184333,845
4550,64787,846
4552,383,847
4557,649209,848
4558,257654,849
4564,29974,850
4571,3976,851
4596,56386,852
4600,104698,853
4601,71153,854
4603,30444,855
4611,176637,856
4612,93296,857
4619,59983,858
4625,92745,859
4640,296,860
4641,637262,861
4643,20455,862
4645,20829,863
4653,4229,864
4657,226625,865
4664,4852,866
4669,21065,867
4671,143842,868
4672,31427,869
4692,649092,870
4700,3061,871
4701,9162,872
4704,70137,873
4711,62629,874
4715,1834,875
4720,1023,876
4729,73060,877
4745,5129,878
4747,21472,879
4758,20663,880
4762,10598,881
4787,106990,882
4790,454,883
4794,4368,884
4796,9402,885
4798,20145,886
4807,3516,887
4821,117742,888
4822,213776,889
4824,106883,890
4839,19943,891
4841,63632,892
4846,665215,893
4848,66737,894
4852,77321,895
4853,1078,896
4863,5156,897
4877,229006,898
4878,18679,899
4885,33826,900
4890,651485,901
4901,2135,902
4908,20049,903
4912,279498,904
4913,1450,905
4918,2548,906
4920,20434,907
4923,20508,908
4925,60982,909
4951,1704,910
4964,195579,911
4970,748616,912
4975,84193,913
4980,1282,914
4984,96710,915
4986,10826,916
4989,649232,917
4996,46868,918
4997,107684,919
5015,69807,920
5028,500947,921
5029,642509,922
5037,194880,923
5039,21549,924
5046,5037,925
5050,5463,926
5061,622419,927
5072,616,928
5077,20799,929
5088,125688,930
5092,78582,931
5094,164636,932
5097,221169,933
5098,20216,934
5103,104132,935
5106,71195,936
5113,889125,937
5124,4718,938
5126,83626,939
5127,94739,940
5138,196614,941
5146,77273,942
5150,66391,943
5153,16969,944
5155,33032,945
5183,5472,946
5191,32575,947
5193,20558,948
5210,2724,949
5216,943335,950
5229,75027,951
5231,49800,952
5235,15152,953
5237,810,954
5238,9040,955
5241,27801,956
5245,20933,957
5248,77,958
5260,20457,959
5274,77252,960
5275,123134,961
5277,2693,962
5290,7784,963
5293,401876,964
5294,1185,965
5296,74738,966
5302,21430,967
5313,27814,968
5315,84174,969
5318,645679,970
5324,49056,971
5341,643172,972
5352,94924,973
5354,1837,974
5355,22745,975
5357,664092,976
5367,645505,977
5368,20789,978
5387,640363,979
5389,2673,980
5423,104696,981
5424,37403,982
5452,645631,983
5457,14569,984
5483,4735,985
5484,2251,986
5486,678168,987
5487,181087,988
5496,15691,989
5501,3675,990
5503,867,991
5525,33129,992
5527,636782,993
5531,191650,994
5536,132779,995
5537,12366,996
5540,37201,997
5544,20654,998
5560,63544,999
5567,58283,1000
5574,20551,1001
5578,4149,1002
5594,5009,1003
5598,95611,1004
5610,20364,1005
5620,71218,1006
5621,72485,1007
5636,101817,1008
5652,63138,1009
5693,33787,1010
5716,71132,1011
5726,11945,1012
5739,8476,1013
5778,21963,1014
5797,15585,1015
5799,21329,1016
5807,90522,1017
5808,78640,1018
5830,17258,1019
5835,17709,1020
5836,696110,1021
5838,108832,1022
5844,6659,1023
5849,641474,1024
5863,3971,1025
5864,2661,1026
5865,1657,1027
5880,773117,1028
5882,5594,1029
5885,37012,1030
5887,32110,1031
5891,20921,1032
5903,20592,1033
5915,166763,1034
5922,104534,1035
5923,181147,1036
5935,86430,1037
5941,4398,1038
5943,22852,1039
5957,21725,1040
5958,91446,1041
5960,87522,1042
5962,384,1043
5968,4897,1044
5977,101094,1045
5982,62068,1046
5985,63481,1047
6010,11950,1048
6017,642838,1049
6020,19996,1050
6021,28925,1051
6052,12926,1052
6058,646129,1053
6061,110087,1054
6068,75026,1055
6070,887,1056
6072,313757,1057
6075,640379,1058
6079,32,1059
6083,167815,1060
6094,702943,1061
6100,6473,1062
6117,11916,1063
6123,2898,1064
6125,202026,1065
6136,648308,1066
6140,3405,1067
6152,20137,1068
6166,391046,1069
6170,172077,1070
6184,6722,1071
6187,21170,1072
6189,104196,1073
6190,228175,1074
6191,4910,1075
6212,717,1076
6234,1454,1077
6241,717436,1078
6245,2470,1079
6248,807472,1080
6251,12114,1081
6262,1015239,1082
6268,4463,1083
6269,97383,1084
6282,1384,1085
6285,647829,1086
6286,1027561,1087
6306,11869,1088
6312,293675,1089
6350,96729,1090
6351,90212,1091
6355,122761,1092
6359,57761,1093
6362,17391,1094
6377,6429,1095
6379,230013,1096
6384,84449,1097
6402,85583,1098
6419,388243,1099
6420,33741,1100
6421,21017,1101
6465,78273,1102
6472,645583,1103
6484,2131,1104
6485,7708,1105
6490,94297,1106
6495,24554,1107
6519,107224,1108
6533,110664,1109
6534,4730,1110
6535,61023,1111
6537,661448,1112
6538,323006,1113
6543,8591,1114
6552,6422,1115
6560,20327,1116
6564,7961,1117
6576,6676,1118
6581,114327,1119
6593,1853,1120
6598,37057,1121
6604,5064,1122
6613,21312,1123
6621,14415,1124
6624,26666,1125
6629,642499,1126
6640,71076,1127
6670,1077021,1128
6671,3929,1129
6683,718,1130
6690,4979,1131
6698,1983,1132
6708,27109,1133
6720,758957,1134
6741,20999,1135
6751,96567,1136
6754,37353,1137
6771,25256,1138
6772,21957,1139
6789,11919,1140
6796,37314,1141
6801,93930,1142
6802,375774,1143
6803,287783,1144
6812,642501,1145
6822,712124,1146
6824,455314,1147
6827,12094,1148
6828,126107,1149
6834,26856,1150
6837,4889,1151
6841,29149,1152
6843,201469,1153
6859,11795,1154
6861,1999,1155
6875,638610,1156
6878,1041808,1157
6881,269348,1158
6884,4347,1159
6890,37315,1160
6907,192965,1161
6908,80042,1162
6918,74868,1163
6920,37344,1164
6934,12684,1165
6935,798581,1166
6942,9291,1167
6943,60392,1168
6957,20817,1169
6959,744,1170
6964,222724,1171
6965,13771,1172
6966,6460,1173
6967,20494,1174
6968,1735,1175
6979,374671,1176
6983,794659,1177
6987,20442,1178
7001,77330,1179
7029,699925,1180
7042,178221,1181
7052,4955,1182
7056,138511,1183
7058,7621,1184
7063,6018,1185
7064,4945,1186
7074,690002,1187
7080,18841,1188
7081,20513,1189
7084,886,1190
7086,195547,1191
7121,20902,1192
7139,701577,1193
7140,160788,1194
7147,726,1195
7151,310,1196
7167,21640,1197
7187,8386,1198
7188,105014,1199
7192,106959,1200
7196,4908,1201
7204,89585,1202
7207,4459,1203
7216,1012,1204
7233,104533,1205
7234,69813,1206
7241,50317,1207
7261,6462,1208
7262,847,1209
7286,21276,1210
7289,11822,1211
7301,5175,1212
7307,133185,1213
7311,187112,1214
7314,297710,1215
7315,649214,1216
7324,1063987,1217
7330,711483,1218
7344,3803,1219
7349,3903,1220
7357,87758,1221
7361,18208,1222
7366,107485,1223
7419,33876,1224
7420,642478,1225
7434,58922,1226
7449,59979,1227
7460,1088,1228
7465,114984,1229
7473,66334,1230
7484,21061,1231
7500,37290,1232
7505,104136,1233
7547,736523,1234
7557,218666,1235
7558,643161,1236
7563,3403,1237
7571,778686,1238
7574,641848,1239
7583,600631,1240
7587,83080,1241
7597,62828,1242
7609,3408,1243
7615,1021638,1244
7626,328122,1245
7629,307564,1246
7639,81568,1247
7659,168057,1248
7663,656668,1249
7671,20481,1250
7674,407839,1251
7679,865,1252
7684,640364,1253
7706,348,1254
7709,645456,1255
7714,11931,1256
7717,6536,1257
7718,24184,1258
7719,94578,1259
7729,7166,1260
7739,20345,1261
7742,8682,1262
7744,1592,1263
7746,63923,1264
7750,104543,1265
7770,649240,1266
7774,905,1267
7780,50487,1268
7781,3727,1269
7787,8834,1270
7790,107977,1271
7791,108464,1272
7842,1059,1273
7853,44004,1274
7867,61517,1275
7873,80078,1276
7877,266819,1277
7878,8791,1278
7879,701424,1279
7890,79689,1280
7896,620268,1281
7897,20055,1282
7913,114470,1283
7915,60132,1284
7928,18854,1285
7929,20507,1286
7931,13696,1287
7943,108611,1288
7944,4630,1289
7949,108221,1290
7952,194460,1291
7957,1160,1292
7961,644577,1293
7969,4383,1294
7987,661664,1295
7989,1063070,1296
7993,20483,1297
7999,59846,1298
8003,77342,1299
8031,22467,1300
8033,10009,1301
8034,155186,1302
8040,324178,1303
8053,94664,1304
8063,1316,1305
8069,874,1306
8079,228277,1307
8083,31842,1308
8092,6459,1309
8109,90542,1310
8112,6139,1311
8114,38017,1312
8119,31413,1313
8125,984474,1314
8127,37961,1315
8128,914,1316
8130,22573,1317
8132,93945,1318
8139,776847,1319
8140,3511,1320
8141,646046,1321
8143,4242,1322
8155,10699,1323
8170,248,1324
8179,6594,1325
8201,1007,1326
8203,43724,1327
8213,78757,1328
8216,3459,1329
8217,88797,1330
8220,20092,1331
8240,642613,1332
8247,679347,1333
8258,24064,1334
8265,1018,1335
8277,90117,1336
8280,90811,1337
8309,2134,1338
8312,218011,1339
8314,108785,1340
8332,2710,1341
8345,105821,1342
8346,1010454,1343
8365,9895,1344
8367,4790,1345
8371,5701,1346
8398,21237,1347
8400,169,1348
8408,241,1349
8414,59878,1350
8426,21345,1351
8429,208974,1352
8433,85658,1353
8471,706,1354
8489,37068,1355
8493,58489,1356
8501,226872,1357
8506,4696,1358
8521,660325,1359
8524,640858,1360
8530,5860,1361
8546,43019,1362
8565,123221,1363
8582,3792,1364
8583,4905,1365
8611,105791,1366
8619,20928,1367
8623,6819,1368
8628,661421,1369
8644,4773,1370
8645,93528,1371
8660,79243,1372
8666,126133,1373
8669,3883,1374
8681,43513,1375
8683,7915,1376
8696,6779,1377
8703,92796,1378
8716,18819,1379
8722,657919,1380
8743,221413,1381
8745,23631,1382
8752,910048,1383
8759,3996,1384
8778,7878,1385
8780,11350,1386
8790,20252,1387
8800,643250,1388
8817,270231,1389
8820,3537,1390
8834,657640,1391
8838,54813,1392
8843,11837,1393
8846,88005,1394
8853,186778,1395
8854,687671,1396
8862,143850,1397
8876,4965,1398
8883,714495,1399
8892,339141,1400
8909,434242,1401
8915,252958,1402
8938,1709,1403
8941,100881,1404
8949,949002,1405
8972,151061,1406
8974,1063971,1407
8998,69812,1408
9004,96360,1409
9030,196483,1410
9035,638922,1411
9050,94735,1412
9064,21599,1413
9080,3708,1414
9099,1703,1415
9103,2265,1416
9119,11809,1417
9128,19033,1418
9140,4303,1419
9152,4728,1420
9160,2161,1421
9162,20692,1422
9165,11009,1423
9169,29504,1424
9174,290,1425
9191,36711,1426
9198,21655,1427
9204,30648,1428
9206,83377,1429
9207,1269,1430
9208,661996,1431
9218,59970,1432
9224,11849,1433
9238,123,1434
9242,85746,1435
9272,38510,1436
9287,108463,1437
9289,9378,1438
9298,3478,1439
9334,96919,1440
9335,105467,1441
9337,2809,1442
9338,13641,1443
9346,646289,1444
9355,66342,1445
9358,15895,1446
9371,27683,1447
9386,17825,1448
9388,18684,1449
9389,37250,1450
9392,24061,1451
9394,3973,1452
9395,21604,1453
9397,37954,1454
9404,91961,1455
9407,644567,1456
9413,705834,1457
9414,20596,1458
9421,11355,1459
9428,640399,1460
9455,3551,1461
9470,63838,1462
9490,1600,1463
9491,667483,1464
9499,88732,1465
9524,493468,1466
9542,3789,1467
9545,640628,1468
9564,1001949,1469
9572,190657,1470
9619,33860,1471
9628,82009,1472
9630,123828,1473
9636,18619,1474
9647,18799,1475
9657,94199,1476
9668,9358,1477
9678,1167,1478
9680,643162,1479
9699,5237,1480
9714,196559,1481
9737,125849,1482
9738,6510,1483
9745,704607,1484
9753,622595,1485
9756,4235,1486
9770,3217,1487
9779,15151,1488
9795,145259,1489
9799,20603,1490
9806,5048,1491
9816,77338,1492
9818,20781,1493
9826,4082,1494
9827,4986,1495
9831,2462,1496
9837,18054,1497
9843,3474,1498
9860,4843,1499
9865,6287,1500
9877,5702,1501
9885,21351,1502
9886,88709,1503
9887,1066345,1504
9912,89985,1505
9924,4248,1506
9940,20076,1507
9946,22033,1508
9958,4879,1509
9960,361817,1510
9964,231819,1511
9979,126608,1512
9982,37352,1513
9983,22892,1514
9985,20580,1515
9997,7886,1516
10003,20726,1517
10004,122763,1518
10021,305336,1519
10025,481204,1520
10027,31453,1521
10029,207021,1522
10042,173813,1523
10044,1032183,1524
10052,11870,1525
10066,95,1526
10077,155865,1527
10100,156376,1528
10111,4305,1529
10117,20422,1530
10121,95109,1531
10126,95010,1532
10154,8705,1533
10175,103001,1534
10184,7135,1535
10198,1041416,1536
10211,29522,1537
10212,78603,1538
10215,245233,1539
10222,188936,1540
10258,8480,1541
10311,822,1542
10338,42129,1543
10340,672637,1544
10362,10007,1545
10376,38282,1546
10384,63055,1547
10387,366,1548
10388,714928,1549
10397,1014555,1550
10399,4860,1551
10415,78446,1552
10440,20231,1553
10444,91995,1554
10458,306892,1555
10475,28206,1556
10478,21685,1557
10480,1049,1558
10486,1096010,1559
10528,690,1560
10538,60443,1561
10540,248393,1562
10546,60955,1563
10549,638634,1564
10551,7577,1565
10558,1499,1566
10560,732815,1567
10569,293716,1568
10583,23472,1569
10585,4194,1570
10605,4501,1571
10609,83102,1572
10612,12950,1573
10618,1040076,1574
10638,693176,1575
10646,658204,1576
10650,79309,1577
10654,170990,1578
10656,661611,1579
10658,21158,1580
10664,85054,1581
10667,20368,1582
10674,14029,1583
10699,288,1584
10707,50223,1585
10708,20432,1586
10711,746834,1587
10712,205655,1588
10718,4028,1589
10726,7789,1590
10733,6404,1591
10746,26334,1592
10764,9383,1593
10770,3900,1594
10773,447,1595
10782,100127,1596
10787,2245,1597
10791,29195,1598
10792,133563,1599
10809,10284,1600
10817,197040,1601
10819,179192,1602
10824,93857,1603
10850,36654,1604
10851,9024,1605
10864,114465,1606
10870,60913,1607
10871,112301,1608
10872,113679,1609
10875,67667,1610
10921,289368,1611
10931,652673,1612
10935,460300,1613
10937,375,1614
10944,646193,1615
10945,103913,1616
10949,27514,1617
10954,77217,1618
10964,396761,1619
10999,1044927,1620
11009,991906,1621
11024,6457,1622
11032,72524,1623
11041,439593,1624
11045,4759,1625
11048,732816,1626
11049,8368,1627
11071,141746,1628
11074,152722,1629
11076,158754,1630
11090,6440,1631
11110,35941,1632
11112,649283,1633
11140,662189,1634
11147,84871,1635
11163,4777,1636
11164,75228,1637
11168,90607,1638
11176,379920,1639
11197,644543,1640
11198,656716,1641
11220,5788,1642
11242,96945,1643
11266,21627,1644
11267,60317,1645
11274,679387,1646
11282,646231,1647
11300,643765,1648
11301,683924,1649
11302,18117,1650
11307,727988,1651
11308,16235,1652
11317,6067,1653
11326,79272,1654
11327,1008,1655
11332,37670,1656
11352,101695,1657
11364,1040337,1658
11405,2689,1659
11406,174682,1660
11413,3769,1661
11449,1998,1662
11450,1996,1663
11456,20417,1664
11460,1249,1665
11466,24616,1666
11479,645172,1667
11485,137523,1668
11488,132891,1669
11493,62638,1670
11498,116948,1671
11499,21343,1672
11506,642672,1673
11516,11910,1674
11520,1008561,1675
11522,3677,1676
11529,96904,1677
11544,20518,1678
11556,1267,1679
11603,169703,1680
11608,1090,1681
11610,1006489,1682
11622,106534,1683
11631,267793,1684
11632,23947,1685
11638,93567,1686
11644,10110,1687
11653,646419,1688
11660,3009,1689
11677,702852,1690
11697,856991,1691
11700,1885,1692
11713,4946,1693
11714,63471,1694
11720,164517,1695
11741,118537,1696
11743,3790,1697
11744,1008964,1698
11749,124310,1699
11760,710,1700
11769,29280,1701
11773,71067,1702
11774,63547,1703
11783,1073128,1704
11795,20429,1705
11803,91327,1706
11815,367947,1707
11821,5698,1708
11829,4787,1709
11831,151914,1710
11834,1819,1711
11839,21081,1712
11850,730472,1713
11869,2244,1714
11886,8839,1715
11888,3618,1716
11924,47409,1717
11934,781521,1718
11938,103453,1719
11957,99750,1720
11961,25097,1721
11997,11813,1722
12001,137982,1723
12014,55879,1724
12029,200306,1725
12057,1124,1726
12083,639471,1727
12086,20052,1728
12089,2227,1729
12106,2105,1730
12108,660553,1731
12113,696115,1732
12120,415138,1733
12129,803,1734
12143,199208,1735
12188,104320,1736
12205,11914,1737
12219,231142,1738
12250,3305,1739
12255,77336,1740
12256,143837,1741
12264,94185,1742
12275,6576,1743
12285,22551,1744
12293,17927,1745
12294,183729,1746
12310,11900,1747
12319,62792,1748
12323,1156,1749
12334,21016,1750
12341,681378,1751
12354,4314,1752
12364,47555,1753
12385,1750,1754
12394,4259,1755
12402,96561,1756
12411,217121,1757
12447,267663,1758
12448,20713,1759
12449,82142,1760
12455,862,1761
12471,71634,1762
12473,2363,1763
12482,102395,1764
12487,354217,1765
12534,754282,1766
12537,917613,1767
12546,104031,1768
12548,1097739,1769
12551,216645,1770
12569,94301,1771
12601,646812,1772
12629,11845,1773
12666,675847,1774
12674,1066251,1775
12679,73232,1776
12684,927,1777
12687,642664,1778
12691,79635,1779
12694,187212,1780
12722,20780,1781
12737,90888,1782
12740,3837,1783
12759,1043368,1784
12804,49687,1785
12826,3450,1786
12832,205673,1787
12837,1018746,1788
12851,665214,1789
12866,122900,1790
12887,643181,1791
12888,28232,1792
12907,991893,1793
12919,4833,1794
12923,104133,1795
12927,144624,1796
12931,30952,1797
12935,28514,1798
12951,123040,1799
12974,518,1800
12977,62850,1801
12987,6674,1802
13000,126129,1803
13020,20538,1804
13039,637333,1805
13040,151639,1806
13041,36547,1807
13048,415700,1808
13051,337884,1809
13053,4741,1810
13065,60224,1811
13070,3360,1812
13076,5451,1813
13090,1294,1814
13094,25930,1815
13106,49535,1816
13111,25933,1817
13115,957446,1818
13129,24372,1819
13130,16260,1820
13144,105934,1821
13179,27302,1822
13200,661391,1823
13232,9258,1824
13260,16405,1825
13262,1319,1826
13268,95945,1827
13275,102376,1828
13283,1066844,1829
13285,117224,1830
13289,35396,1831
13316,939,1832
13320,4820,1833
13335,18783,1834
13356,131859,1835
13385,88912,1836
13394,3005,1837
13401,991775,1838
13405,23582,1839
13419,5925,1840
13420,1228,1841
13423,126037,1842
13449,160751,1843
13453,1171,1844
13487,4488,1845
13498,115986,1846
13499,247255,1847
13502,10071,1848
13510,70413,1849
13516,60213,1850
13524,645490,1851
13529,3740,1852
13547,771012,1853
13548,3265,1854
13562,216122,1855
13569,689813,1856
13572,20687,1857
13580,21013,1858
13585,224770,1859
13586,954,1860
13587,699473,1861
13600,267270,1862
13608,77352,1863
13614,164829,1864
13621,11286,1865
13622,515150,1866
13623,10004,1867
13629,73213,1868
13630,157351,1869
13632,68175,1870
13636,222328,1871
13672,20033,1872
13674,23133,1873
13688,19999,1874
13709,85052,1875
13711,3221,1876
13734,24536,1877
13735,728304,1878
13745,279476,1879
13759,9742,1880
13773,17267,1881
13785,880810,1882
13786,69791,1883
13793,2087,1884
13798,17716,1885
13807,20189,1886
13814,9304,1887
13821,177006,1888
13832,1107700,1889
13834,69786,1890
13840,660678,1891
13850,661070,1892
13854,37334,1893
13868,1022511,1894
13891,122850,1895
13903,103209,1896
13906,216585,1897
13907,6721,1898
13909,789695,1899
13911,20232,1900
13927,8724,1901
13949,48598,1902
13977,1612,1903
13988,189536,1904
14016,236902,1905
14074,21020,1906
14100,3802,1907
14113,26479,1908
14142,701317,1909
14227,19297,1910
14230,521623,1911
14233,17,1912
14237,11806,1913
14242,17845,1914
14245,689971,1915
14249,1015038,1916
14254,4847,1917
14255,37132,1918
14281,741544,1919
14291,101169,1920
14310,661924,1921
14311,170957,1922
14313,141,1923
14318,8043,1924
14345,24775,1925
14347,28148,1926
14348,27038,1927
14372,198858,1928
14404,18147,1929
14409,40403,1930
14425,643560,1931
14463,63513,1932
14470,277758,1933
14476,303637,1934
14491,20157,1935
14498,16049,1936
14505,82026,1937
14515,23506,1938
14551,66987,1939
14557,773168,1940
14563,800,1941
14564,88978,1942
14565,1813,1943
14567,1985,1944
14584,23462,1945
14608,662527,1946
14616,4856,1947
14620,104675,1948
14621,193227,1949
14630,100270,1950
14636,1261,1951
14638,305845,1952
14648,14812,1953
14688,43734,1954
14717,71251,1955
14729,60204,1956
14741,63987,1957
14774,12579,1958
14792,20672,1959
14806,62826,1960
14833,183844,1961
14838,22888,1962
14877,640047,1963
14886,33864,1964
14887,240396,1965
14928,5108,1966
14932,781213,1967
14947,1958,1968
14956,280059,1969
14962,4657,1970
14963,107928,1971
14990,27305,1972
14991,20394,1973
15011,638603,1974
15023,3473,1975
15028,5035,1976
15034,642480,1977
15040,27644,1978
15048,646,1979
15056,84856,1980
15058,643088,1981
15069,274921,1982
15103,29697,1983
15110,188807,1984
15117,753687,1985
15126,5091,1986
15154,2775,1987
15166,16940,1988
15181,7028,1989
15210,200416,1990
15218,24778,1991
15225,8874,1992
15236,222602,1993
15246,774646,1994
15255,24803,1995
15258,566331,1996
15301,132260,1997
15312,160264,1998
15320,686674,1999
15329,59613,2000
15340,643278,2001
15355,2085,2002
15356,13449,2003
15359,21783,2004
15368,640928,2005
15369,51841,2006
15372,63585,2007
15373,133389,2008
15383,673641,2009
15387,7651,2010
15411,966,2011
15420,1522,2012
15437,87892,2013
15480,96155,2014
15513,680246,2015
15530,3471,2016
15540,18674,2017
15544,6651,2018
15557,87627,2019
15568,85351,2020
15577,677039,2021
15580,116951,2022
15585,912,2023
15614,77316,2024
15616,47112,2025
15624,241905,2026
15653,70818,2027
15656,16255,2028
15693,60252,2029
15697,78779,2030
15718,71204,2031
15721,107600,2032
15755,692167,2033
15772,78577,2034
15779,90589,2035
15819,153647,2036
15828,75076,2037
15839,991740,2038
15840,998605,2039
15860,335,2040
15871,7856,2041
15882,252825,2042
15888,30113,2043
15899,7487,2044
15909,60452,2045
15912,8573,2046
15914,932876,2047
15916,647754,2048
15948,741978,2049
15990,821,2050
16014,50592,2051
16044,884241,2052
16049,1176,2053
16057,9021,2054
16065,66016,2055
16069,78730,2056
16073,57889,2057
16081,20912,2058
16105,278207,2059
16144,103824,2060
16166,77838,2061
16168,26380,2062
16169,3425,2063
16171,107902,2064
16180,3842,2065
16187,1089811,2066
16196,113813,2067
16218,995816,2068
16238,719,2069
16247,33623,2070
16254,2557,2071
16265,71038,2072
16270,9883,2073
16271,1351,2074
16304,926,2075
16319,26391,2076
16331,30862,2077
16354,734024,2078
16371,124730,2079
16381,11963,2080
16385,692462,2081
16424,21062,2082
16478,307548,2083
16481,158196,2084
16501,151072,2085
16515,104236,2086
16519,8099,2087
16522,4196,2088
16527,10072,2089
16548,586677,2090
16551,1097164,2091
16569,36802,2092
16577,27130,2093
16599,6731,2094
16603,1181,2095
16604,63092,2096
16608,90,2097
16627,1822,2098
16633,7999,2099
16636,640488,2100
16663,75025,2101
16675,7356,2102
16678,1364,2103
16698,27259,2104
16737,649264,2105
16750,3882,2106
16752,8122,2107
16757,92128,2108
16767,21513,2109
16776,51827,2110
16789,643035,2111
16810,314979,2112
16858,660230,2113
16869,243544,2114
16897,23007,2115
16900,645987,2116
16916,713825,2117
16968,127697,2118
16981,5138,2119
16985,740,2120
16993,794695,2121
16998,4012,2122
17001,86182,2123
17006,3172,2124
17012,30131,2125
17023,101902,2126
17029,10621,2127
17042,75008,2128
17046,264236,2129
17067,33825,2130
17092,72764,2131
17094,245019,2132
17115,191415,2133
17127,644647,2134
17128,63819,2135
17155,738706,2136
17171,11955,2137
17172,2943,2138
17181,21864,2139
17182,21117,2140
17202,4848,2141
17204,1832,2142
17214,773911,2143
17222,644398,2144
17226,466145,2145
17228,77294,2146
17231,200869,2147
17235,14541,2148
17243,777229,2149
17246,89951,2150
17275,18088,2151
17284,1006931,2152
17287,16172,2153
17327,3991,2154
17351,77340,2155
17365,354894,2156
17379,172120,2157
17387,1068,2158
17407,20227,2159
17419,715909,2160
17455,177013,2161
17486,219819,2162
17500,19074,2163
17519,344080,2164
17526,1767,2165
17551,95848,2166
17592,4239,2167
17595,809,2168
17602,20199,2169
17607,637244,2170
17615,8423,2171
17622,3493,2172
17629,77320,2173
17633,158582,2174
17655,174227,2175
17682,1991,2176
17684,130557,2177
17694,22457,2178
17699,7023,2179
17714,63025,2180
17715,668181,2181
17731,91298,2182
17754,8514,2183
17780,20013,2184
17795,160814,2185
17801,85568,2186
17832,827,2187
17833,18436,2188
17840,111467,2189
17848,789,2190
17850,18028,2191
17862,657450,2192
17873,37355,2193
17897,206548,2194
17901,4733,2195
17903,13600,2196
17967,60611,2197
17993,71051,2198
17997,20159,2199
18023,642581,2200
18031,172173,2201
18036,122896,2202
18039,20335,2203
18054,30951,2204
18057,219028,2205
18074,21499,2206
18075,660328,2207
18126,18174,2208
18138,88939,2209
18148,1850,2210
18155,649608,2211
18166,129898,2212
18177,15365,2213
18205,28491,2214
18230,139,2215
18286,170097,2216
18302,646621,2217
18303,123921,2218
18305,58251,2219
18309,33772,2220
18314,451,2221
18336,8548,2222
18345,137766,2223
18364,660571,2224
18400,129268,2225
18406,126741,2226
18424,63745,2227
18436,142963,2228
18449,63634,2229
18465,59608,2230
18472,4188,2231
18515,104039,2232
18527,163440,2233
18559,20392,2234
18575,673035,2235
18579,280252,2236
18623,71141,2237
18627,3452,2238
18641,59486,2239
18658,6761,2240
18660,15533,2241
18661,54836,2242
18667,37177,2243
18676,343060,2244
18681,6235,2245
18682,36628,2246
18683,30776,2247
18691,17855,2248
18729,665744,2249
18733,649311,2250
18755,23314,2251
18763,535092,2252
18769,79778,2253
18779,678972,2254
18793,21127,2255
18795,17737,2256
18802,3606,2257
18807,1009191,2258
18809,123220,2259
18816,2444,2260
18827,134129,2261
18828,20898,2262
18830,231657,2263
18836,68021,2264
18852,108603,2265
18863,219445,2266
18864,5584,2267
18867,638614,2268
18870,72534,2269
18887,740772,2270
18889,101482,2271
18890,649132,2272
18902,715780,2273
18903,642549,2274
18925,12682,2275
18954,82058,2276
18967,538223,2277
18984,62756,2278
18993,137008,2279
19004,1013878,2280
19010,91942,2281
19016,97109,2282
19056,21940,2283
19066,431932,2284
19069,321176,2285
19072,11877,2286
19076,19875,2287
19087,153914,2288
19105,5109,2289
19113,1461,2290
19123,13922,2291
19136,197770,2292
19147,649310,2293
19157,49647,2294
19161,23154,2295
19172,25629,2296
19193,176726,2297
19195,29590,2298
19226,2825,2299
19238,3155,2300
19253,41397,2301
19267,5148,2302
19284,33467,2303
19286,122147,2304
19310,36553,2305
19323,37781,2306
19331,6472,2307
19352,23429,2308
19358,9531,2309
19360,6780,2310
19375,37363,2311
19385,897666,2312
19410,136261,2313
19417,643591,2314
19419,23187,2315
19429,1025810,2316
19474,100171,2317
19482,7887,2318
19499,18823,2319
19502,3974,2320
19512,107558,2321
19546,694961,2322
19582,5093,2323
19592,2242,2324
19595,4018,2325
19596,1847,2326
19622,686692,2327
19648,59859,2328
19649,21161,2329
19656,21033,2330
19670,916468,2331
19676,23596,2332
19678,5889,2333
19742,5423,2334
19745,18481,2335
19766,30788,2336
19802,142797,2337
19804,643420,2338
19816,88672,2339
19832,62853,2340
19862,1033692,2341
19866,8213,2342
19946,481,2343
19966,18302,2344
19981,678108,2345
19982,825828,2346
19990,71164,2347
20023,747721,2348
20042,1030085,2349
20052,707,2350
20057,17874,2351
20060,12258,2352
20066,4739,2353
20128,710072,2354
20152,313481,2355
20159,198555,2356
20190,75144,2357
20213,872609,2358
20255,95432,2359
20275,41815,2360
20299,191951,2361
20303,63622,2362
20321,220754,2363
20332,26639,2364
20336,681379,2365
20351,23045,2366
20360,684289,2367
20364,1530,2368
20377,642585,2369
20392,66341,2370
20397,130877,2371
20441,175625,2372
20449,1009462,2373
20505,9011,2374
20527,829,2375
20532,103015,2376
20534,93511,2377
20535,20761,2378
20547,642464,2379
20551,125304,2380
20569,173183,2381
20572,74438,2382
20574,71240,2383
20604,442153,2384
20608,3848,2385
20635,2213,2386
20650,234784,2387
20661,19572,2388
20663,23566,2389
20680,1019953,2390
20688,108118,2391
20806,20643,2392
20811,159164,2393
20834,93182,2394
20862,158,2395
20912,75060,2396
20923,9038,2397
20965,642571,2398
20966,3796,2399
20973,28072,2400
20975,696875,2401
20978,434141,2402
21007,1007584,2403
21008,94983,2404
21011,798104,2405
21014,644766,2406
21021,70141,2407
21034,22210,2408
21037,644688,2409
21050,303713,2410
21078,10634,2411
21081,25524,2412
21082,4877,2413
21108,698537,2414
21114,6778,2415
21140,486902,2416
21158,132645,2417
21160,313,2418
21177,5139,2419
21188,66500,2420
21190,20257,2421
21191,72650,2422
21193,21187,2423
21198,112330,2424
21201,94579,2425
21231,607,2426
21244,131002,2427
21282,20349,2428
21292,80250,2429
21318,84144,2430
21340,656050,2431
21430,713685,2432
21491,126976,2433
21504,3015,2434
21505,82469,2435
21532,660345,2436
21537,711939,2437
21540,738883,2438
21547,1099167,2439
21552,3126,2440
21559,685773,2441
21583,45094,2442
21585,63543,2443
21590,4555,2444
21603,646687,2445
21611,642738,2446
21618,62142,2447
21634,715155,2448
21650,4351,2449
21670,2095,2450
21688,3480,2451
21694,216238,2452
21695,453823,2453
21707,232018,2454
21713,529,2455
21716,31028,2456
21740,96717,2457
21758,643146,2458
21772,325182,2459
21780,1899,2460
21785,971063,2461
21786,17119,2462
21814,2900,2463
21823,21781,2464
21827,101624,2465
21832,9552,2466
21853,275015,2467
21869,658145,2468
21892,63993,2469
21919,6474,2470
21927,9394,2471
21964,16115,2472
21970,5630,2473
21971,1974,2474
21993,640636,2475
22000,16889,2476
22001,4980,2477
22013,8934,2478
22017,193049,2479
22030,11964,2480
22032,736282,2481
22036,185910,2482
22047,16948,2483
22049,85586,2484
22059,8186,2485
22061,20166,2486
22065,98202,2487
22070,182588,2488
22078,12194,2489
22107,62873,2490
22110,696509,2491
22117,28936,2492
22140,67980,2493
22149,159312,2494
22153,322222,2495
22192,11884,2496
22212,4318,2497
22233,276935,2498
22289,36085,2499
22291,20758,2500
22294,112392,2501
22295,101951,2502
22304,653564,2503
22326,84808,2504
22346,4724,2505
22350,22104,2506
22368,7347,2507
22377,706630,2508
22383,6424,2509
22416,7863,2510
22445,203823,2511
22485,17399,2512
22540,38279,2513
22585,2122,2514
22601,23850,2515
22626,6040,2516
22631,43410,2517
22658,21039,2518
22663,4800,2519
22668,52989,2520
22705,8394,2521
22710,167305,2522
22722,882596,2523
22723,62843,2524
22724,4113,2525
22739,27320,2526
22748,211400,2527
22755,195585,2528
22767,20874,2529
22793,156802,2530
22806,30256,2531
22846,101883,2532
22848,104697,2533
22854,1187,2534
22859,176953,2535
22868,57431,2536
22869,16346,2537
22879,4141,2538
22889,794244,2539
22900,640579,2540
22902,608286,2541
22904,20659,2542
22909,100958,2543
22914,13492,2544
22917,370284,2545
22957,103426,2546
22973,101600,2547
22975,57407,2548
22977,813,2549
22997,23698,2550
23070,4177,2551
23129,656084,2552
23133,94401,2553
23239,219915,2554
23245,91861,2555
23278,2046,2556
23281,4729,2557
23286,135193,2558
23288,3402,2559
23305,51268,2560
23326,26335,2561
23357,663549,2562
23365,32823,2563
23369,8898,2564
23370,728,2565
23375,357976,2566
23390,108477,2567
23404,919664,2568
23405,770,2569
23412,327748,2570
23423,20616,2571
23430,660235,2572
23432,20089,2573
23442,645596,2574
23496,644878,2575
23498,336787,2576
23524,638632,2577
23531,74863,2578
23595,46232,2579
23597,3728,2580
23603,3358,2581
23619,102341,2582
23620,93074,2583
23622,162635,2584
23630,19620,2585
23668,643337,2586
23681,5425,2587
23685,3999,2588
23701,37908,2589
23713,24048,2590
23735,44521,2591
23739,673305,2592
23746,60211,2593
23748,17955,2594
23783,38872,2595
23808,1038871,2596
23811,9192,2597
23816,11778,2598
23844,486959,2599
23861,425796,2600
23885,124338,2601
23888,771180,2602
23909,25114,2603
23926,79232,2604
23938,21408,2605
23955,180661,2606
23975,38362,2607
23993,764160,2608
23997,1649,2609
24019,21275,2610
24027,107492,2611
24050,7751,2612
24064,688098,2613
24094,102873,2614
24112,63528,2615
24120,92974,2616
24140,837753,2617
24142,57886,2618
24143,81680,2619
24144,25945,2620
24145,32009,2621
24161,106143,2622
24244,6395,2623
24304,95825,2624
24309,4079,2625
24349,84737,2626
24353,839,2627
24416,60277,2628
24427,7925,2629
24439,4963,2630
24442,91257,2631
24460,853448,2632
24469,69875,2633
24477,837082,2634
24507,192714,2635
24529,87744,2636
24544,94326,2637
24595,30015,2638
24602,16637,2639
24628,12257,2640
24631,189348,2641
24636,1085146,2642
24650,643213,2643
24663,188544,2644
24670,101721,2645
24686,50993,2646
24695,324281,2647
24726,643341,2648
24735,7606,2649
24738,36712,2650
24754,643474,2651
24766,95734,2652
24768,36269,2653
24792,638807,2654
24830,96225,2655
24838,178274,2656
24874,133056,2657
24877,218240,2658
24884,91777,2659
24895,339302,2660
24902,94272,2661
24914,20575,2662
24977,314220,2663
25015,173193,2664
25023,3604,2665
25036,7790,2666
25068,45391,2667
25069,660164,2668
25115,21466,2669
25126,566049,2670
25138,61491,2671
25141,22778,2672
25144,36885,2673
25150,21100,2674
25159,71091,2675
25162,26622,2676
25170,653537,2677
25173,644898,2678
25181,684217,2679
25182,133,2680
25196,649184,2681
25209,1003560,2682
25232,21076,2683
25312,5549,2684
25323,5273,2685
25332,11865,2686
25361,94140,2687
25369,20458,2688
25406,21001,2689
25411,110046,2690
25422,23734,2691
25425,23933,2692
25431,21823,2693
25432,10496,2694
25443,20063,2695
25458,24190,2696
25459,82,2697
25467,674081,2698
25475,7608,2699
25482,640292,2700
25495,4570,2701
25546,644827,2702
25566,1889,2703
25575,60203,2704
25588,28513,2705
25589,164,2706
25597,11238,2707
25716,84350,2708
25724,101267,2709
25735,110048,2710
25739,8141,2711
25771,644640,2712
25789,23654,2713
25799,740743,2714
25826,661957,2715
25830,684221,2716
25850,3399,2717
25857,671840,2718
25892,676110,2719
25893,90162,2720
25896,644786,2721
25902,12704,2722
25910,1015992,2723
25923,580133,2724
25937,61882,2725
25956,694765,2726
25957,264833,2727
25959,122673,2728
25968,9147,2729
25986,74097,2730
25993,3530,2731
26003,184314,2732
26069,23141,2733
26070,1016,2734
26093,686811,2735
26098,199860,2736
26152,8640,2737
26155,22746,2738
26160,86185,2739
26173,426101,2740
26186,689589,2741
26193,4989,2742
26195,96698,2743
26201,118286,2744
26210,19988,2745
26218,17238,2746
26232,1090958,2747
26243,90995,2748
26268,850782,2749
26283,233765,2750
26291,1002514,2751
26330,124360,2752
26338,12829,2753
26346,672595,2754
26386,712001,2755
26430,202152,2756
26440,5420,2757
26489,645688,2758
26500,9935,2759
26512,130838,2760
26515,30126,2761
26539,693224,2762
26559,125048,2763
26576,47779,2764
26580,643335,2765
26581,325243,2766
26586,118231,2767
26597,3394,2768
26602,1119831,2769
26609,107882,2770
26610,75024,2771
26612,100173,2772
26615,854329,2773
26646,31038,2774
26686,429902,2775
26699,663745,2776
26709,689969,2777
26718,648375,2778
26726,435225,2779
26737,9321,2780
26746,692946,2781
26754,663503,2782
26772,37339,2783
26796,653432,2784
26832,63116,2785
26834,60083,2786
26837,58419,2787
26842,831136,2788
26864,2076,2789
26885,180594,2790
26897,9326,2791
26909,22088,2792
26912,11816,2793
26918,645629,2794
26932,63924,2795
26947,6466,2796
26951,309282,2797
26968,676940,2798
26988,477452,2799
27039,305901,2800
27041,170462,2801
27049,3503,2802
27055,138992,2803
27061,33465,2804
27084,131393,2805
27142,645727,2806
27152,15640,2807
27153,31287,2808
27164,27760,2809
27211,376,2810
27228,28945,2811
27245,587114,2812
27254,63507,2813
27258,351754,2814
27285,247,2815
27304,646745,2816
27332,635299,2817
27383,30747,2818
27392,9070,2819
27419,25083,2820
27424,5462,2821
27458,200394,2822
27462,269952,2823
27520,42,2824
27522,726585,2825
27523,159537,2826
27534,3813,2827
27542,787702,2828
27546,1071100,2829
27566,225180,2830
27576,18420,2831
27629,47543,2832
27660,389,2833
27681,873,2834
27703,7277,2835
27712,70548,2836
27715,938820,2837
27719,4916,2838
27769,14026,2839
27817,20803,2840
27819,36313,2841
27828,1015,2842
27835,643985,2843
27840,44,2844
27860,207800,2845
27862,70233,2846
27878,122218,2847
27879,4020,2848
27905,100117,2849
27927,6974,2850
27933,1446,2851
27959,123093,2852
27968,101699,2853
27977,8108,2854
27980,192967,2855
28000,3215,2856
28014,2194,2857
28016,6319,2858
28033,287958,2859
28057,264705,2860
28090,106991,2861
28092,227079,2862
28095,203558,2863
28107,301293,2864
28114,307592,2865
28133,660251,2866
28150,30629,2867
28163,30669,2868
28191,9051,2869
28206,445,2870
28236,17275,2871
28239,468956,2872
28285,129613,2873
28295,647070,2874
28312,5042,2875
28315,347445,2876
28316,68027,2877
28321,46679,2878
28328,635519,2879
28352,649137,2880
28356,77305,2881
28391,86177,2882
28413,660700,2883
28424,27849,2884
28462,51616,2885
28466,373833,2886
28472,9592,2887
28482,60737,2888
28484,29500,2889
28489,197843,2890
28539,463053,2891
28544,3370,2892
28582,644036,2893
28646,66421,2894
28648,20866,2895
28672,660639,2896
28674,10111,2897
28681,18123,2898
28698,12619,2899
28710,37967,2900
28728,732826,2901
28731,214187,2902
28756,30809,2903
28777,4781,2904
28792,194,2905
28797,20477,2906
28800,1247,2907
28812,373809,2908
28818,251863,2909
28843,11793,2910
28849,4902,2911
28880,1908,2912
28901,341193,2913
28904,314595,2914
28918,97099,2915
28954,642768,2916
29006,6754,2917
29015,69833,2918
29022,408040,2919
29041,129497,2920
29080,96342,2921
29111,60095,2922
29158,27647,2923
29162,124325,2924
29189,21465,2925
29222,181881,2926
29271,175523,2927
29280,2166,2928
29287,132922,2929
29294,28026,2930
29297,96,2931
29300,3568,2932
29311,232346,2933
29321,86605,2934
29334,784912,2935
29340,220916,2936
29342,4421,2937
29382,3921,2938
29383,11857,2939
29388,3437,2940
29402,60473,2941
29411,89755,2942
29427,2114,2943
29437,20180,2944
29441,676936,2945
29498,59521,2946
29502,105386,2947
29527,140471,2948
29531,155239,2949
29574,3277,2950
29576,382335,2951
29578,31475,2952
29620,4326,2953
29648,300534,2954
29673,20595,2955
29684,3526,2956
29688,62127,2957
29691,20415,2958
29716,107924,2959
29726,62662,2960
29733,391474,2961
29775,645694,2962
29777,32542,2963
29847,137045,2964
29857,962,2965
29865,345704,2966
29868,4854,2967
29884,508599,2968
29927,3908,2969
29954,640372,2970
30015,227895,2971
30034,345980,2972
30039,24691,2973
30068,126444,2974
30087,666809,2975
30096,20638,2976
30097,18047,2977
30209,60426,2978
30210,4110,2979
30256,126291,2980
30265,20984,2981
30274,110904,2982
30299,1014206,2983
30322,7005,2984
30333,17309,2985
30347,81288,2986
30370,71178,2987
30388,455381,2988
30403,122843,2989
30408,90310,2990
30491,20012,2991
30502,232782,2992
30513,3046,2993
30538,25460,2994
30540,961845,2995
30551,2240,2996
30571,5160,2997
30576,702530,2998
30591,18244,2999
30612,26543,3000
30632,21562,3001
30660,1079206,3002
30664,27774,3003
30700,759687,3004
30704,196933,3005
30742,642492,3006
30766,118297,3007
30777,4949,3008
30778,735602,3009
30788,727861,3010
30821,715615,3011
30856,23030,3012
30910,6381,3013
30912,63743,3014
30916,5987,3015
30934,9267,3016
30937,92098,3017
30941,235458,3018
30953,87951,3019
30961,71131,3020
30999,71221,3021
31026,1305,3022
31044,33164,3023
31049,4144,3024
31081,9206,3025
31208,192412,3026
31214,74582,3027
31245,409121,3028
31247,642547,3029
31268,1013678,3030
31281,8938,3031
31328,75020,3032
31332,661922,3033
31357,2013,3034
31378,639,3035
31395,320049,3036
31403,3457,3037
31409,658336,3038
31423,131825,3039
31436,681392,3040
31473,9377,3041
31479,124214,3042
31480,1029195,3043
31503,73079,3044
31519,146021,3045
31541,735981,3046
31578,1773,3047
31605,38340,3048
31613,22214,3049
31625,3934,3050
31659,63939,3051
31689,1263,3052
31709,107273,3053
31725,653080,3054
31738,214799,3055
31739,304446,3056
31754,60179,3057
31770,6898,3058
31819,4388,3059
31885,87959,3060
31898,6147,3061
31916,772494,3062
31942,4798,3063
31953,696592,3064
31958,176255,3065
31996,17993,3066
32014,166181,3067
32017,995708,3068
32047,48367,3069
32050,1037083,3070
32100,600762,3071
32106,29851,3072
32111,63668,3073
32115,20534,3074
32118,64117,3075
32150,29402,3076
32169,49662,3077
32204,71201,3078
32212,10242,3079
32223,4081,3080
32230,103036,3081
32241,447722,3082
32272,223296,3083
32297,1631,3084
32298,29685,3085
32314,208988,3086
32330,9356,3087
32332,27714,3088
32341,272448,3089
32386,145668,3090
32389,118479,3091
32447,71602,3092
32451,25229,3093
32460,61120,3094
32463,129372,3095
32470,100419,3096
32503,662437,3097
32512,9382,3098
32520,1925,3099
32533,83889,3100
32536,62518,3101
32540,125383,3102
32543,165989,3103
32547,396,3104
32580,1001209,3105
32597,36755,3106
32610,36267,3107
32611,38352,3108
32623,1069947,3109
32652,642544,3110
32666,4062,3111
32676,62815,3112
32742,7588,3113
32744,425408,3114
32752,66565,3115
32773,180605,3116
32790,44935,3117
32802,494452,3118
32832,130338,3119
32850,1011640,3120
32852,9840,3121
32854,70081,3122
32873,29447,3123
32973,93632,3124
32988,26850,3125
32991,727690,3126
32992,11484,3127
33022,679964,3128
33053,49955,3129
33076,7895,3130
33109,18878,3131
33114,1841,3132
33116,660793,3133
33121,6054,3134
33169,87996,3135
33189,58097,3136
33395,132935,3137
33408,71166,3138
33439,96988,3139
33445,74794,3140
33451,9947,3141
33459,213003,3142
33471,270679,3143
33554,77331,3144
33567,11921,3145
33579,1114680,3146
33580,4838,3147
33596,221104,3148
33605,41696,3149
33608,71092,3150
33616,457731,3151
33619,151295,3152
33645,27985,3153
33671,3578,3154
33675,30303,3155
33688,20484,3156
33725,60456,3157
33734,643002,3158
33736,79558,3159
33740,36580,3160
33749,5668,3161
33770,29292,3162
33824,7574,3163
33908,687801,3164
33925,858,3165
33957,3461,3166
33976,59675,3167
33986,641866,3168
34022,30250,3169
34052,35678,3170
34071,137052,3171
34098,660216,3172
34120,93965,3173
34150,1018614,3174
34163,410196,3175
34165,9925,3176
34223,71060,3177
34230,47549,3178
34287,435250,3179
34315,146279,3180
34319,21070,3181
34320,99665,3182
34338,104125,3183
34374,178233,3184
34443,411640,3185
34449,264203,3186
34451,930507,3187
34460,84107,3188
34508,127172,3189
34519,22223,3190
34524,97260,3191
34561,207799,3192
34579,737274,3193
34598,174423,3194
34599,21646,3195
34601,74773,3196
34649,155423,3197
34661,131394,3198
34668,3359,3199
34699,48606,3200
34732,513204,3201
34752,22747,3202
34754,4332,3203
34759,2318,3204
34770,974632,3205
34782,18941,3206
34818,9804,3207
34870,26414,3208
34922,76785,3209
34929,1012808,3210
34936,761578,3211
34975,647994,3212
35007,25157,3213
35013,36750,3214
35020,5800,3215
35027,71529,3216
35028,20989,3217
35032,62522,3218
35043,95860,3219
35073,28908,3220
35085,642961,3221
35094,17152,3222
35108,20880,3223
35139,20041,3224
35249,27157,3225
35259,22027,3226
35290,124055,3227
35317,138054,3228
35319,26164,3229
35321,37587,3230
35361,131885,3231
35363,18972,3232
35365,1086053,3233
35377,94844,3234
35454,113629,3235
35478,4456,3236
35482,6216,3237
35503,160769,3238
35647,84976,3239
35658,20207,3240
35660,20048,3241
35665,1257,3242
35702,347330,3243
35727,23418,3244
35735,89748,3245
35774,61716,3246
35797,47488,3247
35798,20843,3248
35808,2058,3249
35851,30053,3250
35853,4075,3251
35888,138401,3252
35940,37051,3253
35972,457697,3254
35988,71121,3255
36008,660072,3256
36049,206,3257
36165,3085,3258
36247,686421,3259
36271,87963,3260
36289,223935,3261
36290,49695,3262
36305,73384,3263
36314,161717,3264
36329,145706,3265
36358,248502,3266
36367,657448,3267
36392,660236,3268
36407,131135,3269
36421,13846,3270
36477,169523,3271
36516,204490,3272
36530,188886,3273
36574,135771,3274
36575,681946,3275
36611,176640,3276
36629,727200,3277
36648,13804,3278
36656,9606,3279
36663,9168,3280
36682,22538,3281
36686,737534,3282
36693,663311,3283
36700,60322,3284
36706,1063520,3285
36723,7985,3286
36740,4799,3287
36751,90562,3288
36775,1374,3289
36814,33472,3290
36831,491917,3291
36867,660570,3292
36967,94113,3293
36978,100337,3294
36992,2118,3295
37017,654900,3296
37045,14297,3297
37064,4959,3298
37076,21447,3299
37086,71179,3300
37088,61712,3301
37110,10283,3302
37118,676883,3303
37159,17920,3304
37162,50561,3305
37168,13417,3306
37191,4212,3307
37204,89950,3308
37210,962893,3309
37260,222362,3310
37328,217261,3311
37338,216183,3312
37343,1135,3313
37347,1061557,3314
37353,20184,3315
37354,122405,3316
37359,111353,3317
37362,713699,3318
37365,6299,3319
37409,13,3320
37414,1112,3321
37429,154506,3322
37439,60296,3323
37452,7459,3324
37477,885857,3325
37481,139227,3326
37502,4102,3327
37534,13503,3328
37579,23502,3329
37586,638790,3330
37589,118918,3331
37593,230682,3332
37611,766884,3333
37668,1121294,3334
37679,112147,3335
37707,950593,3336
37742,87632,3337
37747,59941,3338
37779,20274,3339
37804,28964,3340
37807,303799,3341
37809,39062,3342
37832,65,3343
37840,477206,3344
37873,649210,3345
37878,1833,3346
37882,295237,3347
37904,1218,3348
37919,699729,3349
37936,820997,3350
37941,69798,3351
37993,191444,3352
38046,97284,3353
38087,3458,3354
38196,637240,3355
38209,17127,3356
38216,649217,3357
38229,1064327,3358
38237,765202,3359
38244,5824,3360
38253,14413,3361
38263,642671,3362
38290,114447,3363
38314,8644,3364
38344,61519,3365
38347,20881,3366
38358,153648,3367
38372,201843,3368
38422,164581,3369
38437,2099,3370
38444,96424,3371
38457,166328,3372
38462,63870,3373
38465,1664,3374
38479,83681,3375
38490,70751,3376
38534,46195,3377
38547,10419,3378
38604,837521,3379
38615,219035,3380
38630,4885,3381
38651,20668,3382
38663,63181,3383
38711,290288,3384
38734,114468,3385
38755,312340,3386
38761,681735,3387
38784,184155,3388
38790,7682,3389
38793,85657,3390
38845,6455,3391
38865,661987,3392
38914,18625,3393
38915,44090,3394
38918,15763,3395
38924,62584,3396
38957,276034,3397
38964,119778,3398
39020,905914,3399
39030,20961,3400
39039,20529,3401
39076,127056,3402
39143,28942,3403
39159,3414,3404
39271,749451,3405
39288,830147,3406
39310,734445,3407
39373,2126,3408
39443,727828,3409
39486,23044,3410
39504,37188,3411
39505,743910,3412
39513,84862,3413
39524,219440,3414
39546,4834,3415
39548,77276,3416
39569,192986,3417
39672,52180,3418
39722,176681,3419
39773,17317,3420
39786,93764,3421
39809,60649,3422
39880,4323,3423
39965,245063,3424
39969,22471,3425
39979,231362,3426
39990,706780,3427
40017,648872,3428
40028,5734,3429
40191,18176,3430
40259,671019,3431
40302,81986,3432
40341,12023,3433
40442,203053,3434
40451,20129,3435
40484,680045,3436
40510,874122,3437
40512,78647,3438
40514,25,3439
40539,3025,3440
40557,110370,3441
40583,3438,3442
40687,141697,3443
40720,117214,3444
40727,23888,3445
40736,96594,3446
40799,46680,3447
40854,275744,3448
40855,653473,3449
40942,38301,3450
40948,107535,3451
40963,65023,3452
40982,1789,3453
41013,285047,3454
41014,672473,3455
41025,281906,3456
41035,731312,3457
41047,152094,3458
41062,522720,3459
41093,59723,3460
41102,3506,3461
41147,4776,3462
41167,701576,3463
41248,786938,3464
41283,179134,3465
41300,4272,3466
41328,55802,3467
41333,198705,3468
41355,1528,3469
41362,731412,3470
41393,1070001,3471
41430,96268,3472
41455,90863,3473
41488,67849,3474
41509,414070,3475
41519,4234,3476
41545,97520,3477
41571,8660,3478
41577,85347,3479
41614,11794,3480
41632,49750,3481
41639,21004,3482
41649,61905,3483
41704,107760,3484
41722,21935,3485
41746,637039,3486
41749,685289,3487
41802,1078239,3488
41807,37598,3489
41811,3071,3490
41849,645728,3491
41952,126195,3492
41974,142358,3493
42021,478861,3494
42033,82306,3495
42043,96529,3496
42072,1052212,3497
42089,305515,3498
42136,111389,3499
42147,52579,3500
42151,205414,3501
42164,47878,3502
42190,175130,3503
42199,75179,3504
42219,245717,3505
42236,1068679,3506
42243,4174,3507
42251,17292,3508
42276,798419,3509
42304,635150,3510
42373,827910,3511
42400,174944,3512
42434,2208,3513
42438,8952,3514
42470,25988,3515
42473,9990,3516
42507,71127,3517
42541,219280,3518
42542,111634,3519
42569,11886,3520
42593,175786,3521
42626,697819,3522
42629,19821,3523
42636,494735,3524
42650,39160,3525
42676,644353,3526
42692,51832,3527
42699,60900,3528
42705,20578,3529
42743,21671,3530
42765,154697,3531
42787,6225,3532
42808,643151,3533
42826,3959,3534
42855,713047,3535
42931,131400,3536
42979,60341,3537
42990,4653,3538
42996,23676,3539
43081,122688,3540
43083,8047,3541
43162,227195,3542
43172,102374,3543
43190,177213,3544
43204,5134,3545
43268,270355,3546
43288,16515,3547
43386,44016,3548
43402,745633,3549
43475,345883,3550
43476,24042,3551
43487,62517,3552
43523,3602,3553
43540,278859,3554
43576,27329,3555
43612,97309,3556
43648,59834,3557
43656,6345,3558
43666,160697,3559
43751,262967,3560
43753,69460,3561
43769,515234,3562
43777,135351,3563
43789,708998,3564
43804,4222,3565
43810,31339,3566
43827,664531,3567
43868,291185,3568
43901,9240,3569
43907,406019,3570
43950,20610,3571
43972,610026,3572
44001,18894,3573
44011,621245,3574
44015,47636,3575
44066,884110,3576
44078,45154,3577
44092,71093,3578
44135,170441,3579
44138,658706,3580
44182,79562,3581
44229,6511,3582
44239,165799,3583
44248,1041717,3584
44274,935515,3585
44290,54528,3586
44296,2820,3587
44339,71173,3588
44363,7735,3589
44385,21821,3590
44386,214058,3591
44396,203999,3592
44427,665179,3593
44434,748086,3594
44513,218062,3595
44655,112737,3596
44656,639371,3597
44661,1101045,3598
44665,37374,3599
44671,35682,3600
44738,67,3601
44744,1202,3602
44784,216195,3603
44792,222688,3604
44877,687528,3605
44925,48655,3606
44930,656631,3607
44937,561748,3608
44956,427157,3609
44959,73050,3610
44963,37952,3611
45010,62824,3612
45014,66522,3613
45032,214299,3614
45044,62921,3615
45058,6328,3616
45059,73244,3617
45088,396184,3618
45103,331246,3619
45131,90165,3620
45137,48071,3621
45138,104126,3622
45188,21293,3623
45191,698119,3624
45209,1087068,3625
45216,1922,3626
45294,96204,3627
45297,182813,3628
45311,221749,3629
45317,789825,3630
45324,44751,3631
45361,176831,3632
45399,20325,3633
45468,175794,3634
45508,19270,3635
45524,647789,3636
45527,194320,3637
45543,31965,3638
45573,71095,3639
45645,24164,3640
45676,32881,3641
45696,92262,3642
45701,36597,3643
45758,212536,3644
45785,43850,3645
45790,87310,3646
45801,97789,3647
45805,2031,3648
45818,288185,3649
45819,130974,3650
45832,7712,3651
45879,672864,3652
45884,1057881,3653
45892,97094,3654
45909,27308,3655
45916,100153,3656
45932,4024,3657
45937,172602,3658
45993,4667,3659
46002,36670,3660
46029,546251,3661
46065,69834,3662
46084,104510,3663
46114,1188,3664
46130,6706,3665
46174,648784,3666
46203,11401,3667
46206,192010,3668
46211,37306,3669
46284,23035,3670
46321,24163,3671
46409,146823,3672
46412,715450,3673
46447,125371,3674
46459,3844,3675
46483,158901,3676
46489,75606,3677
46507,7256,3678
46609,21147,3679
46626,1038170,3680
46640,30948,3681
46704,7883,3682
46729,3508,3683
46753,17148,3684
46756,96572,3685
46763,65857,3686
46775,104171,3687
46783,754127,3688
46849,645526,3689
46865,212680,3690
46892,72462,3691
46978,9429,3692
47006,199358,3693
47051,278203,3694
47071,176578,3695
47117,406141,3696
47155,72488,3697
47156,362969,3698
47170,191995,3699
47171,22577,3700
47173,639677,3701
47205,307299,3702
47230,84014,3703
47278,1063,3704
47459,77459,3705
47486,8689,3706
47526,866081,3707
47585,183619,3708
47589,30260,3709
47657,144298,3710
47667,3230,3711
47712,10236,3712
47788,59688,3713
47866,9508,3714
47879,78639,3715
47992,1074,3716
48014,14523,3717
48058,301045,3718
48080,649411,3719
48117,23858,3720
48143,642880,3721
48144,94145,3722
48181,327925,3723
48236,3139,3724
48299,667113,3725
48342,642453,3726
48367,633923,3727
48419,21321,3728
48485,907684,3729
48507,70975,3730
48526,615181,3731
48674,307599,3732
48776,688078,3733
48777,98174,3734
48783,60434,3735
48797,307597,3736
48799,2993,3737
48807,23869,3738
48815,42274,3739
48849,18552,3740
48852,131599,3741
48853,60035,3742
48972,587389,3743
48996,537,3744
48999,1839,3745
49012,19560,3746
49016,41532,3747
49036,430547,3748
49075,8571,3749
49149,3225,3750
49163,177161,3751
49216,648635,3752
49243,91941,3753
49247,5464,3754
49265,24434,3755
49282,21015,3756
49284,219125,3757
49301,426134,3758
49419,27358,3759
49565,5690,3760
49593,215720,3761
49632,82721,3762
49772,21347,3763
49778,87524,3764
50020,20968,3765
50022,994762,3766
50026,47804,3767
50058,1010,3768
50086,170114,3769
50106,644645,3770
50111,2855,3771
50124,232413,3772
50134,627480,3773
50154,12572,3774
50156,226799,3775
50159,67964,3776
50193,187117,3777
50225,14795,3778
50236,215755,3779
50246,30604,3780
50354,4320,3781
50439,1032280,3782
50527,101795,3783
50548,645621,3784
50578,71561,3785
50616,51892,3786
50643,419499,3787
50645,645502,3788
50695,943051,3789
50706,205538,3790
50741,11321,3791
50753,87093,3792
50759,66380,3793
50786,64754,3794
50811,649204,3795
50812,194440,3796
50855,795,3797
50861,390,3798
50869,19923,3799
50876,48947,3800
50888,95743,3801
50909,269998,3802
50912,311519,3803
50913,145655,3804
50923,28535,3805
50929,234956,3806
50975,11988,3807
50993,160560,3808
51018,60229,3809
51059,182953,3810
51143,86324,3811
51170,6379,3812
51223,100924,3813
51254,186348,3814
51283,94376,3815
51350,759077,3816
51432,807041,3817
51433,112129,3818
51449,747781,3819
51595,157176,3820
51599,29761,3821
51604,1887,3822
51637,464555,3823
51825,67623,3824
51863,101677,3825
51899,761,3826
51912,60588,3827
51924,38531,3828
51973,60368,3829
52007,177101,3830
52071,665596,3831
52080,37130,3832
52183,15711,3833
52233,3500,3834
52317,615353,3835
52358,338895,3836
52365,21069,3837
52375,84291,3838
52393,126049,3839
52404,553603,3840
52524,5570,3841
52533,11981,3842
52597,185912,3843
52599,101669,3844
52768,206271,3845
52778,1275,3846
52790,63736,3847
52805,212420,3848
52875,641470,3849
52897,32166,3850
52905,172002,3851
52935,328,3852
52954,28959,3853
52958,25709,3854
52996,557531,3855
53019,18364,3856
53049,690388,3857
53054,272086,3858
53090,69863,3859
53092,49493,3860
53183,96709,3861
53233,121553,3862
53286,8506,3863
53302,55121,3864
53382,63878,3865
53385,10729,3866
53540,21043,3867
53551,699491,3868
53580,18795,3869
53600,30599,3870
53627,126125,3871
53649,20021,3872
53808,508339,3873
53902,815,3874
53910,52260,3875
53941,88480,3876
53958,90873,3877
53995,390730,3878
54006,77308,3879
54056,66217,3880
54057,93977,3881
54077,127717,3882
54118,645598,3883
54190,24212,3884
54196,164262,3885
54323,8719,3886
54333,74308,3887
54443,642102,3888
54444,133095,3889
54522,726228,3890
54569,28137,3891
54607,907982,3892
54626,190320,3893
54638,413562,3894
54640,488,3895
54843,7072,3896
54854,163405,3897
54867,123469,3898
54923,1064,3899
54971,204100,3900
54993,341613,3901
54996,22816,3902
54998,5803,3903
55083,3660,3904
55105,231050,3905
55145,637220,3906
55167,62788,3907
55269,1023269,3908
55325,107563,3909
55421,9362,3910
55427,865470,3911
55612,22705,3912
55622,21211,3913
55681,635970,3914
55736,672370,3915
55833,27881,3916
55910,258484,3917
55943,253814,3918
55969,90921,3919
56049,124112,3920
56074,9939,3921
56101,7418,3922
56117,73259,3923
56159,20069,3924
56234,17905,3925
56309,182324,3926
56341,9351,3927
56365,26213,3928
56396,699563,3929
56472,1890,3930
56506,570753,3931
56557,3207,3932
56641,22460,3933
56671,49933,3934
56677,741239,3935
56693,465125,3936
56694,1038038,3937
56704,9411,3938
56706,601246,3939
56724,101447,3940
56781,154600,3941
56787,229031,3942
56806,130261,3943
56819,110699,3944
56870,4311,3945
56889,151092,3946
56974,2037,3947
57045,766817,3948
57061,20924,3949
57102,799296,3950
57120,122891,3951
57175,711199,3952
57189,985257,3953
57235,80289,3954
57270,175519,3955
57305,11118,3956
57315,6088,3957
57375,863057,3958
57395,258590,3959
57399,643447,3960
57517,131449,3961
57532,145542,3962
57569,46082,3963
57611,1082937,3964
57626,314873,3965
57662,303196,3966
57672,29439,3967
57686,153,3968
57697,16531,3969
57756,3862,3970
57833,705155,3971
57881,642753,3972
57893,204415,3973
57902,175816,3974
57927,161030,3975
57929,130669,3976
57947,22669,3977
57974,2815,3978
58045,8665,3979
58069,1093370,3980
58102,63030,3981
58154,122759,3982
58179,91447,3983
58183,276917,3984
58197,202408,3985
58207,82181,3986
58228,992730,3987
58308,480,3988
58325,263104,3989
58354,291544,3990
58385,647679,3991
58463,202315,3992
58588,57911,3993
58718,29600,3994
58749,38412,3995
58751,339697,3996
58791,578661,3997
58860,313030,3998
58916,3744,3999
58933,3444,4000
59143,24555,4001
59150,345162,4002
59202,14785,4003
59209,98193,4004
59285,24990,4005
59398,30225,4006
59437,804688,4007
59449,81981,4008
59466,62744,4009
59475,1112790,4010
59485,9790,4011
59491,442642,4012
59505,32181,4013
59564,71138,4014
59608,33626,4015
59672,184887,4016
59712,3227,4017
59721,690391,4018
59724,104541,4019
59760,60606,4020
59789,189343,4021
59820,1661,4022
59845,177336,4023
59865,18371,4024
59875,95813,4025
59932,22898,4026
59943,68307,4027
60000,983046,4028
60030,514,4029
60037,660113,4030
60088,1227,4031
60099,320090,4032
60139,99166,4033
60211,22657,4034
60248,2237,4035
60262,60585,4036
60304,14602,4037
60336,62373,4038
60415,528218,4039
60434,652428,4040
60437,17725,4041
60439,217187,4042
60458,13119,4043
60500,3066,4044
60513,806528,4045
60562,1159,4046
60582,1933,4047
60590,9366,4048
60606,1030118,4049
60672,27754,4050
60680,1411,4051
60718,81453,4052
60737,681268,4053
60746,90087,4054
60831,35738,4055
60869,9393,4056
61005,331851,4057
61034,222240,4058
61038,745113,4059
61113,703961,4060
61180,671879,4061
61202,788645,4062
61271,19888,4063
61283,223178,4064
61303,8117,4065
61365,20470,4066
61427,44142,4067
61457,137316,4068
61471,51062,4069
61500,213325,4070
61551,336215,4071
61610,89468,4072
61629,7409,4073
61633,21930,4074
61635,93559,4075
61641,3647,4076
61725,149988,4077
61741,3024,4078
61776,460539,4079
61787,3197,4080
61800,649273,4081
61851,660523,4082
61855,768258,4083
61866,197778,4084
61884,4384,4085
61887,469441,4086
61993,877443,4087
62165,4850,4088
62241,52318,4089
62306,6751,4090
62427,1018765,4091
62525,4312,4092
62532,79880,4093
62615,475544,4094
62771,6497,4095
62810,69799,4096
62935,340510,4097
62982,112168,4098
62999,147182,4099
63044,71488,4100
63078,59838,4101
63094,180680,4102
63148,657619,4103
63151,328166,4104
63182,147826,4105
63233,643467,4106
63312,151258,4107
63321,90046,4108
63416,72698,4109
63418,81447,4110
63445,91582,4111
63486,13494,4112
63490,647981,4113
63492,371165,4114
63529,60551,4115
63599,25915,4116
63661,268090,4117
63683,616053,4118
63710,5563,4119
63715,85490,4120
63876,136992,4121
63931,960026,4122
63957,130378,4123
63981,8131,4124
64015,167217,4125
64036,445263,4126
64040,68315,4127
64048,10967,4128
64079,22463,4129
64179,293903,4130
64206,500265,4131
64225,712162,4132
64246,811479,4133
64254,12954,4134
64290,22658,4135
64356,153926,4136
64410,659383,4137
64434,1251,4138
64498,729382,4139
64515,101760,4140
64536,108983,4141
64550,408026,4142
64597,2056,4143
64628,3581,4144
64718,409552,4145
64811,81673,4146
64900,128702,4147
64953,23132,4148
64970,878291,4149
64972,700175,4150
65005,733136,4151
65011,26216,4152
65197,187595,4153
65222,95941,4154
65249,649248,4155
65312,814940,4156
65326,33688,4157
65353,678976,4158
65365,132622,4159
65422,219428,4160
65429,103479,4161
65462,86900,4162
65466,781832,4163
65494,4915,4164
65547,662172,4165
65703,62393,4166
65758,131148,4167
65794,102610,4168
65795,341980,4169
65855,693714,4170
65868,201995,4171
65960,54830,4172
65984,87810,4173
66111,673350,4174
66113,262984,4175
66142,768297,4176
66195,158794,4177
66233,101921,4178
66245,635672,4179
66387,22120,4180
66450,240982,4181
66457,4193,4182
66510,344033,4183
66514,1,4184
66516,14147,4185
66594,84019,4186
66605,29146,4187
66753,3420,4188
66755,48360,4189
66777,642851,4190
66781,389687,4191
66855,176456,4192
66877,367127,4193
66927,59507,4194
66986,318695,4195
66990,714496,4196
66996,89002,4197
67045,968674,4198
67157,745847,4199
67195,13414,4200
67203,73108,4201
67239,646634,4202
67259,869219,4203
67260,17750,4204
67292,72512,4205
67355,566846,4206
67463,206334,4207
67533,33601,4208
67570,80606,4209
67613,315154,4210
67616,943243,4211
67671,25075,4212
67677,145010,4213
67819,4088,4214
67836,24547,4215
67856,1797,4216
67876,62610,4217
67889,29664,4218
67893,14540,4219
67926,215766,4220
67995,95491,4221
68015,5130,4222
68043,23528,4223
68081,478524,4224
68083,650993,4225
68128,3064,4226
68146,189524,4227
68224,4225,4228
68278,3034,4229
68385,37483,4230
68479,204250,4231
68645,29543,4232
68733,114464,4233
68767,1122918,4234
68814,2062,4235
68835,4791,4236
68877,60309,4237
68882,36433,4238
68985,21252,4239
69065,644650,4240
69099,27044,4241
69116,3179,4242
69142,643024,4243
69173,228664,4244
69332,2174,4245
69361,14644,4246
69382,1034251,4247
69430,3106,4248
69486,35911,4249
69520,68255,4250
69527,22107,4251
69584,10605,4252
69611,1122545,4253
69623,393687,4254
69647,200191,4255
69707,5869,4256
69783,17356,4257
69806,175669,4258
69939,198424,4259
69944,689829,4260
69946,27581,4261
70000,108541,4262
70013,77240,4263
70036,7813,4264
70075,88721,4265
70080,67438,4266
70099,130248,4267
70127,11395,4268
70183,100761,4269
70216,5072,4270
70243,8753,4271
70272,643177,4272
70273,73342,4273
70300,979548,4274
70353,73279,4275
70375,90845,4276
70402,80282,4277
70426,6349,4278
70465,112232,4279
70510,39194,4280
70652,687613,4281
70657,546,4282
70669,8941,4283
70699,839501,4284
70789,71120,4285
70862,38675,4286
70911,88965,4287
71027,692138,4288
71181,20125,4289
71295,3211,4290
71341,8478,4291
71395,7294,4292
71418,529808,4293
71462,17886,4294
71474,6130,4295
71515,589775,4296
71517,472211,4297
71737,20059,4298
71776,79695,4299
71804,244773,4300
71823,83756,4301
71871,74031,4302
71899,639177,4303
71916,133824,4304
71983,94846,4305
71992,60528,4306
72050,4409,4307
72079,131826,4308
72121,712128,4309
72123,203901,4310
72180,402251,4311
72262,1133230,4312
72424,7689,4313
72840,35451,4314
72858,5133,4315
72859,36358,4316
72900,1081297,4317
72904,4993,4318
72923,125985,4319
73085,149631,4320
73093,255922,4321
73138,186756,4322
73161,21969,4323
73275,223033,4324
73289,62890,4325
73300,93692,4326
73570,146168,4327
73700,182596,4328
73738,274637,4329
73785,577052,4330
73904,715136,4331
73940,125034,4332
74063,679529,4333
74065,219747,4334
74099,262190,4335
74143,20480,4336
74209,17316,4337
74242,645626,4338
74247,11796,4339
74295,116167,4340
74298,156516,4341
74453,186704,4342
74467,65407,4343
74483,37649,4344
74542,9161,4345
74609,125251,4346
74611,22486,4347
74677,88586,4348
74687,2974,4349
74818,108113,4350
74834,41751,4351
74838,142819,4352
74880,655623,4353
75016,9740,4354
75131,126141,4355
75164,354470,4356
75303,593582,4357
75305,640547,4358
75313,840847,4359
75323,301607,4360
75325,8209,4361
75448,21697,4362
75476,131309,4363
75613,434437,4364
75641,690122,4365
75654,656344,4366
75681,498917,4367
75687,62878,4368
75704,82883,4369
75715,56348,4370
75825,100794,4371
75888,62760,4372
75957,3935,4373
76036,169753,4374
76076,231489,4375
76160,88521,4376
76175,854342,4377
76260,75069,4378
76278,21249,4379
76394,60423,4380
76482,663896,4381
76527,149303,4382
76529,1104765,4383
76621,28906,4384
76702,23521,4385
76757,33481,4386
76777,21754,4387
76814,18148,4388
76890,21868,4389
76964,94184,4390
76969,1068955,4391
76998,693541,4392
77015,147407,4393
77042,1004461,4394
77102,695779,4395
77118,709,4396
77152,1076285,4397
77382,69844,4398
77402,702134,4399
77432,923232,4400
77531,97097,4401
77539,4926,4402
77624,58778,4403
77733,202176,4404
77755,483332,4405
77762,8319,4406
77764,62544,4407
77787,113758,4408
77853,1102875,4409
77865,766855,4410
77943,1810,4411
78010,24417,4412
78017,451731,4413
78185,22704,4414
78204,365710,4415
78299,78576,4416
78328,977507,4417
78383,265154,4418
78395,6337,4419
78407,64854,4420
78707,426874,4421
78710,1796,4422
78719,70096,4423
78778,1013642,4424
78913,445305,4425
78929,855457,4426
78953,736092,4427
79058,181962,4428
79103,1022385,4429
79191,349201,4430
79308,4309,4431
79334,8956,4432
79351,339712,4433
79377,908778,4434
79405,82702,4435
79551,71368,4436
79589,662194,4437
79739,4772,4438
79824,693784,4439
79890,67902,4440
80044,217323,4441
80061,193986,4442
80068,1022883,4443
80137,308606,4444
80153,1117955,4445
80201,21226,4446
80292,81540,4447
80331,71098,4448
80614,5204,4449
80638,1208,4450
80684,10571,4451
80862,643374,4452
80941,130997,4453
81069,75051,4454
81093,740991,4455
81119,5960,4456
81171,649255,4457
81293,649250,4458
81344,3481,4459
81370,60493,4460
81419,223430,4461
81433,202006,4462
81451,121953,4463
81455,657503,4464
81501,644120,4465
81520,29641,4466
81538,4865,4467
81596,172659,4468
81630,1014305,4469
81706,156227,4470
81829,62844,4471
81869,503156,4472
81970,23904,4473
81993,7970,4474
82000,156605,4475
82027,395379,4476
82098,9375,4477
82209,6675,4478
82282,1642,4479
82451,685972,4480
82477,172340,4481
82583,8701,4482
82597,50426,4483
82666,217667,4484
82686,100384,4485
82926,118294,4486
82928,167008,4487
82930,196459,4488
83065,1030432,4489
83109,221116,4490
83173,1843,4491
83261,687238,4492
83407,10039,4493
83455,645607,4494
83571,60053,4495
83614,62847,4496
83620,143890,4497
83656,122737,4498
83709,656065,4499
83808,642504,4500
83824,740137,4501
83880,227687,4502
83903,229792,4503
83931,13697,4504
83984,161227,4505
84006,118230,4506
84259,773752,4507
84300,752616,4508
84323,177809,4509
84343,130984,4510
84413,100280,4511
84420,68124,4512
84644,114385,4513
84844,7968,4514
84854,2600,4515
84967,1715,4516
84979,124665,4517
85058,28966,4518
85100,4987,4519
85144,6815,4520
85247,5905,4521
85365,855907,4522
85467,356926,4523
85487,542625,4524
85504,281923,4525
85623,710975,4526
85645,68388,4527
85689,87950,4528
85860,865853,4529
85863,789010,4530
85878,26921,4531
85899,35765,4532
85960,178126,4533
85961,108206,4534
85972,92906,4535
86080,29810,4536
86212,24839,4537
86245,939679,4538
86278,150510,4539
86299,129280,4540
86363,89888,4541
86364,430850,4542
86378,995966,4543
86388,101790,4544
86590,219651,4545
86650,687762,4546
86714,123978,4547
86776,684656,4548
86865,772097,4549
86869,1138,4550
86881,101719,4551
87001,27463,4552
87040,108561,4553
87045,24811,4554
87093,74770,4555
87199,16020,4556
87213,1022259,4557
87220,186921,4558
87221,23966,4559
87224,648347,4560
87242,96113,4561
87315,182611,4562
87385,25166,4563
87424,237777,4564
87593,57751,4565
87639,337842,4566
87683,9306,4567
87755,228945,4568
87758,381699,4569
87857,37037,4570
88080,835195,4571
88153,649251,4572
88271,9077,4573
88379,774989,4574
88390,971857,4575
88394,3597,4576
88396,127581,4577
88418,866871,4578
88560,29732,4579
88587,6932,4580
88641,21120,4581
88648,669066,4582
88685,5541,4583
88765,124175,4584
88766,685552,4585
88785,29746,4586
88872,73311,4587
88905,269839,4588
88989,135135,4589
89035,677124,4590
89051,69816,4591
89158,85743,4592
89173,835502,4593
89350,644311,4594
89352,358945,4595
89507,492502,4596
89512,159303,4597
89530,8483,4598
89571,616889,4599
89584,709273,4600
89736,100414,4601
89786,2850,4602
89839,666953,4603
89862,4139,4604
89945,24816,4605
89952,865698,4606
89978,26595,4607
89998,747389,4608
90040,645507,4609
90125,1072137,4610
90139,124435,4611
90255,126112,4612
90354,88585,4613
90430,191423,4614
90570,670437,4615
90613,11882,4616
90642,48587,4617
90736,135095,4618
90808,13691,4619
90869,258431,4620
90939,24046,4621
90943,184090,4622
91030,983151,4623
91042,855661,4624
91117,130252,4625
91122,734791,4626
91200,57840,4627
91232,167004,4628
91279,273643,4629
91313,21706,4630
91319,52578,4631
91327,145168,4632
91341,186794,4633
91568,279202,4634
91598,102261,4635
91689,31041,4636
91738,207792,4637
91822,790985,4638
92217,18810,4639
92397,216445,4640
92407,25152,4641
92445,6728,4642
92455,1043330,4643
92621,17762,4644
92624,154907,4645
92733,127652,4646
92800,95285,4647
92834,176101,4648
92885,598549,4649
92925,17299,4650
93074,17640,4651
93077,11413,4652
93155,460673,4653
93162,733870,4654
93405,1026495,4655
93418,5572,4656
93429,352209,4657
93527,12676,4658
93678,713868,4659
93690,338043,4660
93742,149304,4661
93764,2701,4662
93911,8433,4663
93927,667551,4664
93960,166147,4665
93967,267168,4666
94098,33849,4667
94140,163501,4668
94164,1117936,4669
94228,171054,4670
94310,649215,4671
94385,36474,4672
94402,20425,4673
94442,9177,4674
94447,644348,4675
94467,4004,4676
94550,240470,4677
94558,198390,4678
94574,937509,4679
94606,1065019,4680
94624,7737,4681
94660,132282,4682
94670,194709,4683
94757,388822,4684
94829,206141,4685
94854,20203,4686
95108,9088,4687
95166,1539,4688
95263,35666,4689
95372,679777,4690
95455,200920,4691
95594,513169,4692
95682,118525,4693
95690,693476,4694
95698,186012,4695
95717,233413,4696
95744,301876,4697
95848,9917,4698
96263,643256,4699
96385,176991,4700
96390,6312,4701
96561,117939,4702
96627,19790,4703
96659,743481,4704
96661,1175,4705
96704,59836,4706
97111,187293,4707
97123,63911,4708
97315,775,4709
97327,37396,4710
97383,1087816,4711
97391,29619,4712
97413,292635,4713
97524,4870,4714
97617,425898,4715
97643,233484,4716
97657,667330,4717
97764,123248,4718
97789,90002,4719
97831,715131,4720
97871,90508,4721
98032,574104,4722
98045,101180,4723
98321,489992,4724
98337,99641,4725
98348,5838,4726
98406,85148,4727
98488,26948,4728
98497,853015,4729
98571,92621,4730
98626,175315,4731
98648,20185,4732
98778,189833,4733
99058,165783,4734
99127,689957,4735
99213,541723,4736
99223,36651,4737
99268,21561,4738
99283,3505,4739
99288,58133,4740
99321,168401,4741
99352,275050,4742
99376,616577,4743
99533,294645,4744
99541,736804,4745
99709,2107,4746
99747,9255,4747
99783,11334,4748
99860,37275,4749
99903,62992,4750
100083,116888,4751
100222,47784,4752
100340,18943,4753
100401,4122,4754
100424,51046,4755
100738,5500,4756
100751,24585,4757
100761,891277,4758
100793,323859,4759
100970,4788,4760
101059,353209,4761
101113,126375,4762
101172,801695,4763
101215,62,4764
101409,410824,4765
101463,898704,4766
101569,19144,4767
101581,325511,4768
101783,568447,4769
101894,4804,4770
102004,114443,4771
102072,204884,4772
102105,1065810,4773
102119,2812,4774
102208,640774,4775
102423,649266,4776
102689,4725,4777
102690,28963,4778
102721,620490,4779
102881,2699,4780
103004,205421,4781
103079,3267,4782
103099,707836,4783
103216,21654,4784
103258,160270,4785
103599,222550,4786
103743,650815,4787
103750,20808,4788
103867,256914,4789
103869,182368,4790
103957,3946,4791
104000,1000950,4792
104007,656639,4793
104090,65594,4794
104105,618598,4795
104414,184131,4796
104536,3335,4797
104637,639321,4798
104816,31199,4799
105065,641485,4800
105109,163630,4801
105186,47472,4802
105196,35429,4803
105223,61438,4804
105234,20351,4805
105253,10874,4806
105257,37722,4807
105495,542293,4808
105506,177584,4809
105515,62739,4810
105684,100871,4811
105743,1015292,4812
105906,167985,4813
105921,301524,4814
106057,3497,4815
106444,1032923,4816
106586,102937,4817
106677,3156,4818
106784,38442,4819
106953,94414,4820
106998,754897,4821
107019,685055,4822
107034,855428,4823
107178,38399,4824
107284,132759,4825
107622,643119,4826
107687,1079896,4827
107781,78613,4828
107830,137483,4829
107843,6194,4830
107856,887060,4831
107860,192249,4832
107873,470198,4833
107896,678827,4834
107918,201485,4835
107982,108502,4836
108087,680646,4837
108262,83304,4838
108287,584,4839
108461,1604,4840
108732,71909,4841
108765,285628,4842
108809,35814,4843
108898,287733,4844
108917,161439,4845
109017,1119714,4846
109100,142623,4847
109153,1526,4848
109236,366568,4849
109273,3152,4850
109301,713655,4851
109442,190352,4852
109446,87920,4853
109477,9041,4854
109615,188774,4855
109640,1124827,4856
109660,37305,4857
109664,664741,4858
109686,795991,4859
109897,18727,4860
110213,342060,4861
110245,91404,4862
110247,867122,4863
110277,365383,4864
110348,3154,4865
110494,404396,4866
110556,691965,4867
110572,3807,4868
110698,725945,4869
110738,19714,4870
110764,60455,4871
110765,663849,4872
110836,59647,4873
110932,25924,4874
110942,23022,4875
111043,122845,4876
111211,25732,4877
111314,327793,4878
111364,83213,4879
111426,5115,4880
111646,161055,4881
111695,57802,4882
111714,39827,4883
111779,64315,4884
111834,28904,4885
112089,50773,4886
112274,12240,4887
112305,231991,4888
112323,790999,4889
112358,242978,4890
112359,1009875,4891
112403,71018,4892
112548,549509,4893
112591,90679,4894
112617,3429,4895
112714,29662,4896
112762,216868,4897
113092,693888,4898
113291,217221,4899
