seen,user_index,seed_size
1,562,1
9,2972404,2
14,5083255,3
19,2414071,4
22,16034,5
31,3845988,6
34,1192527,7
37,12506949,8
41,208968,9
50,4815490,10
51,13265474,11
52,649150,12
59,14981,13
62,5920164,14
63,225660,15
67,174987,16
74,40790,17
85,6890579,18
87,3700,19
98,1007621,20
109,403597,21
124,3013423,22
127,798057,23
140,16654879,24
148,19277008,25
167,5662907,26
171,2940421,27
173,1097321,28
175,1135393,29
184,3353728,30
197,13222709,31
203,779178,32
223,4867980,33
231,60712,34
235,6526691,35
245,2612909,36
247,91836,37
298,9208197,38
302,31164,39
303,6682483,40
312,10914837,41
314,453564,42
316,3713008,43
323,2032323,44
326,25412,45
334,12985444,46
337,1732,47
342,77577,48
345,5223690,49
346,2711516,50
349,4870943,51
359,3688957,52
368,5261664,53
370,4476618,54
377,1018982,55
382,2583596,56
387,3462535,57
390,2366713,58
397,40175,59
398,172941,60
400,42463,61
402,10267961,62
405,965666,63
411,13664848,64
435,4597021,65
440,11470211,66
449,4600285,67
454,4972897,68
456,6837396,69
463,146809,70
471,299,71
473,4081105,72
474,3696454,73
478,8071144,74
483,10076664,75
485,4444703,76
488,11979194,77
489,94531,78
490,2424065,79
503,3148941,80
506,2469422,81
512,12245921,82
518,140199,83
546,4262,84
555,1141506,85
577,4931179,86
583,6635639,87
585,2144501,88
593,1349932,89
603,12596354,90
606,11610631,91
617,7590350,92
619,833364,93
627,3991761,94
628,2797100,95
629,4298170,96
632,5122012,97
642,2875528,98
644,34593,99
653,8843078,100
659,3366845,101
670,81887,102
682,9723175,103
697,18100405,104
700,1865584,105
707,20813957,106
709,413838,107
750,4006848,108
766,1318962,109
780,1449542,110
785,5824533,111
798,656198,112
806,430050,113
833,4983671,114
835,146854,115
840,10672725,116
841,13296076,117
845,5747486,118
846,329754,119
848,5727122,120
854,3949570,121
865,6917667,122
884,25587802,123
885,9279019,124
901,3405398,125
903,2149861,126
912,2259846,127
927,9071090,128
930,482833,129
958,3817489,130
961,21682,131
962,19571,132
971,2089025,133
996,3244123,134
1000,337774,135
1008,321597,136
1011,28321,137
1057,3794,138
1061,630365,139
1074,2830596,140
1102,1956064,141
1108,798556,142
1118,3268967,143
1121,8495261,144
1132,7182651,145
1146,4748122,146
1155,1122835,147
1172,2886542,148
1180,41599,149
1214,23976122,150
1216,1392493,151
1230,345442,152
1259,1605290,153
1265,10070539,154
1268,168811,155
1347,31853827,156
1354,14143836,157
1367,284716,158
1413,4229950,159
1445,4444667,160
1448,6271199,161
1505,1309784,162
1524,3938345,163
1526,5759085,164
1530,3669597,165
1536,3947763,166
1542,1697648,167
1557,11676399,168
1577,2260091,169
1580,1302958,170
1587,334405,171
1589,119352,172
1593,93924,173
1600,6760711,174
1636,12929257,175
1640,560829,176
1643,23511230,177
1645,886544,178
1656,2217247,179
1657,5015896,180
1669,10136505,181
1701,2126550,182
1709,39526,183
1710,1119268,184
1729,8747,185
1776,6219991,186
1795,14567016,187
1808,8332565,188
1813,48226,189
1827,226859,190
1833,5979348,191
1860,7664670,192
1863,4145009,193
1883,17412369,194
1904,5935362,195
1937,4082196,196
1959,11210604,197
1980,5187329,198
1992,0,199
1999,2064621,200
2032,5190999,201
2041,694284,202
2067,911416,203
2068,7695453,204
2106,194215,205
2111,1128434,206
2116,10094129,207
2130,102373,208
2132,145986,209
2149,3869107,210
2150,2499792,211
2151,8288756,212
2153,24546229,213
2164,254418,214
2165,15593131,215
2171,5338450,216
2179,5577016,217
2209,4290441,218
2220,154344,219
2245,135649,220
2249,2532057,221
2250,7503205,222
2282,3361621,223
2288,14107065,224
2292,14142324,225
2294,23871288,226
2298,271354,227
2316,13226995,228
2337,1911538,229
2345,418383,230
2355,1533235,231
2357,5555170,232
2358,3072423,233
2378,298759,234
2399,800601,235
2445,3929695,236
2448,1561607,237
2451,2341353,238
2467,3925001,239
2475,5325781,240
2482,3829450,241
2559,222199,242
2564,4894694,243
2568,2011062,244
2570,4100982,245
2609,2706832,246
2634,4462150,247
2668,334363,248
2694,4069634,249
2700,213790,250
2705,864602,251
2717,4406103,252
2727,1843279,253
2729,5694561,254
2743,11667553,255
2751,12207823,256
2776,1125942,257
2788,169111,258
2789,9697537,259
2801,16120789,260
2803,1445642,261
2828,16496316,262
2845,33170471,263
2855,1152735,264
2864,10170362,265
2865,289821,266
2899,705696,267
2971,5651567,268
2973,5083158,269
2974,5151008,270
2982,800315,271
3007,677143,272
3012,541589,273
3031,532071,274
3044,10034976,275
3047,4058231,276
3078,1683546,277
3091,10748073,278
3095,3021307,279
3172,5101919,280
3183,2221028,281
3219,1565798,282
3234,6338728,283
3235,5854668,284
3238,1837967,285
3275,7007002,286
3297,54133,287
3299,7896011,288
3344,4082907,289
3350,892034,290
3367,298913,291
3370,4480303,292
3386,11743697,293
3409,42357,294
3411,7,295
3430,5421656,296
3433,20072526,297
3434,593595,298
3440,12803471,299
3446,142676,300
3494,285748,301
3523,288074,302
3537,8866392,303
3545,1181107,304
3548,5299544,305
3565,2880025,306
3569,2148325,307
3594,1874354,308
3626,3202475,309
3629,3475758,310
3645,1832010,311
3648,9075737,312
3654,88516,313
3658,25839063,314
3664,2014292,315
3672,15416676,316
3675,637690,317
3706,53645,318
3727,2729452,319
3762,7538041,320
3768,1629767,321
3771,12457493,322
3772,11201340,323
3773,29186,324
3781,2909310,325
3791,3386497,326
3800,2599578,327
3827,25391,328
3832,3216086,329
3839,12445576,330
3842,580566,331
3845,2314261,332
3864,18988802,333
3880,2120717,334
3894,16461,335
3904,6467200,336
3912,8163500,337
3926,916043,338
3959,1875356,339
3965,14570767,340
3982,25759380,341
3984,542396,342
3987,4476253,343
3991,17625195,344
4004,5887366,345
4015,2685713,346
4043,10338814,347
4045,1935160,348
4089,6637125,349
4107,5164879,350
4111,4368171,351
4118,6527203,352
4119,4287299,353
4138,8101322,354
4150,2886414,355
4191,4203544,356
4193,6712070,357
4220,1727238,358
4225,5066900,359
4232,11164933,360
4237,2751082,361
4241,6971018,362
4291,2804102,363
4310,4393,364
4330,11379731,365
4340,13757631,366
4364,736167,367
4424,1504822,368
4426,871436,369
4435,5152306,370
4447,811778,371
4451,6747936,372
4473,847803,373
4487,2902101,374
4496,6989103,375
4514,5527638,376
4515,7970688,377
4517,3185392,378
4636,8760897,379
4653,200894,380
4660,296872,381
4673,3639607,382
4679,1946704,383
4714,450975,384
4727,5347996,385
4732,12272965,386
4738,27244969,387
4741,206099,388
4762,6844427,389
4810,4998216,390
4829,6516522,391
4836,8443829,392
4859,7072388,393
4894,12839921,394
4900,2561450,395
4916,757517,396
4919,29622820,397
4927,11448367,398
4933,8305997,399
4941,12377770,400
4954,1653626,401
4959,4384780,402
4973,19082,403
4983,106358,404
4997,2292315,405
5031,65657,406
5043,1260893,407
5046,147785,408
5081,581614,409
5084,3575683,410
5142,3842505,411
5144,2896895,412
5159,11645557,413
5173,601724,414
5187,6858255,415
5188,4748924,416
5218,2516402,417
5245,3489643,418
5249,4701952,419
5251,1846804,420
5258,1820314,421
5276,3145233,422
5338,91856,423
5342,6755932,424
5360,4135048,425
5408,4780914,426
5418,12069125,427
5481,4258803,428
5510,1398678,429
5580,6484416,430
5581,396145,431
5594,4581996,432
5595,5662119,433
5605,5650077,434
5615,3268671,435
5639,526250,436
5658,5012036,437
5671,243316,438
5679,490252,439
5702,202028,440
5703,729513,441
5733,9765191,442
5770,1489956,443
5776,3547514,444
5788,166347,445
5802,900884,446
5808,11748016,447
5811,5623022,448
5829,2871362,449
5852,74503,450
5897,5985453,451
5898,4497028,452
5924,2749095,453
5956,1141558,454
5963,5959970,455
5966,3853547,456
6037,9051863,457
6051,4568547,458
6064,1806301,459
6070,9869816,460
6075,128,461
6077,18030288,462
6156,10603750,463
6190,7912987,464
6217,3793993,465
6244,5735262,466
6250,3658153,467
6256,760177,468
6272,4990012,469
6280,8653054,470
6307,3202737,471
6324,15254085,472
6358,6812115,473
6362,6063314,474
6376,1563748,475
6394,27932498,476
6420,1926159,477
6421,1893287,478
6430,3075660,479
6431,11250956,480
6468,2018955,481
6469,12915503,482
6483,5211920,483
6491,587887,484
6506,9371994,485
6532,17400522,486
6550,5558837,487
6556,367306,488
6599,5203172,489
6622,3525592,490
6663,2107408,491
6668,46303,492
6689,5885442,493
6722,5004428,494
6795,736005,495
6818,5882585,496
6852,1071628,497
6854,10579567,498
6862,156780,499
6890,997916,500
6978,5570607,501
7002,1376047,502
7016,28605413,503
7036,5320,504
7078,45257,505
7092,2280890,506
7103,10974345,507
7174,11178855,508
7177,2832039,509
7179,1313455,510
7212,967412,511
7216,4564243,512
7239,1161957,513
7271,4648907,514
7285,6340757,515
7287,2341033,516
7288,833047,517
7292,34009,518
7302,4876513,519
7339,3777714,520
7359,1360123,521
7372,982012,522
7390,9434866,523
7425,4261156,524
7449,3374173,525
7471,5261559,526
7477,4791011,527
7530,13113543,528
7541,84958,529
7562,1819076,530
7598,5346974,531
7604,1411223,532
7623,7657275,533
7679,325693,534
7724,2795165,535
7725,4985051,536
7730,5390986,537
7739,7383777,538
7746,3961734,539
7751,513695,540
7831,3707761,541
7850,16993107,542
7859,1842583,543
7865,3087043,544
7868,2507238,545
7917,12208746,546
7945,4534460,547
7975,10749421,548
7983,2644531,549
7986,5800120,550
8011,1843411,551
8017,1340424,552
8032,10715087,553
8044,309146,554
8074,1292636,555
8083,5517875,556
8114,12325246,557
8116,391240,558
8134,10326307,559
8139,2895911,560
8154,1,561
8167,740076,562
8171,663828,563
8198,32920594,564
8231,47364,565
8277,2890583,566
8283,681752,567
8285,26892836,568
8286,3380158,569
8313,30785218,570
8349,2420931,571
8390,4579158,572
8402,5518350,573
8403,807765,574
8416,3949916,575
8433,2799051,576
8456,6403960,577
8461,14226879,578
8486,22209873,579
8493,2350871,580
8503,887117,581
8523,2703978,582
8534,2965970,583
8607,5570085,584
8659,3533875,585
8714,96622,586
8720,4973336,587
8766,4146380,588
8773,18318459,589
8774,5200574,590
8791,3667493,591
8816,26107898,592
8847,3340646,593
8911,13058730,594
8920,16660,595
8945,436084,596
8968,3077038,597
8983,3240285,598
8997,2091450,599
9022,33565836,600
9070,5398302,601
9109,731680,602
9176,8096625,603
9197,12514614,604
9201,37363195,605
9208,6905,606
9233,2893864,607
9238,5909486,608
9298,7689067,609
9342,17858667,610
9347,1051206,611
9372,672,612
9410,248971,613
9417,12415210,614
9427,468575,615
9442,2907905,616
9450,63329,617
9473,1098667,618
9502,907701,619
9521,17700959,620
9527,25592491,621
9585,3615007,622
9620,2099112,623
9652,7813124,624
9657,3018551,625
9686,1041705,626
9693,31898,627
9718,916699,628
9724,16063,629
9733,2070533,630
9734,4998524,631
9748,24127059,632
9764,33723106,633
9809,620971,634
9853,3274818,635
9880,5593303,636
9892,13939577,637
9904,5135458,638
9908,284525,639
9942,11263732,640
9971,1245708,641
9985,24075509,642
10067,434608,643
10070,19582700,644
10092,902689,645
10102,3700216,646
10108,1132479,647
10113,2747706,648
10118,816101,649
10126,1060853,650
10130,5056128,651
10148,8448877,652
10168,3654934,653
10174,1139150,654
10276,8487861,655
10286,10420731,656
10364,12087005,657
10473,6688492,658
10476,5772750,659
10481,2363033,660
10487,462209,661
10492,5830084,662
10506,148720,663
10519,4391534,664
10550,7794025,665
10569,18044454,666
10592,9079596,667
10629,194392,668
10704,13514,669
10723,6479701,670
10741,9662428,671
10797,34384991,672
10803,1134670,673
10816,688532,674
10822,75553,675
10832,1884761,676
10835,963248,677
10848,5373373,678
10908,4136993,679
10998,9070545,680
11010,2019322,681
11019,4547735,682
11070,8435364,683
11116,1009133,684
11123,110969,685
11143,4751730,686
11145,615,687
11180,14295391,688
11252,2695411,689
11334,1565146,690
11357,28952605,691
11372,11215519,692
11379,766495,693
11381,664471,694
11398,6858167,695
11399,12468105,696
11434,3942273,697
11459,3522817,698
11460,445782,699
11499,2808365,700
11525,2880505,701
11565,995746,702
11580,3257,703
11585,2594110,704
11591,3288762,705
11613,5115210,706
11619,870863,707
11702,467313,708
11720,6735979,709
11723,6274839,710
11764,5828092,711
11799,62197,712
11813,8554266,713
11999,87082,714
12003,11266275,715
12009,376939,716
12033,2382596,717
12047,4284315,718
12050,1857993,719
12065,54773,720
12070,9357280,721
12096,5918529,722
12101,1040564,723
12102,16455,724
12112,447346,725
12142,13905933,726
12162,2069575,727
12166,6858529,728
12188,17794218,729
12196,5970175,730
12217,819053,731
12303,9468630,732
12356,202265,733
12369,66868,734
12395,7905162,735
12414,2940254,736
12419,119057,737
12429,654391,738
12512,1071823,739
12536,268593,740
12559,1340482,741
12588,663807,742
12664,11178264,743
12682,2172271,744
12732,5241824,745
12801,4572964,746
12808,8406539,747
12826,2867146,748
12876,23707475,749
12881,4483132,750
12912,1316279,751
12943,740746,752
12980,3204693,753
12990,671674,754
13013,8713705,755
13024,433260,756
13025,2560571,757
13089,7204395,758
13104,7944133,759
13106,7690560,760
13122,14602461,761
13150,1992054,762
13155,5622515,763
13179,1207488,764
13180,18455,765
13211,8401472,766
13300,4165293,767
13303,7417126,768
13344,875285,769
13387,6656598,770
13451,69617,771
13452,4192630,772
13513,1040164,773
13520,27411391,774
13524,6866859,775
13532,3284241,776
13545,5199277,777
13574,11132091,778
13580,1784377,779
13581,3489688,780
13585,8740309,781
13648,3479835,782
13656,559359,783
13710,3954703,784
13715,3683417,785
13721,23938743,786
13723,21173,787
13733,10890800,788
13736,1074109,789
13773,5676094,790
13774,112765,791
13822,5214603,792
13861,4842821,793
13874,737268,794
13876,6505892,795
13892,1098340,796
13950,363444,797
13975,23460946,798
13983,5936965,799
14012,962192,800
14034,5228431,801
14041,16965073,802
14084,350078,803
14104,7980733,804
14121,5334421,805
14148,72568,806
14150,10616234,807
14174,48715,808
14246,5145558,809
14272,4389750,810
14295,4355113,811
14326,8706995,812
14462,1423789,813
14476,9486038,814
14478,353188,815
14486,4391711,816
14499,367398,817
14605,4389737,818
14615,4434488,819
14654,9258764,820
14662,198290,821
14669,4262513,822
14700,12792906,823
14733,3023433,824
14755,287480,825
14790,20429073,826
14817,2027928,827
14832,12246614,828
14882,11330633,829
14912,3062533,830
14930,44072,831
14942,8498911,832
14954,2613067,833
14955,6373306,834
14980,5764670,835
15019,34359387,836
15026,3200571,837
15062,6784265,838
15066,2281948,839
15098,13011480,840
15106,13126424,841
15132,15757893,842
15145,1723232,843
15216,1594832,844
15245,5204292,845
15265,980463,846
15339,3929895,847
15421,456018,848
15476,28088018,849
15503,3689513,850
15554,856685,851
15594,4614790,852
15694,281928,853
15733,4592766,854
15759,356576,855
15789,768013,856
15808,4825576,857
15811,17910588,858
15842,7016725,859
15879,8594566,860
15918,3275142,861
15922,23715,862
15941,451490,863
15960,2490858,864
16010,532344,865
16016,35624316,866
16030,3788796,867
16056,1353322,868
16078,8940223,869
16079,2026024,870
16106,4761845,871
16128,9461062,872
16154,7076123,873
16175,75073,874
16202,361424,875
16206,2190708,876
16233,3560218,877
16347,4117561,878
16356,4461978,879
16360,3834412,880
16364,3575204,881
16375,780347,882
16382,4808518,883
16396,12794016,884
16465,17146421,885
16473,9359415,886
16512,8265635,887
16574,24192593,888
16587,10588940,889
16600,21175194,890
16601,9640594,891
16612,6986873,892
16640,940388,893
16704,3361299,894
16714,9812771,895
16733,901555,896
16769,8900246,897
16774,2868041,898
16799,60004,899
16989,4663905,900
17008,15620108,901
17022,4019315,902
17027,4706782,903
17055,1439641,904
17136,6394870,905
17202,11537940,906
17224,2886286,907
17244,986311,908
17247,4888050,909
17268,4372766,910
17294,619552,911
17385,5194716,912
17387,12041,913
17392,4803384,914
17393,4684278,915
17462,3342395,916
17486,130490,917
17554,320021,918
17565,10933208,919
17575,6072890,920
17613,9755476,921
17615,2090557,922
17616,17797762,923
17781,23069974,924
17835,11392012,925
17862,312153,926
17872,23623,927
17900,14211341,928
17902,10080178,929
17985,2078849,930
18016,1031612,931
18023,1941292,932
18059,429372,933
18067,1140605,934
18213,902515,935
18242,1170978,936
18284,815202,937
18289,504640,938
18318,32984674,939
18325,4857546,940
18363,8525586,941
18389,8678293,942
18409,1078931,943
18419,19014774,944
18456,9463940,945
18527,233629,946
18528,8799110,947
18563,3287311,948
18610,7921322,949
18611,5154906,950
18708,34831,951
18710,1765469,952
18711,3278875,953
18720,142023,954
18759,1747493,955
18778,1885092,956
18805,2444481,957
18830,1033481,958
18850,2042942,959
18856,3601214,960
18860,2069879,961
18861,10649989,962
18868,23084096,963
18878,7122401,964
19001,2302425,965
19080,23784,966
19093,467470,967
19102,9217582,968
19215,1266837,969
19221,7233602,970
19250,13455791,971
19314,66082,972
19337,39643043,973
19368,94400,974
19425,24360019,975
19447,56918,976
19451,1912118,977
19483,81536,978
19527,1632171,979
19548,6804839,980
19602,1862740,981
19614,10389169,982
19617,6973085,983
19701,173857,984
19715,7591456,985
19774,2761181,986
19790,5975220,987
19842,21125966,988
19847,1152653,989
19973,150052,990
20002,1282626,991
20010,1027325,992
20025,1218020,993
20037,15933158,994
20089,1436913,995
20112,9698723,996
20117,7044786,997
20119,111737,998
20133,4383375,999
20162,6072660,1000
20213,328425,1001
20216,7075949,1002
20302,1057225,1003
20440,2627073,1004
20482,3445965,1005
20483,3341674,1006
20496,4496464,1007
20617,460512,1008
20668,4660552,1009
20683,6426987,1010
20688,8307145,1011
20704,13393016,1012
20755,4551429,1013
20788,11476676,1014
20869,3908336,1015
20903,5527768,1016
20962,2523818,1017
20987,7246664,1018
21025,6442445,1019
21042,7239949,1020
21046,2237225,1021
21236,3201709,1022
21290,1252090,1023
21316,3029631,1024
21318,1431465,1025
21340,2613374,1026
21376,19603115,1027
21379,9834084,1028
21399,5009548,1029
21416,353230,1030
21428,3643000,1031
21638,14101306,1032
21670,9466516,1033
21756,4550734,1034
21828,2179167,1035
21983,128298,1036
21984,17886381,1037
22022,4608137,1038
22051,27001622,1039
22082,18225505,1040
22118,3249247,1041
22173,5898488,1042
22229,36936289,1043
22232,2143781,1044
22250,253139,1045
22272,5843656,1046
22302,1900634,1047
22336,1512492,1048
22355,8683933,1049
22396,1555,1050
22448,4692729,1051
22455,2121115,1052
22511,1721713,1053
22524,10302580,1054
22560,25853049,1055
22562,36332,1056
22586,1003220,1057
22658,2187812,1058
22661,2285748,1059
22666,29140938,1060
22677,29717979,1061
22711,8398878,1062
22759,864538,1063
22774,18186,1064
22786,227766,1065
22878,13849480,1066
23010,20424054,1067
23036,144887,1068
23052,7189491,1069
23062,1289540,1070
23077,6503941,1071
23135,26126,1072
23193,16886,1073
23221,3831281,1074
23228,502134,1075
23245,450381,1076
23274,59406,1077
23278,7534363,1078
23294,1744873,1079
23330,3795093,1080
23459,27252511,1081
23466,298364,1082
23480,1836746,1083
23481,7570110,1084
23505,1121557,1085
23513,5292784,1086
23626,5513556,1087
23634,6137696,1088
23673,991963,1089
23676,245926,1090
23702,82168,1091
23704,4831798,1092
23765,10032618,1093
23812,6142147,1094
24019,461098,1095
24035,14295332,1096
24084,47122,1097
24139,28924452,1098
24144,1058532,1099
24186,18419969,1100
24272,671530,1101
24341,1713744,1102
24343,347753,1103
24392,3972083,1104
24439,9105293,1105
24461,2469488,1106
24481,2707819,1107
24535,7981930,1108
24538,32224283,1109
24562,5282140,1110
24585,50113,1111
24596,8366238,1112
24712,3489583,1113
24746,479842,1114
24782,3388126,1115
24789,6912417,1116
24807,13148080,1117
24843,21915,1118
24848,3876326,1119
24865,9808599,1120
24875,1223168,1121
24911,3673345,1122
24928,15154496,1123
24929,1587700,1124
24970,283525,1125
25016,5909739,1126
25041,29149965,1127
25052,4336668,1128
25103,4056297,1129
25108,9182291,1130
25113,5379978,1131
25114,2884781,1132
25137,3584800,1133
25154,39465,1134
25177,10690753,1135
25208,3916964,1136
25213,1135447,1137
25234,13272173,1138
25297,8573039,1139
25326,3603835,1140
25330,76057,1141
25352,2007468,1142
25357,219772,1143
25420,70539,1144
25424,3488771,1145
25524,5108460,1146
25635,633814,1147
25721,238374,1148
25742,5228667,1149
25760,5422027,1150
25823,9038675,1151
25941,1125825,1152
25991,12469287,1153
25999,2567477,1154
26016,986628,1155
26032,5459505,1156
26051,4167580,1157
26071,1588788,1158
26097,1970180,1159
26127,4994726,1160
26146,9684245,1161
26349,3865791,1162
26357,2541988,1163
26364,1517878,1164
26367,2159552,1165
26424,7914136,1166
26509,6189888,1167
26511,838836,1168
26533,184797,1169
26536,5348995,1170
26557,4727436,1171
26567,1123704,1172
26594,2953803,1173
26657,3705968,1174
26681,3629705,1175
26696,2285020,1176
26710,366387,1177
26729,18137082,1178
26797,17586384,1179
26835,6332849,1180
26879,3991007,1181
26929,2258514,1182
26937,3371086,1183
27021,7602936,1184
27030,4512826,1185
27043,14621978,1186
27057,2877019,1187
27065,1960293,1188
27091,3344730,1189
27194,5670980,1190
27200,23966555,1191
27242,2043210,1192
27349,1448645,1193
27394,10909,1194
27396,618436,1195
27413,8897863,1196
27426,3566428,1197
27439,4552456,1198
27441,9483260,1199
27454,20014017,1200
27546,12838,1201
27582,11514135,1202
27667,730474,1203
27691,662089,1204
27698,356403,1205
27801,621501,1206
27879,402066,1207
27926,72090,1208
27928,6817063,1209
27968,43267,1210
27972,16884,1211
28010,4635399,1212
28074,11729572,1213
28100,78636,1214
28134,1350096,1215
28137,12627022,1216
28140,5280875,1217
28197,2125284,1218
28207,4383615,1219
28227,8907538,1220
28234,18933671,1221
28287,10500616,1222
28321,28981374,1223
28340,1263879,1224
28373,1257637,1225
28493,12830410,1226
28526,8435066,1227
28529,9645610,1228
28534,1089767,1229
28677,3785418,1230
28698,3943714,1231
28703,2500401,1232
28708,19341821,1233
28763,4505670,1234
28776,8643911,1235
28805,4337324,1236
28968,7927145,1237
28978,2749855,1238
28994,140475,1239
28997,388766,1240
29011,1580290,1241
29049,13688539,1242
29084,3457094,1243
29094,135660,1244
29095,638280,1245
29135,218122,1246
29166,7225867,1247
29219,1378219,1248
29261,5778704,1249
29273,5119715,1250
29357,50572,1251
29380,3894701,1252
29424,5237472,1253
29433,1239739,1254
29504,2828159,1255
29567,19907661,1256
29587,4019083,1257
29609,1406869,1258
29655,6398030,1259
29700,2024234,1260
29747,8989529,1261
29758,5556429,1262
29788,1218057,1263
29880,9045100,1264
29906,4928946,1265
29988,34404452,1266
29993,4344552,1267
30170,1854661,1268
30191,4768054,1269
30227,669888,1270
30261,20590,1271
30289,4712373,1272
30366,3372204,1273
30403,204298,1274
30404,240563,1275
30434,6740989,1276
30477,279228,1277
30478,1676052,1278
30553,6098500,1279
30568,5266199,1280
30585,17540894,1281
30592,2431683,1282
30602,2993028,1283
30741,1089862,1284
30774,9247488,1285
30788,96631,1286
30808,5833680,1287
30867,2683359,1288
30879,2057888,1289
30884,1791485,1290
30885,5022487,1291
30932,2138611,1292
30952,9173777,1293
31003,22753202,1294
31065,4381754,1295
31103,1389329,1296
31121,624505,1297
31172,469687,1298
31178,29681,1299
31257,12040145,1300
31264,361607,1301
31290,3828540,1302
31358,1590145,1303
31364,5191646,1304
31403,1785989,1305
31405,21448575,1306
31410,14099375,1307
31478,4271269,1308
31638,8945322,1309
31750,323244,1310
31757,296911,1311
31847,26013922,1312
31866,581137,1313
31889,57632,1314
31890,8989491,1315
31922,202533,1316
31952,914241,1317
31980,15943665,1318
32095,5357063,1319
32138,5089719,1320
32139,532051,1321
32162,1100604,1322
32192,5875710,1323
32239,436438,1324
32285,8562515,1325
32327,265941,1326
32335,14785312,1327
32343,10179099,1328
32374,9064866,1329
32475,314087,1330
32528,1387208,1331
32534,7749254,1332
32537,64885,1333
32577,5326553,1334
32578,3940828,1335
32592,2439639,1336
32596,1644382,1337
32597,13809131,1338
32628,18589584,1339
32665,10277184,1340
32687,26830938,1341
32852,4104149,1342
32859,10731088,1343
32868,2454372,1344
32888,9563990,1345
32920,10067270,1346
32942,6776989,1347
32980,5507025,1348
33023,1099365,1349
33113,22690663,1350
33121,4882011,1351
33229,1623516,1352
33278,183381,1353
33324,774785,1354
33379,3087033,1355
33440,9695187,1356
33448,22115,1357
33758,1252461,1358
33798,161911,1359
33821,48928,1360
33827,3966278,1361
33851,1454650,1362
33899,3062727,1363
33901,4401180,1364
33987,10281868,1365
34029,1348284,1366
34044,2149830,1367
34106,2226070,1368
34138,5048328,1369
34159,4894168,1370
34179,12451848,1371
34184,2271074,1372
34205,1274362,1373
34249,173384,1374
34334,1471444,1375
34352,6461,1376
34404,4161527,1377
34412,9118305,1378
34423,82585,1379
34428,2544405,1380
34436,2883880,1381
34451,8082917,1382
34471,7343,1383
34584,1487144,1384
34600,5563744,1385
34633,3164343,1386
34647,9516002,1387
34656,2707242,1388
34672,4534154,1389
34678,3382494,1390
34686,4681175,1391
34723,7616846,1392
34746,3929675,1393
34758,8768130,1394
34781,13323221,1395
34802,608456,1396
34808,229274,1397
34827,771624,1398
34857,52650,1399
34859,6483714,1400
34921,1072866,1401
34940,2248551,1402
34974,42655,1403
34987,2235349,1404
34991,22555276,1405
35032,4320765,1406
35053,5115389,1407
35148,654224,1408
35176,19019648,1409
35330,6672433,1410
35368,973909,1411
35515,2967481,1412
35517,3145174,1413
35592,149646,1414
35708,723257,1415
35717,7264267,1416
35786,5325238,1417
35804,4359671,1418
35903,2717384,1419
35924,20822384,1420
35968,2221035,1421
36008,15473802,1422
36013,11393058,1423
36035,1454845,1424
36060,2556410,1425
36102,1490142,1426
36125,236893,1427
36144,15005103,1428
36244,1638790,1429
36387,464093,1430
36396,10117997,1431
36422,11805481,1432
36432,16480553,1433
36453,1896054,1434
36460,2917771,1435
36477,7295926,1436
36499,1226036,1437
36503,1402579,1438
36541,19605313,1439
36663,577691,1440
36679,1074821,1441
36692,5191214,1442
36718,8671228,1443
36732,4997155,1444
36817,3697530,1445
36846,437337,1446
36864,434688,1447
36935,996095,1448
36937,794155,1449
36971,4139013,1450
36999,2075461,1451
37000,6025681,1452
37009,618711,1453
37044,5655928,1454
37084,4147645,1455
37336,2460150,1456
37411,4128819,1457
37424,356982,1458
37427,28016438,1459
37461,7687786,1460
37493,600542,1461
37527,7251303,1462
37546,6939156,1463
37554,9351086,1464
37567,6178670,1465
37576,1628793,1466
37616,11671222,1467
37696,174571,1468
37743,1306047,1469
37755,1454190,1470
37789,7273148,1471
37804,12925798,1472
37982,2700766,1473
38021,30727451,1474
38059,2879760,1475
38066,5914888,1476
38075,4743285,1477
38132,2159506,1478
38207,5534092,1479
38211,26572,1480
38242,1545354,1481
38322,3984146,1482
38357,757989,1483
38360,18574289,1484
38373,7904621,1485
38386,33444,1486
38437,3783873,1487
38457,10869636,1488
38467,14305170,1489
38880,17709,1490
38951,1695717,1491
38956,2306328,1492
38961,8409364,1493
39109,7952753,1494
39137,6400929,1495
39188,22618932,1496
39286,761552,1497
39337,2778194,1498
39385,3169842,1499
39439,1006750,1500
39477,24026936,1501
39582,361304,1502
39631,14618437,1503
39656,16072817,1504
39669,13383308,1505
39676,668,1506
39691,88476,1507
39693,5174582,1508
39734,34337031,1509
39810,4680384,1510
39893,22677701,1511
39921,2021403,1512
39937,862640,1513
40025,1040088,1514
40071,7426036,1515
40123,1078300,1516
40211,9719190,1517
40240,3622346,1518
40308,2325633,1519
40366,4476444,1520
40418,3192365,1521
40426,3175814,1522
40527,26339691,1523
40568,2782200,1524
40571,1024298,1525
40618,156766,1526
40655,18229055,1527
40676,15913900,1528
40737,3667569,1529
40744,2203009,1530
40750,2684646,1531
40871,72206,1532
40903,23499778,1533
40923,1712693,1534
40977,67329,1535
41008,800136,1536
41085,177573,1537
41095,3799255,1538
41224,4602009,1539
41302,313892,1540
41312,14537603,1541
41365,674547,1542
41402,1388542,1543
41403,2388349,1544
41409,1058108,1545
41417,56600,1546
41547,17884715,1547
41573,73661,1548
41601,4658260,1549
41643,1713595,1550
41661,5975546,1551
41736,7954335,1552
41751,6267,1553
41771,66140,1554
41903,1617254,1555
41923,22368129,1556
41935,5498417,1557
41985,981646,1558
42126,1090325,1559
42171,5575642,1560
42187,2653540,1561
42236,2159678,1562
42405,396231,1563
42451,201120,1564
42476,1049847,1565
42550,14156047,1566
42557,1730495,1567
42572,7888494,1568
42592,2764531,1569
42659,557318,1570
42711,85223,1571
42774,4671971,1572
42780,9024076,1573
42847,5416972,1574
42871,3913334,1575
42879,13192663,1576
42899,46811,1577
42960,122845,1578
42970,7450144,1579
42983,614782,1580
43052,16893,1581
43078,300719,1582
43172,6019466,1583
43194,16056262,1584
43213,1274834,1585
43241,126233,1586
43253,3174485,1587
43263,98259,1588
43303,9517655,1589
43352,1290803,1590
43383,1683633,1591
43459,16182556,1592
43464,16333397,1593
43695,229269,1594
43800,4652543,1595
43812,2180861,1596
43825,10827050,1597
43842,212191,1598
43852,2056261,1599
43882,240714,1600
43984,27466393,1601
44012,514981,1602
44070,3994589,1603
44269,7979050,1604
44282,3361223,1605
44314,7619118,1606
44331,15511154,1607
44385,144423,1608
44480,13978333,1609
44520,1555552,1610
44521,16598418,1611
44552,10463575,1612
44568,3373738,1613
44659,177768,1614
44783,996208,1615
44938,2137745,1616
45031,2846044,1617
45075,4615665,1618
45112,1900148,1619
45159,111063,1620
45312,7821524,1621
45356,15069338,1622
45379,15395030,1623
45428,24110157,1624
45444,59414,1625
45458,11382874,1626
45485,2124137,1627
45507,9104569,1628
45529,3944457,1629
45547,1248174,1630
45566,5527847,1631
45586,15692598,1632
45664,5242497,1633
45687,1371922,1634
45693,5267289,1635
45696,229271,1636
45748,11416515,1637
45776,829760,1638
45825,191987,1639
45933,633236,1640
45960,315974,1641
46067,6485639,1642
46073,61705,1643
46108,1268351,1644
46118,477595,1645
46176,7737101,1646
46411,1682928,1647
46495,266442,1648
46543,3137216,1649
46556,4063173,1650
46613,240309,1651
46619,2659479,1652
46691,274103,1653
46692,13145969,1654
46734,28771240,1655
46758,2270549,1656
46774,238206,1657
46871,1464000,1658
46905,1117458,1659
46933,36160153,1660
47006,2830601,1661
47016,7401346,1662
47214,11121762,1663
47302,14855874,1664
47323,982876,1665
47329,904567,1666
47403,523560,1667
47472,15507513,1668
47488,815216,1669
47544,650584,1670
47577,327503,1671
47601,83142,1672
47795,884074,1673
47812,1698216,1674
47843,4883868,1675
47937,12850208,1676
47961,10224260,1677
48004,3720014,1678
48074,4626737,1679
48159,1030249,1680
48198,11289210,1681
48289,2338906,1682
48425,2938426,1683
48515,3871544,1684
48659,6411,1685
48796,2695627,1686
48857,18447116,1687
48863,8663684,1688
48917,11480186,1689
48918,8949586,1690
48932,26306,1691
48981,981489,1692
49000,398518,1693
49033,226670,1694
49105,2787835,1695
49117,18355276,1696
49137,4947602,1697
49178,29706,1698
49189,829149,1699
49234,2722345,1700
49284,10224808,1701
49298,3417318,1702
49421,110933,1703
49426,5808950,1704
49430,8613514,1705
49467,12325140,1706
49560,2248469,1707
49680,19835214,1708
49743,6056981,1709
49749,3883106,1710
49755,9034298,1711
49875,4600640,1712
49945,3419044,1713
50033,1597562,1714
50308,3069724,1715
50335,6468357,1716
50351,4761223,1717
50543,20826048,1718
50618,6388959,1719
50756,5134059,1720
50822,149331,1721
50833,24335,1722
50924,613088,1723
50928,4492847,1724
50967,1014789,1725
51010,2947775,1726
51036,12649930,1727
51061,1211940,1728
51083,880554,1729
51134,5227480,1730
51258,708006,1731
51346,2336219,1732
51372,4300841,1733
51398,14234751,1734
51641,305717,1735
51662,1625939,1736
51867,3614028,1737
51869,3174667,1738
51961,56388,1739
51972,4567912,1740
51981,16638920,1741
52011,9825454,1742
52040,2903350,1743
52063,694160,1744
52087,1265386,1745
52222,7424808,1746
52337,988,1747
52377,2393805,1748
52383,291379,1749
52389,1184888,1750
52476,5909650,1751
52684,815213,1752
52850,300849,1753
52877,2130155,1754
52881,19993111,1755
52955,6730675,1756
53013,2499429,1757
53171,1907802,1758
53172,56858,1759
53179,675637,1760
53298,6371353,1761
53349,25027196,1762
53501,5658738,1763
53512,672697,1764
53519,6461714,1765
53530,13061,1766
53545,1441181,1767
53658,19292605,1768
53781,3702421,1769
53792,246152,1770
53852,1853515,1771
54016,2699567,1772
54097,18346425,1773
54117,156642,1774
54297,2453004,1775
54328,500150,1776
54416,449048,1777
54456,3272927,1778
54489,19688490,1779
54667,6967568,1780
54743,5721425,1781
54760,698617,1782
54795,30766845,1783
54896,1731596,1784
54915,458588,1785
54937,12680417,1786
54999,964999,1787
55084,2756598,1788
55112,3953609,1789
55115,1888893,1790
55122,2182252,1791
55133,893605,1792
55207,19848029,1793
55212,1333130,1794
55308,25953314,1795
55310,2649222,1796
55528,14807499,1797
55564,28718547,1798
55677,4789865,1799
55969,8343423,1800
56020,7821230,1801
56031,4751846,1802
56078,678148,1803
56098,3743986,1804
56204,15619434,1805
56255,510734,1806
56302,7659407,1807
56312,10212429,1808
56356,7676635,1809
56357,999961,1810
56363,2109701,1811
56449,70491,1812
56451,949675,1813
56501,5621111,1814
56551,2975145,1815
56626,11200327,1816
56703,1483136,1817
56802,29371590,1818
56829,26289082,1819
56908,2300296,1820
57006,4912187,1821
57054,5670564,1822
57122,806008,1823
57161,421196,1824
57238,1453175,1825
57291,11223,1826
57403,279362,1827
57638,203655,1828
57651,2677279,1829
57660,1012748,1830
57698,4140302,1831
57707,5038162,1832
57731,1897088,1833
57741,5951414,1834
57795,6810986,1835
57804,783068,1836
58007,581692,1837
58010,13160317,1838
58061,9118449,1839
58098,2798176,1840
58116,2341731,1841
58209,23767,1842
58254,157785,1843
58260,5541554,1844
58343,551079,1845
58387,114089,1846
58420,343743,1847
58489,3030999,1848
58495,9446152,1849
58526,640619,1850
58580,10383255,1851
58626,5420072,1852
58710,721601,1853
58769,1101250,1854
58773,1887270,1855
58776,6595211,1856
58778,998208,1857
58802,6356306,1858
58816,2998127,1859
58837,676034,1860
58920,4270932,1861
58921,3771084,1862
58944,3010791,1863
59081,32190,1864
59124,2226987,1865
59150,34609,1866
59190,47051,1867
59244,1833094,1868
59420,3850873,1869
59470,3023133,1870
59478,4171042,1871
59576,947663,1872
59610,81443,1873
59623,1185297,1874
59759,18828580,1875
59788,32285,1876
59798,18572822,1877
59840,11656343,1878
60101,2479197,1879
60137,3622990,1880
60149,2406582,1881
60191,2755818,1882
60237,7670994,1883
60476,1279027,1884
60482,4097878,1885
60504,4500359,1886
60543,2057904,1887
60587,1874876,1888
60711,1032022,1889
60721,15773351,1890
60747,3929528,1891
60762,28048718,1892
60766,3434317,1893
60790,173307,1894
60851,2626390,1895
61005,4615239,1896
61074,2477214,1897
61141,6855443,1898
61269,1220081,1899
61345,374427,1900
61458,4515036,1901
61464,4219991,1902
61470,11469325,1903
61476,25620008,1904
61513,10368,1905
61541,909735,1906
61668,5026087,1907
61738,5370570,1908
61747,12901533,1909
62048,657343,1910
62106,14387,1911
62111,6819553,1912
62128,2063426,1913
62140,8074080,1914
62166,18995603,1915
62168,12177751,1916
62185,1717516,1917
62220,2094029,1918
62257,12184521,1919
62324,23641744,1920
62388,70076,1921
62486,111173,1922
62574,50712,1923
62690,58188,1924
62705,5598943,1925
62717,8401118,1926
62791,1468016,1927
62937,1234417,1928
62977,2307010,1929
62979,3944807,1930
63095,8425052,1931
63136,1979059,1932
63165,871053,1933
63191,2715405,1934
63314,16890,1935
63326,3763316,1936
63361,1138656,1937
63700,2927332,1938
63740,10424708,1939
63876,2802745,1940
63883,1056245,1941
64022,14006136,1942
64065,7169810,1943
64089,6767236,1944
64099,25179794,1945
64163,9710697,1946
64181,3059220,1947
64347,5512323,1948
64382,321991,1949
64384,7093779,1950
64488,635785,1951
64517,6501510,1952
64522,6101344,1953
64772,208613,1954
64899,8395257,1955
64941,3876535,1956
64947,499344,1957
65072,4411455,1958
65080,364757,1959
65094,21764283,1960
65141,8611423,1961
65167,36536,1962
65260,6560650,1963
65458,1561292,1964
65496,74787,1965
65503,1238,1966
65524,1020043,1967
65555,27876603,1968
65572,364344,1969
65658,14307761,1970
65752,7820856,1971
65756,49843,1972
65816,686782,1973
65871,961912,1974
65879,5093500,1975
66015,85049,1976
66094,5432626,1977
66096,1134643,1978
66240,22684671,1979
66429,5621046,1980
66499,15225615,1981
66587,306201,1982
66643,2216002,1983
66651,1880760,1984
66669,3865264,1985
66682,27401,1986
66689,3881190,1987
66719,7030176,1988
66721,1617715,1989
66845,524541,1990
66858,1068641,1991
66884,11914148,1992
66929,8501790,1993
66964,1187456,1994
67024,279246,1995
67210,955403,1996
67226,17709484,1997
67262,2057765,1998
67282,4380883,1999
67348,1673859,2000
67352,24488475,2001
67477,17438667,2002
67509,968918,2003
67561,2544139,2004
67572,2388571,2005
67677,32588,2006
67698,279964,2007
67837,1579130,2008
67883,4350709,2009
68010,944806,2010
68051,632867,2011
68080,1717100,2012
68115,1231148,2013
68152,5478671,2014
68182,1110847,2015
68225,5219238,2016
68352,23759547,2017
68383,11934769,2018
68417,5777093,2019
68450,27401157,2020
68453,151250,2021
68470,8274506,2022
68501,23278805,2023
68515,26609931,2024
68541,27514248,2025
68603,7291009,2026
68672,156364,2027
68673,695675,2028
68751,3358846,2029
68811,273422,2030
68883,10253120,2031
69013,35385343,2032
69050,1740529,2033
69174,64308,2034
69245,4062538,2035
69325,690168,2036
69341,4670860,2037
69366,3348709,2038
69650,97284,2039
69798,1356805,2040
69850,5659795,2041
69897,2024176,2042
70052,92276,2043
70096,4941466,2044
70178,2748270,2045
70199,20404927,2046
70259,564140,2047
70264,15211531,2048
70309,11598623,2049
70593,5085230,2050
70635,19327638,2051
70777,2796536,2052
70868,6590428,2053
70941,4796704,2054
70993,4587078,2055
71138,3960140,2056
71143,891586,2057
71257,11165692,2058
71338,71276,2059
71439,231152,2060
71485,5343693,2061
71522,13379651,2062
71525,40050594,2063
71633,4425333,2064
71636,1083311,2065
71642,12907974,2066
71654,2288852,2067
71711,4344078,2068
71764,6146475,2069
71798,3517782,2070
71802,2456201,2071
71837,21416745,2072
71843,3395953,2073
71906,30852502,2074
71923,7577049,2075
71996,13697634,2076
72195,2640332,2077
72208,6958514,2078
72384,8295603,2079
72386,25857311,2080
72408,10012403,2081
72417,1347279,2082
72418,195390,2083
72452,15791627,2084
72495,37970,2085
72546,5066122,2086
72706,1796526,2087
72799,4226345,2088
73146,13619896,2089
73161,1059054,2090
73266,400765,2091
73277,1672817,2092
73303,18873363,2093
73337,1423025,2094
73406,31502199,2095
73454,11093014,2096
73537,5022049,2097
73574,3744932,2098
73583,2572293,2099
73664,2160621,2100
73671,9488993,2101
73689,13321086,2102
73825,42975,2103
73902,12531560,2104
73911,1681037,2105
74068,14849652,2106
74095,4207608,2107
74118,4430853,2108
74252,396,2109
74298,24065345,2110
74331,666059,2111
74390,9636556,2112
74401,5094113,2113
74618,2075260,2114
74870,1515038,2115
74878,550580,2116
75056,26777,2117
75059,8275026,2118
75219,451684,2119
75353,11961296,2120
75360,465447,2121
75372,4646043,2122
75394,33706278,2123
75410,426180,2124
75427,91997,2125
75435,5843774,2126
75556,6801173,2127
75674,452767,2128
75811,1227375,2129
75818,698503,2130
75862,12318558,2131
75899,5830168,2132
75962,1439823,2133
75993,8847680,2134
76019,1578763,2135
76099,3530949,2136
76164,20975698,2137
76296,3124877,2138
76303,7915066,2139
76425,15385025,2140
76478,3766304,2141
76518,14282442,2142
76656,634557,2143
76783,3430336,2144
76792,5076516,2145
76823,3240705,2146
76832,4199284,2147
76843,370236,2148
76876,6528836,2149
76905,24079,2150
76910,10106781,2151
76996,8485438,2152
77062,232132,2153
77147,703168,2154
77273,1075282,2155
77295,23187451,2156
77425,4433,2157
77483,1342014,2158
77504,11197153,2159
77709,4658031,2160
77800,6481714,2161
77830,10974008,2162
77888,9143755,2163
77965,3166209,2164
77968,2091451,2165
78060,733135,2166
78158,1098931,2167
78162,8752878,2168
78242,4190431,2169
78272,74186,2170
78343,8448499,2171
78439,4402949,2172
78462,5037507,2173
78553,452746,2174
78826,975893,2175
78897,1236675,2176
79049,1054031,2177
79160,2064721,2178
79245,3609386,2179
79292,5998749,2180
79362,2193941,2181
79386,4259663,2182
79478,2444232,2183
79525,1625835,2184
79683,4305367,2185
79703,2836431,2186
80006,16129488,2187
80085,2495221,2188
80246,852906,2189
80269,3003096,2190
80316,8360856,2191
80328,4718969,2192
80352,277390,2193
80406,5214083,2194
80856,3252858,2195
80867,4302020,2196
80933,9284978,2197
81469,142298,2198
81516,617428,2199
81665,4823792,2200
81706,4909712,2201
81744,2109376,2202
82200,10212284,2203
82233,2128170,2204
82376,1492720,2205
82397,14647976,2206
82469,4579988,2207
82512,4728214,2208
82519,12972944,2209
82579,15087362,2210
82707,881790,2211
82804,4652512,2212
82866,4638892,2213
82871,32960481,2214
82909,4042973,2215
82975,13209250,2216
83042,11167054,2217
83072,11953294,2218
83167,7614958,2219
83186,3032433,2220
83205,2431908,2221
83249,2876322,2222
83302,648927,2223
83439,4614991,2224
83514,8169119,2225
83516,2223041,2226
83558,11984364,2227
83610,7485202,2228
83675,17593,2229
83701,9592824,2230
83760,5783772,2231
84059,12878177,2232
84118,5031840,2233
84175,21248712,2234
84366,3949747,2235
84540,5039797,2236
84557,5208616,2237
84909,494614,2238
85055,3403233,2239
85111,14045458,2240
85157,10601861,2241
85315,1008907,2242
85336,11199083,2243
85376,3794456,2244
85400,2783864,2245
85756,526614,2246
85843,7051736,2247
85907,6580302,2248
85909,10104624,2249
85952,2213519,2250
86007,1234887,2251
86364,4170298,2252
86458,8521724,2253
86473,5378070,2254
86858,230250,2255
86954,84897,2256
87052,7032263,2257
87146,167880,2258
87158,4346,2259
87179,1223962,2260
87302,2307473,2261
87324,331763,2262
87341,2965928,2263
87347,9262372,2264
87379,5879690,2265
87612,10788697,2266
87685,1612161,2267
87710,9653887,2268
87776,13145229,2269
87871,7453457,2270
87909,11077947,2271
87916,7883415,2272
88081,22697749,2273
88131,5097498,2274
88148,4064688,2275
88180,1155882,2276
88232,1678354,2277
88415,308158,2278
88534,15542558,2279
88696,4565300,2280
88882,4398654,2281
88914,3736102,2282
89006,299283,2283
89019,548086,2284
89045,18397814,2285
89074,2759849,2286
89165,2207772,2287
89214,3751456,2288
89359,4019823,2289
89417,3263282,2290
89530,1725602,2291
89644,115354,2292
89649,2561670,2293
89659,3985855,2294
89710,1683437,2295
90038,25897,2296
90243,327496,2297
90315,5868007,2298
90414,9544622,2299
90554,333680,2300
90663,6457598,2301
90693,2040599,2302
90752,33396833,2303
90921,121188,2304
90999,390628,2305
91169,319,2306
91284,42813,2307
91337,439364,2308
91351,2277061,2309
91419,761396,2310
91454,972083,2311
91541,7275720,2312
91550,7728900,2313
91665,1630638,2314
91744,3105868,2315
91798,13982680,2316
91900,35242474,2317
91903,17253742,2318
91993,6054112,2319
92039,2497948,2320
92044,9415438,2321
92074,706017,2322
92128,2220533,2323
92140,5486984,2324
92207,8639115,2325
92279,26581,2326
92302,13278876,2327
92335,5668,2328
92459,3331734,2329
92493,6825672,2330
92599,1502854,2331
92710,103370,2332
92772,14299,2333
92800,14967347,2334
92824,4729241,2335
92909,6631858,2336
93027,5372551,2337
93188,5606230,2338
93213,3354914,2339
93231,2717568,2340
93464,2537570,2341
93508,8328970,2342
93528,21501747,2343
93544,6290011,2344
93565,13878015,2345
93577,266093,2346
93578,349907,2347
93625,830605,2348
93640,33053862,2349
93887,15204525,2350
93902,23461819,2351
94164,6526151,2352
94165,4405722,2353
94241,42901,2354
94291,2158820,2355
94302,163240,2356
94320,1702076,2357
94407,815422,2358
94490,126709,2359
94552,6523043,2360
94732,18547204,2361
94786,5529701,2362
94834,2329515,2363
94848,664146,2364
94920,5983711,2365
94989,444566,2366
95103,328332,2367
95212,23312834,2368
95226,6964519,2369
95464,14530497,2370
95498,12911949,2371
95672,4672614,2372
95855,1457828,2373
96028,3032846,2374
96106,21467089,2375
96128,2194306,2376
96178,13670310,2377
96181,4994131,2378
96233,15986989,2379
96328,3360704,2380
96373,542113,2381
96375,2219444,2382
96430,15477299,2383
96556,5673453,2384
96571,5736413,2385
96655,7649219,2386
96762,3072638,2387
96793,21146317,2388
96893,836856,2389
96919,4211187,2390
96998,56976,2391
97129,5307192,2392
97214,2743372,2393
97589,7822127,2394
97681,9812560,2395
97687,3520714,2396
97709,13793986,2397
97957,1762678,2398
97970,3118549,2399
97975,274590,2400
97990,1612071,2401
98066,3882808,2402
98148,2083235,2403
98213,9008,2404
98233,2524607,2405
98314,1170773,2406
98555,4867978,2407
98654,1307466,2408
98872,7277899,2409
98930,5131551,2410
98998,17734928,2411
99238,3735259,2412
99315,2138033,2413
99436,4475,2414
99513,3381786,2415
99668,3866396,2416
99934,59434,2417
99950,331503,2418
100088,1402357,2419
100250,1847124,2420
100311,8587904,2421
100369,12422358,2422
100580,1375661,2423
100749,386090,2424
101041,1239981,2425
101185,700413,2426
101229,22470622,2427
101419,5308322,2428
101469,2522076,2429
101522,44,2430
101576,4609367,2431
101632,1125533,2432
101664,14961558,2433
101684,4941124,2434
101856,23698105,2435
101922,8125445,2436
101927,528879,2437
101979,18928,2438
101989,10665875,2439
102305,225220,2440
102407,3874356,2441
102458,3904872,2442
102539,1475241,2443
102738,7989976,2444
102767,8612013,2445
102821,2501568,2446
102900,10230330,2447
102908,12485384,2448
103296,5286387,2449
103320,1352691,2450
103415,5988079,2451
103429,1340584,2452
103437,1587490,2453
103458,5508785,2454
103627,7216922,2455
103861,85379,2456
103870,688818,2457
103975,4888426,2458
104046,3168199,2459
104048,3017882,2460
104132,1031607,2461
104376,186785,2462
104581,18259237,2463
104586,8718233,2464
104799,7959942,2465
104835,5188932,2466
104837,5458271,2467
104890,5149773,2468
105004,12469154,2469
105177,20802453,2470
105239,4795333,2471
105245,12689256,2472
105268,250505,2473
105293,15115577,2474
105364,7790762,2475
105384,9617642,2476
105581,5243404,2477
105722,3295042,2478
105737,6025303,2479
105794,17186523,2480
105963,7971831,2481
106033,9180460,2482
106386,2877204,2483
106394,17492208,2484
106461,5184957,2485
106575,972907,2486
106585,337486,2487
106725,29324768,2488
106810,6349959,2489
106884,2524669,2490
106942,7749179,2491
106952,12670327,2492
106953,2020323,2493
107030,10887236,2494
107057,6445832,2495
107063,4449,2496
107108,9989144,2497
107115,2973643,2498
107216,4275826,2499
107274,81528,2500
107278,1190191,2501
107503,18183756,2502
107537,56248,2503
107550,12429,2504
107605,281440,2505
107623,7503819,2506
107676,7084217,2507
107952,761493,2508
108191,4977754,2509
108326,833104,2510
108569,3253226,2511
108839,88632,2512
108863,1998280,2513
108952,2007922,2514
109024,1027611,2515
109096,8094194,2516
109231,144936,2517
109251,11007790,2518
109323,2559710,2519
109353,544829,2520
109464,8382051,2521
109496,19224053,2522
109564,2092940,2523
109681,600765,2524
109728,758451,2525
109735,5493800,2526
109816,7150869,2527
109910,5938099,2528
110131,809099,2529
110387,10381423,2530
110716,7822917,2531
110939,7232227,2532
110985,5226037,2533
111010,2439489,2534
111234,6549044,2535
111293,1593251,2536
111322,3602189,2537
111352,1284143,2538
111368,73065,2539
111415,4047157,2540
111531,7589232,2541
111590,2419597,2542
111719,14349131,2543
111773,371907,2544
111880,122918,2545
111893,6906013,2546
111902,2304620,2547
111976,5576931,2548
111983,37180,2549
112116,3913974,2550
112382,4886436,2551
112420,8964,2552
112458,5410882,2553
112534,3597138,2554
112705,4629866,2555
112714,3648364,2556
112781,5580996,2557
112872,17089,2558
113005,581883,2559
113034,8322160,2560
113367,571940,2561
113784,39586689,2562
114054,3258024,2563
114115,27682,2564
114275,7517101,2565
114310,25991,2566
114646,2885878,2567
114649,7043564,2568
114989,6920613,2569
115015,11515827,2570
115196,1906806,2571
115326,3843846,2572
115562,4632583,2573
115616,89358,2574
115756,9922626,2575
115799,551913,2576
115839,1340664,2577
116118,7133956,2578
116136,100529,2579
116427,5193125,2580
116852,3142950,2581
116945,8850167,2582
116952,7330467,2583
116990,4390807,2584
117007,4177462,2585
117017,14747347,2586
117025,1523781,2587
117160,865672,2588
117540,12759633,2589
117670,3185123,2590
117771,4647508,2591
117781,732,2592
117856,35756,2593
117891,8742,2594
117991,2240694,2595
118002,21431139,2596
118164,22457842,2597
118272,9284839,2598
118325,13917696,2599
118363,4551456,2600
118377,3962905,2601
118558,228249,2602
118741,2499111,2603
118838,8042714,2604
118881,545403,2605
118882,764725,2606
118900,1988660,2607
118964,6249079,2608
118973,822481,2609
119009,7811075,2610
119078,17684051,2611
119339,1574339,2612
119340,16892,2613
119367,5798568,2614
119477,6510558,2615
119499,554094,2616
119611,140492,2617
119660,7393971,2618
119841,1683625,2619
119920,8288769,2620
119946,29222817,2621
120275,3308704,2622
120291,6601116,2623
120380,726104,2624
120446,1885753,2625
120761,6531972,2626
120822,2001248,2627
120844,759069,2628
120887,275412,2629
121006,3489739,2630
121293,84227,2631
121330,33002836,2632
121388,3149354,2633
121391,3777940,2634
121395,10076874,2635
121437,10618953,2636
121705,4660003,2637
121890,5762279,2638
122349,7955709,2639
122505,8751621,2640
122531,16130,2641
122566,10912247,2642
122639,30975429,2643
122802,27665,2644
122887,8113843,2645
122921,522568,2646
122965,10619698,2647
122982,2883835,2648
123300,4476086,2649
123341,5198466,2650
123639,112141,2651
123729,1633941,2652
123903,2997471,2653
124017,5345543,2654
124358,9319602,2655
124364,5585029,2656
124792,5573120,2657
124895,4697805,2658
124896,1938445,2659
125119,3947163,2660
125371,790423,2661
125505,1525703,2662
125605,21482,2663
125606,2652367,2664
126051,13983783,2665
126195,5806758,2666
126203,2782800,2667
126338,2459804,2668
126656,8448076,2669
126661,838094,2670
126663,276796,2671
127138,389067,2672
127182,912779,2673
127372,1617533,2674
127382,10456001,2675
127458,16826444,2676
127470,25574119,2677
127589,9534394,2678
127912,7680880,2679
127922,1196568,2680
128024,4816011,2681
128256,557611,2682
128258,5181193,2683
128305,19567859,2684
128328,12413269,2685
128628,15462080,2686
128678,4420503,2687
128684,173476,2688
128718,2739114,2689
128797,67389,2690
128856,2760893,2691
129148,59567,2692
129220,923738,2693
129590,1973819,2694
129694,5749439,2695
129779,6494660,2696
129797,8507579,2697
130014,3456627,2698
130087,5552141,2699
130136,51883,2700
130313,5184305,2701
130628,956810,2702
130781,9573138,2703
130787,11753193,2704
130923,547386,2705
130985,924869,2706
131107,3832722,2707
131120,7984978,2708
131132,4755128,2709
131216,5226738,2710
131593,5326106,2711
131601,8149271,2712
131640,8521669,2713
131674,15320991,2714
131822,3648285,2715
131845,5455493,2716
131918,1830190,2717
131931,5428666,2718
132170,4920981,2719
132187,990671,2720
132283,3835149,2721
132464,2144794,2722
132495,3186803,2723
132681,6465495,2724
132769,90886,2725
132886,19410,2726
133423,1221819,2727
133442,11603811,2728
133540,5824864,2729
133775,317903,2730
133809,21834749,2731
133828,6955418,2732
133867,3271437,2733
134110,10119529,2734
134242,39399251,2735
134281,4367408,2736
134528,130973,2737
134664,9104667,2738
134825,8085050,2739
135039,2204069,2740
135052,5533211,2741
135071,1364043,2742
135083,4384795,2743
135103,6534192,2744
135553,12635761,2745
135604,1891294,2746
135691,7770638,2747
135811,5943,2748
136276,9860688,2749
136294,137114,2750
136441,2882515,2751
136609,23530948,2752
136666,2719013,2753
136948,1200597,2754
137013,12698170,2755
137030,24654213,2756
137103,4163029,2757
137189,12390396,2758
137193,5316169,2759
137216,5833786,2760
137435,9131202,2761
138191,351596,2762
138366,48858,2763
138811,646650,2764
139022,1961455,2765
139048,1164048,2766
139282,2525196,2767
139361,10257657,2768
139712,9109555,2769
139714,7791915,2770
139898,2342486,2771
139998,4847913,2772
140130,16678501,2773
140283,1032856,2774
140437,3612992,2775
140457,2759430,2776
140703,27513737,2777
140923,1156944,2778
141004,14787484,2779
141094,3069959,2780
141391,675673,2781
141457,2018887,2782
141479,21802,2783
141573,447555,2784
141768,80404,2785
141958,7939993,2786
142045,1731,2787
142050,74654,2788
142139,4814360,2789
142187,7488273,2790
142216,3613473,2791
142256,978266,2792
142303,1250591,2793
142566,2648312,2794
142659,3463794,2795
142770,5897592,2796
143106,5862862,2797
143185,616925,2798
143234,8531024,2799
143276,7258776,2800
143379,221030,2801
143619,2781782,2802
143674,5670077,2803
144016,5609897,2804
144198,357283,2805
144271,12526162,2806
144518,9208442,2807
144683,2826049,2808
144747,1811044,2809
144891,945363,2810
144956,1347676,2811
144983,1833590,2812
145033,723837,2813
145083,872689,2814
145128,5851562,2815
145172,11711851,2816
145226,12843778,2817
145266,334430,2818
145275,75487,2819
145588,1950532,2820
145926,3927046,2821
145944,3440140,2822
145982,2164639,2823
146054,1719388,2824
146074,4788402,2825
146192,26192025,2826
146357,3745957,2827
146449,4374272,2828
146606,5966591,2829
146622,350021,2830
146641,180721,2831
146744,15204972,2832
146825,2627501,2833
146834,7930027,2834
146854,1265359,2835
146886,290942,2836
146953,3810877,2837
147140,22945767,2838
147218,1707037,2839
147389,11112471,2840
147567,3802045,2841
147919,1580576,2842
147968,7162371,2843
147986,33058704,2844
148018,11251999,2845
148067,3457575,2846
148174,322119,2847
148329,6423699,2848
148410,5497792,2849
148502,9854136,2850
148526,1362093,2851
148619,6602966,2852
148960,3992988,2853
149129,6114620,2854
149267,3414042,2855
149442,1787005,2856
149527,2163199,2857
149549,1302965,2858
149613,3597454,2859
149632,5198704,2860
149850,34992,2861
149862,3913427,2862
150033,7165809,2863
150176,2616898,2864
150189,2813324,2865
150216,130044,2866
150471,4707545,2867
150565,194873,2868
150706,3335427,2869
150750,9291229,2870
150836,10666387,2871
150853,18070511,2872
151224,26997352,2873
151367,5299958,2874
151392,762,2875
151452,37309868,2876
151477,2297497,2877
151526,4484549,2878
151544,12019146,2879
151802,31847917,2880
151902,4892946,2881
152267,19073440,2882
152634,56261,2883
152701,4283521,2884
152783,1050134,2885
153144,13117914,2886
153338,3035023,2887
153587,6183586,2888
153640,21213840,2889
153792,9227721,2890
153797,3683780,2891
153811,6475,2892
153892,15673974,2893
153920,1898748,2894
154058,27731335,2895
154297,89152,2896
154346,1269913,2897
154412,10923868,2898
154753,588817,2899
154789,4149179,2900
154877,2548615,2901
154954,2195680,2902
155045,1661339,2903
155233,4370990,2904
155447,1645523,2905
155480,1694711,2906
155544,4963411,2907
155673,4012988,2908
155775,477,2909
155810,2791147,2910
155914,164227,2911
156037,7096043,2912
156381,665275,2913
156436,9641617,2914
156890,16065970,2915
156948,280316,2916
157413,1328625,2917
157465,368377,2918
157501,8118370,2919
157765,4275823,2920
157820,515444,2921
157837,7180,2922
157867,4733930,2923
157887,7280352,2924
158048,1344585,2925
158274,2612774,2926
158357,1726727,2927
158469,432517,2928
158779,145945,2929
158787,2494479,2930
158909,185690,2931
159138,4887221,2932
159154,4780801,2933
159187,7600130,2934
159373,25311990,2935
159402,775954,2936
159526,938241,2937
159845,2553781,2938
159847,4243216,2939
159906,11463459,2940
160042,17307320,2941
160200,1402094,2942
160232,2071134,2943
160439,3043769,2944
160617,2410630,2945
161058,3947596,2946
161161,2106832,2947
161427,3107567,2948
161478,19829219,2949
161620,7219808,2950
162041,4488737,2951
162073,213785,2952
162264,50072,2953
162533,9661890,2954
162610,25731761,2955
162695,8322463,2956
163066,56204,2957
163090,4643189,2958
163311,6206719,2959
163622,28845604,2960
163720,190778,2961
163978,56361,2962
164161,1585155,2963
164403,856130,2964
164414,5558967,2965
164447,41839,2966
164459,43627,2967
164481,32937052,2968
164576,1815562,2969
164653,168203,2970
164654,207258,2971
164816,22178769,2972
164854,28468449,2973
165022,566203,2974
165267,3789907,2975
165301,3648623,2976
165343,4298315,2977
165438,1570007,2978
165603,3433682,2979
165609,5032587,2980
165968,8557709,2981
166090,24516087,2982
166286,4523732,2983
166327,3619370,2984
166402,36409503,2985
166710,75282,2986
166855,9481114,2987
166913,1216093,2988
166924,5876651,2989
167005,5832614,2990
167133,1005654,2991
167173,33428601,2992
167330,12562779,2993
167356,1410436,2994
167422,1634607,2995
167818,2072361,2996
167939,6607453,2997
168257,9865404,2998
168433,1117579,2999
168563,3854644,3000
168729,7725365,3001
168757,1568392,3002
168889,12408482,3003
168941,20725748,3004
169060,42589,3005
169103,4872351,3006
169182,4333131,3007
169449,9516976,3008
169480,6603228,3009
169706,1214722,3010
169812,1494026,3011
169840,166870,3012
169865,6247883,3013
169931,3424545,3014
170048,15626406,3015
170129,761446,3016
170234,2530228,3017
170413,12724157,3018
170854,3447178,3019
171123,6749958,3020
171150,18364613,3021
171234,1445930,3022
171262,66128,3023
171356,98584,3024
171407,4257086,3025
171557,4961,3026
171588,2050366,3027
172061,17902032,3028
172073,6954116,3029
172281,21542805,3030
173112,14075215,3031
173294,413865,3032
173785,165835,3033
173909,344496,3034
174336,3624991,3035
174426,7476249,3036
174490,5482813,3037
174545,88634,3038
174750,4238524,3039
174816,15280688,3040
175037,10739430,3041
175100,4836420,3042
175104,4908480,3043
175129,3344715,3044
175344,4191112,3045
175376,15384219,3046
175431,17526992,3047
175454,3118616,3048
175461,567230,3049
175549,19267465,3050
175565,1309958,3051
175941,58815,3052
176086,41166,3053
176118,5975008,3054
176203,5469000,3055
176375,5642544,3056
176410,846300,3057
176585,391073,3058
176756,122882,3059
176839,2184739,3060
177209,1838592,3061
177254,4360807,3062
177379,10059,3063
177415,8157110,3064
177533,1612192,3065
177540,403470,3066
177654,5109555,3067
177993,5821626,3068
178089,12583349,3069
178279,1394226,3070
178382,3540431,3071
178674,184083,3072
178710,2341325,3073
178917,19142117,3074
179128,3455921,3075
179244,39548490,3076
179329,2007250,3077
179718,19839111,3078
179806,5094180,3079
179882,498091,3080
179923,1031798,3081
180295,2788116,3082
180320,1379252,3083
180612,8399391,3084
180759,4555032,3085
180925,60714,3086
181060,10745594,3087
181072,118993,3088
181104,7686,3089
181129,32945489,3090
181264,1900551,3091
181392,432988,3092
181749,4050904,3093
181767,21665044,3094
181912,4716050,3095
181946,6565489,3096
182006,6837613,3097
182124,29801570,3098
182160,118353,3099
182313,5691924,3100
182466,3356900,3101
182838,5954279,3102
182983,624236,3103
183199,27782845,3104
183270,9480948,3105
183585,4352849,3106
183638,762451,3107
183643,107938,3108
183749,1493954,3109
184001,32891652,3110
184130,1436753,3111
184251,5878124,3112
184394,757543,3113
184710,6432412,3114
184950,566067,3115
185045,14933261,3116
185358,2099976,3117
185415,16351181,3118
185777,2604235,3119
185913,1022184,3120
186102,7384377,3121
186128,818082,3122
186641,3083293,3123
186750,4937871,3124
186796,2753820,3125
186824,2275439,3126
186847,17630665,3127
187280,2116474,3128
187378,3362627,3129
187461,25498844,3130
187467,5620814,3131
187599,9824500,3132
187868,10136740,3133
187902,2940482,3134
188296,11437002,3135
188422,10591072,3136
188693,29999849,3137
188730,5615511,3138
188773,367064,3139
188783,16827,3140
189755,2162673,3141
189900,8070600,3142
190094,883508,3143
190255,11295,3144
190522,3257969,3145
190849,61175,3146
190979,2406027,3147
191003,719234,3148
191487,3339017,3149
191789,8587736,3150
191998,6084608,3151
192175,1234864,3152
192212,12255186,3153
192215,94334,3154
192313,4825042,3155
192416,93777,3156
192526,2959229,3157
192572,6247384,3158
192649,3141819,3159
193175,10266122,3160
193412,4377701,3161
193987,10185502,3162
194198,1563886,3163
194213,5128177,3164
194967,7928884,3165
195258,5776425,3166
195300,6148296,3167
195569,12236333,3168
195820,4375797,3169
196197,1631372,3170
196228,16888,3171
196413,3289157,3172
196471,3940848,3173
196532,8187425,3174
196984,3836702,3175
197055,1062875,3176
197153,28660915,3177
197243,1438427,3178
197654,354351,3179
197945,12101593,3180
198061,8486141,3181
198278,1735901,3182
198351,461071,3183
198435,26756271,3184
198491,24511790,3185
198550,14311674,3186
198909,4081632,3187
199197,164988,3188
199616,21000830,3189
199910,7611367,3190
199949,2193644,3191
200108,1121755,3192
200140,77193,3193
200142,2178193,3194
200396,64829,3195
200654,876609,3196
200951,1717984,3197
201176,331068,3198
201804,9886993,3199
201908,35244944,3200
202366,569566,3201
202416,8362754,3202
202468,1000687,3203
202547,4338658,3204
202608,215673,3205
202632,3987519,3206
202815,5173468,3207
202965,4262862,3208
203116,2199093,3209
203194,4558048,3210
203279,3363695,3211
203398,547354,3212
203415,4748133,3213
204089,308427,3214
204115,2926499,3215
204642,192699,3216
204681,5615572,3217
204973,19537472,3218
205220,24948268,3219
205609,167333,3220
205675,88011,3221
205839,6507937,3222
205877,7879908,3223
206073,6605881,3224
206454,4576653,3225
206509,13851944,3226
206682,70917,3227
206841,3185606,3228
207113,8994622,3229
207414,2828729,3230
207595,11071798,3231
207616,1281303,3232
207704,2754357,3233
207708,32172154,3234
207760,137125,3235
208000,9985428,3236
208164,3509973,3237
208170,20509752,3238
208928,22853597,3239
209005,8369526,3240
209066,1672552,3241
209277,61569,3242
209345,1384335,3243
209708,13478571,3244
209723,7759523,3245
209770,1662721,3246
209779,1093564,3247
209905,1258149,3248
210210,569539,3249
210674,9879080,3250
210685,2547110,3251
210698,460152,3252
210808,19446962,3253
210840,5051958,3254
210954,15429249,3255
211181,7899036,3256
211292,789191,3257
211439,400267,3258
211775,2385654,3259
211806,2508085,3260
212511,1303076,3261
212546,1223936,3262
213168,7811405,3263
213535,1202289,3264
213599,6367140,3265
213988,3404959,3266
214067,4533901,3267
214500,8520729,3268
214523,7175746,3269
214527,1988832,3270
214920,17302943,3271
214998,8867214,3272
215028,17314134,3273
215653,30035259,3274
215740,31549,3275
215862,1837602,3276
215966,760202,3277
216164,18293932,3278
216276,3299620,3279
216531,3778705,3280
217000,10138350,3281
217269,5466108,3282
217309,2010250,3283
217338,2723400,3284
217555,4098365,3285
217866,115442,3286
217941,90369,3287
218091,13387069,3288
218153,1763856,3289
218199,4785707,3290
218722,2135307,3291
219146,7443,3292
219270,93565,3293
219464,1042668,3294
219754,15646794,3295
219911,3604787,3296
220199,7680545,3297
220711,3408957,3298
221246,7295209,3299
221261,9528366,3300
221444,298795,3301
221613,4877761,3302
221840,404129,3303
221916,8045637,3304
221953,1801870,3305
222378,22521120,3306
222892,801464,3307
223004,3450616,3308
223645,17261235,3309
223707,3203383,3310
224238,96791,3311
224353,5149230,3312
224841,2622467,3313
225364,254980,3314
226139,7552403,3315
226233,44759,3316
226530,4739896,3317
226915,10403673,3318
227213,270228,3319
227336,3444528,3320
227364,55005,3321
227496,16806109,3322
227838,1012592,3323
228166,1953352,3324
228824,6735085,3325
229516,3973759,3326
229577,4219796,3327
229604,20967281,3328
229771,5526838,3329
229821,7759819,3330
229904,52375,3331
230037,1512288,3332
230467,740809,3333
230871,3397947,3334
230921,6928272,3335
231253,36940,3336
231448,6069912,3337
231564,1553363,3338
232040,18697743,3339
232479,6067295,3340
232602,5482092,3341
233223,608273,3342
233236,36226,3343
233416,149369,3344
233431,12550401,3345
233466,242802,3346
233969,233563,3347
233986,18338868,3348
234404,5350376,3349
234500,2356963,3350
234956,5653641,3351
235059,75248,3352
235580,4496065,3353
235675,98306,3354
235690,1440780,3355
236114,8745900,3356
236160,2460429,3357
236183,2897120,3358
236405,201524,3359
236412,2437091,3360
237067,16885,3361
237118,2218425,3362
237127,78077,3363
237282,9419527,3364
237471,1943804,3365
237569,16264214,3366
237661,21066005,3367
237940,2942349,3368
237942,1146129,3369
237982,13299475,3370
238097,3003652,3371
238404,61334,3372
238877,18158114,3373
239021,2266358,3374
239203,395707,3375
239232,3534355,3376
239700,12293262,3377
239993,8643404,3378
240556,52806,3379
240947,2377318,3380
241306,1754891,3381
241417,4603737,3382
241489,8635889,3383
241561,27514948,3384
241994,475013,3385
242065,201265,3386
242281,4847407,3387
242660,232505,3388
242903,4725865,3389
243587,13192258,3390
243688,12387910,3391
244069,3419753,3392
245009,1027603,3393
245280,35561747,3394
245300,8668422,3395
245361,381451,3396
246081,5420460,3397
246182,1153293,3398
246581,7578234,3399
246682,844364,3400
247449,3596806,3401
248221,10624386,3402
248436,208641,3403
248575,28111365,3404
248833,262190,3405
248851,1452931,3406
249225,3883211,3407
249246,657374,3408
249385,599717,3409
249415,186757,3410
249495,5167264,3411
249677,15309394,3412
249751,7945654,3413
250448,5817750,3414
250550,274944,3415
251135,14657740,3416
251173,15317693,3417
251411,22578412,3418
251509,226999,3419
251576,5871963,3420
251591,25773890,3421
252173,4611731,3422
252695,277971,3423
252882,10854989,3424
253437,12494833,3425
253764,26645665,3426
254275,2182805,3427
254809,700073,3428
255076,37029505,3429
255084,7017,3430
255234,3373153,3431
255578,472113,3432
256062,2007497,3433
256440,2675435,3434
256891,13562351,3435
257138,600400,3436
257268,21100,3437
257729,404701,3438
257969,9403981,3439
258716,3112852,3440
258904,9188205,3441
258931,3511148,3442
259046,2871631,3443
259261,4342859,3444
259399,4670693,3445
260578,1481165,3446
260610,13723552,3447
261041,6838049,3448
261202,11814975,3449
261279,33027301,3450
261477,177125,3451
261574,21207729,3452
261679,114497,3453
261704,651163,3454
261880,6424194,3455
262404,22090459,3456
262418,14334203,3457
262513,471545,3458
262947,25934369,3459
263060,1480970,3460
263360,7619429,3461
263884,243138,3462
264005,100840,3463
264111,1821000,3464
264152,2276806,3465
264160,2082681,3466
264211,472417,3467
264569,8607364,3468
265459,8263380,3469
266002,32622231,3470
266329,7560970,3471
266460,1196375,3472
266697,10245906,3473
266712,12200025,3474
267187,29208808,3475
268077,29042,3476
268161,332899,3477
268244,27040745,3478
268533,17842191,3479
268836,4450319,3480
268845,3106870,3481
268922,1673677,3482
269074,1739060,3483
269443,5811543,3484
269842,159977,3485
270056,4697110,3486
270431,6701902,3487
270496,3052150,3488
270599,5015634,3489
270718,3035621,3490
270726,76600,3491
270778,561041,3492
271085,15138197,3493
271560,16003018,3494
272845,3345269,3495
272869,8398867,3496
273180,13832287,3497
273458,4560813,3498
273512,20800001,3499
273785,31292638,3500
273834,1791238,3501
273931,2949108,3502
275124,59448,3503
275458,25767936,3504
275459,1077987,3505
275508,80751,3506
276070,7025996,3507
276486,3315613,3508
276566,12663238,3509
276603,72609,3510
276834,270208,3511
276906,45379,3512
277656,1489817,3513
277684,15493682,3514
277969,15277098,3515
277999,85133,3516
278002,787691,3517
278398,4796835,3518
278606,4773174,3519
279310,1176925,3520
280247,5039509,3521
280381,1762445,3522
280400,3534488,3523
281186,877240,3524
281312,5659672,3525
281599,17520661,3526
281969,738876,3527
282154,1224585,3528
282530,756294,3529
282695,1696585,3530
282700,1973482,3531
283269,25753164,3532
283316,2693155,3533
283692,9117103,3534
284152,6464729,3535
284555,2785367,3536
284570,6279237,3537
284714,292034,3538
285068,8806589,3539
285331,25188,3540
285354,14065690,3541
285394,713959,3542
285397,10288515,3543
285572,8126391,3544
285608,71702,3545
285827,28449495,3546
286038,5382279,3547
286165,62403,3548
286790,3174094,3549
286840,257970,3550
286847,4156298,3551
286955,26826460,3552
287068,381917,3553
288649,2164868,3554
288757,5916104,3555
289104,6647,3556
289415,6335380,3557
290783,5970524,3558
290806,3028538,3559
291250,1710357,3560
291364,3984094,3561
291462,750240,3562
291783,639375,3563
292075,32022548,3564
292178,191179,3565
293129,23866052,3566
293472,11649524,3567
293571,7280391,3568
294725,3328485,3569
294830,19355,3570
294844,7917672,3571
294846,9920934,3572
296766,10119780,3573
296790,6304676,3574
296845,4613685,3575
296976,6953819,3576
297413,15981012,3577
297546,11989508,3578
297565,584592,3579
297596,1951520,3580
297903,1140130,3581
298299,8706510,3582
298385,7034495,3583
298785,7967256,3584
298914,2861768,3585
298963,2622723,3586
299697,10677969,3587
299822,22474323,3588
300456,1198078,3589
300531,18650383,3590
300999,1096458,3591
301238,55303,3592
301267,68213,3593
301807,886383,3594
302041,127715,3595
302065,9484823,3596
302528,40670,3597
302737,5851662,3598
302911,5353121,3599
303092,4573209,3600
303560,50946,3601
303589,1079733,3602
303954,3188794,3603
304195,4641720,3604
304613,21450,3605
305297,4444601,3606
305319,13053740,3607
305698,13698310,3608
305810,13403901,3609
306485,1865678,3610
307032,745505,3611
307102,4670940,3612
307138,7553254,3613
307337,32167991,3614
308505,1023941,3615
308633,1246267,3616
308744,1412628,3617
308752,2890282,3618
308848,7906229,3619
309407,8814023,3620
309602,42631,3621
309956,8122114,3622
310009,3072722,3623
310454,15907883,3624
310528,9610882,3625
311065,1590307,3626
311359,12183815,3627
311658,674552,3628
311666,59547,3629
311847,6370460,3630
312112,166098,3631
312247,910773,3632
312251,1606954,3633
312275,61280,3634
312755,114124,3635
312760,10542646,3636
312856,12186222,3637
312928,1994843,3638
313827,5376277,3639
314098,2665529,3640
314147,6882279,3641
315502,2246522,3642
315693,5419966,3643
316212,2722350,3644
316988,2151,3645
317089,59880,3646
317190,25109552,3647
317385,163399,3648
317732,57754,3649
317810,4702642,3650
318126,963374,3651
318128,1012105,3652
318864,2607526,3653
318973,16377215,3654
318990,415496,3655
319951,4479809,3656
320101,228958,3657
320363,3503244,3658
320386,26026957,3659
320621,2136627,3660
320992,829215,3661
321331,3619025,3662
321334,52554,3663
321768,67916,3664
322632,3678361,3665
322851,6423960,3666
323517,5579509,3667
323615,2255460,3668
324675,40778260,3669
325438,3490309,3670
325446,1835926,3671
326349,8669919,3672
326647,308141,3673
326707,22337190,3674
326830,6705471,3675
326978,5095438,3676
327141,7426951,3677
327686,21892315,3678
327767,1956775,3679
328207,1437811,3680
328335,9963061,3681
329128,2529800,3682
329276,3620073,3683
329330,1746046,3684
329689,493455,3685
330474,2851060,3686
330639,22735540,3687
331100,5784682,3688
331294,10878707,3689
331762,1397318,3690
331950,619617,3691
332151,411072,3692
332216,15689623,3693
332622,1560095,3694
332681,6078263,3695
332846,2028415,3696
333047,664481,3697
333155,26052110,3698
334093,39502395,3699
334755,334215,3700
334816,22883804,3701
335265,64782,3702
335944,2439689,3703
336332,15678733,3704
336468,11244458,3705
336831,9666,3706
337502,64144,3707
337827,3760393,3708
339411,9708071,3709
339557,150682,3710
340099,4406,3711
341678,96062,3712
341882,21561931,3713
342473,5432,3714
342537,3524270,3715
342864,3959019,3716
343286,277851,3717
343539,797041,3718
344381,5837956,3719
344775,20156202,3720
345001,2902501,3721
345296,16002353,3722
345531,723153,3723
345677,3477495,3724
346144,994159,3725
346325,8857715,3726
346441,27520825,3727
346482,312281,3728
346835,1991663,3729
348484,2057216,3730
349079,6226991,3731
349649,29462540,3732
350009,6084181,3733
350196,404707,3734
350508,9449985,3735
350734,144611,3736
350881,18605637,3737
351618,16417169,3738
351722,17204753,3739
351808,2719455,3740
352090,425357,3741
352679,8473337,3742
353745,85353,3743
353952,5091322,3744
355543,19133955,3745
355824,694580,3746
357173,3232230,3747
357182,8664599,3748
357532,8028924,3749
357636,2437565,3750
357950,568176,3751
358088,3972716,3752
358495,10272083,3753
358901,7267957,3754
359047,2273793,3755
359247,3358180,3756
359708,2618613,3757
360003,300902,3758
360355,5250055,3759
362008,6409399,3760
362797,994591,3761
362939,5102605,3762
362956,22153014,3763
363253,5908170,3764
363260,5087035,3765
363302,7364584,3766
363707,6238859,3767
364066,4802634,3768
365477,2279710,3769
365623,899423,3770
365727,5157763,3771
366314,2755366,3772
367529,2816107,3773
367545,5958840,3774
367715,17687759,3775
368100,16226085,3776
368277,930727,3777
368738,1391937,3778
369909,3674098,3779
370092,5778654,3780
370264,11140318,3781
370519,17652,3782
370546,2206105,3783
370763,5994784,3784
371142,1754105,3785
371233,6665921,3786
371465,2356178,3787
371645,12425618,3788
372649,147243,3789
372845,2595808,3790
372924,8436423,3791
373791,3418548,3792
374013,6226023,3793
374186,615177,3794
374391,2929965,3795
374931,3289489,3796
375528,12501754,3797
375869,5830314,3798
375877,2089581,3799
376038,15008,3800
376968,1613559,3801
377270,1778664,3802
378368,794385,3803
378812,10499499,3804
378931,20975192,3805
380099,3742654,3806
381022,150375,3807
381583,458400,3808
382026,941799,3809
382408,12442958,3810
382466,10332,3811
382769,28823044,3812
383052,5845853,3813
383053,3415416,3814
384682,2784047,3815
385014,1564174,3816
385626,77527,3817
386434,2054393,3818
387616,6046605,3819
388206,84140,3820
388423,7523107,3821
388565,703863,3822
390027,67718,3823
390069,7043361,3824
391155,26188201,3825
391231,6323700,3826
391546,5371028,3827
392165,5609638,3828
392378,3264328,3829
392405,18061191,3830
392818,5559746,3831
393153,7130212,3832
393156,3946948,3833
393968,170908,3834
393988,484435,3835
394544,23698291,3836
394793,1207807,3837
395184,778901,3838
395252,25760755,3839
395349,3870412,3840
396224,59849,3841
396227,4765488,3842
396339,246453,3843
396843,1541672,3844
397826,2879492,3845
397838,3415990,3846
398008,58141,3847
398215,1726286,3848
398991,3086277,3849
399470,85371,3850
399498,12412035,3851
399687,3807936,3852
399815,7888546,3853
399853,1971838,3854
400346,1696910,3855
400853,1788788,3856
401183,834463,3857
401218,593339,3858
401850,2058037,3859
402613,4041292,3860
402946,3258183,3861
402985,1975754,3862
403467,921692,3863
403500,12397944,3864
403657,5564799,3865
403706,3074015,3866
403838,2723772,3867
403863,454571,3868
404663,1267947,3869
404989,68797,3870
405252,35523302,3871
405519,14330401,3872
405670,20245485,3873
406193,23972703,3874
406414,3365066,3875
406517,26971736,3876
406558,4842783,3877
407292,4863695,3878
407586,1770661,3879
407905,1236471,3880
408683,167415,3881
408706,1933319,3882
409456,3,3883
409753,1793216,3884
409977,69464,3885
410846,357926,3886
411079,1577537,3887
412068,4980600,3888
413369,8075361,3889
414399,22402486,3890
414684,44284,3891
415623,8688211,3892
416177,13314391,3893
416202,61640,3894
416223,5038728,3895
416482,4019076,3896
416726,12519277,3897
417486,6158651,3898
417625,5549632,3899
417640,726938,3900
418016,8302467,3901
418807,5287474,3902
419353,3741010,3903
419478,535354,3904
420159,564827,3905
420699,2193769,3906
421185,1569354,3907
421295,4133025,3908
421645,2918898,3909
421759,2932618,3910
421877,6917879,3911
422146,4969010,3912
422485,3287440,3913
423411,4334188,3914
423493,2061092,3915
423614,4149673,3916
423673,25396420,3917
424217,992637,3918
424563,1664824,3919
424749,13361831,3920
425221,8613311,3921
425592,3544409,3922
425766,1686346,3923
426029,723351,3924
426300,6293509,3925
428290,18620620,3926
428570,633242,3927
429169,1435757,3928
429184,2770365,3929
429193,3875883,3930
429230,576275,3931
429549,4506253,3932
431159,3813645,3933
431646,4021000,3934
433494,4261110,3935
433540,1089972,3936
434504,55075,3937
434683,3117674,3938
434819,83652,3939
434847,323862,3940
434915,37061135,3941
434962,4097890,3942
435685,110960,3943
436020,21378536,3944
436436,10701480,3945
436630,1387768,3946
437053,3233075,3947
437138,221191,3948
437217,1634761,3949
437626,12109017,3950
438275,19329308,3951
438377,1987873,3952
439143,17207024,3953
439344,180307,3954
439411,71351,3955
439430,401941,3956
441166,20634006,3957
441508,1696648,3958
443978,26870601,3959
445098,165539,3960
445326,104691,3961
445680,9621352,3962
446381,2742292,3963
446450,1999756,3964
447416,18102699,3965
447463,461164,3966
447672,4575138,3967
447998,11674344,3968
448143,1339395,3969
449140,5328048,3970
449387,6647330,3971
450837,22464994,3972
450959,3846746,3973
451083,286,3974
452010,1122651,3975
452030,18129755,3976
452451,119783,3977
452935,5507187,3978
453568,15909777,3979
454466,3191155,3980
454546,446534,3981
454665,3884482,3982
455334,24347494,3983
456235,194032,3984
456819,218,3985
457340,3704685,3986
458031,1692743,3987
458132,15082630,3988
458252,381888,3989
460716,18266800,3990
461013,5967607,3991
461028,7138263,3992
461125,19258478,3993
461143,257558,3994
461163,22936716,3995
462276,3823406,3996
462997,39171,3997
463382,574371,3998
463438,288112,3999
463624,1408597,4000
463730,233756,4001
464401,4891271,4002
464905,1302982,4003
464963,2412558,4004
466103,5108511,4005
466305,2177644,4006
466825,3116477,4007
467929,22042321,4008
468380,7566745,4009
468889,783290,4010
470077,15327412,4011
470357,3075845,4012
471434,10962923,4013
471815,5895183,4014
472003,178541,4015
472169,4822582,4016
472637,82921,4017
472922,213282,4018
473611,1790664,4019
474067,5368151,4020
474252,640403,4021
474270,1180184,4022
475581,3308398,4023
475995,617,4024
477953,13928135,4025
478069,6802,4026
478130,292014,4027
479680,1068447,4028
480191,5100047,4029
480585,18701,4030
480805,2934405,4031
481775,14757819,4032
481803,2084502,4033
482114,1227133,4034
482714,2069751,4035
482716,5037689,4036
483176,621966,4037
483793,1632074,4038
484558,2385308,4039
485242,11548607,4040
486426,3186143,4041
486813,3332360,4042
487321,6007936,4043
488647,38430258,4044
488657,1631380,4045
488732,2115102,4046
488816,410434,4047
490116,3149318,4048
490436,3828563,4049
491454,107326,4050
491529,6522574,4051
491554,24993827,4052
491872,13790793,4053
492114,5792973,4054
492611,8784787,4055
496364,9818192,4056
496492,23471586,4057
497224,443414,4058
497544,2069612,4059
498354,3048247,4060
499446,75360,4061
499562,160494,4062
499697,70535,4063
499744,6510768,4064
502194,821950,4065
502346,17175438,4066
502728,32841059,4067
502752,5673322,4068
503082,226701,4069
503513,4026893,4070
503589,120501,4071
503861,1040983,4072
503901,19239595,4073
505183,34949,4074
505233,4446319,4075
505420,1170242,4076
505593,15565,4077
508289,8712437,4078
508451,1695259,4079
509742,2396673,4080
510013,5050943,4081
510150,494349,4082
510570,24152008,4083
510814,7234998,4084
511806,4843045,4085
514161,6428514,4086
514561,899705,4087
514699,4604280,4088
514808,15078869,4089
514977,15298303,4090
516474,254067,4091
517213,1266508,4092
517990,6449736,4093
518008,4691790,4094
518238,40342167,4095
519233,2187427,4096
519318,8249846,4097
520958,26578688,4098
522248,375574,4099
522295,5642956,4100
522735,629322,4101
522932,10325523,4102
523366,2144697,4103
523951,485568,4104
525011,9109543,4105
526335,14354369,4106
526603,4310172,4107
527007,15018680,4108
528303,1432736,4109
530233,3074490,4110
530313,190266,4111
531103,22602660,4112
533300,2037818,4113
533631,462499,4114
533670,1018826,4115
533798,54660,4116
533902,274399,4117
534647,2810146,4118
535096,9181081,4119
535619,4447519,4120
536669,9577181,4121
537683,297868,4122
537898,212393,4123
540189,4806644,4124
540380,19287269,4125
541019,2934069,4126
541100,28831742,4127
541438,1055604,4128
541656,48578,4129
542289,932285,4130
542646,2039661,4131
543807,5290033,4132
545183,2684941,4133
545325,28383869,4134
545647,9214704,4135
545744,5866676,4136
546170,4573460,4137
546921,21640399,4138
547657,8390754,4139
548962,55814,4140
549266,4550233,4141
549487,26860129,4142
549907,1188721,4143
551099,2582078,4144
551308,4376014,4145
551740,190931,4146
552411,9180534,4147
552538,364150,4148
553170,1258156,4149
554129,22522228,4150
554331,4500575,4151
554380,16848385,4152
554929,2122652,4153
555520,514958,4154
555952,1235150,4155
557215,60271,4156
557395,498562,4157
557565,5877204,4158
559249,237634,4159
559355,98525,4160
559664,971793,4161
561487,2617201,4162
562055,14339878,4163
562076,17285864,4164
562254,6667172,4165
562928,12050576,4166
563942,11530482,4167
564815,12665235,4168
566850,1192313,4169
566961,6754339,4170
566970,830791,4171
567744,5346800,4172
568201,499930,4173
569864,2336184,4174
570678,1001337,4175
571171,5591101,4176
571814,25698477,4177
572340,11842329,4178
572641,2072435,4179
573156,6241346,4180
573402,2795137,4181
574276,37213449,4182
574434,10027659,4183
574590,14395595,4184
575289,13982647,4185
576240,8751965,4186
576388,3625532,4187
576805,91502,4188
576807,2776573,4189
577541,29267157,4190
578750,6385004,4191
578839,9631102,4192
578868,77235,4193
578929,7804187,4194
579327,176860,4195
579650,1678234,4196
581575,7069519,4197
583316,6623759,4198
583404,13598671,4199
584007,3483707,4200
584781,5186832,4201
584942,3479048,4202
585925,1753645,4203
586481,17203680,4204
587599,1516715,4205
588077,87532,4206
588545,482356,4207
588817,7492892,4208
589067,4126366,4209
589129,15953511,4210
589181,277579,4211
589768,656263,4212
593373,19715315,4213
593780,1114965,4214
594088,7972232,4215
594175,188621,4216
594225,18073084,4217
594267,2154163,4218
594988,9889791,4219
595659,2272286,4220
598294,791280,4221
598888,17425581,4222
600763,90201,4223
600988,27859288,4224
602347,20154072,4225
602627,6047291,4226
603155,5276472,4227
603443,17544890,4228
603708,34386547,4229
606830,5731039,4230
608897,3637842,4231
610071,59634,4232
610948,21718297,4233
611589,1846882,4234
612268,6925434,4235
615819,7549595,4236
616320,324310,4237
617997,2057926,4238
618021,18111852,4239
618103,2139,4240
619791,36582594,4241
621937,10930,4242
622768,20682677,4243
627677,193565,4244
628164,10283486,4245
629333,1250,4246
629721,10122607,4247
634665,9484663,4248
634891,12105672,4249
634959,3656938,4250
635658,77504,4251
636835,4987056,4252
637457,6701815,4253
638442,6814482,4254
639156,1274517,4255
639610,3540732,4256
640517,9533619,4257
642621,4197654,4258
642646,851964,4259
644296,5347094,4260
645753,5806093,4261
648732,228469,4262
648771,62214,4263
649109,3743401,4264
649888,2860928,4265
650070,4676542,4266
650422,172417,4267
650745,10192620,4268
650764,5918690,4269
651031,160658,4270
651676,10930571,4271
652462,4930180,4272
653862,7896426,4273
654140,63713,4274
654460,81674,4275
655782,967992,4276
656048,6077386,4277
656303,1136090,4278
656936,13851775,4279
658704,2432034,4280
658774,344933,4281
661608,19,4282
663341,5180921,4283
663418,957007,4284
668274,25904021,4285
668674,7131398,4286
669321,32754184,4287
670780,6150959,4288
671094,24072,4289
672652,100445,4290
674852,1611184,4291
674892,24635,4292
674971,3676790,4293
677586,1286699,4294
678512,10475311,4295
680659,888145,4296
682523,27370115,4297
684554,3362697,4298
687295,1107184,4299
688505,6837372,4300
689441,1579634,4301
690841,3331081,4302
691029,5670073,4303
691373,7862038,4304
692198,25746372,4305
693990,1901641,4306
696918,10932139,4307
697193,2165836,4308
698377,16889,4309
701139,975424,4310
702378,3421461,4311
703334,1455031,4312
705109,3515215,4313
705121,6424786,4314
705254,4923117,4315
706196,2592754,4316
707578,2175100,4317
710458,821314,4318
710590,2510627,4319
712459,10818013,4320
713215,10041501,4321
713899,3578530,4322
714155,736269,4323
716017,1953760,4324
718114,12845917,4325
718710,2453368,4326
718895,7373976,4327
724627,37610363,4328
725274,369544,4329
725512,921243,4330
727141,24406249,4331
727475,3182655,4332
729820,35465070,4333
730023,12594536,4334
731009,19404357,4335
731176,2523460,4336
732847,5032417,4337
733465,8262809,4338
735056,11193060,4339
735203,2043292,4340
735628,7957649,4341
735947,138982,4342
736368,2525093,4343
736656,316799,4344
737617,10421215,4345
737737,68723,4346
737988,4415928,4347
738469,601757,4348
739443,9599077,4349
740699,2445334,4350
742469,2051902,4351
743365,3492868,4352
744793,3819663,4353
745068,39352,4354
747192,1284013,4355
747681,141485,4356
748855,16039277,4357
748964,3491151,4358
750101,2689192,4359
750255,3035395,4360
750499,15607549,4361
750944,459206,4362
754324,1082919,4363
754394,15298028,4364
754433,2209013,4365
758407,8320661,4366
758532,2017831,4367
760192,1461487,4368
760845,233374,4369
761312,10072242,4370
763583,1221135,4371
764583,1634136,4372
767315,1352926,4373
768031,8044497,4374
770292,22781174,4375
770529,3904102,4376
771362,3698702,4377
772657,1614583,4378
774681,14860941,4379
776560,22549243,4380
777071,2752934,4381
778787,12636805,4382
780439,10732642,4383
780639,241977,4384
780921,3456777,4385
781557,1754429,4386
784367,51113,4387
785267,23051695,4388
785821,29457236,4389
790132,5884734,4390
791166,2503431,4391
793252,17502939,4392
794024,33117,4393
794478,28239297,4394
794749,788284,4395
795054,1078290,4396
795596,16862791,4397
795990,2234359,4398
796211,12468852,4399
796319,971928,4400
796394,2057791,4401
799328,3050917,4402
799884,18298,4403
801444,25194895,4404
804460,429474,4405
805301,105050,4406
807717,23467888,4407
807829,9267265,4408
808892,4576552,4409
809165,4830319,4410
813155,489225,4411
813503,232750,4412
815206,133348,4413
817301,4852708,4414
819482,98496,4415
821816,4440487,4416
822912,2834867,4417
822970,9261,4418
823635,22997843,4419
823694,5006306,4420
824478,5373148,4421
826891,1153376,4422
827577,383220,4423
827721,1572023,4424
828418,3073802,4425
828797,2009380,4426
833222,222817,4427
833268,3215135,4428
833951,51308,4429
834481,5558402,4430
834790,2067727,4431
836230,52030,4432
841036,39165747,4433
841737,24294492,4434
842253,3683913,4435
844290,4282561,4436
844359,2993200,4437
844618,5375726,4438
847522,21265801,4439
850785,975399,4440
852662,32817989,4441
853623,6342305,4442
854541,161244,4443
856672,6976616,4444
857496,40096198,4445
857686,1772,4446
859419,8205137,4447
861695,20990742,4448
862536,3478084,4449
864574,28383547,4450
866142,20258543,4451
866211,3590763,4452
868687,29493150,4453
869687,378499,4454
869929,3371321,4455
870699,14937107,4456
872459,1389521,4457
874949,1612242,4458
876617,7266235,4459
877060,3053078,4460
877194,1263093,4461
879582,2749382,4462
880553,2656211,4463
881326,453489,4464
883823,5216385,4465
884426,16034455,4466
885704,3061958,4467
886575,7141199,4468
887202,1272852,4469
888087,4111439,4470
893264,22458779,4471
893399,3162238,4472
893778,8604922,4473
895451,4029900,4474
898023,2057819,4475
898922,800012,4476
900335,575877,4477
902606,757846,4478
902820,673914,4479
907342,536028,4480
909702,1439107,4481
909734,31866617,4482
910650,21526185,4483
919574,7612020,4484
921595,7774655,4485
921883,3268381,4486
923109,3038712,4487
924493,2044286,4488
925208,5189809,4489
925355,1899022,4490
930693,4250957,4491
930978,5860000,4492
931199,101279,4493
934201,909752,4494
936172,376760,4495
938058,2623122,4496
938308,1640880,4497
939432,143553,4498
941601,10208,4499
944096,1326986,4500
944889,2949261,4501
946302,8018058,4502
946970,2471639,4503
947088,18510665,4504
950294,2496890,4505
952154,4618244,4506
952577,3067231,4507
957519,2123096,4508
958167,23489093,4509
959458,7298065,4510
959513,76359,4511
959917,6976418,4512
962340,6069040,4513
962465,8080560,4514
963936,4083413,4515
965509,59036,4516
970684,1536924,4517
974197,4371344,4518
974284,1948292,4519
977171,24531377,4520
977402,308367,4521
977487,5670782,4522
977598,7236366,4523
978731,7110833,4524
982599,1003164,4525
984172,16863581,4526
990433,2535026,4527
991485,6266056,4528
995551,7238591,4529
996419,9607347,4530
1003240,467584,4531
1004713,17651,4532
1005624,4591571,4533
1006036,4071242,4534
1007061,5924311,4535
1009604,1702147,4536
1009815,2255484,4537
1011306,4382716,4538
1018229,1407103,4539
1022591,7126779,4540
1023740,2057653,4541
1024493,1865698,4542
1024550,5392783,4543
1028468,1889575,4544
1029227,1952038,4545
1036342,32169733,4546
1037158,7461206,4547
1038788,19051236,4548
1040674,10201134,4549
1042265,356859,4550
1042790,4142307,4551
1043996,2508481,4552
1045659,2929589,4553
1056656,355391,4554
1062592,112547,4555
1066502,3240967,4556
1066656,9840517,4557
1069604,5592525,4558
1069900,21486110,4559
1074346,20570725,4560
1075369,2477106,4561
1075802,310470,4562
1076186,3623091,4563
1077651,657115,4564
1078936,398848,4565
1082902,1111975,4566
1084749,7827494,4567
1084837,481859,4568
1094452,16204363,4569
1095419,7882912,4570
1096189,4489353,4571
1097039,19619766,4572
1097980,4506227,4573
1098640,146600,4574
1099515,208596,4575
1100614,96378,4576
1106391,2239447,4577
1107983,145378,4578
1108705,410492,4579
1110230,27314711,4580
1110387,4261288,4581
1110500,351188,4582
1110817,6384931,4583
1114617,11750410,4584
1130576,627024,4585
1136549,9878043,4586
1137686,1342732,4587
1138483,4851628,4588
1138685,2577175,4589
1140884,4586078,4590
1140893,610474,4591
1142530,29439242,4592
1149747,4489035,4593
1150316,10836986,4594
1150848,244964,4595
1156301,791016,4596
1157201,776244,4597
1159472,2594185,4598
1161633,856470,4599
1164098,1272614,4600
1175728,6756292,4601
1176140,4876718,4602
1179918,1367815,4603
1181004,468040,4604
1181266,6622691,4605
1183839,4062744,4606
1184571,13050386,4607
1186024,4605755,4608
1187389,758307,4609
1188790,826826,4610
1192592,2858523,4611
1192681,5808501,4612
1193292,4825081,4613
1200203,7145718,4614
1200910,456194,4615
1201837,7288909,4616
1203155,16410823,4617
1218902,1397453,4618
1226886,2536121,4619
1227518,8839882,4620
1230953,3647503,4621
1237371,29343417,4622
1237907,19779268,4623
1241228,4189807,4624
1242463,4517015,4625
1245247,29206849,4626
1249333,3797532,4627
1252642,5472005,4628
1253239,16167732,4629
1263851,905226,4630
1264160,1582525,4631
1271728,3562037,4632
1274995,2604449,4633
1275250,10700939,4634
1275938,13263010,4635
1279290,7851351,4636
1279720,2919640,4637
1279943,10072295,4638
1280054,2523036,4639
1282838,12206409,4640
1283598,1989696,4641
1287568,33981960,4642
1288658,137225,4643
1291968,5888301,4644
1294089,4404650,4645
1296375,1852154,4646
1298711,29645511,4647
1304039,19179308,4648
1305201,5035534,4649
1305344,925678,4650
1305990,2410513,4651
1306339,27508266,4652
1312579,23477235,4653
1318374,12593927,4654
1321046,239718,4655
1322581,17351808,4656
1322707,2917342,4657
1322743,465635,4658
1325456,12997007,4659
1328464,3534375,4660
1328941,6866977,4661
1330228,76044,4662
1339690,22641996,4663
1340395,14955029,4664
1340910,5346629,4665
1341177,5451605,4666
1346142,2207050,4667
1352520,365942,4668
1354271,1128070,4669
1358374,6602841,4670
1358675,1589825,4671
1366725,987861,4672
1372888,609887,4673
1375442,4216567,4674
1376526,292785,4675
1380074,15274205,4676
1386378,10604102,4677
1387574,23096954,4678
1389401,21624132,4679
1397247,25743454,4680
1400195,4285867,4681
1410752,4581218,4682
1418756,5124590,4683
1423001,1450694,4684
1428945,2089060,4685
1431835,10914108,4686
1436127,35179101,4687
1444728,279963,4688
1445319,1445203,4689
1450397,3176605,4690
1453646,14629414,4691
1477129,3110713,4692
1479053,2155343,4693
1479564,14417228,4694
1481049,432623,4695
1481206,75358,4696
1488309,39750830,4697
1488660,2336391,4698
1490457,6603421,4699
1498092,1288089,4700
1499969,2618438,4701
1501407,1309101,4702
1506401,362936,4703
1509169,5936039,4704
1514523,686389,4705
1515609,7564029,4706
1521427,421925,4707
1525488,26574345,4708
1526010,3036907,4709
1527267,214535,4710
1530635,4551887,4711
1538462,538859,4712
1553778,26374999,4713
1557121,3672654,4714
1558069,789580,4715
1558744,16380802,4716
1562246,995227,4717
1568934,606843,4718
1569695,29704620,4719
1573247,7745000,4720
1588335,1161820,4721
1589318,1860917,4722
1590411,59494,4723
1591605,3194038,4724
1595344,758535,4725
1601017,1475943,4726
1605852,10254102,4727
1623214,3087390,4728
1637152,7286818,4729
1638551,20767684,4730
1638555,3486285,4731
1640434,925342,4732
1656001,32164643,4733
1663902,3321357,4734
1666986,2177221,4735
1669148,7235762,4736
1678570,127121,4737
1686182,719835,4738
1693005,2982040,4739
1695713,1504948,4740
1707792,9487549,4741
1722977,1844631,4742
1724775,1739105,4743
1728200,3438158,4744
1734102,7541226,4745
1739950,24476118,4746
1744129,3634242,4747
1745547,6363540,4748
1745622,493,4749
1745632,5347823,4750
1749611,3767574,4751
1753110,2043184,4752
1761917,5108072,4753
1778853,208659,4754
1787323,284472,4755
1787614,1078878,4756
1804515,389789,4757
1806774,1589347,4758
1812556,2225681,4759
1815822,3309897,4760
1816281,8900275,4761
1817755,1615033,4762
1826381,349634,4763
1833010,13474690,4764
1833397,19311898,4765
1835010,1774014,4766
1840178,5492622,4767
1850276,15951864,4768
1852530,4617238,4769
1855486,13858785,4770
1858883,3720947,4771
1859806,2686768,4772
1860090,9122229,4773
1874372,5844206,4774
1877737,13663612,4775
1877925,429823,4776
1879275,7944984,4777
1882078,2172517,4778
1904532,7339,4779
1916700,4710477,4780
1927372,8540731,4781
1940259,6816440,4782
1951062,24613,4783
2005004,5866069,4784
2022448,13030509,4785
2025526,2413591,4786
2040252,1686094,4787
2041275,14128315,4788
2089358,5300426,4789
2094090,1440150,4790
2101097,10422756,4791
2102127,7545468,4792
2108103,4331265,4793
2110946,1462093,4794
2112826,27733029,4795
2119028,1794533,4796
2131797,5085991,4797
2132999,4544031,4798
2135717,10694857,4799
2159361,1186676,4800
2161877,1271496,4801
2171480,1507078,4802
2193698,2509533,4803
2210160,23599940,4804
2219155,2162325,4805
2228437,10963953,4806
2232029,2277541,4807
2236001,7531998,4808
2258178,12893378,4809
2274221,31362139,4810
2276582,22283124,4811
2303721,9642881,4812
2313985,17004,4813
2322277,15536767,4814
2333221,7268077,4815
2334846,9632459,4816
2340022,10319595,4817
2382287,436740,4818
2410302,458642,4819
2411927,607557,4820
2425147,87591,4821
2456256,4496050,4822
2468414,778953,4823
2470319,23881476,4824
2484006,22676,4825
2485108,1734519,4826
2488022,137402,4827
2543576,2578955,4828
2553985,96976,4829
2561228,255515,4830
2561872,688634,4831
2604074,10827265,4832
2610879,2073800,4833
2616512,8475173,4834
2616579,4344681,4835
2626887,164980,4836
2640589,804282,4837
2656158,7664629,4838
2676982,30303108,4839
2714340,28285122,4840
2723063,18231758,4841
2758067,1624087,4842
2763370,17632406,4843
2766392,413057,4844
2790746,4400097,4845
2804101,1105830,4846
2812871,2254467,4847
2822161,2047900,4848
2842670,4557526,4849
2849713,1055186,4850
2868382,22409487,4851
2869185,116095,4852
2882846,182257,4853
2892593,2009792,4854
2903298,27027,4855
2917974,2664220,4856
2918918,2255290,4857
2919369,5064787,4858
2923445,9908057,4859
2928736,187088,4860
2958170,38657615,4861
2972800,14564417,4862
3052128,11363186,4863
3062646,2409401,4864
3078357,10471793,4865
3097934,789983,4866
3143141,18951711,4867
3164779,1440489,4868
3167285,1942638,4869
3188714,5930219,4870
3206247,2630269,4871
3265095,37052591,4872
3322743,9592230,4873
3335871,2022580,4874
3350756,1529439,4875
3406298,115555,4876
3586863,6579517,4877
3622358,20574228,4878
3624840,3866096,4879
3694532,45636,4880
3704316,3756050,4881
3722350,2835136,4882
3792683,8346856,4883
3826127,145578,4884
3867424,63615,4885
3907288,5239139,4886
3911050,4918292,4887
3915317,1184121,4888
3975143,15204602,4889
3988355,1990722,4890
3989482,5994211,4891
4015645,9965965,4892
4086026,7714032,4893
4119563,4508788,4894
4122667,1989174,4895
4123626,1191774,4896
4138327,196022,4897
4160390,2549747,4898
