657449
1239
3424
26084
102903
3491
469
179149
662634
1071
883
38384
928
69931
1210
362
645916
646628
268336
91958
1036
1190
18858
516
13024
3162
3523
889
35660
403
280435
661610
684215
108623
1489
105
106354
642861
643719
155431
722
3101
115240
4541
18172
2525
642490
805
742
646255
27543
1845
196
37027
357530
657357
254926
75543
807
62875
110104
20024
2844
479
108601
131027
20363
21
94026
20011
3477
1226
672244
72399
1244
642536
4049
1011428
47763
687
27803
2686
482708
38409
167
27836
22014
71075
373537
646367
2316
2782
660238
340
1179
802056
645693
640017
2538
1243
636736
636156
93539
4935
1490
831
642539
662159
33
825
684219
1574
1182
645647
697830
209
17404
1273
1258
3
122395
678165
1001507
46
13567
695405
105477
838
20323
676602
3306
3099
23840
1368
86340
880
44005
3948
11879
694116
44012
114445
3482
772
2632
25520
27019
1069
110194
5995
20256
686673
17342
78451
8745
103
645702
1024
701
6331
21137
1431
115673
513
24739
4221
802
383
71153
21472
106990
454
1450
649232
642509
616
4718
27801
1185
27814
2673
4735
181087
2661
20921
4897
642838
702943
21170
104196
647829
94297
37057
1077021
1983
758957
4889
29149
638610
9291
222724
4955
310
8386
133185
642478
104136
108611
644577
661664
31842
642613
640858
23631
643250
1703
646289
6510
4082
4986
22033
1032183
63055
732815
2245
375
991906
649283
1097739
661391
939
3802
17845
1985
8874
24803
680246
18674
78730
77838
1181
16172
8423
30951
660328
136261
2900
648375
660639
4781
