657449
1239
3424
26084
3491
179149
662634
1071
883
38384
928
1210
362
645916
268336
1036
1190
18858
516
3162
3523
35660
403
280435
684215
108623
1489
105
106354
642861
643719
155431
722
3101
115240
2525
642490
805
646255
27543
1845
196
357530
657357
807
110104
20024
2844
479
108601
20363
21
94026
20011
672244
1244
642536
1011428
687
27803
2686
482708
27836
71075
660238
340
1243
93539
4935
1490
831
642539
825
684219
1574
1182
645647
697830
209
1273
1258
3
122395
1001507
105477
676602
3099
23840
1368
880
44005
11879
694116
44012
114445
3482
772
2632
27019
110194
5995
686673
17342
8745
103
645702
1024
21137
1431
115673
24739
4221
802
383
71153
21472
616
4718
1185
4735
181087
2661
20921
4897
21170
104196
647829
37057
1077021
1983
758957
4889
638610
4955
310
104136
108611
644577
661664
31842
640858
643250
646289
6510
4986
649283
1097739
939
1181
660328
