562
2972404
5083255
2414071
16034
3845988
1192527
208968
4815490
13265474
14981
5920164
225660
174987
40790
3700
1007621
403597
3013423
798057
16654879
19277008
5662907
2940421
1097321
1135393
3353728
13222709
779178
4867980
60712
6526691
2612909
91836
9208197
31164
6682483
10914837
453564
3713008
2032323
25412
12985444
1732
77577
5223690
2711516
4870943
3688957
5261664
4476618
1018982
2583596
3462535
2366713
40175
172941
42463
10267961
965666
13664848
4597021
11470211
4600285
4972897
6837396
146809
299
4081105
8071144
10076664
4444703
11979194
94531
2424065
3148941
2469422
12245921
140199
4262
1141506
4931179
6635639
2144501
1349932
12596354
11610631
7590350
833364
3991761
4298170
2875528
34593
8843078
81887
9723175
18100405
1865584
20813957
4006848
1318962
1449542
5824533
656198
4983671
146854
10672725
13296076
5747486
329754
5727122
3949570
6917667
25587802
9279019
2149861
2259846
9071090
482833
3817489
21682
19571
3244123
337774
321597
28321
3794
630365
2830596
798556
3268967
8495261
7182651
4748122
2886542
41599
345442
1605290
168811
31853827
14143836
284716
4229950
4444667
6271199
1309784
3938345
5759085
3669597
3947763
1697648
11676399
2260091
1302958
334405
119352
93924
12929257
560829
23511230
886544
2217247
5015896
10136505
2126550
39526
1119268
8747
6219991
14567016
8332565
48226
226859
5979348
7664670
4145009
5935362
4082196
11210604
5187329
0
5190999
694284
911416
7695453
194215
1128434
10094129
102373
145986
3869107
2499792
8288756
24546229
254418
5338450
5577016
4290441
154344
135649
2532057
7503205
14107065
14142324
23871288
271354
13226995
418383
1533235
5555170
3072423
298759
800601
3929695
1561607
2341353
5325781
222199
4894694
2011062
4100982
4462150
334363
4069634
213790
4406103
5694561
11667553
12207823
1125942
9697537
16120789
1445642
16496316
33170471
1152735
10170362
289821
705696
5651567
5083158
5151008
677143
541589
532071
10034976
4058231
1683546
10748073
1565798
6338728
1837967
7007002
7896011
4082907
892034
298913
4480303
11743697
42357
7
5421656
593595
12803471
142676
285748
288074
8866392
1181107
5299544
2880025
2148325
1874354
3202475
1832010
9075737
25839063
2014292
15416676
637690
53645
2729452
1629767
12457493
11201340
29186
3386497
2599578
25391
3216086
12445576
2314261
18988802
2120717
16461
6467200
8163500
916043
1875356
14570767
25759380
542396
4476253
17625195
5887366
2685713
1935160
6637125
5164879
4368171
6527203
4287299
8101322
2886414
6712070
1727238
5066900
11164933
2751082
6971018
4393
11379731
13757631
1504822
871436
5152306
811778
847803
2902101
6989103
5527638
7970688
3185392
8760897
200894
296872
3639607
1946704
450975
5347996
12272965
27244969
206099
4998216
8443829
7072388
12839921
2561450
29622820
8305997
12377770
1653626
4384780
19082
106358
2292315
65657
1260893
147785
581614
3575683
3842505
11645557
601724
6858255
4748924
2516402
3489643
4701952
1846804
1820314
3145233
91856
6755932
4135048
12069125
4258803
1398678
6484416
4581996
5662119
5650077
3268671
526250
5012036
243316
490252
202028
9765191
1489956
3547514
166347
900884
11748016
5623022
2871362
74503
5985453
4497028
2749095
1141558
5959970
3853547
9051863
4568547
128
18030288
3793993
5735262
3658153
8653054
3202737
15254085
6812115
6063314
1563748
27932498
1893287
3075660
11250956
2018955
12915503
587887
9371994
17400522
3525592
46303
5004428
10579567
156780
997916
5570607
1376047
28605413
5320
45257
10974345
11178855
967412
4564243
1161957
4648907
6340757
2341033
833047
34009
4876513
3777714
1360123
9434866
4791011
13113543
84958
1819076
1411223
7657275
325693
2795165
4985051
5390986
7383777
3961734
16993107
3087043
2507238
12208746
4534460
10749421
5800120
1843411
1340424
10715087
309146
1292636
5517875
12325246
391240
10326307
1
740076
663828
32920594
47364
2890583
681752
26892836
3380158
30785218
2420931
4579158
5518350
807765
3949916
6403960
14226879
22209873
2350871
887117
2965970
3533875
96622
4973336
4146380
18318459
5200574
3667493
26107898
3340646
13058730
16660
3077038
3240285
2091450
33565836
731680
8096625
12514614
37363195
6905
2893864
5909486
7689067
17858667
1051206
672
248971
12415210
63329
1098667
907701
17700959
25592491
2099112
7813124
3018551
31898
16063
2070533
4998524
24127059
33723106
620971
3274818
13939577
5135458
284525
11263732
1245708
24075509
434608
19582700
902689
1132479
2747706
816101
1060853
3654934
1139150
10420731
6688492
5772750
2363033
5830084
148720
7794025
9079596
194392
9662428
34384991
1134670
688532
75553
963248
5373373
9070545
2019322
4547735
8435364
1009133
110969
4751730
615
14295391
1565146
28952605
11215519
766495
6858167
12468105
3522817
2880505
995746
3257
2594110
3288762
5115210
870863
467313
6735979
5828092
8554266
87082
376939
2382596
4284315
54773
9357280
5918529
16455
447346
13905933
6858529
17794218
5970175
819053
202265
66868
7905162
2940254
119057
654391
1071823
268593
1340482
663807
2172271
5241824
4572964
8406539
2867146
23707475
1316279
8713705
433260
2560571
7944133
7690560
14602461
1992054
5622515
18455
8401472
4165293
875285
6656598
69617
4192630
1040164
27411391
6866859
5199277
11132091
1784377
3489688
3479835
3954703
3683417
23938743
21173
10890800
1074109
5676094
112765
5214603
4842821
737268
1098340
23460946
5936965
962192
350078
7980733
5334421
72568
48715
4355113
8706995
1423789
9486038
353188
4391711
367398
4389737
4434488
9258764
4262513
12792906
287480
20429073
2027928
12246614
11330633
8498911
2613067
5764670
3200571
6784265
13011480
13126424
15757893
1723232
1594832
5204292
980463
456018
856685
4614790
4592766
356576
768013
17910588
7016725
8594566
3275142
23715
451490
2490858
532344
35624316
3788796
2026024
9461062
2190708
3560218
4461978
3834412
4808518
12794016
17146421
9359415
8265635
24192593
10588940
9640594
6986873
940388
3361299
9812771
8900246
2868041
60004
4663905
15620108
4706782
1439641
11537940
2886286
4888050
4372766
619552
5194716
12041
4803384
3342395
130490
320021
10933208
6072890
9755476
2090557
17797762
23069974
11392012
312153
23623
10080178
2078849
1031612
1941292
1140605
902515
815202
504640
32984674
4857546
8525586
8678293
1078931
19014774
233629
8799110
3287311
5154906
34831
1765469
142023
1885092
2444481
3601214
2069879
10649989
23084096
467470
9217582
7233602
13455791
24360019
81536
1862740
10389169
6973085
7591456
2761181
5975220
21125966
1152653
1282626
1027325
1218020
15933158
1436913
9698723
111737
4383375
328425
7075949
2627073
3445965
3341674
460512
4660552
6426987
8307145
11476676
3908336
2523818
7246664
7239949
2237225
3201709
1252090
3029631
1431465
2613374
19603115
9834084
5009548
353230
3643000
4550734
128298
4608137
27001622
3249247
5898488
36936289
253139
5843656
1900634
1512492
8683933
1555
4692729
2121115
1721713
25853049
36332
1003220
2285748
29140938
29717979
864538
18186
227766
20424054
144887
7189491
1289540
26126
16886
3831281
450381
59406
7534363
1744873
1836746
7570110
1121557
5513556
6137696
991963
245926
82168
4831798
10032618
6142147
14295332
47122
28924452
1058532
18419969
671530
1713744
347753
3972083
9105293
2707819
7981930
32224283
5282140
8366238
3489583
479842
3388126
6912417
13148080
21915
1223168
15154496
1587700
29149965
4336668
5379978
2884781
3584800
39465
10690753
13272173
8573039
3603835
2007468
219772
70539
3488771
5108460
238374
5422027
12469287
986628
5459505
1588788
1970180
9684245
3865791
2159552
7914136
838836
5348995
4727436
1123704
2953803
3705968
3629705
2285020
18137082
17586384
6332849
3991007
7602936
4512826
14621978
1960293
3344730
5670980
23966555
2043210
1448645
8897863
3566428
4552456
9483260
20014017
12838
11514135
730474
662089
356403
621501
402066
43267
16884
78636
1350096
12627022
8907538
10500616
28981374
8435066
9645610
1089767
19341821
4505670
4337324
7927145
2749855
388766
1580290
13688539
3457094
135660
638280
218122
1378219
5778704
5119715
50572
5237472
1239739
19907661
4019083
1406869
6398030
2024234
8989529
5556429
1218057
34404452
4344552
1854661
4768054
669888
4712373
3372204
204298
1676052
6098500
5266199
17540894
2993028
1089862
9247488
96631
5833680
2683359
1791485
9173777
4381754
1389329
469687
29681
361607
1590145
5191646
21448575
14099375
4271269
8945322
323244
296911
26013922
581137
57632
8989491
15943665
5357063
532051
1100604
5875710
8562515
265941
9064866
1387208
7749254
64885
5326553
13809131
10277184
26830938
4104149
10731088
2454372
9563990
10067270
6776989
5507025
1099365
4882011
1623516
183381
3087033
9695187
22115
1252461
161911
48928
3966278
2149830
2226070
4894168
12451848
2271074
1274362
173384
4161527
82585
2544405
8082917
1487144
5563744
3164343
2707242
4534154
4681175
7616846
3929675
13323221
608456
229274
771624
52650
6483714
2248551
42655
2235349
22555276
4320765
5115389
654224
19019648
6672433
973909
2967481
7264267
5325238
4359671
2717384
20822384
2221035
15473802
11393058
1454845
236893
15005103
1638790
11805481
16480553
1896054
2917771
7295926
1226036
577691
1074821
3697530
434688
4139013
2075461
6025681
618711
5655928
4147645
2460150
356982
7687786
600542
7251303
9351086
11671222
174571
1454190
12925798
2700766
30727451
2879760
5914888
2159506
5534092
26572
1545354
3984146
757989
18574289
7904621
3783873
2306328
8409364
7952753
6400929
22618932
2778194
3169842
24026936
14618437
16072817
668
88476
22677701
2021403
1040088
7426036
1078300
9719190
3622346
3192365
26339691
2782200
156766
15913900
2203009
2684646
72206
1712693
67329
177573
313892
674547
1388542
2388349
1058108
56600
1713595
5975546
66140
1617254
22368129
5498417
1090325
5575642
2653540
2159678
201120
1049847
14156047
7888494
2764531
557318
85223
4671971
5416972
3913334
13192663
7450144
614782
16893
6019466
16056262
1274834
126233
3174485
98259
9517655
1290803
1683633
16182556
16333397
4652543
2180861
10827050
212191
2056261
240714
514981
7979050
3361223
7619118
15511154
13978333
16598418
10463575
3373738
177768
2137745
4615665
1900148
111063
7821524
15069338
24110157
59414
11382874
9104569
15692598
5242497
1371922
229271
11416515
191987
315974
6485639
61705
7737101
266442
240309
2659479
274103
13145969
28771240
2270549
238206
1117458
2830601
11121762
982876
904567
815216
650584
83142
1698216
12850208
3720014
4626737
1030249
2338906
3871544
8663684
11480186
8949586
26306
398518
226670
2787835
18355276
4947602
29706
829149
2722345
110933
5808950
8613514
2248469
3883106
4600640
1597562
3069724
6468357
4761223
24335
613088
4492847
1014789
12649930
1211940
2336219
14234751
305717
1625939
4567912
16638920
694160
7424808
988
2393805
291379
1184888
5909650
300849
19993111
6730675
1907802
56858
675637
6371353
25027196
672697
6461714
19292605
246152
1853515
2699567
156642
2453004
500150
449048
19688490
5721425
458588
12680417
2756598
1888893
893605
19848029
1333130
14807499
4789865
678148
3743986
7659407
7676635
2109701
70491
949675
2975145
11200327
1483136
29371590
26289082
2300296
1453175
279362
203655
1012748
4140302
5038162
1897088
6810986
581692
13160317
23767
5541554
551079
343743
3030999
5420072
1101250
6356306
32190
2226987
34609
1833094
4171042
947663
1185297
18828580
32285
18572822
11656343
3622990
2406582
2755818
7670994
1279027
4097878
1874876
15773351
28048718
173307
2626390
6855443
1220081
4515036
11469325
25620008
10368
909735
5026087
5370570
12901533
14387
6819553
8074080
18995603
1717516
2094029
12184521
23641744
50712
58188
8401118
1468016
1234417
2307010
8425052
1979059
871053
2715405
16890
1138656
2927332
10424708
1056245
14006136
7169810
6767236
25179794
9710697
321991
208613
499344
364757
21764283
8611423
6560650
1561292
74787
364344
7820856
49843
686782
5093500
85049
5432626
1134643
22684671
15225615
306201
1880760
3865264
27401
3881190
7030176
1617715
1068641
11914148
8501790
1187456
279246
955403
17709484
4380883
1673859
17438667
968918
2544139
2388571
32588
279964
4350709
944806
632867
1717100
1231148
5478671
1110847
23759547
11934769
5777093
27401157
151250
23278805
26609931
7291009
156364
3358846
10253120
35385343
1740529
64308
690168
4670860
3348709
97284
1356805
5659795
2024176
4941466
2748270
20404927
564140
5085230
19327638
2796536
6590428
4796704
3960140
231152
40050594
4425333
1083311
12907974
2288852
3517782
30852502
7577049
25857311
10012403
1347279
195390
15791627
4226345
13619896
1059054
400765
1672817
1423025
5022049
13321086
12531560
1681037
14849652
4207608
4430853
396
24065345
9636556
5094113
1515038
26777
8275026
451684
465447
4646043
91997
5843774
452767
1227375
698503
8847680
1578763
3530949
20975698
15385025
3766304
14282442
634557
3430336
5076516
3240705
4199284
370236
24079
10106781
232132
4433
11197153
6481714
10974008
9143755
3166209
2091451
1098931
8752878
74186
8448499
4402949
452746
2064721
5998749
4259663
2444232
1625835
4305367
2836431
2495221
3003096
5214083
3252858
4302020
9284978
142298
4823792
10212284
2128170
14647976
4728214
12972944
881790
4652512
4638892
3032433
2431908
648927
4614991
8169119
11984364
17593
21248712
3949747
5039797
5208616
3403233
10601861
1008907
11199083
3794456
2783864
6580302
10104624
2213519
1234887
8521724
5378070
84897
7032263
167880
4346
2307473
331763
2965928
5879690
9653887
13145229
11077947
7883415
4064688
1678354
308158
15542558
4398654
299283
548086
18397814
2207772
4019823
3263282
1725602
115354
1683437
25897
6457598
121188
319
2277061
761396
7275720
1630638
6054112
5486984
13278876
1502854
103370
14299
14967347
4729241
6631858
5372551
3354914
2717568
8328970
21501747
6290011
13878015
266093
15204525
4405722
2158820
163240
1702076
815422
6523043
664146
444566
23312834
6964519
14530497
12911949
4672614
1457828
3032846
21467089
2194306
13670310
4994131
15986989
3360704
542113
2219444
15477299
5673453
5736413
21146317
56976
3520714
13793986
1762678
3118549
274590
1612071
3882808
1170773
4867978
5131551
17734928
4475
3866396
59434
331503
1402357
8587904
1375661
386090
700413
22470622
2522076
44
1125533
14961558
4941124
23698105
528879
18928
10665875
225220
3904872
1475241
7989976
8612013
2501568
10230330
12485384
5286387
1352691
5988079
1340584
7216922
85379
4888426
3017882
18259237
8718233
5149773
20802453
4795333
250505
5243404
2877204
17492208
5184957
337486
29324768
12670327
2020323
6445832
4449
2973643
81528
1190191
18183756
56248
12429
7503819
761493
833104
88632
1998280
2007922
1027611
8094194
2559710
544829
2092940
7150869
809099
7822917
7232227
5226037
6549044
1593251
1284143
4047157
7589232
2419597
14349131
122918
6906013
5576931
8964
3648364
581883
8322160
39586689
3258024
27682
7517101
25991
2885878
7043564
6920613
11515827
3843846
89358
9922626
551913
7133956
5193125
3142950
8850167
7330467
1523781
865672
12759633
3185123
4647508
35756
2240694
22457842
9284839
13917696
4551456
8042714
545403
1988660
17684051
1574339
16892
5798568
6510558
7393971
1683625
8288769
29222817
3308704
6601116
2001248
3489739
3149354
4660003
7955709
8751621
16130
10912247
30975429
27665
8113843
10619698
4476086
5198466
5345543
9319602
21482
2652367
13983783
2459804
8448076
276796
389067
1617533
25574119
9534394
1196568
4816011
557611
12413269
15462080
4420503
173476
1973819
6494660
8507579
5552141
51883
956810
9573138
11753193
924869
3832722
7984978
4755128
8149271
8521669
15320991
3648285
1830190
4920981
3835149
2144794
6465495
90886
19410
11603811
317903
6955418
10119529
4367408
9104667
2204069
1364043
4384795
6534192
12635761
7770638
5943
23530948
1200597
12698170
4163029
5833786
9131202
351596
48858
646650
1961455
1164048
10257657
9109555
7791915
2342486
16678501
2759430
27513737
14787484
3069959
675673
2018887
447555
7939993
1731
74654
4814360
7488273
978266
1250591
5897592
616925
8531024
221030
2781782
5670077
5609897
12526162
9208442
723837
872689
12843778
75487
1950532
3927046
2164639
1719388
4788402
26192025
3745957
5966591
15204972
7930027
3810877
1707037
11112471
3802045
1580576
7162371
11251999
322119
5497792
9854136
1362093
6602966
3992988
3414042
2163199
3597454
5198704
3913427
2813324
130044
194873
3335427
9291229
10666387
26997352
37309868
2297497
12019146
31847917
56261
1050134
13117914
3035023
21213840
1898748
27731335
1269913
1661339
4370990
1645523
1694711
4963411
477
2791147
7096043
9641617
280316
368377
8118370
515444
4733930
7280352
1344585
2612774
432517
938241
4243216
11463459
17307320
1402094
3947596
19829219
7219808
4488737
213785
50072
56204
4643189
6206719
28845604
43627
168203
207258
22178769
28468449
3789907
3648623
4298315
3433682
8557709
3619370
36409503
75282
1216093
5876651
5832614
33428601
12562779
6607453
9865404
1117579
3854644
7725365
20725748
4872351
4333131
6603228
1494026
6247883
3424545
15626406
6749958
1445930
66128
17902032
6954116
21542805
165835
344496
3624991
7476249
5482813
88634
4908480
4191112
17526992
3118616
567230
19267465
1309958
58815
5975008
5642544
846300
122882
2184739
1838592
10059
5109555
5821626
12583349
3540431
2341325
19142117
39548490
19839111
5094180
2788116
1379252
8399391
10745594
7686
1900551
432988
4050904
4716050
29801570
9480948
4352849
762451
107938
1493954
32891652
1436753
757543
6432412
566067
14933261
16351181
2604235
7384377
818082
3083293
4937871
3362627
5620814
2940482
11437002
5615511
367064
16827
11295
3257969
6084608
93777
2959229
6247384
4377701
1563886
5128177
7928884
5776425
12236333
1631372
3289157
3940848
8187425
1062875
28660915
354351
12101593
8486141
461071
26756271
24511790
14311674
164988
21000830
2193644
1121755
876609
9886993
35244944
569566
215673
3987519
5173468
3363695
4748133
308427
2926499
192699
5615572
19537472
88011
7879908
6605881
4576653
70917
3185606
2828729
11071798
1281303
32172154
137125
8369526
1672552
1384335
13478571
7759523
1662721
1258149
2547110
19446962
5051958
7899036
789191
1303076
1223936
1202289
4533901
7175746
17302943
8867214
30035259
1837602
3299620
3778705
10138350
5466108
2723400
115442
13387069
1763856
2135307
7443
93565
1042668
7680545
298795
4877761
404129
8045637
22521120
801464
3450616
17261235
5149230
2622467
254980
44759
270228
55005
1953352
20967281
1512288
740809
6928272
36940
6069912
6067295
5482092
36226
149369
12550401
18338868
5653641
4496065
1440780
2897120
201524
2218425
9419527
1943804
21066005
1146129
13299475
3003652
395707
12293262
8643404
2377318
27514948
4847407
232505
13192258
12387910
1027603
8668422
381451
5420460
844364
10624386
262190
1452931
3883211
599717
186757
5167264
5817750
14657740
22578412
226999
5871963
25773890
4611731
10854989
26645665
3373153
472113
2007497
2675435
21100
404701
9403981
9188205
3511148
4670693
1481165
33027301
177125
651163
14334203
471545
25934369
1821000
2082681
8263380
32622231
7560970
1196375
29208808
29042
332899
27040745
1673677
1739060
4697110
3052150
76600
16003018
3345269
13832287
31292638
59448
3315613
72609
270208
45379
1489817
15277098
85133
4796835
1176925
5039509
1762445
877240
17520661
738876
1224585
1696585
1973482
25753164
2693155
9117103
6464729
2785367
8806589
25188
713959
10288515
8126391
257970
4156298
2164868
5916104
6647
750240
32022548
191179
23866052
7280391
19355
7917672
9920934
10119780
15981012
584592
1951520
1140130
8706510
2622723
10677969
22474323
18650383
68213
9484823
40670
5851662
50946
1079733
4641720
4444601
13053740
1865678
745505
32167991
1023941
15907883
12183815
674552
6370460
166098
61280
114124
10542646
12186222
1994843
5419966
2722350
2151
57754
16377215
4479809
228958
3503244
26026957
3619025
52554
67916
3678361
5579509
8669919
5095438
7426951
21892315
1956775
1437811
2529800
3620073
1746046
493455
10878707
1397318
619617
411072
15689623
6078263
26052110
39502395
22883804
15678733
9666
64144
9708071
150682
4406
96062
21561931
3959019
797041
20156202
1991663
6084181
9449985
8473337
85353
5091322
19133955
3972716
10272083
3358180
2618613
6409399
7364584
6238859
4802634
899423
5157763
930727
1391937
3674098
5994784
12425618
8436423
6226023
5830314
2089581
15008
1613559
1778664
794385
10499499
458400
10332
1564174
6046605
84140
7523107
7043361
5371028
3264328
3946948
170908
23698291
25760755
4765488
2879492
3415990
3086277
85371
12412035
7888546
1971838
1788788
834463
593339
2058037
4041292
3258183
2723772
454571
1267947
68797
14330401
23972703
3365066
4842783
1770661
167415
1933319
3
69464
357926
4980600
8075361
5038728
12519277
8302467
5287474
535354
564827
1569354
4133025
4969010
4334188
4149673
25396420
992637
1664824
13361831
8613311
723351
18620620
1435757
4506253
4021000
4261110
55075
323862
37061135
4097890
110960
3233075
221191
19329308
1987873
71351
401941
20634006
1696648
2742292
1999756
18102699
4575138
11674344
3846746
286
1122651
119783
15909777
3191155
218
3704685
1692743
15082630
5967607
7138263
22936716
288112
233756
4891271
1302982
5108511
3116477
22042321
783290
5895183
82921
213282
1180184
6802
1068447
5100047
18701
14757819
2084502
5037689
1632074
3186143
6007936
2115102
410434
3149318
3828563
8784787
23471586
160494
70535
6510768
226701
120501
1040983
34949
4446319
1170242
8712437
1695259
2396673
5050943
24152008
7234998
6428514
4604280
15298303
6449736
40342167
2187427
8249846
5642956
629322
10325523
9109543
14354369
15018680
1432736
3074490
190266
22602660
274399
2810146
297868
2934069
28831742
1055604
48578
932285
5290033
2684941
28383869
9214704
4550233
1188721
364150
22522228
4500575
16848385
514958
60271
5877204
971793
2617201
17285864
12050576
11530482
1192313
5346800
499930
2336184
25698477
6241346
8751965
3625532
77235
1678234
7069519
3483707
5186832
1753645
87532
482356
15953511
277579
19715315
1114965
18073084
2272286
20154072
3637842
36582594
1250
10122607
3656938
6814482
2860928
172417
4930180
7896426
81674
7131398
24072
3676790
1286699
888145
27370115
3362697
3331081
3515215
4923117
2175100
2510627
10818013
10041501
3578530
369544
3182655
35465070
2523460
8262809
7957649
2525093
316799
10421215
68723
601757
9599077
2051902
3492868
3819663
39352
141485
15607549
459206
15298028
8320661
2017831
10072242
8044497
22781174
3698702
1614583
14860941
22549243
2752934
3456777
5884734
2503431
17502939
33117
788284
16862791
12468852
2057791
429474
105050
23467888
9267265
4576552
4830319
98496
2834867
22997843
5373148
1153376
383220
1572023
2009380
222817
51308
52030
39165747
4282561
5375726
21265801
975399
32817989
161244
1772
8205137
3478084
28383547
14937107
1612242
7266235
2749382
453489
3061958
4111439
22458779
8604922
4029900
575877
536028
21526185
3268381
3038712
4250957
5860000
101279
376760
10208
1326986
8018058
4618244
3067231
23489093
7298065
76359
4371344
308367
17651
4071242
1407103
2057653
5392783
1889575
32169733
19051236
2508481
112547
3240967
21486110
310470
3623091
657115
398848
1111975
7882912
4506227
146600
410492
27314711
351188
11750410
627024
2577175
10836986
856470
4062744
1397453
2536121
29343417
4189807
29206849
5472005
16167732
905226
1582525
3562037
2604449
7851351
2523036
12206409
4404650
29645511
925678
2410513
27508266
23477235
12593927
17351808
12997007
22641996
365942
6602841
609887
4216567
292785
15274205
1450694
1445203
2155343
75358
2618438
686389
7564029
421925
4551887
26374999
3672654
995227
29704620
1860917
758535
1475943
10254102
3087390
7286818
3486285
925342
32164643
7235762
2982040
1739105
3438158
7541226
6363540
284472
1078878
389789
3309897
8900275
1615033
349634
13474690
1774014
5492622
3720947
2686768
5844206
429823
2172517
14128315
7545468
27733029
5085991
2509533
2162325
22283124
10319595
4496050
23881476
1734519
2578955
96976
804282
30303108
28285122
18231758
17632406
1105830
2254467
2047900
182257
2664220
5064787
38657615
10471793
18951711
5930219
2630269
37052591
2022580
6579517
45636
2835136
8346856
63615
2549747
