991658
43207
43295
55965
474083
42826
43030
43607
42505
42828
990515
43937
43749
468386
248133
42256
42550
1019704
195578
90501
354747
1000190
1010289
991440
1018497
42609
43874
22217
999577
356089
43717
1006347
195647
44005
991681
59380
42391
42427
42213
43502
1004650
999538
42655
992817
306932
989264
1069530
1071331
55894
42428
34403
991771
42373
43804
990350
43503
1005070
1238217
1004389
377663
819781
42562
248093
355819
43230
44051
104528
989260
455367
42283
996849
714700
43394
249435
248135
1019261
1108539
43513
534183
354217
476484
249185
43366
1006492
43456
108840
42628
20456
476228
995314
925115
85698
1536087
44148
11067
1011259
992798
1277745
476441
460700
465104
43897
1002815
995857
42395
1008972
1007109
989281
990318
42986
472732
43389
44048
1025503
42476
1097005
42807
119081
358344
43256
477377
489616
1004126
42614
43488
43420
65384
42630
1034865
42915
1014043
248917
42489
1108203
997741
43587
248995
1024035
71890
471624
307019
533903
6414
1052527
1000867
57576
989302
360436
995251
99433
1005263
1108518
43213
43612
116496
489683
359064
1019212
42527
42572
991663
41120
1023378
1022599
464729
42143
468392
1010909
364530
307359
19101
472016
43429
43648
43421
43356
42164
462853
43114
307337
178623
42383
476412
1002638
43104
1098157
363766
67680
1013261
57298
1007408
42281
42506
46459
44114
224655
46371
1532912
43000
1064741
361536
117521
998284
995891
43918
44059
1017790
1254051
42200
42595
361779
1155764
557843
1043068
1054255
999338
497378
69153
998689
43901
43780
83432
43836
11119
1021060
42949
84238
133502
43727
43630
461288
362354
668453
42896
44203
1013288
1083925
989274
45167
361555
43413
42393
51976
42606
988482
55903
8159
42964
93345
1070794
42420
81030
1098981
46408
476471
1020983
43171
248707
990357
43939
306962
446416
476386
48325
42326
79465
68305
1019036
999431
472530
42524
57295
1011056
42671
704033
43318
4034
44288
43843
42513
43224
42324
359636
44022
42551
42220
991899
1075879
8122
42435
55938
32768
42976
43419
42179
42591
43167
356583
476438
42223
363089
83453
1004429
999605
355778
1002524
43378
42379
42704
468997
43133
43462
195675
30634
42823
477334
42642
1012015
43851
42452
43685
710599
42234
476378
1007088
43029
1006550
1005586
65760
359298
43664
995437
44071
1013372
43559
42603
474788
43476
42181
1114590
497362
42380
43838
991333
43533
43293
42436
356863
43645
42712
42818
42629
909337
1012275
43244
1220046
360796
989117
990870
91440
43423
42651
42620
363542
1004092
991830
3848
70863
195482
1020088
461757
41016
1019611
998072
998960
46277
45161
1029644
1008940
1025032
42147
1032924
55990
991774
994012
43522
46375
749190
42993
185795
42587
695348
990499
1178377
1001246
42194
44015
43400
1005903
200423
989213
42539
43426
94826
49218
42735
363002
1013011
43528
478895
557687
992775
1018881
82305
27835
476128
42529
47760
1044003
43042
1012721
1092974
150493
1012753
1109389
356432
824916
992875
307223
453058
463904
1235787
1125289
1041626
83612
59907
30628
57328
149210
307319
362451
1030858
51984
355771
1002073
44244
248955
85638
1037519
94096
459810
1018686
276689
500156
43762
991010
42191
289654
997880
1030837
1016230
249482
471747
71729
42710
1002259
697500
192937
43635
43642
43626
46315
1097214
1327993
55722
43047
489626
42938
1014013
43505
42924
42969
44213
733639
95184
497093
994737
991343
476176
991631
43440
454950
356940
42574
460679
249594
1002066
57588
476495
1004490
43829
985058
258776
1017842
1004122
42549
63298
989221
995293
42247
346871
995951
248085
1033281
989125
307477
999251
733669
42272
43516
989333
43191
44165
81796
43183
1018622
1028217
992486
43155
43699
999617
42596
42706
41531
1064448
22229
1001370
42566
509743
395152
43076
46439
43715
442362
476465
248944
465089
44080
1129123
43916
999590
44117
455430
42432
8194
91430
999638
43826
1070356
68903
42937
43794
1011581
42153
42644
992900
43494
42345
359165
39565
43976
43773
476490
42654
1012920
44095
81366
42556
43993
1047725
1004052
1021026
1021222
1171665
42430
46431
3308
991860
1002775
1234
777227
46416
446373
249700
78018
43834
992265
43428
44150
364184
42656
83624
990457
1002038
72008
467351
534192
154904
1210444
377765
1021672
42495
1451345
807067
1012760
992475
993912
999664
43176
987460
42910
42555
43077
1012919
42227
1018695
1004686
534260
57349
306913
354671
240420
69726
1024025
69891
1002274
133720
648158
42952
295701
42375
1042808
1012246
12813
1592771
356238
42808
42984
43605
57580
361220
4856
247944
1129001
69741
1044257
42604
42962
43142
42369
361452
42240
68292
65103
97812
42662
43261
80886
363596
533250
1065760
44240
356122
476100
475293
999690
454876
69055
36646
42156
483600
1451343
1002090
94937
65227
152247
82458
8176
1012739
43734
1019491
1071163
992901
357848
44276
1013229
43208
43222
160062
1089100
42290
1166027
75574
1398287
99138
43542
1005962
307451
468949
82474
10582
4636
534181
313839
1180596
43721
44201
1023589
43850
357737
989285
42315
4309
43059
989388
1302999
43959
57541
1002483
1018943
43084
1512900
358415
81100
406140
992438
79109
69807
1005316
43411
1705068
42892
11062
46123
1095047
44197
81296
1183656
190884
42759
1011474
446174
1022059
996924
2121169
1222409
42335
39579
249214
80789
3562
1106485
43255
150487
1436180
306938
83560
81546
998626
1002246
43125
43898
695516
44149
102115
1001160
476293
907332
476492
1016354
69768
45667
338857
11002
1037475
133716
1340390
994500
476477
43711
43151
12953
43357
1012798
57442
1006940
43636
991953
42698
1021097
