1006256
991658
43207
468601
161419
1037649
20405
43295
55965
474083
42826
1019645
43030
1024771
43607
1024143
999612
484907
1021916
476297
42505
131832
65690
41327
44043
42828
990515
1000205
43937
533734
43749
1066242
468386
10477
452692
248133
83983
42256
717
42550
1019704
81198
1023742
43023
195578
1106282
1111018
90501
79088
76538
990407
44042
354747
1000190
131949
1010289
991440
1010238
1004462
55777
1018497
196683
992659
42609
43874
306785
704152
22217
1018395
999577
227002
356089
43717
1541989
232310
42944
1020563
340954
148667
43270
4329
457099
113851
995951
1108824
1018408
225139
991520
1002380
1071694
2104439
1006347
995470
155951
1070293
195647
44005
173544
991681
1028490
991942
1054564
59380
42391
42427
42213
695366
577285
1173684
49649
42322
43502
160486
1007453
51242
988181
10853
1164047
1237846
1004650
43350
999538
42655
1022055
992817
306932
842034
360713
989264
1069530
147940
357941
1071331
95120
55894
446299
1327122
533130
105582
1053796
42428
1023369
34403
991771
358844
697721
42373
43804
432393
999162
1008793
990350
43503
557551
1005070
1238217
1038407
493482
46160
1056745
1004389
1022876
1004562
865109
457503
1002494
1004466
1053772
377663
819781
1100740
19923
1004719
43718
987862
362497
43919
42562
1039120
699856
372894
248093
157114
132434
355819
366530
314289
1199134
992768
43230
249354
97248
44051
1193146
363490
306952
104528
989260
455367
362073
350264
562785
42283
996849
474594
714700
177653
1162454
43394
1036274
118789
55779
249435
1002274
809557
248135
43409
96139
228513
1047897
75596
1019261
1108539
447620
2232
1403721
44056
43513
1054940
534183
354217
476484
249185
43366
1006492
43456
1011782
76427
355987
108840
152886
1091773
42687
33069
42628
1038322
95114
67843
2321
149655
42744
1095355
20456
476228
995314
1884225
83792
1066393
83558
925115
1016912
108960
74796
85698
1334379
1536087
783907
81528
1012057
1052879
1006328
248827
9233
44148
11067
720812
84818
1011259
307529
992798
1277745
476441
1011824
460700
364267
1009098
465104
1046331
1153513
43897
42559
1005484
1078513
1014270
1002815
995857
297582
42395
94114
86503
1008972
1015667
443818
1004424
44707
195916
95073
1007109
369451
989281
990318
1023137
42986
472732
43389
44048
42338
1311748
989108
83136
40660
1025503
42476
722851
362737
1382
251762
1097005
42807
119081
358344
43256
14701
758153
477377
1033189
1004100
489616
1068730
999633
1004126
1118642
480280
41979
42614
43240
43488
43420
42558
1674488
65384
185804
1801342
2174752
60726
42630
1034865
42915
1102075
1175740
41267
1014043
248917
42489
1108203
93538
1013421
997741
43587
988074
248995
1011983
42227
24778
1275856
1024035
71890
471624
740083
1175575
1013378
475293
1073198
307019
533903
1016607
1176651
6414
337238
1332432
1011823
1430606
24025
40309
3982
1003993
226930
43109
1052527
1002497
1000867
358591
42669
57576
989302
360436
135310
995251
363410
37535
1037936
990729
99433
1221494
361461
467015
42894
1005263
42688
1108518
43213
364085
43612
116496
489683
359064
1296173
995441
442477
1055838
76224
834071
199697
1019212
1019068
44285
248847
1011655
362781
1033901
42527
1050945
42572
502705
991663
41120
1004805
1023378
1153444
1047402
1022599
156432
1573226
42367
42537
1008290
464729
42143
1045592
1902447
1007358
1004756
468392
1010909
359661
103681
1008299
66643
364530
1016413
1390455
1019179
1364250
1022452
116784
307359
19101
852410
2621892
472016
43429
1200663
558778
355892
731167
42837
1354493
43648
57081
43421
1090715
43356
1007805
928795
1018268
39127
1013199
226473
354208
42164
462853
358578
43114
2190033
1055578
846
1066056
307337
1117563
780409
15185
996119
94775
22410
460713
413106
42743
178623
1034373
76722
42383
1001268
154919
476412
133972
1131627
1002638
43104
1098157
1682071
231237
363766
1018127
1095524
25333
856796
1092628
67680
1013261
57298
748443
527410
1048325
515945
1007408
82425
42281
780196
1365870
532971
3220
1015353
42506
46459
1018767
44114
455004
224655
1555274
1183531
990846
46371
1532912
43000
1064741
994851
42474
79841
361536
43659
989276
1037554
117521
996145
363063
23355
112224
998284
1121894
995891
985192
1010585
1118717
10473
356543
1012927
362680
1175323
282637
1060898
37365
1024093
991411
43918
991011
954713
16478
990615
1007024
1002041
44059
1017790
1433808
1406889
3443
248472
119263
1017501
1254051
1000354
112197
42200
1060668
1005239
346872
23805
21437
44414
42595
1064571
361779
1155764
350929
992886
94339
1038536
557843
249447
1043068
1018924
250139
83456
356043
361573
1054255
100156
999338
497378
69153
29542
697501
998689
248780
354495
95096
1015060
676494
1054989
43901
1001320
1021083
990936
43780
83432
289460
1014812
224531
65882
42735
43836
798797
195994
365595
11119
1184608
1014443
1021060
75840
15340
42949
121323
75960
84238
190793
376091
998292
1000550
133502
80733
43727
1081329
42262
57347
180656
1896252
42252
1018205
43630
55756
356002
248891
461288
1008740
11511
347304
391952
1147612
362354
668453
22819
78601
69455
1012881
492382
42896
44203
1013288
1004624
1083925
348956
989274
359413
71443
1015214
457143
143768
45167
989138
361555
1966032
1006482
43413
42393
908141
2621354
1100686
51976
446533
991001
95247
42606
988482
1445195
55903
119997
1255118
8159
42964
42806
22090
43549
93345
1070794
221978
16457
1071218
1012749
468323
471899
42420
41063
1014142
81030
1098981
46408
476471
989100
39275
44145
1012518
1020983
44273
43171
85756
23952
248707
990357
1256869
43939
306962
1024683
1022924
1014793
9725
1029243
446416
76962
370108
476386
42257
48325
1365720
1299857
357064
353591
42326
42525
231204
95001
434660
1077199
1061922
79465
43602
1071873
992104
1184593
1037832
32352
1012386
