43295
55965
42826
43030
43607
42828
90501
42609
42427
44051
714700
42395
119081
65384
42527
43429
42164
307337
44114
43918
195647
43901
43727
1083925
55903
8159
992798
468392
306962
8122
55938
32768
43612
43167
30634
42823
65760
42603
42436
42712
42651
43029
46277
45161
55990
42281
94826
42529
477377
249435
195578
996849
46315
43440
356940
249594
42549
42247
42642
44148
46439
8194
997741
42430
1013011
43804
476386
534192
42495
509743
43717
43366
42153
461757
43642
42808
1129001
248707
42962
989281
533903
42662
42156
1012721
1398287
42591
999251
43244
43411
42191
44197
446174
1070356
43898
43191
43357
42572
43213
42986
43132
998284
992486
497362
990318
476128
446486
46431
195482
26777
467351
42976
184624
476176
377663
476477
356089
44038
42595
42213
248955
992234
1030389
42513
461288
248944
460700
1108539
999538
43513
44240
1002038
533908
468777
248093
1436180
994590
116297
42380
534183
471747
44071
42524
476154
985058
42393
991860
43734
307319
42383
42342
42147
43585
476412
42671
999338
248085
43230
42896
43231
1011056
45336
186056
8174
497093
42818
42924
43821
51976
459810
42628
44165
42807
468997
43587
989260
991970
989302
43205
51984
43104
42290
106937
1133712
999665
195675
44022
1015007
240420
44105
43939
43000
43494
43777
42181
359064
43605
43171
988482
43765
224655
