43295
55965
42826
43030
43607
42828
195578
90501
42609
43717
195647
42427
43804
377663
44051
996849
714700
249435
43366
44148
992798
42395
989281
119081
477377
65384
997741
43587
533903
43213
43612
42527
42572
468392
43429
42164
307337
42281
44114
998284
43918
42595
43901
43727
1083925
55903
8159
248707
306962
476386
8122
55938
32768
42976
42591
43167
195675
30634
42823
42642
43029
65760
43664
42603
497362
42380
42436
42712
356089
43244
42651
195482
461757
46277
45161
42147
55990
42807
94826
1013011
476128
42529
1012721
248955
42191
43642
46315
461288
42924
42383
476176
43440
534183
356940
249594
985058
42549
42247
248085
42524
999251
43191
992486
43155
509743
46439
248944
460700
42671
8194
1070356
42153
44165
51984
42430
46431
991860
1002038
467351
534192
42986
42495
359064
42393
999538
42808
991343
43605
1129001
42604
42962
44071
42662
44240
42156
1011056
43734
42181
42290
989302
1398287
468949
1180596
43411
1108539
1004389
44197
42435
446174
1436180
43898
42345
476477
12953
43357
42513
359636
224655
42342
358774
46375
95060
359298
991970
43431
307019
43795
43132
994590
43777
42589
43205
990318
995857
446486
989274
1183754
51976
186056
1089100
42432
43171
988482
42428
43585
42223
43503
43559
989260
26777
999665
43230
43104
42539
987460
43843
184624
75077
182115
476412
43207
991440
307319
360436
1129123
43821
42927
43231
42896
43142
42964
994737
476154
44022
497378
307144
999577
63116
42698
247944
240420
1012246
44038
990499
43939
42213
43125
992234
307451
1030389
42256
42910
446416
476465
67680
43505
1030858
43494
43513
82474
533908
42629
468777
43874
1015007
248093
497093
468997
1133712
116297
459923
361452
476495
1098981
43750
1030837
471747
43256
44048
44213
1008972
42818
43000
43394
306932
999431
46357
707892
43084
999338
992311
991953
999638
43603
991333
42587
899760
1071043
43042
1007088
1125289
455367
1210444
43952
43993
1007408
356863
43768
249214
57346
45336
43203
195536
43765
483600
1108203
8174
991631
42240
42938
1064741
43999
1024035
1002073
42848
990457
459810
42628
43255
989125
43378
42220
42445
44095
987798
43356
43636
57600
106937
1002307
44105
42550
42644
41531
987
55894
675558
42949
1003395
734135
1171665
1028217
455417
1002278
90144
995891
992265
44080
43315
43516
249185
991658
1005586
476228
42235
1006550
43645
307223
43455
472732
42194
999685
43542
459838
446373
43524
43183
487149
989221
476117
998689
733669
1098157
1033281
43352
474083
42937
463904
992875
43836
42654
1012739
42556
42574
43456
43389
1020983
51981
1001370
668453
43403
476471
476484
358344
45167
476378
42505
998072
357848
43114
1032799
42278
43547
454950
43048
42506
356226
43423
46318
1340390
192937
43462
989388
999442
44005
641649
1277745
200423
42553
64614
42606
42630
1016230
43385
43685
42704
1019704
346871
1004686
43488
42607
356733
42225
1008940
992636
1018497
355819
1019160
43052
354747
44150
4636
43773
43715
476438
995293
43938
46452
990858
987538
361536
1012980
1001246
189450
42391
43426
43047
1002524
361779
43094
43306
991899
1002775
43162
39164
1025503
1155764
43508
1097005
363089
1059133
1004122
102115
57603
46408
42620
42234
43128
267185
248133
1012015
455430
