43295
43030
43607
90501
42609
42826
44051
714700
42395
119081
42828
43429
307337
55965
43918
43901
43727
1083925
8122
32768
42427
30634
65760
42527
42603
42436
42712
195647
42651
46277
55990
46315
43440
8159
249594
42549
42247
992798
8194
42430
43804
44114
534192
42495
1129001
42662
65384
42823
468392
46439
356940
44197
43898
42164
43029
43357
55903
43717
249435
195578
43132
43612
55938
446486
306962
996849
42642
42529
26777
42591
476386
42808
377663
477377
533903
497362
42156
44038
43167
184624
1030389
989281
43642
42281
44148
992234
476128
997741
94826
248093
446174
998284
42153
509743
42976
1013011
999251
43191
42572
1070356
42962
42924
45161
248707
43587
44240
195675
43411
43213
461757
42380
43366
1012721
42986
1398287
990318
248955
356089
42191
460700
476176
195482
43205
991860
43664
467351
476477
45336
42513
42181
1011056
468777
43244
42383
46431
1002038
248944
224655
42147
42807
42595
8174
42213
533908
999338
999538
359064
985058
534183
461288
42628
476412
43513
992486
43734
42393
989302
42896
1436180
476154
994737
307319
44071
1108539
43795
43821
43585
43231
42342
994590
42671
43230
