2487
4115
9311
14149
9097
13657
7987
6515
2505
4444
1233
11255
5440
5022
911
1286
716
8733
656
4156
12252
4578
1153
5106
2540
12
168
278
6583
10763
487
9050
5681
634
54
78
6894
4488
1658
3478
6011
2832
11612
954
1530
2061
3185
112
4586
5140
3344
5136
8658
7158
16
11096
5987
100
4470
512
5554
4349
4915
1378
683
1778
5266
10549
5199
8618
7597
283
131
11189
246
87
329
10484
10665
9928
5235
1720
7752
690
1960
8332
26
140
11394
15103
2036
9596
558
3330
3673
8542
3226
13895
548
7621
3667
11185
449
7779
11168
2970
687
554
1653
3195
901
9922
13277
562
1645
6157
10422
7711
4538
3684
77
5871
695
647
624
2435
8656
1436
6006
3073
1159
12511
10174
1888
1401
13156
5176
4306
3429
6726
1466
2784
13726
1510
157
41
880
13745
4875
1570
10673
2071
4471
8119
5925
557
5601
19
8509
8415
747
3482
4052
9246
10757
4039
4518
1171
4831
3211
758
2202
2070
438
8642
7725
14390
7404
5995
2247
6908
9244
6248
5838
9650
765
187
12526
6853
15091
1794
265
2938
8004
2069
8238
15224
9001
9500
11950
13787
9149
8400
566
9360
11702
396
3864
82
5813
1684
1212
240
12847
66
105
9334
2619
8079
420
8147
5812
13389
7490
138
5188
8123
4660
5506
5623
8065
11616
174
5038
2080
11051
1569
8
613
3659
3157
13146
1213
737
7076
2820
79
10255
5179
6483
1515
8634
200
3791
991
14509
3469
1324
2117
2840
8556
6481
6318
3770
14612
145
10414
8267
4432
6728
3677
834
1460
5455
4266
2178
7295
11433
1768
6559
13059
9706
1824
10946
431
2708
502
858
6071
3155
744
1736
3498
9381
7547
1710
1585
196
8630
11436
788
4838
4784
1690
8387
688
1099
7153
47
5965
11262
11243
8322
3105
1485
5020
6803
56
3533
5679
3698
7015
95
9659
4876
9954
693
7618
1236
13865
651
3276
14171
6923
646
12350
531
5159
7543
194
7855
885
8348
14263
1464
8610
535
8985
2119
2717
2747
9888
7243
2625
10092
4999
13814
629
7859
7299
12184
11933
151
417
958
18
15177
70
2518
3759
238
23
750
129
10660
2705
12604
3696
8554
10883
1405
164
11979
2602
6698
2281
7120
7841
3447
205
1030
606
12363
1866
1755
7214
2835
6050
598
3094
3541
13501
653
1626
850
9781
14046
7217
8194
2966
2954
8632
3146
6235
12073
5971
9029
6573
11563
10105
14936
5211
887
10056
2677
307
7397
4508
724
218
4354
11624
335
10979
7809
2420
4919
9258
359
6992
4208
156
3028
4912
6133
978
6132
4699
2123
12456
3841
10189
5851
8731
210
5507
1644
2066
231
4063
1520
1167
539
7908
6834
1887
735
2075
12887
15099
2314
4636
3014
515
8367
5581
239
14297
5686
7893
545
3016
267
1522
6194
705
1784
1398
4085
3120
9073
1226
12373
4145
13729
8297
2735
9341
1245
13236
6454
1312
1221
498
10719
1237
6250
743
9877
7494
7856
1263
3997
12424
9571
256
6571
6561
10957
1059
3792
2703
6524
13946
2043
4467
328
5168
9299
11864
807
6376
845
6479
7302
2362
2019
4319
3098
4579
233
9840
599
9422
10749
2058
9907
6859
2971
1852
6547
7669
7746
2716
772
3908
7511
8279
5212
8131
6501
10581
316
3059
1514
2188
1666
953
9797
3071
1769
7655
8689
8023
14137
1101
12236
827
7676
937
14591
9741
13664
1363
1775
6790
511
1307
5231
4757
9497
442
4495
6049
300
5702
1683
9943
4207
2724
1525
6375
74
1911
6122
288
22
4261
2141
15015
482
608
1361
10775
412
395
556
6322
3594
3779
5747
2958
4366
474
3597
942
1724
7848
7861
11812
13607
5936
12392
13890
1587
68
563
11856
6545
351
7099
5415
12305
6265
553
8724
150
6775
32
5384
118
14395
2372
192
5117
15028
3026
386
266
2244
3663
48
44
5988
3397
10968
3126
4985
5040
9125
8887
6205
11078
72
2866
6961
3777
163
2800
863
9182
1655
5879
2017
268
363
9736
13629
9820
113
2470
639
9365
7308
815
1528
829
14442
209
11369
9686
2525
3618
15215
9795
5850
10019
31
11984
1037
2551
10173
776
5274
3535
409
10522
3197
4
11094
3714
3214
5137
4025
9774
2407
5173
1394
990
1195
436
1642
297
555
9538
3278
10024
7123
741
3491
5213
11155
10897
176
871
3163
5389
11273
3811
13028
8340
5624
12719
124
1313
509
10354
7459
13939
1954
8498
6001
9363
199
1057
416
5265
6675
8678
8330
7833
3213
2696
14169
14863
12962
230
6684
670
3021
14100
14029
4715
122
12700
478
262
14466
939
1047
2561
326
2278
2686
3474
10490
1417
5998
1198
10289
10812
1547
5241
14717
12115
10327
4158
12502
525
1498
7788
13276
6225
9065
3254
2786
383
3381
4273
1114
2618
2644
2243
1967
8293
738
1545
7860
1362
60
3707
27
7639
2237
8382
2147
9624
2301
800
1987
804
589
11075
9946
7956
14463
3978
15161
382
2295
1146
4311
6002
1370
1449
4525
6252
271
793
13288
57
10973
4032
12657
7743
6505
2230
6512
15033
1540
1912
8202
14788
2056
3093
5924
1060
8921
8259
3266
5285
8512
1098
4931
6734
2827
2091
234
9339
757
5001
214
8701
11942
375
4824
2872
357
3320
190
1227
6370
1010
2143
8655
5292
9746
2504
1521
5446
4819
2727
7693
2441
1793
2195
128
1671
13354
6484
8093
415
11568
2332
10197
38
8450
524
1984
361
985
12160
1838
12454
638
11139
1597
3957
1192
10848
5885
9638
11380
770
11851
8923
3877
4528
247
1663
1316
7620
866
1810
3347
11250
370
13715
9467
2018
4798
6565
2430
5066
8590
2880
2067
1740
10752
6095
8987
13416
10731
12133
5095
6638
8715
11626
1869
15059
6517
3372
7145
9576
700
14090
5940
7853
721
13643
3149
4252
9420
621
7862
8107
3167
1748
10035
3335
