13288
5957
1765
874
4716
11715
503
4156
4310
5593
8256
10549
5143
14297
287
582
12247
124
6638
30
4299
13309
9752
157
5020
829
1528
654
2952
13985
269
2231
6083
4458
1025
2736
757
9494
2595
53
3651
3552
13940
8346
2025
2244
1292
1943
3009
13814
639
7155
592
11468
4084
3939
80
315
3152
12969
457
5417
14330
71
12272
5117
4358
1648
6951
13670
2212
7853
7091
5288
1179
1134
36
13528
12388
1652
8677
616
2928
61
11912
4791
2619
12919
6836
5682
596
725
27
1758
765
3397
1522
3250
14867
1593
5928
845
15193
79
296
5539
8942
414
578
247
8536
780
6801
7197
19
176
11911
4118
7741
6334
326
107
5619
12601
211
100
6093
10212
359
5450
8330
11565
6629
4901
6729
13957
9402
6024
5554
397
4405
12065
1257
597
9890
1771
1343
14980
6030
10254
2720
8603
8399
91
1035
11191
1175
2960
13721
9930
658
12326
8035
51
6675
2624
590
974
5645
415
13591
668
1103
7636
8712
12564
2992
6019
5081
4731
10352
261
5906
11847
608
12409
866
9789
1658
1957
8655
2865
2087
5965
5636
12241
506
3222
7203
7983
47
637
6842
3803
11467
2528
15201
143
1646
7941
41
9363
1379
943
11319
173
105
11088
5769
9771
8862
14697
12650
3283
3909
205
1655
386
7891
5335
3286
6456
9910
1312
3354
2067
76
8583
3752
5681
2314
8210
13469
7700
265
2602
3211
1530
9308
3914
14207
1032
1941
2998
328
174
242
5012
1890
8193
2461
13325
1663
9178
129
1383
10610
63
12828
4788
1467
4526
5812
8302
2926
8218
5449
3956
6807
799
12963
11864
8264
14
13366
78
14688
2779
286
230
14454
3041
1413
15055
14172
5422
5948
7263
4678
1186
4859
8687
2650
8702
1475
7128
1174
8500
667
653
12201
10440
1282
3940
8339
1662
3548
1768
2654
7459
9602
2013
8921
2730
196
12009
10752
1690
9436
256
9542
14248
2903
133
12705
7231
130
13437
3094
7066
3482
784
1549
9525
518
482
11009
2963
7854
4152
3589
1842
9002
5410
9716
10120
4213
6725
8540
6714
2028
5909
3978
1667
700
5574
243
6674
851
13015
3246
10070
4824
57
6390
5077
8227
5199
2056
498
12015
5472
110
1389
5389
2273
9762
3894
5479
3101
735
885
5051
10376
5454
6089
9378
1398
4133
3691
9220
9081
7379
953
2978
878
23
2980
2882
634
9541
2599
4518
2550
10134
8682
97
8479
631
2247
8502
7604
2660
337
7438
154
10704
10569
8441
507
2377
1156
13227
138
4348
606
2284
4386
8195
5149
2182
13132
10024
14178
8171
11545
249
11297
626
305
226
12264
193
7019
6937
2448
1897
9631
5789
6190
2503
4426
5522
396
2485
3120
10122
8706
1316
2117
7620
12850
14397
295
383
3238
3677
25
3469
3760
15075
2961
8434
8605
10672
3139
8344
20
13097
13155
8507
12284
651
4252
3338
303
839
1851
7635
8387
7863
908
10854
3115
404
1566
12628
1350
11172
989
11744
10319
3519
1676
8867
2877
8147
6086
12986
2870
4829
7150
382
4800
718
2069
1091
4780
278
11731
3843
5893
31
4983
15088
4030
4002
6850
4320
4158
1466
2803
1020
3196
5054
10937
423
6698
9258
5245
3195
2820
10938
363
3403
736
234
7359
5662
2976
307
5263
9928
387
6471
7597
1746
1481
3449
6932
99
815
3363
13664
709
5799
5124
2493
238
884
2200
944
1642
8963
9470
94
9748
3780
12259
758
624
329
14459
6519
11985
7159
593
5473
2645
540
9963
3419
14381
4729
11342
9739
9629
1338
4499
9448
995
11248
1529
12456
6174
5486
8610
13315
5060
4284
7145
11098
10311
7182
11856
10204
4290
2678
8778
2798
6998
56
14362
11859
13343
8735
4403
6366
11979
3293
240
2621
2302
5648
14293
13747
1038
5375
523
7923
745
11369
6095
1541
11066
13404
5
828
7859
950
13393
2927
545
101
1520
10362
10637
5248
752
14110
7264
610
9437
298
10048
1854
8548
6375
2677
108
2735
7356
7852
613
7077
9617
11143
6329
11994
806
421
8928
15043
6150
12444
258
5027
857
8621
9587
2086
1689
9825
12591
10689
1987
14135
6784
5548
10239
4609
10359
6279
10691
10745
10543
1948
12416
2113
12920
159
12319
11262
7856
1256
557
3817
2773
1645
6699
290
2414
8544
9370
15050
5892
8395
377
1641
2958
4830
3805
6683
7969
4919
7727
5426
6315
7417
789
2859
152
4988
1823
2123
7429
1855
1472
649
2341
12289
2141
5747
1838
6483
1740
7834
12863
5901
7404
2090
890
4264
3219
5624
1594
77
9306
6855
6047
3367
5260
814
2893
7170
235
1169
1045
9148
2293
310
661
251
7563
6691
1637
1738
5209
33
459
10956
1318
13784
4586
4705
754
13937
5194
4783
511
1209
3137
6265
3866
9685
4089
7643
5891
5912
12192
1713
9859
1539
1044
5807
2910
4585
2276
237
1945
2224
1743
10851
11881
571
7298
14321
12129
2005
86
3241
2703
4063
1117
5230
10775
2688
4145
9180
11096
6165
9
12510
4215
3462
7097
2568
7237
7408
2942
2900
4314
2051
1297
5640
5953
4931
272
12786
4171
98
14787
5346
636
10852
682
2496
1394
13675
1569
998
11555
442
11199
8879
773
8107
9126
8822
2557
2361
8795
1098
5782
6409
8064
2771
1033
5173
13544
3791
6113
4949
1882
570
10587
436
92
1684
134
566
11499
5225
2350
4696
1606
512
335
88
2728
207
7564
6347
6899
1153
336
13792
4345
2269
11901
7956
6011
4311
10809
10866
1424
1370
2210
66
6595
4377
9548
11444
9526
837
12375
8128
4095
153
11949
572
5602
1773
722
324
2763
2077
14391
232
705
10586
2071
10829
37
5717
8296
5431
266
6687
638
12468
5749
8689
3470
204
8224
1731
12064
7107
3775
1127
5961
10367
4683
1040
9964
1059
6925
1748
8618
4094
3549
9379
12498
9639
724
7126
236
5246
7523
12021
2785
11460
3146
2705
1782
164
4669
3500
3381
6413
3122
4167
480
7850
3709
3399
7733
9132
5217
52
12932
977
6275
13065
13407
1998
7512
3423
3417
7463
9759
2471
902
7761
367
2970
160
3852
13761
1146
621
4385
8471
5572
72
1868
7304
7116
8261
1700
185
11823
5231
8641
10828
620
7908
5627
3474
2430
1345
8821
10880
7858
13593
116
2402
3584
4081
3907
7655
817
766
12562
1049
5003
381
10702
3296
13130
6252
3607
8246
12429
775
978
13934
151
14460
2121
2389
4173
3853
7835
9669
2075
6659
6401
9663
5780
535
7855
11649
2725
6148
8587
3941
5206
1653
8566
239
6455
2521
5367
7809
526
1843
791
231
8155
3789
8547
5955
1404
6316
1078
1597
145
2880
12380
1778
8944
3123
10175
10406
1266
6735
9806
605
4944
10548
4523
990
6833
13744
2991
13846
1242
5273
1877
3792
8428
5613
1449
3815
1793
1728
48
4107
90
5664
3230
241
12543
5808
11414
6985
1166
5325
2320
7423
3418
1268
2153
3340
515
10813
3864
8132
438
13938
8884
2220
200
4639
11196
3683
15044
11180
562
539
11343
7669
11420
13550
7935
440
5685
7984
8726
4700
750
3014
5971
5996
3331
10785
1557
225
246
6274
793
1485
8242
778
3402
7295
716
2674
1561
3391
6681
7123
2717
11419
9571
11463
12764
314
6243
2706
9330
11683
1152
3463
11340
10308
4491
10545
4408
2294
14126
3598
4054
1465
622
11410
11991
625
599
3413
5118
12663
3480
14801
533
11403
8071
1171
10059
5322
2552
14131
13282
1827
6040
3049
13959
3632
13566
9832
2173
1992
3346
1928
2940
2633
2738
12073
4691
46
1640
7665
996
642
13871
6956
6987
5184
170
1361
4398
6208
2408
306
8060
11657
14790
12257
3478
2782
10388
7778
10354
5233
5922
2382
13484
6686
981
5370
267
7340
5825
10105
7623
6414
6396
684
1162
10084
7061
5813
420
4579
6370
10170
617
1887
6963
1767
11566
5033
1120
6120
516
2352
5402
517
2922
11423
473
10104
8608
6473
14396
800
1545
12196
4744
8103
5076
6953
1568
7775
2857
3235
6122
792
1524
13877
15069
210
6235
13982
2548
6622
5967
3597
3344
2315
12437
14996
224
8169
8988
3063
7668
10647
3682
11303
13634
2119
5651
6988
9935
5600
9444
6732
5271
6182
929
12502
8340
7764
8066
11409
4608
3806
1632
54
1929
13987
9043
14496
6820
8070
7000
6904
4212
7351
1286
10085
13348
7951
1141
343
5306
9892
11161
3253
11573
1722
325
2931
127
575
10930
11341
3366
73
10883
2286
2577
3428
8972
11786
635
7109
10173
11415
13472
5050
9550
6561
5176
4650
580
6583
1046
1363
8205
3886
5120
4285
876
1228
6954
6352
5629
5114
376
2259
11662
1730
141
12273
3779
966
3917
6626
3328
6917
7192
2368
2490
4397
7378
742
4854
657
6994
13878
10835
460
4394
8986
14118
10877
11407
7825
9343
5487
11886
2285
6600
12
11421
8327
1496
13746
5461
3291
2371
13277
13118
2508
417
1666
3266
7406
3130
9684
1305
3036
2033
861
9886
8704
10413
14144
11429
9006
403
1888
11970
6276
5405
8630
11471
13450
1351
11150
10943
7579
2505
2488
14589
888
2250
2536
11699
5200
12758
4353
6036
11064
4804
9493
3535
11139
4164
3176
263
1960
6484
2018
2346
6205
1442
10910
14940
13673
1797
5728
4228
4128
7710
5795
12632
12925
11477
316
2290
10089
14153
6018
2616
12794
9565
13643
4027
11447
844
743
1902
5661
10755
13167
7046
9994
958
5412
8352
7226
9988
2234
945
5394
7332
2388
9804
342
8672
648
14226
11427
10481
7649
12307
14679
13524
3244
11348
3010
9360
14930
1299
8576
7456
14920
8055
11416
13870
8899
218
546
2012
11568
3320
8355
5213
15
1633
1210
13787
5832
2458
3821
2161
14686
2017
481
341
8956
12114
875
3289
850
10523
186
7172
8652
7427
3008
1993
7118
3670
11310
435
7987
3372
13630
10763
1795
2681
8656
5297
12218
3254
4798
879
7695
8347
1570
9612
10911
9364
12027
6430
15032
1685
5398
9722
8600
14312
607
2987
13397
14217
11413
747
987
14681
13631
1819
14393
2324
3163
4665
646
547
11624
2437
3840
573
3678
2716
13832
9497
2325
1521
3880
2183
6993
8454
10617
2246
8385
5564
1189
13646
5505
2032
487
12240
531
2786
9012
10990
3999
5391
9562
7545
149
14651
1332
887
804
956
563
2079
10191
13409
1227
7949
7938
798
1958
8654
3506
2407
8545
2333
3908
6923
7594
10062
11418
10336
7998
2444
12887
3148
1202
1218
12503
12302
11426
7104
13852
1357
3575
673
2642
10071
1989
7252
6487
6690
10907
4121
4217
10026
4672
4378
4704
2630
8923
3718
11406
6133
7370
1649
15171
68
2948
556
6261
2598
1037
271
3975
7581
2283
1556
10960
15216
11934
733
2644
117
13745
13813
2420
2954
3365
5578
11137
12462
14169
365
11953
3150
686
15024
6516
6602
11755
14923
11693
11550
4243
13254
1426
114
11404
7054
1976
1754
4018
156
140
11304
3647
8833
412
8990
2501
3111
2878
12878
2177
42
4474
7022
8901
6834
220
6565
4920
1198
320
5774
437
8539
221
6290
11852
1314
2795
1373
4410
1159
3110
2432
13339
15168
274
8953
11598
9008
8508
13488
4913
118
8887
13262
6740
13709
11935
2199
11453
827
11704
1815
6009
13031
589
3028
2040
553
2230
1626
14021
4052
7875
10769
7502
10513
13579
6087
4319
5481
9983
9277
10683
9614
5873
8666
4280
4902
3324
9746
9189
12454
12316
3707
3072
131
13752
3208
11376
3060
2209
13250
3131
8659
3696
9651
6157
6297
10196
1514
5997
3187
3795
10857
284
567
89
245
1977
7110
6034
10331
3071
171
9332
10767
4888
1221
586
3656
2860
5925
7821
9282
12483
2255
10765
5810
9280
2800
9401
2375
7273
7407
2696
4266
1164
12501
9802
740
13330
3333
1061
12293
5894
6067
13513
1199
10136
5274
12245
4135
2343
12633
11497
7861
4503
14815
16
201
2178
5270
6482
2832
2417
11412
4578
10042
60
2150
9331
11801
1108
871
3256
5772
6494
9777
2297
12404
9461
8248
11802
14386
4643
9769
5057
1912
2473
11480
14303
4372
5038
11724
9405
3577
859
2555
5462
9513
8996
10282
10749
1331
1944
11350
5436
10812
4912
8348
7688
8925
11425
1354
3046
6477
8225
6619
4875
10206
6856
938
5220
6021
13497
9709
4041
9559
2008
8882
883
2740
14706
10840
4758
6536
9981
9891
3765
13048
10412
2094
1264
292
14509
7899
10117
5299
6631
5866
11470
13245
9272
9181
2364
4471
7671
1063
12760
12825
7822
7966
13096
11479
7282
13253
12258
4099
690
10562
7169
9263
14355
12016
28
6632
1874
7621
2154
10155
11732
22
8872
6201
12961
3088
10193
1074
805
8111
5646
7985
4286
6891
7045
2828
4754
319
10271
9140
10
1067
3847
9884
8946
10107
9852
8119
8669
3475
1453
1024
5455
9471
2331
1471
1551
5191
13966
8053
1869
7312
1293
6042
1647
3541
13775
4926
5508
4979
13853
11821
788
4876
223
5731
9586
1115
4302
12872
474
1307
8949
3554
11417
1252
3606
8400
14398
12908
9993
13261
1193
9594
7553
11379
2932
10474
3518
11408
121
3953
15016
9506
13530
4292
8255
13848
268
3633
5482
8204
14012
4382
4201
6547
1423
12597
14889
9281
7939
135
13890
1953
12117
1232
5933
1355
4778
9700
13252
7079
632
11424
1192
11689
2497
10445
10742
3037
38
444
603
4713
1894
1535
5982
6349
9157
5977
13976
13002
9354
9917
8571
155
7803
422
5066
4561
361
11405
408
12991
734
1915
14684
194
873
2055
1984
15188
8262
15073
1010
4420
13255
14017
8354
1682
4784
8194
1195
7651
1238
5363
9711
8164
6110
104
4469
3359
707
525
3429
9662
13728
9261
14013
1723
12694
1832
3183
721
9658
5155
3582
9334
3826
208
6341
10437
9753
6762
2582
4477
10975
10144
6840
5016
1086
3918
11982
4535
11785
3455
5561
9441
12516
9365
10622
2049
8764
675
8489
192
144
11595
9149
698
3524
5000
704
12168
6684
277
1708
10434
1775
6746
7645
10179
5768
5121
6797
10240
10738
13251
2045
6462
7843
11094
14972
9686
9279
8960
559
260
11652
3272
9410
1904
163
8761
9450
13146
4865
5432
14703
6267
3197
6072
2301
29
1533
7691
6576
10310
9404
5411
14111
13482
11560
4636
10516
7189
11402
3809
11890
3390
3736
1803
13866
344
14230
370
5715
6001
3172
4039
3641
13590
6507
2517
11346
4255
8072
4349
4601
12587
777
6100
1671
7070
13126
5049
9204
9141
4582
1672
3314
5446
1473
1757
8646
8477
13401
1290
9415
12867
13256
8384
985
8014
10113
7910
544
3193
1429
2062
7786
1212
8438
1392
8412
128
10534
12962
5039
13770
972
6459
3039
8389
5849
948
4982
222
13243
8063
14764
10000
12029
1148
3005
858
4296
356
9011
11819
3127
12256
85
13873
8172
5984
12877
1543
2044
14873
3180
2176
14255
2537
1236
4924
3156
14987
2625
7220
942
2133
2921
9417
847
689
9283
2692
7528
7267
12507
3405
9276
688
4146
15091
15174
7897
8237
9170
4446
862
1023
9145
10490
2385
8684
8257
3786
3915
9262
10188
6132
7376
3904
11253
4896
2189
6557
2806
2914
2905
2804
7051
12875
4123
6906
4193
4843
3511
13049
3959
62
113
4773
7781
12177
75
4329
8292
2429
3613
3
486
7082
10701
464
5416
11995
12903
12372
8078
10461
4487
13150
12804
14522
1215
11894
6573
10479
15219
1801
600
5540
5080
9271
13688
7279
3614
8856
5366
2413
4425
4519
9020
7862
9671
3198
9121
7724
10225
14916
10577
12819
10684
1841
598
880
10848
595
410
13888
9339
7631
7860
5936
9274
954
14415
7848
8090
11533
895
1405
15013
6330
11238
3870
8987
67
2600
15158
696
7682
2724
4309
14721
12184
2765
7851
5474
6080
4370
1610
9268
6450
4510
11913
6603
1113
12586
1850
426
10115
7344
10999
9156
7905
14837
7979
9254
7058
7752
12269
2816
5788
6079
111
1161
6984
12244
10002
502
12741
13897
14043
15046
6588
10154
10098
317
3748
10180
3701
9523
5378
2639
1937
1805
1840
3875
4699
13525
10748
12254
6992
5534
214
3906
262
4898
14785
1285
44
3684
9838
2058
683
10149
9293
9907
2152
9951
10632
8487
10861
4356
13248
12809
4244
8874
11284
5095
2912
8024
5550
11134
13978
939
10932
1493
5657
8690
3065
982
695
11097
14024
11078
5607
10298
3985
5987
11756
3353
5491
13683
9954
1178
1093
936
9252
10560
898
10056
9969
720
9003
9599
6635
6764
9329
6671
8675
555
3772
1697
3454
9265
5098
2400
7301
3456
1491
9483
1460
10546
6744
3644
11817
1407
2452
4915
3585
11280
2643
349
5580
3373
2791
12780
15195
9427
4035
14845
2278
1625
8528
2022
7034
8372
2831
10468
13529
2115
3040
1280
8267
14896
8008
10602
7886
14299
12756
9744
1924
14803
10952
8426
9166
7972
2435
6169
4281
8523
2739
5001
5093
1217
11563
8077
1488
3147
4712
9908
6032
2243
7347
2918
6142
499
7562
7510
1498
12089
13259
9264
4048
32
3458
439
13399
8019
10093
12957
9414
7397
7814
1057
5466
14045
11034
6301
7162
4883
10302
3487
5456
13246
7940
15058
12039
6634
10209
7185
9785
15083
10337
10399
4341
2298
4229
7062
12496
4551
4724
10152
8728
4085
14220
11037
9916
13553
2266
15008
1599
461
3788
13860
521
5634
9212
9703
7546
835
3069
14368
2572
312
4186
1352
7221
13370
8922
13652
1052
6894
8427
4900
664
9568
7166
5360
7243
7734
768
7333
13757
11422
11053
1027
136
9216
11428
3295
9290
14956
3084
3899
5182
11052
4776
6112
5563
14032
81
8893
13556
87
4619
10885
5035
6657
4556
1176
3723
9781
1727
10396
8379
1283
4500
15225
7685
8083
7315
753
6521
1463
536
4205
741
7871
824
9677
6192
10114
10008
5529
6934
3160
604
1478
13648
4663
12959
13230
1762
14441
6873
2829
1784
3447
14864
2194
1060
6981
1974
12857
8223
10483
5658
10340
6437
628
12320
940
10330
13629
10787
500
3498
5829
471
12567
13260
1526
5697
3559
1718
677
411
10651
5859
4305
2981
5496
3850
9286
485
9069
802
215
11010
3603
1954
1830
1692
11648
12576
3064
11578
10673
4435
5240
1955
2576
14466
5680
14580
12821
8804
1623
9275
5831
8086
2792
7345
1969
6481
9377
9255
4188
6574
3159
5132
9284
388
3499
10064
494
834
13977
3179
542
8376
5443
3042
7723
12664
5317
3433
10307
11804
13257
2351
2147
13748
852
12116
10872
6916
13984
3724
2968
5004
11329
8518
9367
2456
4134
3214
9193
13082
957
9851
997
10675
7055
11356
8329
863
9772
3079
12876
6168
7894
11021
5895
10148
12143
5167
4572
4383
8012
6646
5348
5113
8206
95
11243
7074
8885
2412
9889
8501
13635
7355
711
1219
83
8760
9432
7142
1966
14356
5840
3540
2387
1031
3264
10174
3972
15227
13580
9776
8739
6798
2612
1525
9287
7462
14232
3812
9600
495
9278
4436
13194
5633
9754
6151
3689
216
8828
14457
12950
3440
6802
7297
10873
7865
5844
6353
6558
9267
8478
450
7571
6172
1576
13785
2050
8396
739
13547
10729
7175
12648
3297
9683
3306
10995
12926
2122
4985
4366
2272
103
2097
14745
9144
1241
6876
1396
8022
8790
14122
12109
3209
4230
3213
7127
12637
13783
6200
8836
10422
11707
3968
12612
11399
1664
8150
5628
4565
6919
3279
6662
11948
150
702
3430
11197
323
5010
2845
9403
5152
4975
4482
532
6693
13478
11525
2237
5478
13596
8961
6166
7772
5709
9921
1811
1899
4719
13030
2588
13810
10137
11293
7164
11612
3802
12327
7525
6624
1724
6045
10195
12010
4841
10295
7416
8503
8
14540
4548
3558
8315
6765
5711
4654
3178
8431
4380
2001
5266
2256
6374
6794
13780
8201
198
96
1197
12978
6057
7254
13576
8817
8351
10057
3287
177
687
13018
12006
9053
2170
8742
1585
4591
13264
13324
3846
10631
6310
449
13963
3673
11572
1885
6362
1983
4715
8241
6965
4422
3538
4493
5609
9945
12688
4325
1800
14846
4468
1196
6371
2139
1225
2409
9295
2310
4819
3507
5705
3051
1930
9734
5792
872
627
5267
6545
1422
8595
11922
1980
5767
10639
11050
783
12399
3061
7268
786
811
8796
2544
706
9058
11553
13448
1434
13239
13609
4254
7217
11174
10618
10383
2460
9473
907
14844
6097
4806
11061
5239
8430
12011
4233
6063
1781
2747
2362
39
14537
10220
11960
1837
1825
4741
1970
9850
12053
1390
4129
11091
10266
10889
4421
5493
6053
13971
7663
1
13203
5851
3001
6102
6305
11742
10734
8420
5434
2105
7200
9609
12711
7756
14236
11092
9266
3431
1118
9574
5458
6680
14804
13993
9270
11842
7098
13723
7662
14031
5843
8079
8341
10172
5864
5594
1447
2799
9194
7253
2232
6244
3206
1821
12369
1165
14039
1736
3315
10197
11300
6123
12370
1416
7194
8767
4116
7800
527
14829
13180
430
2043
11883
10825
7593
1516
12170
11502
4141
5451
9960
6877
12005
3977
9768
2274
15179
6501
10527
5830
3508
8245
2137
12851
2143
3770
1188
1867
2884
280
5282
6147
4433
14664
3299
1615
4100
7837
26
1420
4538
746
9912
11105
9595
4958
5896
5653
11321
8757
2015
12491
4375
901
9048
8050
6242
3243
4640
2657
8349
7857
491
6651
14609
12941
40
7214
14695
14505
7591
10167
6827
10054
854
12448
4046
14806
1967
6772
10773
6214
13024
8744
8625
14221
12943
3694
11915
3640
10129
10365
299
7120
11974
6905
6454
5868
12624
1659
1337
13244
14249
3913
9554
4
3895
9821
13903
8449
9116
4263
9773
1329
6594
8556
1733
676
12408
7811
2222
12274
6892
394
3965
3229
1237
70
9504
13932
2744
9741
15186
13594
395
2913
5022
15224
881
6720
13725
7288
273
548
6225
11187
15142
4124
2309
10460
10033
12871
2525
2125
2722
10858
9316
894
629
2076
11309
2653
9956
7986
9780
7099
2530
11884
13320
12666
4004
1798
8740
3949
13446
14672
1411
2712
833
9656
288
4630
8557
5710
7896
15009
751
13278
8857
2520
8989
13668
13144
5085
8648
12260
5287
197
4117
10189
4858
10473
7747
6137
8186
4467
126
9885
9210
13119
11024
1017
9512
8311
11918
3227
9823
11798
5161
2149
4910
5224
3273
4746
643
1916
3232
759
4520
2455
911
8207
4259
1327
2142
769
3312
6359
6385
21
4614
3305
6250
514
11613
1008
14208
4576
8550
9881
10294
4951
4010
3743
8580
13247
10284
3492
5046
4360
11857
1505
10772
8678
11713
7989
3006
8776
10620
14704
12069
14887
7435
13114
456
311
11246
14229
11520
12528
5382
3416
123
11183
3015
1421
7637
7788
6395
6056
9299
744
10758
5068
2886
9909
4334
14993
354
2066
2766
3409
12166
2002
2708
7139
3280
10277
14942
1572
1425
8457
1747
12771
9342
12679
9834
13638
7728
7543
9914
14348
14484
7807
8215
13998
7841
2843
10158
1250
13710
2486
7048
13812
9796
11626
1435
612
1859
4416
14610
3836
4869
6163
3087
13618
659
6912
5985
4276
347
1267
5415
5591
7980
11670
4316
6753
3188
5850
11063
3872
8891
8723
1177
4711
1515
11788
3325
4265
6803
14107
14290
14915
3339
13358
11505
2833
983
11189
8323
6044
609
6065
2755
3439
11334
8081
12397
1304
4978
6723
6766
4603
10589
4070
5457
3239
3824
9637
4658
4635
8112
841
8978
5702
3352
4003
4693
1587
8283
8187
13640
7391
13865
6135
1607
2185
12220
13474
2476
1291
9022
11130
5741
10029
1578
9623
2345
9937
12465
7970
14256
8991
209
2188
5075
357
4384
13300
4038
6623
4412
13326
6731
5603
12046
14685
11600
930
13008
8252
11307
3801
6194
2629
9104
7495
6958
8285
1892
4126
6216
1295
7152
2397
2609
10817
4457
6088
12590
12413
3309
13786
5187
4708
147
5569
12846
2721
1145
771
1154
8881
2265
3077
10124
1709
13508
14154
2504
13471
9303
12561
14676
6685
14473
8752
3066
14326
4432
2390
4419
1260
