310
37057
27801
46
86340
657449
4986
21
362
646289
20024
71075
44005
645916
1845
3306
27814
17845
105477
1243
1181
807
75543
44012
71153
102903
104196
1210
1011428
4735
646367
1182
684219
110104
222724
2844
22033
660639
78730
805
1185
94026
516
20363
167
645693
802
1001507
642838
649283
47763
636736
646255
108601
106354
661664
697830
4935
939
3
1024
687
825
21170
831
660238
638610
660328
616
26084
23840
18858
30951
3099
644577
122395
33
2686
657357
20921
732815
4889
94297
2525
403
13024
103
6510
2661
8874
1703
3101
69931
1985
1239
27836
8745
5995
1036
29149
8423
722
108611
3491
114445
1368
647829
106990
642613
93539
21472
20011
115240
642490
1450
695405
31842
11879
179149
383
