1489367
33625
42463
50516
52171
10428
52977
13664
9765
6395
52022
18632
23205
4435
1987747
27987
2790787
9766
53767
2806
1554508
63840
52984
9777
77918
9818
447075
18154
53252
58926
170465
54974
1071903
146797
9783
107523
7486
57045
155706
56256
17790
9772
5442
864242
817231
16408
15510
6693
3884177
77451
20131
53947
52669
52062
170786
9261
48478
9787
78458
38254
2890225
55514
865509
4128
1754834
7832
6691
1335215
9851
2883
208336
11509
9779
15527
1338357
77563
2181580
4492
3389
77454
6728
45458
1124609
17603
470862
1656377
53198
77455
75598
3942875
10646
107548
11708
21710
13294
3301462
4129
382932
23132
1127513
