3503
3921
646634
683352
37670
103015
112235
697819
991893
5572
27038
85658
737274
301524
114385
141746
379920
143923
28908
320049
106933
426874
44751
182588
47112
59941
587114
100270
142358
341613
6216
3935
327793
8956
3500
37306
22657
108796
43410
10031
4018
31199
784912
216122
680045
22816
339302
65170
667483
4459
410196
26856
4908
649243
26639
752616
221749
133389
22088
191444
103913
23154
3154
649251
681268
4248
679090
102606
22746
837082
649123
129372
649310
28491
71098
17737
62826
85743
717436
305515
19074
465125
713655
694765
3433
21935
455381
1034426
8209
10549
574709
59838
430547
29810
11350
4833
197843
12114
200306
71178
144298
125383
773752
923232
799296
528218
70661
353209
33849
130974
166328
24732
37403
28206
4
23472
133095
4185
3005
600631
90046
3999
689813
706
28964
69807
40403
173183
14602
3564
3402
86182
97260
62760
644878
102610
1052212
220916
35738
131825
1661
657619
621245
633923
24042
8938
293716
291544
38675
4406
839501
37363
635970
741544
227895
157176
130378
315154
664531
11806
23044
36750
660072
58419
4384
714495
649250
151914
87627
2126
4239
995816
226625
18783
18123
142963
153647
5462
11484
3589
5698
26414
95848
289368
71141
751972
644120
206548
656065
676940
699563
85490
694961
89985
27774
156802
123040
279498
280986
995708
639471
125849
19923
81986
77319
954
21499
47454
80289
642672
192010
542293
60982
10039
278203
234956
18972
180680
1014206
163440
661957
451731
79689
373833
12194
11778
3862
655623
4139
19875
231819
727861
3211
1112790
174944
486959
645505
107882
649311
2174
713825
21916
89585
962893
649266
205673
46195
219035
18371
129280
160697
172002
727690
71018
715615
430850
61491
660523
728998
11356
513204
167008
7005
25845
4945
1841
102936
20455
222602
638632
124592
535092
50561
13697
31038
175523
700175
825828
90811
781521
131599
170155
49647
72485
393687
699491
1159
21430
10967
640364
154907
26921
70081
24536
27682
6349
649255
1068955
104171
650993
138992
97297
36313
193227
169753
72650
715136
112147
1003560
62853
665744
666953
715909
62842
391474
2240
192249
114349
1090958
31339
681378
342060
262190
90162
10009
1039106
939679
125251
75799
328166
162035
138054
63736
27004
23933
17416
83080
75228
74794
41397
60452
715155
20189
1023269
60611
75179
354470
686692
1079206
160264
175669
9429
212420
344033
885857
192412
101883
223430
165989
74582
95
83213
190657
593582
690388
376276
714496
139227
153926
21147
167980
1275
62843
687801
22658
8941
176637
197770
643335
9258
170441
112301
665596
950593
1252
32542
891277
4653
1041717
7023
681946
214319
649455
3399
698119
17874
69320
200394
639677
1018765
345704
759077
37250
89755
2227
95734
6130
786938
77352
3807
71221
25709
27849
71131
409552
1089811
1224
17283
622595
95945
47409
3429
426134
663849
21604
701317
62662
20484
324281
2993
7712
6594
67980
178233
7577
170114
814940
328
77240
1048329
4272
166594
21957
103426
884241
127172
125034
10496
714928
865470
122800
343346
118479
1063971
188807
636782
59608
48598
46868
63819
6751
37661
649204
164829
96225
25683
865853
13449
1066844
88732
222550
29772
35290
711199
425796
1709
131859
145655
643151
129497
29664
14029
7925
41815
6898
710072
7356
9024
9356
58778
1022883
121953
163630
228945
143842
198858
672567
63030
811479
16515
639
295011
787702
9742
846
27463
2037
718
435225
131799
82306
371165
698537
97099
23133
67
23947
69833
728304
59688
87093
21447
135771
101920
211400
144624
11988
1119831
21513
231489
116948
730472
232346
76785
7166
658706
8924
3048
771180
21001
643702
1037083
88709
282823
122057
736092
176101
24839
673305
8898
123978
69794
696592
63668
90212
245019
307548
801695
715780
19572
177336
740137
370284
3813
137766
124112
93528
69799
90873
20125
22104
24184
667551
644647
105386
8480
62739
226946
82058
122900
135193
123828
706780
388243
100958
31965
5204
644036
9077
2249
4777
413562
468956
202176
22486
736804
696115
10621
7028
185311
49933
