410196
425408
137523
151092
119778
950752
693476
1010454
794063
287783
695779
23418
646083
128702
884241
754282
80042
245063
865470
138401
23888
574709
37781
122843
99750
469441
671019
16889
84107
804688
37722
84014
218037
61438
202176
132645
173183
228277
217187
278207
653080
117742
54813
131309
183729
615353
1117955
285047
642504
172002
74868
649250
331246
370284
17299
264236
643088
29732
1526
4926
21226
301607
67667
2118
306892
62739
640774
699563
191650
227195
123978
486959
130997
13494
746834
734791
4079
8319
7985
1093370
203053
29543
16235
683352
202152
91404
553603
270355
218062
145010
90002
24482
114349
878291
79778
41696
294645
837082
116951
18148
142797
49535
123921
70751
584
151061
325182
62844
693282
143837
62610
127697
678827
159927
96750
616053
79695
24164
1009191
8117
668181
12619
430850
726585
62992
1004461
671840
1012889
126037
1119714
37305
63181
337842
3564
620268
293716
129280
618598
339697
748616
84174
97383
21823
275050
672567
223576
774646
232018
173193
11857
156227
57500
54836
4798
20808
178274
222550
186704
175130
745633
229264
137982
667113
166147
102341
60132
411640
72488
214299
3602
729382
770
4987
74227
713655
645607
2974
478861
58778
133824
262967
9168
118647
89888
164262
62373
751972
693176
1027561
19144
71218
600762
121953
113758
862133
17152
19790
87950
177584
101180
341247
107492
122673
38442
3277
90679
699925
1642
295237
23521
725945
123469
37012
186348
314595
143890
78613
197779
122845
5572
1009875
24585
644647
717436
106933
811479
60423
9077
12240
689979
736804
3946
60982
4222
690122
184155
470198
3444
92906
790985
667330
734024
4332
794659
1731
321176
1087816
685552
99665
492502
88585
910048
753687
376276
205655
146279
356926
36085
645507
44016
87632
21654
644120
353209
354470
154907
673215
132779
4804
57751
108206
679964
158900
5541
13414
87920
687671
7277
693784
789825
19996
69798
30395
799296
690388
6939
175287
45094
869219
648347
549509
206271
9070
409121
49493
949002
95432
5960
707836
32009
279202
1715
4110
11882
11413
66737
183619
427157
773168
2265
100384
37967
4081
192965
790999
3660
1034426
281906
328122
139227
60229
213325
9161
608286
202789
184090
186012
264705
41532
1117936
633923
47779
649251
158794
404396
198390
5451
513169
62760
127652
27538
494452
1057881
908778
5175
122405
689829
144624
205538
1013584
3005
702134
327793
31287
8514
1072137
100280
645502
228945
257654
3481
57802
1012808
23314
641485
52579
49647
187112
201995
228664
985257
994762
83213
349270
431932
4945
24775
1249
74438
26856
213003
191423
1631
184314
637220
696875
853448
285863
5204
137766
567635
30629
203901
92128
9011
343060
339302
30747
872609
635519
593582
4139
217667
66391
22486
645526
202747
87810
25915
73060
205421
126141
643385
154600
939679
163440
223430
28072
352209
81540
89468
207021
989
25083
226946
680045
681946
23045
1087068
108118
129898
695747
311519
1069947
849785
17356
7418
457731
86324
1000950
8644
477206
172340
186239
58251
542625
193986
865853
165799
3452
165783
684656
28137
59836
7200
8701
131400
683924
2013
221104
47860
37396
221413
863057
301045
646130
736523
108561
219028
27302
657377
307299
87996
856991
102873
22460
117939
96594
460673
21754
137008
64315
110664
308606
23022
36474
382335
1065019
58489
49800
367947
166763
90117
212680
130252
99641
854329
164517
343346
125688
10039
13691
88005
101094
130248
713388
736282
413562
24778
63092
426874
67849
475544
274637
36651
251863
8368
13417
114385
37649
657450
9362
855457
1022883
132922
124214
28904
477452
801695
642880
1015239
647754
33472
689957
22746
57840
455381
73108
535092
122900
656639
772097
649266
70233
118294
127056
100924
773752
1175
155239
278859
88797
191951
658145
419499
1032923
186921
85148
107535
943335
137483
187293
738706
88586
5838
170441
645987
22538
747721
169523
342060
65594
640372
528218
36269
693888
31038
270679
83102
732816
63025
647981
4075
176101
263104
727828
92621
3156
71488
773117
7256
281923
684289
669066
7737
22465
102261
1076285
662194
301293
688098
643146
647679
21864
5905
149304
132935
242978
687528
665179
1032280
9177
974632
59521
681378
233765
733870
186794
71018
9041
88912
125034
637240
27754
196559
206334
217121
3152
932876
23796
125985
19270
173055
897666
28963
971063
1022475
460300
659383
192249
21781
938820
37051
60737
747389
425898
384
9088
114443
216122
324281
35814
32575
196614
654900
731412
3425
465125
21761
215755
24554
102374
80250
468956
101624
4993
131826
741978
671879
227079
1247
790701
1908
97297
683618
90845
87522
685773
408040
43743
185910
85743
709273
23528
159312
100794
715615
214058
725875
61712
7856
950593
713047
341980
24732
21158
20351
640928
106804
219236
712128
140471
6675
4242
666809
27004
49662
680646
207792
130838
199945
730472
56386
2107
837521
610026
130984
466145
290288
645679
338043
645121
131885
807041
230682
789695
29810
740137
968674
635830
995708
281844
52758
33849
202408
1099167
176578
82058
37374
646621
187595
82702
84350
216432
5115
917613
159303
687238
647994
176831
513204
217261
9255
177161
775
639177
463053
31199
149631
451731
4326
1060667
414070
122974
124665
20480
17905
853015
710975
935515
338895
80078
21940
114470
203999
85697
27157
33826
1064327
17640
84856
125383
703961
693714
103209
615181
4122
711483
778604
795991
7608
26921
291185
223178
943051
75069
798581
37908
6815
643119
415700
715909
69844
143923
11796
10571
85658
1006489
91257
313757
182368
167008
29685
345704
196933
1018746
229792
11334
181881
667551
62393
207800
644311
21430
291544
7968
566331
20185
23698
867122
172659
101169
395379
85657
883573
4772
96113
670437
129613
74308
231657
158196
126444
200920
1013878
726228
21697
107924
200306
26948
73079
1604
587389
3420
309282
50773
24190
223935
831136
47472
541723
327925
7135
301524
18943
3991
132260
835195
29146
709
23187
216238
20089
652428
85568
18176
542293
161227
656065
81986
681735
715136
1374
856803
649132
977507
768258
187212
142623
635150
21969
25945
21120
68315
123248
874122
10049
161030
27463
1068955
692167
789010
1022259
17762
47409
962893
300534
354894
1101045
182611
740991
1066345
957446
312265
776847
3437
152722
303799
24839
5500
771012
486880
50680
447722
891277
656084
672595
1043330
483332
60213
25152
1102875
202006
17825
1104765
130877
434437
515234
151258
887060
747781
9375
63116
218240
1030118
219651
126375
478524
498917
126112
601246
155865
39827
174682
86295
126287
3929
675847
124325
21249
49750
1796
650815
3154
1014555
748795
29697
68388
74770
176640
715155
113813
217323
267663
11355
71529
142819
65407
101719
38510
124435
25924
439593
265154
3429
94184
916468
733136
9790
3807
78576
74031
169703
58922
508599
52180
685972
66380
125048
60493
8186
6676
9382
123221
984474
132759
28945
271961
14644
1038871
60053
660113
327748
653473
1008964
223033
677124
538223
75008
389687
98193
131825
6299
59834
655623
731312
289368
219440
923232
3267
227687
522720
727988
5668
118230
21706
855661
21868
943243
1030432
331851
745113
3071
827910
781832
90212
108502
217221
339712
1263
13697
621245
7459
4725
33032
28966
36711
60312
240982
657503
837753
642544
643341
648635
179134
72764
60455
508339
8956
649215
644898
2850
10072
67623
108113
194709
130669
468845
216645
229006
85586
8209
163501
37670
160270
90508
35290
50993
268090
176681
1612
3597
108603
275015
736092
691965
1071100
126853
7409
97309
5182
574104
33467
295011
62
855428
8122
37132
546251
204415
18552
66421
248502
15151
635299
737534
169753
219280
182953
8394
983151
6932
216445
10874
145542
87744
568447
87942
116888
1026495
90165
6337
206141
112147
62890
251218
56348
177101
161439
1063971
600631
11910
29662
798104
188886
36358
521623
711199
642102
814940
71098
22223
7840
214799
627480
22898
102389
27514
644348
116948
27297
191415
685055
41751
666953
561748
12258
6040
7689
125251
29641
1114680
6225
216868
649225
692138
1013642
339141
696509
2812
194320
787702
59647
854342
322222
305901
60588
711939
22107
642581
82883
3505
60179
336787
9508
375774
91582
761578
4788
3935
104510
663849
262190
9947
1011640
304446
168401
23904
1843
62662
131394
4870
766884
218011
226799
240470
124338
156906
752616
3497
622595
269839
61519
442642
36580
664741
47636
616577
961845
54830
1539
75076
570753
47878
1014206
10036
9592
1001209
293675
679529
365710
323859
37037
24547
196459
712124
529808
781213
110087
850782
580133
156605
794695
6194
68021
63911
820997
166181
55879
17399
318695
503156
66987
21655
63924
89950
381699
2701
806528
232413
19033
29292
131148
154697
865698
150510
1122545
219747
743481
100414
754897
577052
24046
979548
5734
748086
643374
3305
3493
598549
1022385
71164
301876
12704
30851
1084106
1133230
16020
445305
145706
8047
930507
157351
193227
57761
9740
29439
645626
336215
4309
788645
866871
882596
768297
71602
135135
96342
1122918
52578
29447
6312
48587
55802
1023269
207799
3138
258590
8433
29522
132622
24811
176255
3789
30648
10621
36267
74829
51046
1022511
649255
22224
1289
163630
270231
771180
264833
62873
231489
84737
774989
88559
130261
20203
1837
65023
175315
4004
79813
866081
489992
23141
71885
3106
2699
3335
1079896
156376
176456
93528
143842
686674
98202
7970
219915
62878
35765
68124
983046
442153
515150
5009
75051
200191
167985
960026
100871
992730
313030
647789
