14400
11054
1125
1817
11536
12440
12466
12892
11134
9129
4491
2737
10366
2104
14528
6029
11760
2644
2855
7211
13832
3907
12967
9632
2586
6078
7482
4567
5917
8746
5912
5377
12078
12714
3333
10779
10473
6979
11517
12399
3654
4864
11345
1152
13839
2243
2824
10353
7975
11526
8815
1364
4596
8939
13188
10144
14391
4572
1471
3331
14140
14384
4937
8093
15083
6059
13124
2196
3338
9722
4295
15010
9674
7003
13582
9977
14969
7771
2197
3409
4914
10533
1417
12359
8827
1308
841
2187
6625
10287
11296
4988
9379
1146
11412
10514
2588
10223
8363
12543
5891
1355
13279
2607
12119
743
7736
3861
13617
4142
11688
4546
8888
8396
13556
17
4863
11024
7265
10895
1971
4441
6692
820
13111
12192
4166
12489
8835
6874
14101
14987
9779
3777
127
10258
3395
12271
12939
2304
3410
12282
12357
1515
8135
1096
914
7565
2880
5527
66
9750
1048
8549
15098
10142
1254
1158
10287
11028
14052
12722
4303
6807
3700
8445
5314
9729
13615
9399
10273
6652
3138
3397
7575
8982
13386
10144
8724
1965
13843
2350
9611
14212
9232
4125
11193
7662
12077
214
824
13674
10876
13039
1282
3100
2514
908
5992
12925
12301
10144
634
366
1489
13695
12209
11053
1575
6301
169
1218
7459
2133
14873
9191
6279
12101
296
915
1480
410
10765
4124
3347
6187
2788
3231
3437
8926
7635
9321
311
14729
10319
6823
6894
2401
14632
3289
1308
6538
10130
12548
12128
4431
14267
11254
5301
14056
4357
11795
2642
11130
11329
11562
10467
9316
13615
350
4385
1659
13816
11728
11983
11297
7290
4948
3444
8986
12269
14413
12994
10897
13838
8138
9221
8044
12430
10588
12495
7651
2742
12319
2389
12538
13614
4022
6750
13768
5945
563
6080
1410
4371
12132
3476
3063
13651
8776
7851
11268
3731
5032
4309
11813
9631
10150
9418
6366
6660
15140
627
8951
12199
11445
4428
715
10913
10355
8511
7378
2536
4895
13904
13205
6014
3097
1634
6366
5657
5774
13183
5800
14036
6728
13977
3374
8971
1075
5462
159
6718
12988
2772
9212
12448
10895
12532
5745
9800
8636
5167
9117
8395
7629
4105
12520
13179
12239
13409
12426
4574
10810
1458
7404
12725
12339
3821
3910
14532
13749
10019
15095
2522
12915
9704
7135
3543
13979
9795
6727
1659
14276
8167
12220
4476
1864
753
6770
11830
6311
13888
5635
4660
1155
2892
3067
14867
13798
107
13204
9450
3076
5287
9718
12831
9894
2069
8668
14270
1261
6992
12048
7834
13957
141
9947
1469
10197
14251
10601
4749
2417
619
5804
11166
3707
10780
13728
3790
11947
12639
10956
8221
4038
6696
2862
2380
1194
539
8637
2045
14863
3680
9534
8056
3008
6937
5117
7882
2930
8051
9615
7023
296
11014
2721
11601
3963
5278
3007
2907
7547
4107
13458
12631
9642
14009
460
7287
10482
15037
11869
6519
14403
14475
11659
9950
11092
12978
2631
5689
6027
8016
11389
13184
989
10551
1251
11437
13755
13717
2995
1426
10247
8773
6489
8894
2344
8388
10817
10051
10989
12096
902
9282
355
9229
13769
9015
1162
9679
14022
2942
13294
11415
5382
5558
7945
92
8252
10163
77
5645
757
7588
10567
3343
4250
8170
13218
3906
12252
1079
14931
4322
1306
6477
3539
7629
13857
14845
4514
1639
13131
9214
8810
11705
10928
14058
8284
4181
4093
3627
166
12061
7504
14101
7736
2072
14470
2236
80
8931
737
11368
12734
6451
2260
8705
3618
4412
978
1723
1166
13048
11147
7012
14775
9813
3225
9682
1704
11212
8421
5914
13653
5493
9890
11914
1333
684
4684
2457
358
213
13868
9655
9972
10628
14955
10031
2608
13439
8334
15020
12663
11910
14138
14528
14484
2633
11428
11640
9836
10837
2382
9616
11119
11108
5487
6939
15130
13968
10141
5839
2525
11428
11162
5713
4918
14338
5730
13745
7792
4048
11564
641
5093
8758
8471
6335
7568
162
7342
11118
1272
6255
9259
14730
1975
1377
14335
1404
9835
10260
11490
8511
4204
13125
4115
10678
9206
7094
10235
5261
14792
12282
4235
15217
11199
936
6074
5271
11595
6802
5947
479
2675
1284
11522
11430
435
11627
13554
3516
12807
5511
13391
8303
5499
12081
9124
6438
472
7191
1792
14153
5948
1875
12933
3215
12190
2898
12897
14031
7773
985
10885
11014
12624
3837
2185
12697
9771
5861
749
10962
6015
14099
6189
1070
10407
8517
9338
4630
10047
6620
1249
7471
14497
14472
8341
4305
3455
13018
3075
3112
8939
2640
3538
3576
12168
2362
13949
7175
6367
9399
12374
13231
13376
14170
9267
9639
13389
4302
7899
706
5580
4624
12541
2200
6626
7284
11323
9951
8118
1003
2590
6350
2562
7852
1248
11417
5040
6021
9607
2603
9599
979
4914
7212
5463
213
12550
6775
3343
5851
3937
293
10446
8113
7208
2892
10553
6374
5605
5442
13077
2705
1564
5058
5910
4821
14429
6648
9331
1052
14503
1134
14072
4627
11649
11692
9729
5227
13003
1076
6815
2455
13488
3532
10148
6069
1222
1796
6077
10880
12367
9354
5064
10220
9596
4566
14558
33
5612
3342
3250
962
13499
2535
3885
7460
14420
6612
5189
1380
12277
3409
5429
12499
14582
13851
517
13638
10057
4705
6756
8192
5753
3708
9236
7194
2862
6040
8216
2623
12857
1786
1810
2687
277
10055
6491
3325
14937
3386
12077
8111
4739
4472
7026
9015
10187
2570
184
4475
6382
3941
10262
2300
2449
7495
5488
12433
12985
1856
6436
2812
3849
509
14440
4782
14214
11132
8143
2892
4514
5592
2603
13123
170
1692
9151
10827
1041
5950
3060
9082
3748
10190
285
12955
11903
7975
9699
985
13052
13230
3294
6904
1369
3168
11710
15057
63
10526
5451
4554
3773
10437
8320
4417
3865
6768
13901
2032
2975
8613
14428
12638
5210
2949
2183
14438
304
277
14021
12700
12675
2019
6421
7478
6297
6913
8401
3144
3119
3915
2084
13343
9972
14209
5599
901
11710
5411
10317
8191
1100
9415
10487
6463
3862
7167
3704
6676
3585
5349
13404
5163
9303
5990
1965
4399
11244
7423
10436
11888
11434
9235
6634
5271
10392
9295
6882
13321
5951
617
7021
4072
11599
6468
15167
691
13308
9971
6488
9401
3196
15076
7587
15162
10093
2636
12502
12515
14635
12302
15110
3132
3355
14371
11619
14514
10175
14234
6839
8305
2954
12902
7295
5202
8413
12299
286
14113
5360
2768
8289
10898
13426
9758
7983
8660
3753
10377
14919
12760
8946
6294
3006
3758
6676
13916
13348
8127
11342
11858
835
9779
2861
772
7912
6897
13098
9721
5720
15089
8369
7922
12291
9436
10261
5390
4836
3841
1634
756
11977
196
7098
9092
1788
10498
8772
8509
13628
10043
2116
2428
11829
9087
1911
12283
6653
9693
8034
15189
2421
12814
10815
7300
10998
15168
6118
2903
14203
14018
11127
7192
2798
3769
3622
11748
952
15193
8516
2724
2927
9110
9585
4974
8219
2897
13829
2426
12064
6807
4831
14872
7068
7626
9628
4328
8334
12560
3189
15075
11898
3949
12087
7368
14802
10142
12175
6903
9965
10166
146
14127
10086
13900
13083
1912
4986
2726
11875
5289
862
1585
2117
1831
14932
6202
5031
6816
6219
8443
118
11470
10474
5206
7748
7549
10389
2828
15004
4254
2164
11855
9135
5902
6439
937
5552
3787
5177
13521
14731
6036
9006
8178
11286
3114
4219
10875
6188
2323
9398
2199
12351
620
4801
1591
13082
9441
9606
15217
7805
12605
555
14512
7980
6327
8354
2030
13524
8029
10586
11934
2950
1834
3467
4376
9205
9609
5965
8498
1069
2482
13748
2816
7040
5547
9869
4534
13440
5961
165
2901
7745
7015
13400
5109
1151
4585
7801
10615
3391
1237
3255
2539
10563
9417
6606
10939
7471
13289
6612
15132
4379
46
14135
2673
111
14531
12870
1331
7197
2825
104
11031
6031
5219
125
15204
8184
9880
6746
4767
7604
12423
13241
10990
5704
7711
8645
5875
5326
6082
9701
6085
5407
11777
6382
14921
10287
288
11855
2060
7753
14881
14747
6181
8269
5812
1289
8948
9136
1609
11561
5246
4449
1202
15019
9208
4628
14980
8547
7306
3646
7633
9704
6019
5777
5359
14950
14236
199
2990
7762
6163
14079
2750
14247
10795
10569
12285
12593
3246
13796
9178
1126
9421
10297
12926
14316
7465
1064
3609
12540
7266
2692
14499
2569
11378
1096
890
233
3141
1808
403
3487
3084
10581
10103
1571
11091
1351
13415
12793
8976
4085
3847
8134
10278
9366
4394
2641
9810
12271
1952
5781
5665
9227
5988
10726
1081
14662
13001
13991
13267
13791
4703
14756
8912
14344
6645
6808
3151
11120
7191
1430
13149
4388
3244
14583
5806
3030
6992
6196
5621
11831
12758
3451
3191
2419
10625
3678
13335
6907
9669
1496
2952
4879
4615
450
5782
583
2622
14516
10694
9915
15002
14954
6003
11185
3725
11961
8103
8120
678
15097
5664
1047
11187
12296
9784
14110
2570
3762
9751
4346
2932
7001
12293
1325
7894
9748
9895
1612
10883
12671
780
6421
7578
11598
5083
10724
13234
234
11228
7077
1734
12344
7613
9766
8059
11725
6941
283
9262
4101
9895
13918
9411
943
14415
9192
9594
1727
1709
12307
11605
11211
7263
11709
6494
2421
3976
8092
13391
2021
10215
1680
3919
12790
9732
8909
11565
2215
6730
6341
1799
10359
8852
15089
11341
1752
4198
14445
11386
3066
5960
2608
5568
10151
14211
3545
10761
637
8701
12136
15098
13816
3694
2979
15161
10272
5334
8042
8403
12288
10561
15164
4106
9299
14218
15006
2752
12250
2201
8734
8780
11003
3061
6941
8689
7074
13219
912
13140
2670
13723
2792
7967
701
10047
2452
5173
12012
6595
14509
1752
8573
12724
8549
6814
2046
12094
3909
8627
3464
15180
8484
3655
14222
2817
8729
14859
8530
11634
3600
6306
1047
8875
9914
11725
13912
6887
14639
2555
7646
13208
11426
13699
1180
5667
4865
5276
544
3007
8127
13
11763
12488
8395
7181
8169
484
2379
4668
2370
9968
4028
14171
21
4140
3084
14095
1370
13539
8943
7481
12374
6910
746
3978
11812
11153
481
8501
1500
4444
7877
6399
1092
4931
2741
10423
7576
7362
3066
5245
3214
5625
5188
2260
12330
8097
14332
3586
2711
14076
13752
14721
11451
7142
1442
4123
14198
7138
11690
268
1216
9621
13229
6898
245
6838
838
13420
6515
1373
3866
12948
9864
7516
7307
10043
7539
3139
11863
1414
4038
13833
4172
10974
9602
8308
11159
9828
3662
6302
14170
2267
13250
9595
10834
13183
1041
1784
3275
3816
10680
14754
12096
12053
10733
8675
13340
5520
12312
8441
9302
3167
41
5406
855
11711
13098
6027
11769
10827
10916
4055
13926
5513
4684
8449
7675
734
8542
10832
1394
10172
3539
68
13664
6284
10434
1803
7785
5890
4655
3830
1098
1287
4304
6781
440
12155
11361
9448
11652
13853
8050
6271
6234
12709
7067
13253
14994
7461
9805
10071
5172
3442
5953
11710
154
5609
1415
5049
7393
11087
7309
12209
7961
11067
11671
6254
13812
9051
14843
3010
11325
13487
9796
2424
11485
10196
10321
651
15075
7191
5541
6939
13302
1275
7211
352
7814
8493
10728
119
6297
7400
14966
2559
5437
8003
10314
11125
12570
14963
11251
10047
736
4893
1564
2231
5512
1073
11261
12168
2928
9053
3985
9559
6667
4529
3473
10997
2327
2524
4359
10985
10703
1839
14639
13451
4878
7601
4772
14028
2688
3161
1539
7710
15022
15175
11537
13450
15082
14378
1770
11944
821
753
706
11765
1154
8824
14357
2793
4085
9463
7472
667
14559
4886
13136
8017
1066
5355
3126
12092
14335
3615
8189
6492
9679
4345
3749
4249
14698
5853
14467
12326
6434
12981
675
3221
4266
11044
9288
5113
3946
2878
4386
2978
14423
12767
3535
10383
5044
8898
7715
7986
2571
14212
64
8078
12999
14432
12504
9295
10292
8647
5416
14222
14968
6957
1820
8504
7838
9642
2549
6167
697
1029
14147
12510
12296
14827
12254
4978
2256
10663
5636
6427
8259
7252
9582
1863
14144
10976
13175
5422
43
13673
7391
4113
6623
11233
14487
2467
5039
5021
12077
2424
2067
4329
11560
6792
5038
12687
2447
4387
8704
6736
4872
15001
14260
8504
4181
11084
10485
1175
5500
14659
2869
9501
10254
11625
13589
4416
3150
286
12165
11269
3442
3574
13573
1391
12347
8643
9482
3623
14514
4378
4695
3283
3041
14916
12773
7758
5158
11456
877
6484
8153
14393
10813
11469
1038
2035
9275
2376
10883
9629
1243
11762
14229
9286
8385
9989
10480
224
5763
12660
10135
1295
4621
2230
3911
13236
8934
8548
5719
8284
8840
14253
9464
4895
14690
6290
3986
12669
1341
8130
13784
10456
14676
727
4909
4315
9340
3669
11179
3413
13474
9075
9961
1059
800
7711
5886
10193
14493
10414
5477
631
8413
2004
4496
7302
5217
1786
8587
15146
9430
3661
9340
8082
8258
10666
7791
10311
2539
13429
12051
8771
6478
6601
11840
1601
11150
3150
14295
11595
1830
8220
11798
3790
13095
1312
9267
10372
7021
2077
284
3455
3008
12020
1805
14139
4585
2646
13152
9773
5160
6732
807
13765
5137
12118
2213
9320
13418
6917
13833
9364
2411
3198
8621
14615
3457
932
14112
5869
13909
2765
10833
7879
5196
9280
14557
9333
12032
11885
4713
4228
8146
1062
10557
1225
5678
10711
6426
11350
12768
7514
7773
13972
5637
7222
2778
12854
2356
1468
3444
847
4009
11717
1435
13814
9813
6048
5672
13672
14188
1102
10363
626
3482
8707
3086
4658
8335
10356
15087
10941
11485
7352
10608
5077
307
6096
2667
10214
6867
931
1440
14682
7386
138
11966
7180
10946
12745
2414
11391
4693
3302
14574
14149
737
2203
812
13470
12381
15109
494
7987
6972
10001
13090
7424
7291
13918
7550
10838
15180
204
7766
5339
11403
11936
866
4192
4053
10339
2582
3444
8414
8988
4593
13804
1407
14777
10845
12000
3207
4507
11823
2215
9763
11826
15042
9545
4573
3659
6683
8568
1647
3248
4131
7392
9237
12444
1650
3038
11028
154
14998
2072
7765
6556
10316
5040
2705
4004
12971
10739
8773
6871
13840
13694
8111
3172
2208
9382
4908
9020
258
13733
1769
11386
9726
7688
14095
10344
14295
24
9736
5258
2714
9814
10014
5138
12476
2311
7995
10674
10119
13068
7463
9234
11671
2140
5333
6908
8715
4275
15212
5441
5961
457
11076
13324
4704
9569
7709
13834
5516
13240
13329
12513
6308
6949
10084
4906
11875
3872
13947
2696
9171
8884
8158
4560
12635
6872
8664
10794
12766
13236
4168
11019
8489
7387
6912
15200
4362
1251
2164
11328
1557
3414
4607
14815
10072
1385
10094
13069
3726
2225
3490
5550
10550
10949
7348
1094
6027
13991
4786
10007
11411
8018
8558
7414
2672
11206
1757
1667
1546
2508
10241
6205
12754
10745
6614
14467
8008
2548
10317
3715
11404
12884
9158
13013
787
14443
5407
6283
7955
2317
1558
7596
5977
9147
6019
5477
9501
12685
7547
6609
4384
10492
3578
7240
7608
5312
7434
3884
7848
5837
7675
2846
1793
2651
12734
12572
4970
9030
14506
8886
14721
1437
14744
12316
15153
3916
6819
1109
9674
8150
14834
14335
3536
5705
14141
10416
7451
14148
4975
11916
108
7192
6023
5574
8595
15154
7247
12840
3335
6824
169
5154
14906
15150
10335
3024
12834
7417
10685
9843
8877
11561
10438
4038
1959
14832
14272
2644
10839
5860
842
7310
5784
437
14770
1980
4612
5114
3576
9731
10480
5635
10919
13076
7613
2653
7547
7071
13777
3040
6911
1451
1870
4272
8554
10305
9763
14103
30
5296
12241
13943
12014
6180
15157
8784
3162
11710
6278
609
7829
9551
4931
1331
4990
5506
227
7559
13401
14005
6618
1867
12145
856
4065
3624
885
604
8377
9945
868
10418
13970
3085
591
8469
13397
7506
999
3369
2761
3073
4289
4704
806
13441
5934
3149
14653
9877
5258
1954
6610
2187
6994
9778
10812
12542
9220
7612
13708
10705
2026
13216
4588
7785
11845
7210
4774
9862
1784
7008
14049
11609
12506
11068
8807
13237
11153
1201
11319
13300
6581
8271
10818
6083
9229
9954
8469
8994
8624
12910
15088
10763
10358
9635
3645
799
12966
8735
9846
690
5491
7822
1720
952
10689
8742
8541
3332
14006
7590
12968
4778
2811
1381
3440
6943
1569
850
14246
5332
9525
5690
3429
11319
10815
10049
14041
6458
13758
3654
14749
11769
10190
9650
6099
12069
12877
10153
98
14752
3909
2435
12313
10553
11540
13590
8593
11174
705
533
11958
4277
742
12973
13479
12437
6972
14670
11469
3258
8154
1816
6920
4907
2496
1644
5288
466
1464
5072
2769
13449
1606
6326
6518
8507
14323
11119
6059
342
2284
10014
7161
12403
12352
11048
9468
9278
3472
1211
10754
5846
15050
3208
2497
14967
3928
8478
13724
7918
2674
13218
8626
4355
12916
1881
2996
13561
4914
7268
6882
1457
3347
2308
5744
12603
9506
8420
7045
3423
11633
12086
14956
5941
8982
5255
10803
3474
3172
5506
12000
2475
6219
7277
4133
1049
3870
14935
3612
2566
9849
14825
6362
2241
8642
12058
10458
9492
8136
11957
13763
10323
3551
8253
1925
10847
14361
1267
3404
5479
2595
658
12300
12767
4988
6401
7572
8360
7327
10407
12016
2794
12494
11096
14107
14476
12408
3069
11945
13937
9534
6502
10527
3675
1304
2442
2988
11048
9529
12196
10142
4501
4215
7774
8888
12082
12299
901
1023
13847
3360
5871
12194
13383
3052
1822
13291
7459
6715
2338
6591
13688
14051
14263
5041
717
5952
11330
14095
5082
4104
13203
10484
8657
1403
9111
11735
3497
13474
14092
12425
11547
14389
374
13019
13981
14376
4495
10536
1619
3557
1327
230
10136
12440
1636
14584
8518
11386
2934
14402
4863
13729
3687
6016
4910
13369
9542
13809
3490
1663
13986
6393
2519
8264
2462
3166
4371
11159
1071
2635
13751
2212
4018
11527
784
14506
12923
10730
5372
11639
6682
4903
1899
12364
6972
12241
6004
10633
7953
2899
6369
4058
1697
13201
11519
9749
8126
5943
10835
219
12769
560
14390
14655
14699
11790
15200
1248
9791
9018
12802
1129
1187
3774
9963
9556
13087
14123
14111
4620
4340
10553
3205
10388
14553
8088
7512
4762
13892
14146
10962
2380
204
13936
145
14165
8948
11623
14367
7127
9963
6914
10495
10593
2693
8082
9389
5756
625
8347
3562
12716
13101
3359
471
3809
9922
3147
7019
5946
260
11984
1297
8404
9942
5131
1367
10934
13436
12627
4107
7308
462
5625
4837
2433
12698
4102
4730
3596
7704
260
2919
6353
10995
7300
11540
14744
8482
13804
5890
881
11925
6359
809
10679
982
3626
14063
12799
7759
7059
15015
408
14275
3211
627
3958
3710
14580
8071
9754
9865
12690
6560
13556
3805
5975
73
7625
14722
6483
4704
1975
744
2575
3332
1856
6880
2766
13242
9830
5291
12569
11790
8461
8538
10936
15207
3232
10849
807
11958
5395
3644
5916
5727
12541
2155
3455
12784
5728
11318
14979
494
9444
1389
2956
7802
12552
11141
4711
9730
11494
4222
6275
11420
6616
5163
12298
6745
3270
1519
5588
11505
9990
559
1884
14642
1544
12985
7812
14544
4627
3863
4086
2301
7075
9190
1341
11628
4234
4926
11851
546
11163
4289
9329
9668
3385
6349
2095
11500
11422
6719
11454
6643
13161
14801
14973
1599
4015
12709
12282
4442
1221
11057
763
10425
11226
5278
12444
14898
10070
1393
10122
9857
7409
7879
14920
13367
12232
12494
9359
437
8182
10090
12713
9452
10812
3159
14767
8767
3562
3714
7984
6163
12937
1704
6679
12386
13242
2697
11722
15004
9507
1320
13457
12398
125
2309
3173
501
8378
14765
9360
652
1074
9634
6159
4724
15149
2681
9238
11257
14003
14298
6358
11278
2641
13878
1897
5521
279
830
8677
7299
13128
7891
4705
4810
9597
14403
413
2168
821
4613
10689
7098
11296
649
828
4348
651
6979
600
14060
1070
10363
4944
9579
4552
12030
6786
5032
5406
12063
7837
459
462
1593
8830
13191
13338
6411
10819
4864
4147
8102
10902
14621
14656
6033
3292
5501
3586
8449
14076
15219
11411
9631
14884
1043
5112
3406
1341
10405
11392
6224
2381
141
994
10076
5911
7422
9948
6672
4609
4304
1338
14142
1085
6151
6724
8589
3935
8204
13427
4305
12869
12171
5144
13904
9586
9481
7783
4294
495
1936
2771
15106
11005
9701
5321
9960
7935
10561
4975
15211
11293
6925
5985
10063
9541
14684
6420
2664
12219
3133
13154
714
5521
10252
2694
3992
14742
2340
13137
2304
10719
2492
8844
9474
12971
5106
13654
4691
7820
7694
15152
14028
15161
4843
1530
8544
14776
14896
3655
12016
11975
5168
7993
11467
12854
14618
2794
4331
9742
14904
11362
7389
13989
7127
4715
6078
7158
6978
12336
1849
8130
7425
2896
10889
1395
10066
10515
7394
12501
3176
10868
14603
12076
7549
851
12770
13505
7720
7844
261
1242
14961
1925
5116
9754
10926
181
9926
8570
3052
9453
1013
10895
5460
4360
4433
7924
12833
10325
6441
9904
10391
13059
11206
9806
13970
7668
13455
3326
8426
9955
13162
3030
11044
13751
11326
10575
3073
10599
13486
2667
13493
13501
8067
7707
7255
15187
5095
9425
2685
12718
8289
12346
10723
1419
5397
15085
5035
4314
6649
10602
6039
4717
12880
2442
2557
657
6607
7451
4010
12656
12389
134
8516
7334
11597
15086
1836
10837
9862
7802
7016
7909
6297
14475
13199
6751
13202
6667
2030
15161
8282
5908
2273
1664
9020
12905
3026
1782
11292
317
7394
10425
6110
6978
2587
4703
8107
13259
101
14064
2745
3835
13709
15117
14789
12354
13955
10310
2625
7529
7909
9048
12580
6482
2638
11927
5334
2696
10822
5752
238
8425
11139
6083
10807
9271
12955
4038
6003
11336
776
3592
1387
3864
1713
6927
10376
7917
7563
8434
9776
13260
1676
7945
8164
6360
3037
7555
1244
4277
9742
1401
10348
1298
11
7502
11406
12542
2391
5646
186
9993
6960
2033
2930
13533
7812
466
8109
12878
1337
3447
15212
932
13419
12969
8733
4853
8534
13622
9629
4487
12209
1792
9144
14877
10752
6184
13291
7604
139
1673
7423
696
6236
7708
7124
9299
7345
1734
6664
6086
6269
8577
6135
7917
2363
3189
4938
8249
1395
13254
7386
13809
2539
9929
14975
12028
4867
14707
7466
12790
3031
8554
10089
11843
5371
12142
13969
10625
4651
7056
6144
2245
6029
6480
11777
10707
4512
12236
1854
8120
6448
1739
4860
15093
10480
2766
3197
12656
14423
13566
629
2699
1208
8525
15131
3154
9673
11877
9772
4730
11064
12
4947
4627
11756
13303
3855
6343
13157
5409
9707
1946
2161
4890
2362
2105
11782
11462
7976
1927
2307
9163
9323
14068
1849
9486
15213
12855
776
5664
3352
12559
10012
14861
7986
5865
4070
14456
11896
10485
1950
6572
1788
9783
5532
5680
3302
9350
6025
7433
6581
9164
12459
11534
6195
5298
3308
12851
1459
14281
3053
6850
2587
9276
10560
2383
9256
11050
11532
168
7206
6818
29
8092
14355
12142
6601
13164
113
10260
6967
6078
1235
6882
8213
3858
3088
14732
7286
252
12418
6519
9536
5133
12937
10561
10915
15023
11662
1929
2005
12775
3172
15151
7206
4221
14471
13225
14592
5361
2870
13624
8613
14708
5874
1301
13062
4053
11598
1347
4718
9592
2361
7705
14914
10843
8828
14901
13710
14541
102
9223
4761
11943
12415
4173
1689
13766
9009
8011
5733
5359
5819
13969
14474
4447
3149
3398
8548
11083
3014
5016
11656
4966
3277
9911
11097
7616
4868
1156
12250
9339
13072
2751
13240
5140
5095
3091
11799
1621
13916
10428
12337
4721
6094
440
13538
8905
12535
7020
5520
2541
2510
8913
2587
4942
1307
1506
605
3291
13022
12413
1919
10307
8323
8638
12964
6946
10140
13289
1054
8519
6433
12577
4068
15108
4148
10980
853
5880
2419
14685
1991
13762
1890
5302
1747
4040
13014
15129
12589
6165
10128
9022
13975
5000
3472
8029
11836
5604
14837
2755
12920
1590
2568
4082
14770
12718
1343
3905
8090
13602
2044
5279
12348
6966
12843
11649
15170
14236
8981
11214
6682
12793
14728
12951
14665
9326
1378
10636
8251
11013
9402
13156
13068
11565
727
13474
2983
12883
4506
3398
5406
9525
9386
1834
10271
9726
14130
12502
1258
2472
1689
5537
15211
5334
13797
11242
12212
12082
537
6162
6104
5734
12689
3831
5618
13571
8182
14799
6296
8318
6735
1979
6777
167
296
5132
7572
2731
10750
11137
12696
12312
12162
1131
14229
8679
2721
6291
11482
14764
1685
7820
4250
14036
10176
2341
7642
5208
10804
12894
4859
15191
12902
11197
7917
74
392
12419
3174
5816
4001
13347
12671
10336
5294
5774
1164
5744
4762
4310
7313
9932
13104
7508
6903
351
1769
2701
15145
1708
197
1924
11234
5503
2416
7529
3622
2059
5506
8334
13218
14803
8968
7262
2593
6520
7012
2318
5390
2871
12514
11920
5927
3212
9809
6505
917
13798
7831
11529
13970
14427
1578
8692
5583
3387
12825
5756
14577
3842
11567
6293
10830
9178
7896
1099
3790
3452
3555
12572
509
2385
14018
10902
5876
2422
3938
7627
11545
14866
817
3999
13501
6436
15180
3383
2956
12315
5965
783
523
3874
6182
13830
6384
12877
12292
3932
4224
1212
7649
14743
14315
6109
2578
9971
6841
4550
2691
4807
3087
10026
6037
11163
812
12617
8716
12530
7122
9241
13084
9051
2655
4581
8606
5526
8828
11484
5448
8604
20
10809
10527
2048
12627
413
896
2352
1216
7999
6429
11504
5915
2772
2506
14474
9809
14314
230
9916
6577
3030
4405
3286
6519
15158
2140
6803
11074
6685
8869
6484
7898
2603
1978
12062
3147
9150
12780
4640
8818
7228
9357
11140
8885
3186
7707
10375
10652
7634
9097
8796
13119
12595
6038
14416
11648
15062
5216
2386
1702
5006
13998
1581
5706
3287
10774
14646
7543
6672
14923
3615
6144
8412
1441
6272
5435
717
189
9120
14631
11415
10234
11952
4984
4967
4521
13153
1041
3599
11609
2797
13189
13793
1481
9191
11820
8012
10794
3711
259
8980
13205
5848
9952
10720
11253
7093
11811
10425
3492
10554
13728
7798
6338
8109
4290
2592
11550
5308
281
2686
14908
15054
6953
11249
2979
1412
4459
1099
10109
3999
4323
799
10577
10100
13528
6783
10678
9166
14264
7915
7600
11653
5175
12430
3192
14325
11307
10154
7307
13169
14930
12268
7336
5837
8995
4977
12509
6051
6783
1580
13140
13748
1601
7120
12864
955
5552
4597
5579
5428
14761
14678
6367
9605
3716
9066
11568
13448
6422
10850
7867
10921
1307
10064
12420
8442
13435
14406
6597
13687
8084
13611
2397
7285
3366
361
14605
2380
1432
4091
3655
3092
14787
6853
653
9706
3638
7629
9453
13649
6924
3859
2717
5129
11084
12302
13655
1325
1919
11670
12530
14552
2873
2838
161
2018
394
13883
11867
2424
3108
13066
5490
9302
15082
11417
10871
12049
13025
172
282
3321
5199
13106
13788
11400
8325
11337
961
11030
10792
2912
9564
13105
14078
10623
12686
6985
8780
350
15211
4704
14508
15116
14510
3240
1948
131
1762
3402
1933
13114
10246
9220
14319
297
4178
10847
9251
227
4221
14054
14996
11569
7885
11889
4040
3120
5059
12724
7663
11594
8445
13908
12655
881
14107
7770
7291
4916
7673
11482
5825
13932
4321
12040
4189
11540
11376
14683
10776
5860
12122
983
14746
12577
2049
11435
4265
3587
1934
6306
5865
1292
4735
12024
9746
10465
4666
10837
14018
5321
1302
10617
3660
9526
4804
5171
11307
5687
3788
8340
7378
7199
10509
2522
1392
2914
10875
6554
8063
10008
1589
11279
5712
1081
11854
448
10995
7295
14900
4190
11751
2799
1316
5527
6133
10192
4667
13030
5791
2958
13370
701
11100
10192
11263
5308
13765
134
6681
1907
6876
1377
12955
12104
6026
3265
7337
563
5169
1341
12072
14538
10370
13868
5427
12097
7001
9783
3589
3886
7097
1870
9254
4337
5348
1902
3909
3293
13165
8641
4588
14499
7335
3612
432
2386
7446
9131
6919
9960
13205
7633
12679
2040
5571
6555
11037
9064
6047
14547
2876
499
3818
1691
14277
13149
7423
5474
2827
4729
8444
9545
11061
8057
10950
1804
4305
15147
6052
4722
6167
825
8338
12734
5486
11563
11863
7285
6086
1657
6016
9875
7474
3063
9992
6935
6044
10091
10302
3474
8535
12698
9761
1275
11359
11947
5660
911
10074
1443
8268
1362
10848
5120
10071
12975
7899
11388
6841
6771
7187
11858
984
1127
9935
9415
10148
2311
9879
4503
5942
5733
8619
4677
2081
12681
5551
8225
9703
8671
14032
6765
3972
5801
10231
10130
371
12269
6654
12568
1474
13462
5141
10696
11281
4263
5200
14660
3463
7934
12422
5429
13421
12529
12695
3407
10391
5138
15103
12434
4116
12724
9858
4754
3833
795
3009
8208
5876
12522
14391
12669
11434
1457
6741
12471
11991
6351
11624
4849
14131
124
5806
8954
536
5579
6594
12349
5627
13783
6610
3239
9451
11097
3479
4410
2502
6754
10518
7869
9263
9725
9334
3208
5157
3772
14662
2450
13980
13839
308
6294
7028
136
12672
10522
6381
15101
7964
4933
8400
11478
13851
5010
5610
14190
5453
3093
672
10909
4416
10654
7492
4823
6694
3386
13338
15215
10062
14950
11042
4981
725
5377
14378
6556
11904
11741
10213
12463
12441
12085
553
7319
9990
2936
14979
7289
4390
6064
6075
2713
13085
6679
3291
1495
5869
2046
6676
13557
5283
13087
393
10706
4478
2082
11217
13325
751
10154
6427
6485
7029
2927
3208
8975
10806
7844
8213
15125
9379
14425
8807
6424
2266
1324
2780
590
14549
10061
15224
4276
8429
10937
2703
14375
5430
2683
1230
10927
6098
4845
8323
4345
9320
7700
5960
11951
3594
14038
11322
4932
12822
701
11004
9367
12850
3144
12451
743
5132
9682
7607
11903
4527
11688
9481
2550
9401
14119
8378
12764
9993
14488
6764
13362
2390
1118
907
1316
832
5915
11157
14532
1230
917
4970
7759
13953
11291
14186
7620
13393
9484
14013
5589
8027
11950
856
10246
13081
8359
7957
4147
9224
6364
7746
2121
8256
12482
7030
12945
3300
14842
13815
8025
9722
14346
11761
11552
12414
8896
4834
14
6144
6982
11177
4998
4602
6386
7192
7105
1053
133
5534
8842
6164
12734
6758
11330
10642
6290
2460
1517
8582
4832
12102
10929
1683
6236
3408
8105
11655
6090
14612
6125
8922
5214
8210
8691
8079
14621
7068
12207
1376
12676
4658
4353
6740
9819
5660
9753
12191
11245
6172
7425
12284
3165
2979
14213
1444
8305
3445
13435
7696
12956
12800
2034
11159
4486
2880
521
12766
2247
7382
3272
8646
6293
11038
10181
261
12136
13052
15055
8035
3077
2403
5254
5522
8600
11284
14489
4747
5205
4610
10485
7663
4623
997
14865
14356
10579
1911
3356
14311
14738
6819
14477
4064
13876
8099
14744
13008
260
13865
11283
7727
9996
636
9169
841
12425
9943
5820
12387
12516
5623
10267
11192
5396
4743
11031
12829
13451
6976
20
14762
7350
11797
14566
2865
10283
13619
3190
4157
7267
1846
12373
10380
4384
2760
8171
7729
3954
1688
5982
1544
11523
12465
12701
6445
3677
12939
8636
9153
4283
10393
8103
4931
4172
5294
7612
10219
9374
2266
5435
15222
11360
4167
5686
9357
12866
13499
7360
5555
13318
14969
12128
14994
4356
12093
15172
12621
9236
6293
14515
10556
13841
4811
2049
892
14275
3335
3068
15123
14289
14765
4072
769
14377
8287
10415
3519
1045
3215
13825
7358
13106
468
480
12455
10480
4737
9125
11704
4353
11938
5753
13509
7647
1827
1813
8943
695
2242
4040
604
13618
8521
12698
4763
9208
13893
14021
4556
10731
14051
12012
9539
8561
261
1631
9536
7557
8445
7229
6366
14321
8232
5470
9033
14608
10634
3146
344
53
2987
10620
12489
8433
6233
8740
9112
14209
5208
4006
12769
15076
14176
13419
12480
8654
5476
4161
3864
12483
9289
7362
1538
2855
5468
9943
10990
7691
6331
9498
7575
13663
9027
11854
14911
7437
9541
7151
6434
9211
5763
3766
2413
11670
11936
4169
12247
11198
3720
1981
975
5045
8039
12361
5745
15029
10981
2845
9762
3590
9770
2888
6998
6861
10004
10726
9335
670
3982
1695
9866
3933
11671
13280
7180
9449
9126
12009
4847
6899
5120
6530
13037
12402
10122
4673
1199
14982
386
4286
6982
3577
8841
10417
12177
5225
2007
5374
8816
9193
4580
14632
15097
3881
14872
14873
11393
4416
14393
4152
11962
8073
6020
6147
530
2449
14637
1319
9576
9857
14297
2577
3689
692
2221
6744
10087
12431
6417
4871
8875
4819
1975
5053
8387
8280
8181
4261
867
1643
2904
9058
8748
13619
11389
8358
7247
4448
6811
14087
7095
8604
937
7985
1683
13158
12043
5625
4275
8569
7629
13171
5801
7753
11915
7265
1516
412
13518
6852
9784
293
3734
12888
206
5059
13591
11179
3524
13954
13971
6999
9516
5586
13697
1769
15161
13730
13266
10645
14404
8769
3879
3135
12937
4068
13517
14831
1125
9900
11058
1782
7548
8111
8173
10263
975
9110
12786
10296
14904
10793
13616
14039
5462
6895
2353
6518
13632
14154
999
11159
9490
9220
10591
477
7057
3193
7586
10229
7761
9259
15036
13678
2716
1647
10206
5626
4892
10487
9138
14817
9892
6901
4139
7772
9304
8858
3243
7922
3261
14927
11726
6256
2256
10198
4176
3705
11429
7516
1869
1983
9262
9353
1015
6001
5270
3222
661
10954
12579
4477
13292
5930
2965
3821
10420
1101
3224
13287
8554
4440
5093
12647
8724
3136
13742
1735
13551
1765
4709
4858
14313
8619
4941
2932
11451
14573
11907
9650
5463
2124
8746
1529
3833
9545
13138
2494
5452
6558
4709
15113
14715
14446
7713
601
5904
5419
711
8309
10055
10093
3205
4879
13866
10232
9647
2594
9184
11854
2014
298
5677
5385
255
3184
7483
12743
13062
9719
13013
7068
11622
4553
422
7271
8166
10963
3379
9450
15177
3736
9764
12613
6689
11404
12975
2744
2926
11474
3109
1506
10976
14990
7655
2422
9841
2979
11049
10270
14249
6728
7033
6599
14848
2681
5539
7314
3974
11371
7664
189
9632
11993
13551
9068
7483
7023
706
2376
13964
4700
8291
15158
12445
13425
2804
10606
9607
1574
6616
8263
5711
13584
4481
6508
14590
3745
9210
1397
3791
8354
4390
12428
6404
14001
8548
1861
14127
5895
7578
2596
9101
10098
2880
15168
12653
2870
3405
8278
8010
5148
5626
7231
14816
6936
6278
9984
6275
12475
8181
5973
2372
1006
14792
15094
1577
3119
12761
9215
12105
7739
2896
11390
8298
14394
6174
2583
10433
11968
12166
2695
12447
14115
727
14348
11191
1897
15068
3277
2285
5295
4033
4591
6437
5953
9556
1178
15069
13811
7434
538
2641
9060
7895
13281
15078
12544
11101
13255
8086
8758
6743
4315
692
11332
2005
2303
4221
7523
13429
11469
8572
13018
9010
4462
9276
8858
10858
9650
7570
9185
11138
2722
14568
8648
12711
805
6090
2965
12603
11921
9893
5055
8305
7117
1231
3611
6037
7907
2030
7649
11371
5632
8813
4448
8309
7315
3630
12834
7730
8613
3087
699
7888
6763
3309
12355
11377
9952
357
3908
1600
6316
8437
6303
9504
14620
3251
2402
12619
9882
1375
6337
5079
14880
6119
2751
8623
10648
11575
4065
8969
1260
11501
1321
3824
3686
12122
5051
11522
13793
3016
6334
11075
5890
5929
9734
290
10359
4802
8457
643
10243
128
12376
3337
5224
5327
9088
6210
4633
7513
12671
4884
3216
13601
14568
4
8032
13652
1480
13539
9861
9288
11767
8600
9893
2283
14625
6974
7161
2992
1992
11004
1375
14996
10781
14472
7859
5646
7166
7097
4279
3533
4600
12556
389
9713
9189
6107
10474
7528
3039
6953
5168
1188
6815
4838
1025
5912
7995
177
15143
5979
808
8259
13830
7466
3343
13189
3827
4785
4122
7587
11494
13789
4001
12086
6681
4708
6767
14205
5274
2312
5137
739
9346
14691
10749
4484
7505
401
9201
13769
10005
1971
9850
1341
14644
5602
7236
108
8509
12115
12934
8168
13010
6274
3750
6564
1137
10240
12969
1442
8984
12957
9192
3555
12378
5738
4022
9135
2453
7762
12142
315
14
10362
9802
4445
1102
12271
529
5712
10484
4303
1190
5861
8472
5813
10054
5781
8725
12398
9008
8623
3008
6285
4593
6842
15190
13853
11737
754
8887
2120
10177
2707
5508
6283
4472
10907
789
5797
9166
6394
496
8911
12301
13431
3214
9487
14648
13916
475
2947
2931
2734
7358
6532
14602
10488
9349
11474
2087
9484
13082
1426
2116
10125
995
3203
4440
14099
7015
3968
9249
8013
10244
12786
1112
10142
6927
10073
14594
9882
14874
14259
11505
8074
4529
11137
11171
5282
11518
3837
10739
9483
12765
4614
14200
10284
1449
11936
13811
2045
13730
7544
12894
10445
10752
11801
1305
1300
6284
12438
7226
13928
2623
9396
14053
10285
7200
11573
2457
10450
12385
13491
4658
1683
3573
8021
9112
10430
11465
4714
8137
13681
3355
1691
12101
15027
5311
13543
9656
7316
5741
11078
7209
2965
9576
1858
13825
1797
8241
5840
3731
13222
7281
13975
10449
6429
8516
1269
6274
7942
8935
5665
8624
6034
13586
4700
663
5922
5113
7709
1687
12445
9675
6708
8295
14761
3915
4364
1106
1495
1429
7148
13139
9358
4997
1657
11693
583
13804
616
1206
4481
13074
3119
6443
8992
13651
9126
10439
6729
4984
1643
13823
4788
1599
14068
3897
5074
3437
14041
13944
15047
14645
6899
13538
7396
8634
14489
8917
15157
4654
6746
9868
7850
13299
6919
949
11467
4101
2680
6436
3362
11105
13726
7286
10033
8785
5643
1349
1829
2239
11223
5450
3272
13713
3829
7434
6214
5107
12016
4054
4865
14943
10581
7198
3160
15088
8985
1470
10636
5876
14754
14795
10060
3189
4422
10276
13482
5635
5858
1174
15050
83
2670
8749
5930
12999
1292
11218
4659
1922
3755
9435
3453
1037
6118
8270
11828
11510
7530
4618
13551
1249
5512
12790
11180
4043
9734
5258
9208
5338
9612
4641
95
13484
12048
8100
14059
5575
11144
13221
2189
10975
528
12143
10369
9727
4754
7034
3060
14268
4618
9803
2646
10280
5217
10308
14233
6341
13206
9773
4077
9280
5285
3445
10157
14478
3944
1094
14605
13178
12710
4019
6046
1526
6106
3801
7740
3616
6635
1698
7138
6550
11740
14839
4100
1157
357
10411
1945
6677
5783
9440
1589
8979
12114
2541
9750
14794
11847
1816
1761
10852
3865
11421
6635
9584
9615
10945
3274
1528
5666
6002
2061
5875
7797
12628
9230
4939
8450
7012
9841
14701
8432
219
15103
3663
10703
8685
1256
2593
12729
10896
3175
10133
11408
2888
10183
271
1702
1883
2601
6694
13256
5510
14283
11973
7706
13565
4284
4194
9059
752
13456
3998
14579
6229
3282
12249
2763
3008
1281
3495
13531
10610
12369
3022
12581
13777
6564
3051
14980
4279
13959
5004
8606
1594
11424
2126
14242
6714
12471
4543
8205
1069
7678
10568
1280
10218
8024
4899
7258
5070
14396
15116
1889
4946
915
6164
12017
2797
7468
3007
4429
6483
7289
10201
4783
6306
3687
11164
2296
14944
4730
5447
6340
4685
1450
1754
12150
14157
11664
1945
7569
196
11904
12103
15111
8787
7375
10571
4141
2266
1765
11773
10741
2524
260
2482
11038
2656
5032
4506
7579
12929
1745
12538
8118
10556
759
13191
406
12513
11597
5694
4875
5743
11571
12885
3914
1715
11793
1758
3882
6107
11264
6754
9154
4540
12607
411
9829
6534
15158
4444
4076
13026
87
10538
2692
946
14801
2708
14402
563
1594
10474
13791
5529
5609
8899
6038
10523
5295
1400
14640
10152
14990
3757
6939
7171
12689
7136
751
9637
9787
5328
4009
6455
14457
12571
10178
1457
7332
5481
7598
6610
3649
10542
7378
7489
9346
3142
3181
5711
1112
15058
14582
8259
5662
7133
10576
5823
11073
221
8949
13130
10885
2740
10638
1055
6066
11528
13861
2677
1474
8971
3006
12185
13577
2979
2147
2462
13698
11101
3001
6347
11297
14446
13880
9487
12847
14400
6944
10662
887
5384
7460
689
8710
8276
12778
6031
11147
4560
2952
10284
3944
9938
5116
9038
5344
2091
13140
12893
8842
7131
9515
14118
13197
5888
5037
2573
264
1815
7521
3671
7904
10058
5565
11895
10148
6809
4197
1429
8080
11324
3818
381
3749
14388
6267
10194
220
2087
14488
8068
5953
11939
2027
3647
12962
7690
11456
10773
8770
1981
11273
13328
9294
6444
2731
8246
2967
1973
7967
4371
14159
10535
7065
1502
2550
11443
10710
6995
2926
1596
3450
5796
1476
1233
14700
14410
14368
4969
12411
13165
5633
13425
3088
3040
9118
6131
3682
9469
6536
3047
11385
5552
1489
2199
8671
13468
6270
3601
14879
6265
12916
3618
1341
22
5273
8181
6896
2978
2088
2435
10028
14225
4009
5934
2402
14602
7957
7156
12463
12409
541
2667
8363
3510
11958
7227
1549
13233
12588
10876
4422
6945
11830
13891
3399
6122
13904
12826
8507
2958
7054
11757
5335
11374
1242
3896
2462
3281
5358
7873
847
10702
5129
5447
10335
2959
6902
2736
2456
14472
9314
13453
14712
2280
3697
2360
10868
10638
12846
13091
8036
15051
2163
11701
9453
12047
10489
7166
8192
3429
14622
472
8778
10212
13474
5912
8856
3105
1691
9239
2908
12737
2441
12734
12643
11947
5574
10715
8921
2830
312
8818
6606
3638
3842
10175
14349
5797
12925
3952
6997
7148
8829
1017
7369
7919
14768
10222
306
10754
333
5743
7958
3200
5984
8068
9400
6736
6775
5638
2993
7223
10728
7890
6036
8187
5805
5018
14967
3296
11633
9127
14160
9330
8441
6489
8451
8518
155
9538
1081
10550
8880
10907
11631
4006
5067
10735
15076
2130
4203
327
4872
10196
1564
12790
4504
7704
10995
98
5513
8875
10363
9182
6805
11429
14989
6380
13773
628
7617
6380
6046
3541
2127
6188
10083
6023
3767
8492
13453
12833
8418
572
3717
14607
8250
1166
4080
5312
8178
8357
13777
6390
6457
15221
2590
8858
9517
3316
14915
14309
3788
13253
9530
14170
1528
14864
15008
3755
2154
610
15199
4418
15077
13971
5530
10983
1829
2690
14015
7362
7735
11608
10129
13065
11257
14704
12524
8761
3752
8026
704
9605
633
12644
13836
3362
3610
14343
5734
7617
12342
3953
1882
6888
2799
2868
12558
4525
10741
6679
3206
12536
6481
6412
3451
14737
10925
1851
10324
7042
1911
10621
1683
12350
3885
11025
13576
4290
1314
5220
7727
8028
13096
14127
14915
2625
9307
2803
1571
8829
6781
11954
14988
6021
748
9560
14070
7044
8642
6916
14788
8363
2689
3002
3918
9773
9411
10006
4386
6029
10963
3984
910
9995
808
7935
4403
8844
11956
5905
865
8896
15
4041
1532
14700
2085
4245
602
10713
8282
4836
12122
3057
3381
7235
6998
2472
14000
13321
13722
23
4109
8011
14325
2860
4168
8361
11500
2304
9497
7696
10530
14445
9111
4412
6272
9594
7489
2983
11701
11654
5281
7117
14540
9776
8403
10888
3263
6867
3854
8801
14497
14874
9255
11559
3765
362
11448
13606
9093
7387
7403
3916
12464
552
4953
13728
7688
14089
8486
2000
1523
11584
1174
339
2690
3597
10764
1162
4856
14571
4032
13284
5096
12338
13777
5296
10934
3764
8218
9962
9461
11769
11573
3730
4271
14572
1538
11688
5678
7063
4694
13085
5
13098
10669
6634
8828
459
7866
1477
9854
6510
12394
1231
3170
10178
3
13913
3952
9039
6050
9500
11132
8708
242
1021
9811
6759
7580
5562
3342
12462
3875
3156
1602
10314
2874
10480
8157
14583
903
6417
6159
8389
9568
6457
5688
15043
6092
9105
7870
14361
9707
10788
12193
7718
8773
7305
9339
12185
3512
15187
6934
13510
269
7962
4622
4837
2548
4064
11819
373
3938
11952
10462
3190
6631
6080
11987
10877
5374
8009
4937
15182
4817
1542
6789
7840
5753
10925
197
5320
6302
7768
3168
4026
4601
9877
6964
3413
3987
14685
918
7267
4241
2872
4038
14735
2039
877
9490
10532
6394
5554
4594
7126
15214
12215
14856
657
1579
6687
9706
1376
13748
2053
6722
6243
7790
8755
8684
13571
7185
4676
1576
11204
11391
387
14429
8069
14810
5283
699
7127
3009
4915
7800
8093
2629
7624
5805
12780
9327
7731
11579
393
773
13028
15140
1056
1216
1584
3555
3607
2992
12267
1588
7191
5200
5844
11801
6189
6385
3744
12754
1597
9753
3253
8381
4137
2191
11885
12457
3836
7193
5450
13586
6375
7050
7643
9804
7187
4787
9678
5956
9238
8846
511
4072
1502
991
1905
579
9238
5097
12535
7907
2593
1831
14003
4709
3166
7579
466
3505
12813
4726
6734
419
7876
1900
10949
9041
14477
2423
9648
15161
9490
7378
11278
7586
4471
1049
4800
11430
2935
888
8528
190
6523
9061
6399
3775
4339
10749
171
13385
3318
13035
7258
15043
80
15120
14739
12177
6586
8180
12666
8518
4882
5117
3190
5694
3557
3184
1145
5101
14510
5107
12123
1447
5002
12917
5531
7295
650
3450
13281
11534
14696
391
5074
796
487
8376
228
8292
14610
4004
1185
11188
8727
7831
8451
13103
2478
8244
511
5066
8505
13842
5348
2616
891
8587
15174
2910
7704
9807
2803
934
14743
9414
4309
190
9754
14674
5898
9602
6912
560
7385
10493
9616
12887
3459
12813
9998
11745
2737
8549
6165
11299
8356
14218
14347
1170
794
3793
6677
5057
9750
1377
4492
1404
539
12059
14409
734
11339
11668
11175
6196
6817
7679
3832
5817
1179
10813
3763
8230
10968
8572
13517
9957
10629
12978
11000
2383
14809
2975
10311
3975
11118
1000
7550
10038
9162
11295
2929
12016
12468
9737
13600
583
710
2646
11326
3500
8927
4635
12279
7980
9144
13346
3529
3088
6663
143
4068
10387
10187
1939
6113
9744
14199
3513
2412
9481
1153
3330
3723
10964
8786
3177
3481
1742
1165
14390
14359
6351
3210
10257
12805
1943
7094
4178
6535
12888
8851
7801
970
2286
12468
4396
3839
7111
2981
1423
4087
10382
11841
2501
9283
8482
10285
3248
3369
2857
2093
4659
12329
135
11158
11460
7693
8039
7317
3773
2466
4546
4109
11817
12100
5973
4152
11269
13558
3624
10146
11150
12998
14044
5283
786
8049
717
14178
13743
13831
7668
2290
299
11130
7789
5090
13179
5699
10225
102
194
14418
5242
13288
13662
5972
9979
13562
7346
15056
8417
6018
6273
10798
12117
14685
2950
6611
98
11252
13506
2898
642
12527
14340
3421
1711
5535
5203
4885
986
1574
7201
3041
6334
9900
7025
1960
8268
14409
6347
12945
7723
1279
13734
8950
11167
6411
13351
9933
6533
12310
2934
8214
15131
7218
8641
11006
868
8822
15195
9786
4678
14565
91
14042
14506
2843
7989
2413
3807
9715
1730
8931
1387
3400
14202
9657
12652
7663
2560
12107
13352
4420
4873
2380
2884
5125
14832
10272
14173
12068
7482
8824
11976
8795
14141
4216
477
13806
459
1818
14250
942
3489
12502
13357
8705
5526
3424
9065
13306
1502
2726
5758
11621
12311
15078
15139
6329
7112
5644
7742
11162
13555
4256
12948
4406
10319
5576
4840
1831
12794
14005
5470
8235
1491
7296
8635
9211
14828
11729
11052
4332
13764
5353
11674
7297
1271
4946
3630
12180
9068
9026
10547
6870
4484
11585
7563
14005
4836
229
8424
1263
2587
7117
385
10685
4102
11716
10742
11590
9830
14334
13972
8711
15100
2134
13203
10362
10950
15095
2111
2238
12214
11840
13879
14301
6084
7012
948
10199
1016
1469
5125
4882
13164
11666
6202
3647
12470
1811
8942
14225
3359
9053
10484
9438
10899
2943
11840
14027
7884
6228
718
9836
9448
12080
6986
6799
82
53
12381
8231
4745
8331
8083
2045
6703
250
675
239
9723
2647
12697
10791
9707
2632
10624
11179
5347
3411
1580
9566
10690
6365
11793
172
9452
15151
8354
5559
10856
14781
8589
6278
3777
3340
7583
11626
2628
907
9826
6359
4735
13873
10281
709
2124
4824
13771
7539
9412
1380
11061
3411
2792
12925
10700
1466
1214
1432
990
5501
7629
5241
2592
13217
6290
4129
9038
7001
13995
3821
12514
1640
8085
8167
10465
9952
14406
2435
14475
4373
9312
9389
11553
14375
7052
3984
13175
14061
7034
8808
7344
9042
10003
1176
11314
14777
4772
3729
6428
2710
7310
8236
8288
3702
5014
13128
6469
5019
8464
2631
1212
2296
14623
11054
3990
9120
4868
8842
13591
11212
576
1674
5043
12864
3250
3364
11057
5834
7681
3985
12664
2284
3315
5843
3468
9613
14376
8944
6044
12612
2676
3730
346
14719
15138
11417
14138
2795
5837
2325
11507
12133
3197
1089
4277
13337
1744
9288
11849
12121
9920
12198
11526
7944
8111
9969
10085
1006
6574
872
11683
12681
6268
6290
8968
4775
4518
6868
4969
3985
10242
11033
11249
6213
8557
9947
13509
7617
4632
9309
10226
272
13729
11570
10907
10586
659
10961
15212
674
7181
7658
1675
12498
6984
4543
3133
13999
5498
6021
5203
3815
15039
278
5582
2374
12303
11860
12035
4806
13369
3419
10915
10429
5812
12858
4479
11042
4331
1238
9862
7771
12789
4019
10706
7237
7367
14918
7765
14970
3905
13572
13830
2565
11009
6515
1399
15034
10965
10815
5252
12882
5295
9284
5290
10771
221
12033
2462
7184
11060
10956
6136
9913
1079
555
7629
6963
11206
1952
106
15219
4079
13846
9107
10948
7666
4610
454
2640
11574
2512
10614
3908
14578
12311
7918
14313
5772
282
3957
6516
6224
15138
3334
13943
14211
14629
2597
3377
6075
1601
5706
8378
5552
7191
10139
11986
11939
11142
13532
4039
3719
4462
8639
12558
3815
12319
7033
9179
2425
5055
10541
14295
13407
4128
256
2883
1429
8134
9741
10418
203
6688
13548
4225
3836
11443
9282
3339
2996
9931
5233
126
3169
7090
10750
622
8968
7656
3351
174
7886
9702
4823
13213
15184
8854
13505
7253
7317
13017
4539
9317
1746
13482
5045
15183
9720
1955
3826
8087
11642
6480
2706
6042
11692
13702
10335
1388
5433
11319
6839
10245
4333
12623
4208
154
13894
1374
6806
14480
6285
2103
3760
3368
13847
6733
12194
11558
1007
11504
4872
2754
15182
8993
12686
2791
26
4397
2175
3674
3085
11732
11483
4731
9212
13028
338
979
2853
11005
3296
8718
5530
996
11557
5348
4374
7936
5298
9537
14868
12672
10077
7401
1391
9876
14206
2226
15147
10089
13895
3454
13816
14917
736
13116
8906
4539
6607
14778
15015
4760
9203
15118
11259
501
8791
3493
10759
1608
13213
11986
11529
14540
15090
4243
13033
7610
14129
13323
186
12704
12892
11581
7611
5075
11911
12066
6246
4845
2170
14106
10027
3748
12853
7147
5431
5357
4550
2231
5956
6196
12432
719
3287
2651
12967
1701
1313
3815
11781
11468
6102
11458
4196
14080
4020
8196
9127
12174
6726
6038
6364
5695
3027
5069
4447
503
3641
13308
7194
4510
53
10801
4615
8634
14584
6101
7586
14737
12102
10615
3550
12355
13973
4351
8014
11087
9528
9950
1266
7298
6905
14651
2451
8743
12381
9481
11868
3130
3796
9206
4029
9261
1732
2088
2212
5883
14350
1390
6140
12409
2698
11834
13072
11168
7074
12285
13101
2990
13
278
3633
13031
14828
47
7586
1439
557
9048
7392
9641
3808
3992
1410
1546
12967
13689
13784
5150
5941
6167
12854
7469
3018
4834
844
7957
12577
11361
8876
12485
6670
12638
11226
5011
9968
7949
9726
8610
11189
3344
12295
7330
12755
3550
4719
14670
4021
11086
2429
7918
11787
13395
325
13204
6579
10754
10834
4232
14435
10680
12542
1003
7699
2481
13782
1766
673
2338
12798
3428
4933
4657
2384
2212
9798
1770
12859
5514
8123
7449
10584
13391
14350
2575
6522
3831
14550
9706
9205
3705
14095
6039
3124
8096
14457
12006
7375
4566
5047
10512
10864
223
3799
10688
7020
11527
875
4747
1388
14699
4755
11607
8214
14931
666
12441
15056
475
13365
11099
6945
14518
12664
12392
13810
11534
6614
13396
1829
102
12340
7597
5465
4305
2998
7086
11237
9952
5038
13379
4532
3461
9599
9362
5924
6163
10862
8988
3417
904
10582
11735
10321
10012
4592
9214
9333
6959
2293
7933
13310
1046
2618
10192
15214
2522
9213
13235
7921
7340
12728
5971
12108
12608
9099
15067
6341
12949
13936
3199
11192
2080
13826
8108
14225
9754
3081
1704
12821
15199
2534
11902
7898
11878
2654
8442
5823
13237
5255
9209
6947
141
14039
141
5585
14157
265
8371
10165
13757
8773
9397
8704
3420
9259
3401
6449
7283
1531
7017
8928
10034
7766
9046
3059
2140
13122
14332
6506
1921
12605
6962
14906
2028
2523
4466
3395
7409
8683
11757
7713
4907
13853
3129
2834
14966
2875
5620
7359
1454
9785
4693
3993
14877
15048
8699
312
11691
9163
9405
6468
4508
14589
969
14851
6305
7643
7339
9833
10128
6626
6165
11721
742
4641
3583
2093
5678
10669
3200
138
2839
6599
7597
755
12050
7297
12529
8374
104
2255
8121
13235
8293
2960
4284
5581
9643
13961
9857
3860
9893
9490
1369
9677
9265
9132
12761
3705
11149
12857
968
1403
12643
3495
122
9545
9459
9665
1395
14781
727
10919
2651
6421
1748
13074
10917
4968
8530
655
9077
3219
5768
12630
13628
13840
7462
652
6191
12047
2027
12487
8820
3478
14845
1155
1682
15192
9251
4205
10311
3385
648
2020
2629
5556
14889
6933
10487
9381
7426
9626
9052
5698
10474
10412
1212
2136
4052
13272
472
4772
1548
6923
5672
13377
900
9429
6325
1990
2659
5474
13355
9099
4273
14702
11323
5554
4833
5901
14975
10170
3914
5549
7407
13475
8053
8471
6090
1784
9970
4716
13582
2231
1257
13599
10635
10524
6013
12328
618
4108
3769
14135
13294
11931
11956
11730
437
1752
8086
14870
15054
9773
5485
7424
3007
4041
2694
10524
3965
9613
4600
6994
4417
5543
15013
13506
5285
10788
6647
1436
5647
5143
12216
3457
4204
9394
6676
8217
3269
10654
887
6714
10773
14502
10630
5577
13757
12890
534
14885
5450
12241
4837
11875
2035
10668
2727
11444
14996
1646
5077
7059
7117
13309
13991
11622
7533
7697
14275
8126
14279
3296
13318
10000
4729
13357
11724
2332
6652
6534
5773
1537
11654
8299
8915
7931
9637
6653
3793
9293
6530
10606
7300
8728
5231
8646
1769
9746
2664
6218
3078
7218
14505
10973
870
12321
14632
14329
15012
2682
15029
10696
5583
7878
2552
5953
13034
4065
14592
6366
296
14011
8368
7850
10591
10957
247
5701
12872
6308
6019
5655
4360
8917
9574
7169
10537
8612
13254
1250
11494
13007
720
749
737
2936
8971
6143
6543
4833
4010
13180
6532
2105
11166
8675
6268
10575
12130
11571
14660
5957
6777
15088
2136
2405
2142
5706
12082
13720
11429
9989
11665
5621
7869
3429
4437
10639
3249
3889
6947
6992
9145
13961
4258
14571
8618
192
14503
4019
12396
10036
3265
3808
1425
11125
6996
13902
5154
6693
8654
913
11638
3859
1904
8768
3953
14546
10111
11027
2985
7901
11933
8386
13970
439
6453
13600
14837
11711
14756
10003
6782
10896
14880
1257
7978
8773
5230
5752
613
7821
9292
2924
11740
5720
11700
11370
2653
14374
12674
1998
8508
3664
9837
5411
12406
11960
755
2454
2015
3803
12400
7244
10455
13881
2240
10189
14466
5496
5901
14330
12210
2127
9138
13630
6990
5045
6618
3012
5762
13346
10791
10845
6959
395
12752
4057
12557
3008
507
1752
5148
4994
7007
14070
14354
12298
3257
1466
11422
726
9012
13477
6434
11116
3228
4174
9208
13727
13822
8973
9283
2772
14125
2637
12961
3435
12585
523
7996
12063
4965
3125
12560
10902
3794
10007
12927
6204
10224
5321
6798
1903
10524
1103
6911
5319
5352
8639
4258
2128
7684
5636
15086
1438
40
6740
3241
11542
11892
8629
7927
12641
14947
8780
9606
8911
7429
7388
3638
7871
11655
12517
13182
13968
13347
1329
257
955
14975
10025
14178
277
10112
125
6561
5394
4049
10934
1919
2607
10238
6451
9469
1429
2987
812
1959
6273
12889
3911
12072
4080
11982
9735
4068
10836
2525
11349
2007
3243
2330
1611
2254
2176
5757
13639
8512
3216
4687
14063
2861
14676
12374
7655
8790
1234
6495
11908
4013
621
6484
1844
13336
12719
14422
11679
11422
2170
2584
2219
10449
7492
15086
10704
9998
7211
2332
14335
4924
2975
10324
1610
8591
8533
12258
6594
6091
5665
13131
13974
4075
5673
5191
1520
10380
13964
3532
8049
4779
12059
10230
5264
14722
1297
4294
15207
7231
8910
5056
8319
12493
13571
12582
14541
7502
11394
12803
14135
4625
12739
2049
4856
11669
8719
14275
8693
1881
12606
3067
15170
4685
11308
10284
10830
13749
3119
13903
11640
11922
13758
9622
310
5009
5259
11669
1678
882
3531
4881
13343
7191
12900
1005
10060
5829
12616
4363
187
602
10235
4218
10601
13240
1563
14012
12148
12945
12996
2677
11516
8491
2677
10762
3960
14624
6615
10833
1217
4635
3497
13373
8649
12368
6700
15094
8666
7130
5514
14688
4254
13065
9546
905
535
1209
9504
5787
12425
12138
10650
11383
5266
10178
3218
1306
510
3109
12192
2209
4162
7752
5621
11883
11305
11882
5793
9010
3943
1393
5800
6242
6909
9920
5945
3843
12479
14566
2959
8151
746
6765
5322
4792
7827
9309
6468
1437
8555
11197
6248
4184
2245
8743
11145
11887
4609
15220
8526
12835
8749
8236
13173
2819
13501
11460
4887
1721
14393
1262
7642
14370
5103
13348
3304
1686
14424
5507
1412
6768
14410
14926
7569
10631
3979
11671
7180
3587
2853
8536
10871
2723
10536
12011
5484
11095
7577
9640
11678
10236
2978
15104
11389
2654
804
13868
13127
12306
523
11525
3225
5407
2805
2167
9870
7342
14285
5048
3693
2549
5371
11542
12193
10914
10100
4042
12098
13215
14459
4443
6534
3314
8373
12306
5330
4613
2375
13227
2077
7145
5501
11366
5498
13327
8574
12866
10813
1335
9961
13564
8228
10233
15016
2699
6813
5773
3389
13858
2571
8260
8948
6256
5376
7302
6805
11865
7159
1969
13042
13211
6906
12237
4198
10424
5065
2724
1110
1331
11679
6629
4374
3927
2994
2423
6754
7619
10203
4642
15194
4957
7785
14935
12810
1509
9507
11596
13769
13185
1907
10078
5674
212
11765
14159
10730
9558
1931
79
6455
9202
7314
8043
14887
8654
5737
7768
8183
7393
7691
10002
6688
10358
14407
8521
7246
11395
1827
90
14366
10890
13246
8485
11447
10135
1101
11627
14970
6969
5989
4786
13335
5799
11915
11183
936
13632
3390
7461
11902
5308
5145
4204
3648
6880
13304
6338
9899
10430
8201
9412
1517
10930
1366
13473
14684
9123
5596
9972
12066
5833
9934
15104
6558
6430
10782
7025
10462
7030
6418
5230
1503
6970
1324
13343
6365
11564
6565
1998
3143
13946
11608
7510
8962
9840
1389
7305
12640
9192
9237
457
11332
2945
1574
6911
11897
12060
3662
2929
14129
14092
7346
5048
3342
10962
6300
8064
6465
10560
7207
6317
8401
868
11647
14595
2806
4903
14489
9157
7814
321
5081
2306
14503
1702
14821
6747
5735
2958
5059
517
13951
7880
9117
12930
2048
2415
4763
3423
1751
527
11236
10487
2918
8638
2580
5717
4800
8332
13662
4991
9327
7545
1883
15019
8809
2503
6740
11050
5949
1986
7088
14126
2012
11925
11525
13058
10437
8073
3029
1894
266
8617
4220
9754
14213
2076
12028
12677
2773
5491
1573
636
13570
5574
2907
8068
5800
14924
3348
13435
13761
10294
12684
4476
6666
11312
8543
12738
13297
9553
347
5799
13427
9266
1848
1587
3490
2450
6261
12350
10912
7022
9774
10854
1458
9076
12708
12238
7127
4221
10984
6318
9451
2458
4063
5458
7849
12359
7015
13545
12885
2647
2006
14516
5271
5293
12552
3141
13918
704
523
11382
3095
1074
11747
1803
8419
8949
6599
5646
3735
3184
6996
1166
6352
14264
13985
8843
14255
12058
8279
5233
5082
8837
4305
11560
2122
5686
11320
977
10614
376
5659
13057
10936
1689
11593
6191
1583
5886
6983
2647
12817
4053
10092
33
3437
5262
10230
13717
11179
8435
349
11291
9742
2167
5925
12123
13315
5427
10184
7850
3380
10608
5442
7733
13902
9338
12046
14115
4181
8340
1209
5751
12822
5258
13463
365
13664
5114
1481
9326
8660
1874
13258
12695
11472
2607
8281
5798
11734
11662
13984
12183
5915
14219
10986
6651
13852
687
11857
2618
3711
13999
10170
1712
6552
14000
4288
1935
15073
13450
3110
13070
3271
1330
4162
9475
9922
3562
205
11436
1493
416
9164
12950
8100
1642
853
2573
3013
5702
9869
628
5557
4931
12926
2750
5461
4193
116
14486
5421
3901
6292
1062
3308
8829
3349
12481
14953
8748
14542
11963
1528
5279
10168
1834
2768
12916
2466
11734
14628
11441
8105
850
12117
2875
2356
1807
484
11665
7757
430
5828
1350
14737
11555
8498
3503
3256
10332
2582
4735
664
11698
11367
10029
1391
8205
3918
4886
5201
14125
5573
4425
2591
11336
7479
2228
7095
14628
4392
12892
12831
1190
4089
13362
4643
7743
171
4645
4114
1405
12011
4807
10206
14534
10442
5521
9284
11811
11609
9399
10843
5000
3542
11524
1469
817
2581
3093
3892
6433
12807
4349
3294
1349
14657
13330
14387
3812
8169
6496
12949
8422
2539
2547
7620
4718
1262
6466
3426
10816
7881
10016
11706
8217
5056
10374
4581
4415
1190
6912
12894
10232
2381
12329
8949
9065
10022
11841
3220
5069
4833
14314
14621
7833
1591
10546
1082
8500
4447
3939
965
12741
14847
12134
9124
14067
1068
10579
12230
10282
12030
9659
2134
5111
3216
15224
13449
6991
7964
2645
10203
8365
313
4133
5764
8621
14754
1899
8862
11993
118
9857
6935
2859
12767
12849
11871
740
4093
14964
12560
13972
2371
15051
5626
10452
8001
10387
3225
9689
13837
1939
7532
3786
6738
2018
10091
7267
7330
5068
10270
14797
10782
13048
9779
6444
11698
10085
4490
103
6308
3419
532
4
2593
11096
1342
11879
411
10620
4262
5078
12149
3378
14770
12007
7564
3223
13369
12979
2254
5544
14019
7720
11882
14896
7435
1649
12318
6936
9001
5120
9890
814
7304
8506
1632
9014
8101
12765
6648
4045
15191
11698
14748
1774
7822
4037
8928
7270
13685
4099
5212
4459
8703
12562
2699
131
3421
670
514
10136
4632
12725
14756
14349
4168
7613
7852
12379
9225
6530
4589
14743
9647
10704
2174
10550
14221
1205
45
2126
3774
11772
13216
13940
6029
5696
14023
2113
101
11387
12566
10312
6405
6301
2304
2994
2776
1321
8011
3211
4313
263
15079
9714
14395
13497
622
5208
9968
14390
4929
9372
12507
7655
2822
3973
1081
11533
3301
3074
94
510
12565
7804
5496
10910
891
1110
15092
9524
5844
12020
5092
14399
8794
14181
2099
4768
7731
8573
10447
11224
5708
10453
8457
4691
2271
3477
13310
1405
10651
12307
11527
11475
11255
7965
11796
3229
15080
14898
7442
13311
4654
1120
155
8938
2541
11017
3184
6887
9548
8978
2810
13823
2974
12464
1340
3447
5810
4366
13678
13198
13051
2481
675
1179
7433
5999
8434
13805
1579
10655
3480
14646
2385
13476
1365
2081
6843
4313
13327
12071
13721
5558
9124
8289
9102
12332
2594
8892
6762
10590
4042
6530
12841
8420
14299
1841
3801
9996
3450
6143
1647
9997
7106
11724
7692
9596
1877
14593
12084
12905
3872
13782
324
13515
12752
7563
13276
9004
14330
6472
5446
1839
3969
13164
13989
5746
11948
7771
14470
3545
1953
14073
928
14520
5604
12602
9859
14800
10447
6517
1202
11550
15020
13999
11820
5472
5326
10458
13704
11394
895
2905
14100
3052
3463
1984
1224
4430
14553
11760
6605
1250
4948
3998
5300
12234
13344
3789
11767
490
9657
516
10871
4136
14039
10089
13648
9287
789
3521
7399
10261
7605
6417
12884
2844
9160
7655
106
11036
32
11731
4289
11419
11200
13666
4054
2481
5298
11522
7777
14674
11849
2272
1668
6149
11431
10997
10434
11357
10776
10311
13312
5034
13331
8985
1770
13285
2644
10860
13787
7327
807
13014
3350
9540
4777
10858
7780
4954
12905
14246
15065
396
11882
13635
12575
1442
8043
13560
5765
9426
12782
4788
11421
14639
6409
6030
6851
15064
13233
10855
14338
6712
5729
5989
6620
1179
11314
7831
14354
135
9047
14874
3589
5095
4456
14736
1453
8118
12964
11418
7412
7206
11440
8332
1932
7847
1111
13107
10611
4741
14642
1512
7814
14685
10909
2000
13066
8395
12085
2672
9566
6843
14192
8494
2322
3850
13400
11123
197
10798
7648
2196
9254
4402
5345
12167
12828
292
5388
12369
2943
1453
5045
15209
14256
2212
13999
9204
15205
565
14766
8909
4771
13494
5928
8309
5789
5585
8149
1081
3561
467
260
833
1436
4029
8594
9303
3778
5163
4765
4212
12630
3898
10807
10708
15043
8125
10990
14336
7819
4418
8815
927
1004
7991
3672
1458
4690
11525
13565
12238
6412
7204
14020
10198
2448
10162
13948
10027
13880
8307
12360
11804
5450
1261
8594
14544
1881
9688
1351
4329
9758
15032
2746
12895
345
176
11262
33
14180
4093
7942
856
3760
2453
2709
4356
11320
4850
7811
5723
1436
8174
11118
12324
13792
10899
7475
5207
12218
6844
8045
11112
11138
7351
9460
5683
6704
1922
6463
7698
9927
10989
11843
7908
4987
6386
2555
3338
8032
6718
11882
5725
8740
1467
3020
5295
14257
8230
6548
5624
12115
8572
6553
14456
1207
12696
2752
9038
14927
9959
10888
3544
3094
3147
8611
1839
5568
1246
5933
2654
4814
12264
4122
5136
8611
3964
11159
7792
4712
1822
10971
9482
13438
9964
10866
13458
9068
3584
13699
13576
9488
9885
14274
2182
4600
12455
14644
8626
11999
11275
11620
4069
15128
10363
4744
3058
12920
10640
10466
879
14185
3244
8089
6169
3989
1782
5499
2842
6192
12296
2318
11927
3222
7135
6141
12245
2269
305
11534
4409
5812
6083
8968
6160
2679
12238
14224
12062
681
9119
1945
9249
7978
7362
6407
3460
11821
357
1739
2960
6983
980
4521
36
8109
7850
8790
1748
7812
8345
366
14218
5925
3251
13328
4896
7667
1373
15184
3910
5979
190
13828
9813
4241
2277
1925
7417
11556
13845
6616
263
13283
3279
4034
8346
1368
13631
15092
8587
6757
7079
12017
2072
13815
12655
13750
3752
8649
1372
14192
12306
13187
8951
1371
10551
9383
6089
12803
14742
2826
1151
10027
2934
1805
13157
13905
13241
8605
7935
13537
12276
448
10301
11788
5282
5547
3411
9755
10310
9656
13230
13497
4506
717
4178
6570
8961
10304
13316
2668
6375
13720
12477
8021
9965
9853
8494
6817
1442
11492
12853
4750
14803
713
14712
4352
11420
9653
5206
5037
11765
10927
8969
4165
7205
11451
7762
5852
29
12081
5056
37
3133
14606
701
9766
9428
15190
4774
13988
6873
6115
9107
3008
5652
4319
3723
449
1936
11675
15088
10853
1085
11877
10010
12665
5627
11097
12707
5698
12073
5862
7672
12456
8882
7554
3479
13421
219
4611
1675
10757
12998
14477
755
3657
11756
6375
14352
11347
5302
5074
7812
14510
14732
2914
12605
8194
14837
8064
14136
11108
3018
30
14166
14979
2179
4574
7526
5446
13519
4136
14337
2695
3697
7185
8224
5
7221
15049
5936
214
10292
13718
3647
3394
8153
7023
6521
401
5919
4777
2183
452
10516
6728
7008
5553
11730
4906
5585
8228
1634
10459
11589
14809
9695
3199
9541
13593
1292
6325
1580
8647
13776
13869
12212
6430
182
2944
3325
9705
14084
11011
14602
4727
4057
9386
9063
2983
12616
6822
1205
1379
2514
7626
1221
6845
11851
419
11843
1469
5006
14192
5144
6928
11715
8798
2676
216
9773
13277
10319
1578
484
14373
6228
6167
11703
5857
8098
8032
14483
3784
7340
13603
5716
14074
11342
803
4666
1946
3170
4050
72
4902
11379
2733
13934
2335
13023
10892
4807
12515
1034
6571
520
4630
7964
1805
205
14089
4211
11885
11090
2439
9310
14577
8581
11734
9293
13273
1797
11008
13708
8490
12098
12733
8066
11852
11054
4369
4649
8167
14041
10884
2343
5373
14262
2711
2949
13485
14017
10332
489
1536
6089
2845
11964
393
7914
12160
458
10999
1858
388
4586
12468
12912
9294
14569
5147
11184
10215
9842
802
14271
13653
13479
285
3236
11224
9027
2678
12157
3986
10542
445
8910
8849
14994
14445
1651
1409
8394
7550
9668
3549
9025
8751
9314
10144
7533
7796
13511
14342
15071
7532
8153
14482
1468
13393
9908
3145
6861
998
817
14440
10031
1169
4677
7120
5111
7516
9129
5042
11411
2678
5589
8279
12379
13892
8089
12827
8020
6783
7426
10413
2756
11102
9126
4634
13668
7645
1639
3779
14415
9410
7745
7468
5334
12992
12337
9218
5262
6517
11767
14365
4498
11149
1550
11562
12127
12188
14895
14616
12634
5758
6714
11488
11063
3223
11058
8411
9284
14895
3636
8597
121
14925
9313
5692
10411
7148
1145
11647
3254
5075
5061
13677
2159
12937
915
14045
5379
8340
4821
14933
4838
8895
6278
1743
10662
6444
9026
9027
3043
11214
4576
6232
12809
10360
5032
10251
7395
13181
10617
6735
576
7978
3986
11390
4891
2378
6170
13011
8040
1688
11846
2059
5651
10225
15098
9589
4477
13318
9994
11521
1058
2893
8756
3251
2009
3536
1501
13382
6078
14001
11483
3294
7022
10054
9020
10444
15011
3048
7172
10182
13056
4257
75
288
14053
5047
11186
10164
11498
10504
3925
12554
9009
8564
5963
11986
4864
4752
178
493
3507
6276
363
13039
7568
1114
12214
10083
1399
11383
922
3129
14603
2903
11755
12052
6866
11527
5719
15164
536
4740
4732
13014
11230
9665
9889
14898
4485
12073
7093
1574
13302
6999
9491
9436
13169
5168
3473
14568
9332
4808
6604
7844
9583
3032
7820
13282
7095
1331
4004
6789
11419
11857
5614
1628
6361
11284
748
5423
11227
5564
325
3867
14792
14639
3075
6976
11167
11716
11873
468
12493
10507
6516
9094
7165
7596
179
6216
7049
6792
7162
1507
11282
6427
5223
12369
14852
9108
14551
11687
9799
8777
2585
6947
14170
11777
1548
9031
12580
227
9443
12074
7864
5256
6669
14192
9839
12014
7124
3087
8476
14886
2730
5859
12442
7512
2310
7758
13058
2986
4843
6763
8026
12689
2857
265
13652
12245
9760
7097
1857
4918
3434
1974
2422
4123
13925
5431
11425
5479
14004
7720
3066
1950
6836
5163
13814
14038
6742
12582
1336
12111
14498
11261
2014
2546
14852
127
12356
14360
1636
8532
9414
11708
12748
7049
14667
14464
3785
14088
1316
7143
5394
14850
9354
3534
10182
3004
4003
403
2093
1861
12575
10446
12608
15115
14345
7291
1769
10036
12505
9503
4430
14751
13589
9354
5955
3429
1388
13182
11817
11694
4217
9853
14111
6890
11587
8732
8807
6690
14112
2719
9859
9763
8066
12520
2555
14990
2972
11942
4966
5149
7357
3122
6491
11523
6817
4969
10527
449
404
3030
7551
8634
7732
4982
8566
1162
1376
1228
2035
8708
6520
12808
8810
965
824
3235
11546
2113
7715
14933
1155
12395
13126
5565
8849
13239
9761
7660
4962
11905
8880
9913
14532
1072
10394
1685
3029
9951
11747
4047
12588
8512
13685
10135
3486
10482
12652
4915
14641
2493
10468
14692
14126
330
13403
3599
7193
14678
4137
1468
1364
3842
4666
12213
6437
6739
11856
14989
10772
15115
9254
3141
740
11566
12314
9382
6220
8886
993
8004
11516
1160
5214
12526
14063
8291
4986
2871
4744
14966
13871
5563
5708
4225
5513
1940
6421
10945
11075
6987
2779
1787
6049
11481
14372
11289
588
13355
4779
14078
10150
2836
4555
10600
10242
24
14672
3826
7285
1347
2161
14185
3113
768
11062
561
876
14252
9916
12674
10145
7656
7732
6811
3866
4275
14589
7721
2295
6878
13204
1276
4881
5224
10474
8299
4575
2923
10514
8259
5903
7713
2348
15103
13841
13732
3997
2563
14647
12491
4623
9173
14148
14343
13721
3886
12761
8505
5114
4488
8689
1272
9444
5601
4715
2736
11116
643
14707
9978
1365
12952
1300
5505
3928
13018
7285
10618
3232
2260
1300
8192
10561
6384
3116
1886
9625
10920
15109
1260
12755
13574
3394
10693
5830
12953
7823
7687
2063
14891
9734
8430
7163
3615
13731
1430
15025
833
11610
14893
7259
9782
432
13993
3583
112
13352
11640
6548
7936
14822
9501
8261
8104
15001
3963
6804
2681
12706
4347
13747
5377
8212
7355
13348
8159
12855
1786
147
9469
10229
14947
10188
1134
8889
1329
6852
6250
3055
8448
3814
14646
1323
12442
1243
4654
434
4230
359
12776
1592
6407
2622
10508
8331
9182
3200
64
10612
2033
5654
816
1333
2556
9495
8984
3443
9090
14173
6780
4090
7245
4527
3718
5016
9756
3874
9065
5563
3584
704
12173
1064
4822
9121
4293
6412
10651
10524
5227
3068
3707
8795
5358
10359
2883
12401
10569
13375
12279
12866
9106
1598
8477
4113
13010
13598
4396
10378
6883
1139
11056
13758
6225
7914
14676
14709
2873
3092
10807
10424
1586
13220
5696
9362
5332
7982
11758
2759
5036
4752
3788
13437
2647
9512
7493
13273
5037
9252
2641
1048
4717
4919
9370
4328
15094
11196
11616
6569
4684
236
12902
3367
1180
15144
9208
11854
13674
12782
8098
4027
9072
5006
3084
11897
6411
4783
13472
6321
2572
8482
11026
3019
71
1555
2034
14681
3068
10823
10658
2736
5854
12501
8725
1841
13101
1656
12726
9244
1415
3533
9782
14053
15038
2626
1392
2140
12234
14329
13479
7037
9559
8322
4746
7656
2592
9964
1960
9671
3279
5145
12804
8844
7834
4988
5921
10985
8962
2828
8981
10810
12337
6533
10707
2131
10458
5831
4345
4096
5649
13913
9867
1657
5969
13596
13930
1497
2246
15133
5930
1684
753
11815
13422
14808
7351
14211
9925
6968
9592
10297
8923
4871
8648
13585
13502
13999
13532
3848
2400
1067
4582
2396
8938
12668
15084
10251
4328
4246
15175
13914
13872
7946
6012
9309
2336
3796
2373
2757
525
8267
14332
15139
3037
3297
4533
12264
5915
11065
6974
1054
2704
1528
368
10678
14686
14885
7759
13938
324
6791
15121
2583
9450
2847
8353
5639
5113
972
8284
430
8250
2639
3256
14725
8535
12379
2595
7091
9957
951
4831
5131
12814
14589
5385
4732
6304
9001
1400
483
8967
11516
11151
9529
13395
12112
8469
13395
4428
2227
11408
13578
8723
15199
7331
14822
12335
1767
8468
5993
2298
6459
11898
13574
4292
10007
2821
922
10304
9120
2827
9424
12987
15125
10111
3817
6476
4677
466
9501
12467
14205
10850
649
10830
4954
10288
7143
11670
10
1890
3700
10302
12552
3210
13934
6563
5747
15167
5932
1371
11729
6478
8280
341
440
4531
9684
3583
8827
13544
78
6016
3896
736
13868
298
6183
7678
1852
14878
2332
1792
4353
10992
10069
10484
828
3530
715
14474
2766
3649
10611
4316
985
14777
11786
10950
15102
6013
9814
9859
14918
12809
8740
12824
13952
5289
3163
14815
4208
9853
10905
90
6839
1694
14604
11892
11608
13125
5678
13191
6521
3020
13675
5206
5176
14910
8167
6543
3334
14800
6364
8100
1340
14694
2695
610
13240
4256
10185
11616
14256
13394
9315
14241
10716
3919
10863
3397
12708
9702
7657
4432
7847
14993
6324
883
13351
4399
10297
546
7173
3864
5537
9672
4233
6000
9422
7863
12258
10286
14107
4089
14124
7708
13888
1277
10211
2165
5784
8365
1924
6929
4015
3337
5916
3093
3423
12899
6093
11007
13452
1860
9782
8193
7129
7724
5224
12021
10122
61
10285
8179
13250
1347
2796
14449
1947
13269
14133
9626
2649
4277
8948
9339
7374
8758
13525
10209
3506
9914
11009
8612
9914
9914
8385
5508
11452
4614
3481
13531
7540
594
12517
10764
961
6465
8965
7321
7603
13057
2245
5421
9892
4098
11324
12477
5981
367
5802
14759
13622
4031
6539
9492
2380
13943
4119
13540
10512
14161
2703
10802
7406
14387
13398
14020
12924
7175
9812
11377
4665
13809
11402
12263
49
7665
8955
12074
14141
5556
9324
5468
2941
7403
6563
5296
8423
3601
13000
4398
685
4413
4674
8214
5826
7610
10371
5110
11927
7616
7721
8974
10417
1962
5223
14232
11816
1099
9040
14262
10490
11301
1005
5020
4675
10644
14688
9018
6743
13557
13292
12475
4420
2930
12374
14891
825
11396
10056
12163
2868
937
8823
12653
1112
3799
4786
6845
4452
4422
13545
1441
7521
8592
14046
9827
10075
12963
1085
12985
13699
4117
1161
12210
5023
8676
10102
14123
13534
1403
9207
3104
10266
161
9659
12763
4256
9694
4434
5849
4613
12838
14974
4145
12810
184
13687
9375
13689
1223
3159
10727
10675
574
5391
8729
13699
13197
2474
6708
8651
6510
9423
5975
1020
6512
15054
10723
3958
9642
4698
12192
3676
10477
7329
8859
3259
2425
7180
8946
136
12308
5089
182
14133
4602
5925
14579
14169
6048
11062
7313
11299
11883
2203
2274
11400
171
10637
9916
10959
6959
14749
12627
13982
13050
11148
1814
5151
2199
11245
13290
1135
8516
9336
2102
5145
3549
6983
14530
14261
9898
11118
43
3534
3068
13226
10405
9324
1175
5348
8575
5985
12793
13267
9713
6302
8660
3628
14170
14753
12134
826
11219
8491
459
9043
1998
10965
5783
897
1282
14749
754
12991
13172
8364
4640
9671
1074
9843
10786
3084
7220
9176
4259
15153
6599
14086
1252
7586
5724
11274
9221
5431
14958
6038
15103
7837
309
1118
12701
11646
8793
541
5559
10585
10801
821
15005
13157
898
4261
6013
8377
5425
8220
6676
4447
10996
6532
11630
5368
12274
2818
8643
842
1003
1294
14064
7741
7813
9676
1642
12131
13670
6425
12474
11021
8245
3340
1241
756
1672
1555
8634
6512
13541
10123
3745
1403
13694
9678
12852
14442
14455
4097
6632
14753
10138
9130
11686
7938
10376
1905
10919
10079
9774
8966
7334
13160
754
765
3145
576
5024
12193
12505
9436
12371
1639
1627
14112
12251
13776
15095
3519
310
12903
190
11408
13661
7341
14950
11147
5008
5801
3291
7179
2348
6477
12541
3764
3720
13024
8805
7781
57
14705
11649
6596
15169
13994
14923
14930
11003
3497
14
4264
11720
7283
11127
6998
7316
8611
14502
1282
12796
12764
8891
3679
9327
8521
6228
6216
7051
4127
15014
13319
3468
641
11295
10374
6484
2066
12860
11479
3638
14726
10875
5295
3575
15198
11897
14992
11925
11893
5529
5081
90
5982
6113
9069
7980
11744
9229
7428
8870
8519
6929
7558
1374
7415
9266
8774
1056
638
10799
9541
9369
9641
13551
2332
8352
11497
2734
9742
6806
933
3845
1045
10879
6802
9682
1798
1607
9418
15020
11825
14549
11345
4121
6864
8442
4502
10653
7149
1912
10081
6138
4240
12297
4939
3117
14331
2115
3695
12102
4580
10689
4770
3103
4313
9435
2812
9847
10431
3244
12330
6982
1328
1996
1175
13204
5325
7877
11525
2963
13208
3751
5090
2593
6108
2965
5837
1093
11702
250
9276
7262
10900
7085
12790
11641
15133
6088
8385
8745
10689
8689
2915
3492
7724
4148
12162
7472
2053
9449
7808
2845
3122
920
10806
132
2784
6633
5331
7141
11982
9323
7324
9584
11345
13240
12956
13056
10498
5742
6024
10873
3459
3028
8104
5210
12534
13644
10953
8375
7826
11549
13663
12485
1428
15099
13760
1611
2370
2470
6579
14230
12492
14373
2513
192
14068
2346
1550
2518
1425
315
14384
15189
10822
4459
10160
12633
9186
7951
13260
8128
5221
12786
4964
10745
13925
1821
11580
9648
8058
12336
6166
8014
1197
2844
9696
78
5516
2815
7740
154
7325
2961
8270
11127
11267
5177
6366
11018
7096
3218
5215
6670
6390
7347
4255
9200
5401
12504
13778
1459
11448
6771
3148
12717
13416
8722
14631
9362
3104
9068
7459
2597
9099
4129
5178
1616
7016
14765
4178
1617
6663
14127
10616
782
8218
7794
1459
13692
11282
705
9165
8721
12969
644
2329
3505
6445
5153
13841
4988
10587
13517
146
1564
14033
8517
12916
11864
14696
15077
6200
13072
3957
4693
10122
11069
4824
10238
8956
919
13151
855
10491
2543
10937
8878
8535
2111
8353
4788
11941
69
14910
10668
2245
14974
5075
6914
9383
7160
14089
7068
10039
1344
12380
9305
8595
4254
15224
3869
7699
4957
11197
10222
7559
9893
5041
7686
6776
733
14667
4918
378
7530
11648
11791
13578
10288
5482
4434
8407
10691
8770
13793
1529
8396
10903
5884
12410
3195
10901
14394
13917
2045
981
11060
10592
10988
9454
8736
1740
9217
8685
14974
1515
369
13973
9863
12741
11799
8128
15085
9209
4852
1850
5004
13696
5340
6117
9015
10307
5286
1171
2022
11592
12383
9475
5206
14714
8949
4009
5898
1887
1834
5988
10195
10308
10306
5679
13503
15218
10207
12144
14713
1025
4260
8861
14958
15159
6201
14504
1603
8219
4490
256
6500
11281
14815
9813
3496
4384
5849
5099
9203
11071
4028
7377
867
8760
4381
5027
6967
7516
9796
12192
4507
1359
9088
10641
11704
3793
10382
5738
11231
7923
6994
14213
7016
8566
3813
3967
7616
8512
6138
166
9459
196
14751
10475
2193
11656
10715
1479
13225
6048
2548
1157
13568
10518
387
12591
7325
2889
9953
6560
2763
10440
13864
9909
8733
1199
13515
4687
11455
12893
10098
14480
5094
11179
3912
11302
10506
14801
14855
13237
10845
9396
1081
2428
14549
7837
9000
8513
4853
5943
8383
7096
8356
13998
9867
13259
12012
7690
10069
9838
10215
8930
1838
4779
11714
13650
93
8490
13113
10647
1271
10731
8329
1856
113
4710
14770
13003
4472
5708
14351
3323
4687
11036
8064
12562
5209
1600
13146
4669
14150
9069
10443
11209
4850
4577
7912
9944
12466
4876
3581
8230
10663
10393
4804
48
7023
7316
2316
2355
9563
15108
7479
7739
11772
609
5264
6939
3265
2231
10435
12812
9957
45
4902
10577
7332
13390
2035
11104
9570
8251
10187
14781
11176
14979
6362
15084
4653
11618
13641
9863
3544
12137
6666
4441
13324
9895
3199
14885
11809
8739
3007
14571
10582
12334
12156
2517
5843
11669
2291
15154
9574
217
178
4774
12387
8703
2163
5781
2303
9494
9147
11413
10937
10166
8137
12113
14019
714
12380
2350
12209
9380
13138
5436
8768
10768
6391
11154
13584
1022
12291
13136
9235
3271
6183
8246
15110
13390
1520
4996
1351
14893
8034
8149
8470
10984
2645
4262
4996
10183
6328
5478
2006
8419
108
3000
4989
8963
12832
7516
3784
10225
3712
830
14960
10527
10818
8868
8027
13964
2027
3682
13691
7974
2391
7225
9860
9676
6619
6919
5959
35
8516
1693
5799
13603
808
41
7727
6507
2440
752
13478
14135
10809
1914
10899
10564
7702
7026
10271
11351
10225
14057
14739
11372
686
587
13783
13588
9451
9453
14820
6220
5151
7589
11265
407
8361
12951
399
5911
4291
7396
14477
5097
3944
3266
13394
13972
549
11702
12643
12550
5867
4555
12846
13768
7971
6120
14479
1100
7694
11034
3684
5039
817
8132
8946
3060
14181
13397
12277
12481
2154
8244
15157
4145
5730
3370
451
6257
12640
8758
6795
11018
13358
1009
10305
8688
7768
14103
6772
7016
4988
11064
9754
13963
10152
10446
4760
1355
2477
12736
8408
2032
10024
11968
9871
13226
11095
2481
6977
9430
99
10845
9569
1655
6357
14091
11969
11324
9624
862
13771
2090
5020
5794
6080
9866
7072
13383
13048
10264
14731
7301
12840
11350
5900
598
6898
4126
10879
10039
1142
11682
10385
1926
14004
7523
3687
9720
8734
11318
8691
13599
10760
12804
7523
7122
4445
6600
7748
3158
2681
5323
6182
4731
5463
12067
11278
14288
7738
2195
7357
4670
12565
970
12095
6714
15164
3716
12599
6631
7101
2115
14585
9206
8298
3476
1263
6903
9983
1176
9989
1254
1664
12404
1475
1986
592
13643
10383
5433
221
6090
9675
14278
5890
14806
7291
3938
926
4468
13975
5480
10686
199
8055
5391
4351
4041
12410
6603
508
6155
2534
12588
12975
5769
2429
4433
3695
15187
10957
12581
14626
5333
1313
7289
1464
933
5048
887
14298
598
26
695
5596
15061
5415
12136
9335
7407
8859
8669
2021
5965
6832
1075
12931
15146
7745
142
12930
8789
1087
13024
1055
7913
7422
6869
3494
9693
12496
12803
14653
3607
7831
1998
7293
12733
13881
4469
2486
13725
1965
5484
14001
10356
13293
6839
7817
6189
14179
6793
6185
1039
9256
12586
3452
15002
7380
11689
8719
118
9736
7318
8320
4225
6701
14640
8715
3234
13094
7367
12967
12139
3833
13966
5492
4504
6412
621
2368
4642
5915
3468
14653
9618
6812
7630
5464
1438
10949
29
8699
193
948
11322
2939
14008
10771
14996
383
11194
2597
5990
5090
7178
7640
12432
14932
9742
6672
12339
892
4401
9934
15155
3019
12650
14521
12290
11575
1950
5607
8111
12748
14048
12931
14782
9308
7515
1446
13170
8029
259
2110
12885
9449
9358
13720
3227
4683
14591
4509
8857
4972
11428
12832
14738
11742
12308
8765
14028
6856
9618
6508
854
15006
9977
909
8699
1419
6177
11445
12219
7309
4120
352
4110
8144
11312
7557
14613
14051
9944
787
14026
11265
940
6261
9053
12292
2162
79
9020
70
4312
12369
5151
12281
3919
14717
13435
2198
14184
11812
10051
14407
5323
5852
8722
15217
11331
2146
1689
5492
5832
10199
11363
13554
12701
11544
5348
9593
9360
14556
11646
12196
8117
6458
2814
9202
1281
2543
633
2884
8529
7414
13125
1618
1643
5323
14243
7876
1233
4247
11394
4037
2351
11513
15160
13197
913
14061
8341
3445
3803
8484
3973
14944
1170
3573
11509
1366
11666
8937
12650
77
14454
13478
10602
2426
7490
3103
2862
11266
9551
3864
4364
2386
7678
10556
14378
6711
4885
1784
4739
8304
1952
3635
12610
9384
2566
1851
11004
5814
4602
2132
13140
12981
3654
8608
12962
2215
5803
7033
9623
5912
5993
12980
7917
651
9201
12499
7122
15117
11073
10266
2578
7153
9562
5766
6985
12643
7608
15204
7734
9934
11096
4322
10167
478
1057
4973
1343
12013
6096
10589
4938
9651
12741
6058
5660
5837
2567
9835
4104
10100
4917
581
3689
5832
10405
13757
9279
747
4825
13140
3220
11522
12163
1748
10456
14325
14078
1592
7088
6696
3000
13907
1786
916
4557
12841
885
5549
12332
13396
855
12222
4399
8822
10142
2325
766
6247
10964
1806
11380
5868
1057
2542
4404
7455
525
474
426
1805
8572
8944
12225
2564
8287
9045
1945
1411
5023
4842
4053
11669
11916
1184
10646
13769
2401
14680
4681
11132
6984
9837
2809
1905
3053
7524
10744
9185
13238
10832
7538
14335
5453
2979
13982
12564
1858
9428
9488
279
13214
5138
8195
11418
12460
13804
1173
13718
10570
8733
8928
653
1811
414
10180
4376
10755
15054
12494
4495
6624
2429
3982
10612
2762
13593
9552
3396
14551
7527
1435
11543
14569
7948
9564
4605
4857
11369
5627
6104
13593
11214
7892
10216
13784
14182
5523
13935
13131
8054
7677
10732
1581
7580
10285
7143
7114
1230
12056
1558
5444
14043
351
12419
11175
5885
5358
5044
2522
1244
2505
8340
13192
3213
9310
5783
12348
7576
1657
9005
4427
6933
8488
11488
8040
7395
6334
816
398
2091
10163
775
6706
2438
10088
395
12319
3734
11020
13915
4445
10089
15074
3422
9873
1071
2339
12771
3578
11636
14565
2716
10749
7068
9082
4876
14250
1105
11417
2731
11138
11827
11157
12175
8730
7497
974
1959
3162
5534
13758
2098
8058
2167
6032
9774
8521
9683
11266
134
2536
4356
7309
6624
14931
11823
11420
8739
8569
11176
14957
9805
13066
1655
6576
2679
13116
7294
9777
1300
11976
9693
15176
13268
9481
2902
13365
10759
503
12629
12545
13007
11182
12212
12593
8614
4428
1449
7569
10785
7724
14154
8717
3527
8191
11913
3006
14862
14945
9631
3384
5882
12703
11779
10925
13297
13915
12309
12793
15095
11530
8992
9412
14099
11083
14770
7026
1108
7188
1424
13988
11466
10919
3786
3498
4851
14735
8070
7203
8698
11552
3323
14114
1686
5797
9812
11818
9278
3262
6624
13080
181
12089
14043
8166
12636
9608
8479
1208
10794
12477
11129
2241
12516
14710
2023
14138
10980
3764
10011
3670
717
11280
8576
9582
13634
13165
10282
14934
6258
10132
2568
3279
192
850
9257
15152
8948
6652
4705
12669
12566
1778
11323
15106
14565
11928
7606
12188
3242
7700
7475
4083
572
8610
132
14229
480
4179
3439
11055
1049
4085
4077
14165
11967
10865
2386
6528
3163
13142
212
7004
7843
7597
1874
10
10022
1909
1579
7011
9568
10983
5179
13308
1226
9761
14216
7122
4950
12857
5531
8151
14565
6582
11399
7284
13269
3328
3025
9614
10455
6334
1956
13087
5899
9537
8295
6562
9109
8385
6885
11830
9806
3336
11933
12799
5044
7857
15047
11548
11441
7575
13543
6458
5490
1371
1793
10350
8987
4477
5249
705
14899
1247
13717
12948
13515
12291
10298
13412
5336
5397
4736
9731
2280
4773
7096
10684
8204
4712
3457
1689
10501
8191
4190
3280
14857
2116
1136
8215
7730
13308
14458
11208
3909
11735
5327
1430
2885
10819
530
5951
1779
14885
14088
9877
9574
11503
11094
7369
14988
14756
8674
4334
14542
11973
12140
3254
13077
5034
11888
5147
1738
5732
13327
324
11590
4614
8834
12751
5861
6341
11374
6620
1287
7755
12421
5192
5205
14759
13203
13904
14379
10633
15082
15019
6861
11691
4541
1037
3569
9632
869
15008
6008
12384
10984
5871
515
3693
14284
13224
13429
4503
5207
2962
1573
1480
6839
13534
13914
14514
5138
10664
10998
13365
5017
3210
11554
12855
14914
4328
10967
228
7041
4859
5700
10347
9544
12905
2076
9218
10415
11436
6840
5641
13485
12960
11041
63
13880
9332
260
13753
14814
7059
5494
6053
8314
5341
9630
9896
9823
6726
2595
14832
13421
1550
12517
1404
8366
8625
1940
4129
372
10121
1245
3786
14416
1474
499
5875
10465
14988
11485
5375
10196
9509
1940
7071
4327
14428
521
8883
12292
4236
8722
4249
5445
5176
4465
2038
8150
9734
15201
9086
5529
2935
14729
13617
8643
136
13248
11442
5053
5236
1417
15214
1547
3698
14743
5575
2205
10676
13346
4909
2734
4459
10933
6256
11607
8919
742
12631
7439
11876
6683
6411
8918
13563
8167
4236
7070
4757
9193
388
11242
7151
4680
814
3740
13063
580
6960
13364
15221
7356
14891
6465
10853
12061
10954
14822
12157
800
12957
819
2129
12837
11080
1474
2634
9583
9506
7716
9052
8373
11047
12698
8245
5515
3272
14298
9570
12380
14323
1788
1138
10537
11789
11149
10630
7389
1368
12948
7098
2540
6081
13887
9941
1331
143
15003
9336
15156
4917
5890
8637
12233
8491
4708
5739
7689
11457
10202
6253
3742
2560
7198
6823
3437
3134
13565
7287
5936
8740
15096
8468
6414
3379
7099
11264
5134
13569
10135
7502
8503
13705
10748
14395
13701
7726
8929
5806
10912
2618
9131
10039
13493
6469
13696
13103
2398
11153
10967
14623
8234
13503
1126
7319
1956
10847
13530
3452
3932
14954
13782
11244
14011
2481
3027
4179
7042
1620
4861
2580
3873
8597
547
2144
14394
3664
8937
8862
2240
5425
6594
11771
15209
9743
13900
14853
13498
13879
5287
5191
2742
7278
12878
10968
5400
6240
10120
6819
12973
10031
14806
4038
5962
9978
897
10724
13658
3186
6558
1778
8225
4691
5327
5598
11479
1138
531
337
8396
14569
765
2258
4368
8081
7710
6110
6456
11838
1401
11151
6319
8511
13116
4952
181
5144
7592
13404
2237
11236
11448
12807
3506
9674
149
1131
11991
3466
12165
5187
11693
14136
14598
8997
14196
3827
6655
2934
14289
3624
13910
123
8905
11907
13168
8500
12667
6029
15036
14303
3478
6130
11671
3293
4684
5253
6845
2086
2453
13572
9921
11217
7882
12192
2352
5590
9265
5626
4439
3284
14378
13902
5029
8725
13289
774
4468
8669
5167
741
12758
4450
1218
10680
2768
5662
9912
3210
6177
5561
13748
4157
1547
13066
1602
6827
15049
9891
1652
4473
2371
921
14583
9267
2364
6873
12039
8882
2915
2927
12588
4041
10903
9591
6955
11072
4791
3127
4168
13269
452
74
5577
4328
5298
524
5350
4633
2409
8731
4834
2729
8267
3890
10150
9679
8360
3683
5551
7410
977
5916
14254
9828
8254
2267
3586
8242
2549
6440
14512
14433
11099
13814
10488
943
15182
12075
15072
6615
3851
7027
1818
5016
1543
5882
12514
8732
4001
9324
8277
12400
3972
8301
4794
13147
7574
7456
8668
7751
3963
8365
5102
7495
9631
14897
6599
14578
3726
10675
14118
4162
1554
2668
15064
1676
2835
10535
3478
15128
4484
10979
9811
14923
288
8179
11794
964
11844
4107
10845
12847
8053
10349
8452
12704
8330
8108
2884
5918
6276
7433
8420
9764
2842
5254
11865
4325
5720
6313
2186
13275
13775
57
12062
8119
12948
5304
10475
15162
6040
6570
14258
2051
1925
9898
11550
14276
6487
5489
8270
2503
12647
8677
8712
9508
6228
4304
6791
409
7954
11530
2276
1849
3106
8041
5402
