6
81
675
706
1215
1263
1967
2692
2806
2883
2890
2892
2896
2989
3063
3389
4128
4129
4320
4435
4492
5442
5636
6147
6157
6395
6396
6398
6431
6672
6691
6693
6697
6698
6728
6732
6744
7486
7832
8049
8355
8450
8871
9261
9558
9765
9766
9767
9772
9777
9779
9783
9787
9790
9794
9805
9818
9851
10330
10428
10646
11509
11708
12370
12839
13204
13293
13294
13296
13664
15510
15524
15527
16033
16408
16759
16764
17603
17790
17792
17801
18154
18607
18630
18632
18882
19682
20131
20173
20934
21471
21591
21710
22591
23132
23205
25995
27227
27398
27987
28079
29092
29698
33572
33625
34005
34610
34684
38254
38465
38796
38903
39407
40991
42463
43052
43303
44227
45458
48478
50125
50489
50516
52022
52062
52153
52154
52171
52669
52977
52984
53198
53232
53251
53252
53767
53777
53947
54465
54480
54974
55060
55514
55776
56256
57045
58764
58926
63840
64695
68225
75598
76327
76506
77451
77454
77455
77563
77918
78132
78444
78458
81188
81297
82751
87974
88686
94996
101709
107518
107523
107548
114646
146797
155429
155706
160135
169788
170465
170786
177607
180635
182367
182984
187509
196888
198293
207610
208336
211039
211041
211048
212920
213088
213588
231066
236411
244640
245569
248852
253467
259058
261281
269411
293397
293399
305029
311092
322008
324541
327058
344027
347788
382932
423255
447075
470862
487724
488188
504915
520370
664951
704935
817231
864242
865509
1071903
1124609
1127513
1306826
1320079
1335215
1338357
1489367
1554508
1656377
1737672
1754834
1987747
2051623
2163137
2181580
2636278
2790787
2890225
3301462
3573262
3878621
3884177
3942875
