6
81
675
706
1215
1263
1967
2692
2806
2811
2883
2890
2892
2896
2989
3063
3389
4128
4129
4320
4334
4435
4492
4587
5442
5636
6147
6157
6395
6396
6398
6431
6672
6691
6693
6697
6698
6728
6732
6744
7486
7832
8049
8355
8450
8871
9261
9558
9765
9766
9767
9772
9777
9779
9783
9787
9794
9805
9818
9851
10330
10428
10646
11509
11708
12368
12369
12370
12602
12839
13204
13293
13294
13296
13664
13875
15510
15524
15527
16033
16408
16759
16764
17603
17790
17792
17801
18154
18607
18630
18632
18882
19682
20131
20173
20934
21471
21591
21710
22591
23091
23132
23205
23265
24237
25995
27227
27398
27987
29092
29698
29783
33572
33625
33703
34005
34610
34684
38254
38465
38796
38903
39407
40985
42463
42497
43052
43300
43303
45458
45468
46638
48478
49288
50125
50489
50516
52022
52062
52153
52154
52171
52220
52669
52977
52984
53198
53232
53236
53251
53252
53767
53777
53947
54465
54480
54974
55060
55444
55514
55732
55776
56256
57045
57303
58764
58926
63840
64695
68225
75598
76327
76332
76506
77064
77451
77454
77455
77563
77918
77961
78132
78444
78458
81188
81297
82751
87974
88686
94996
101709
107518
107523
107548
114646
140656
142031
146797
155429
155706
160135
161357
169788
170465
170786
174095
177607
180635
182367
182984
187509
196888
198293
200162
202020
206265
207610
208336
208908
211039
211041
211048
212773
212920
213088
213588
231066
236411
244640
245569
248852
249689
253467
257791
259058
261281
268667
269196
269411
278041
282385
293397
293399
305029
311092
312786
321464
322008
324541
327058
332088
334926
344027
346682
347788
382932
407715
423255
447075
470862
485715
487724
488188
501490
504915
520370
558545
567946
616027
664951
704935
817231
864242
865509
1071903
1072689
1124609
1127513
1306826
1320079
1335215
1338357
1489367
1554508
1656377
1737672
1754834
1858695
1987747
2051623
2163137
2181580
2636278
2790787
2890225
3268914
3301462
3878621
3884177
3942875
