4
5
6
7
26
31
81
143
675
701
706
1215
1263
1339
1501
1776
1848
1857
1950
1959
1967
2451
2461
2692
2806
2811
2813
2880
2883
2890
2892
2896
2897
2989
3063
3257
3293
3389
3411
3420
3444
4128
4129
4205
4320
4334
4435
4492
4523
4587
4645
4772
5055
5442
5636
5638
6139
6140
6144
6147
6148
6157
6159
6168
6294
6395
6396
6398
6415
6431
6440
6446
6672
6689
6691
6693
6697
6698
6705
6707
6727
6728
6732
6744
6875
6992
7093
7484
7486
7832
7833
7836
7864
8049
8143
8353
8355
8450
8674
8871
9212
9237
9261
9536
9541
9555
9558
9704
9765
9766
9767
9772
9777
9779
9780
9783
9787
9790
9794
9800
9805
9818
9851
9924
10330
10371
10428
10645
10646
11157
11509
11517
11519
11707
11708
11810
11825
11829
11855
12050
12368
12369
12370
12378
12469
12602
12834
12839
13031
13137
13204
13234
13293
13294
13296
13396
13491
13558
13560
13664
13759
13784
13875
14190
15508
15510
15514
15524
15527
15960
16032
16033
16113
16120
16408
16498
16759
16762
16764
16809
16995
17168
17603
17775
17790
17792
17801
17802
17815
17824
17834
18059
18089
18154
18214
18439
18607
18619
18630
18632
18882
18885
18897
19022
19023
19135
19290
19403
19675
19676
19678
19679
19682
19683
19689
19937
19958
20067
20131
20133
20136
20137
20157
20173
20181
20184
20185
20431
20780
20786
20934
20969
21007
21388
21471
21591
21593
21612
21614
21710
21714
21795
21846
21889
22591
22602
22670
22831
22922
22982
23091
23132
23205
23249
23265
23563
24080
24086
24237
24359
25636
25979
25995
25997
26882
27227
27372
27373
27398
27867
27947
27987
28079
28081
28094
28384
28501
29074
29083
29092
29698
29783
30274
30505
31151
31185
32052
32117
32383
32851
33512
33572
33587
33603
33622
33625
33645
33703
33721
33728
33992
34005
34278
34288
34295
34305
34424
34610
34655
34684
35273
35449
35462
35482
35486
35510
35514
35532
36172
36534
36754
37866
38026
38038
38040
38062
38254
38268
38379
38453
38461
38465
38588
38659
38660
38759
38760
38779
38793
38796
38825
38900
38903
38916
38940
38990
39214
39407
39791
40045
40089
40487
40905
40985
40991
41076
41734
41874
42462
42463
42497
42528
43052
43208
43209
43300
43303
43742
44140
44227
44719
45458
45466
45468
45574
45636
45638
45701
46635
46638
47456
48180
48478
48785
49155
49288
49301
49668
50125
50489
50516
50539
50842
50993
51228
51646
52022
52062
52147
52153
52154
52164
52171
52204
52205
52206
52220
52667
52669
52702
52755
52977
52984
53198
53220
53232
53236
53251
53252
53279
53349
53751
53767
53777
53928
53947
53959
54184
54189
54190
54448
54449
54453
54465
54470
54480
54484
54507
54974
55060
55414
55444
55514
55732
55776
55858
56011
56014
56090
56256
56350
56700
57045
57255
57303
57449
57686
58106
58562
58764
58926
59226
60149
60724
61047
61190
62754
62756
62783
63609
63618
63840
64695
64712
66184
66694
66743
67191
68225
70544
71999
74178
75598
76314
76327
76332
76345
76370
76506
76648
77064
77149
77340
77451
77452
77454
77455
77563
77602
77918
77961
77979
78033
78131
78132
78444
78445
78458
78473
78486
78554
79474
79830
79838
81188
81225
81297
82751
84635
84845
86122
86748
86865
87496
87974
88167
88686
90036
93341
94699
94996
96000
100780
101695
101709
101729
102048
104180
107513
107518
107523
107531
107538
107548
107573
107574
107619
107812
107834
109057
112284
113612
113619
114646
114648
114810
114886
114908
114989
115799
115815
115816
116095
116275
123690
123917
126831
136751
137267
138801
140656
142031
142033
146456
146466
146785
146797
147153
147207
147258
147512
154765
154814
155429
155706
157614
157913
159869
160135
161357
162206
164936
169237
169788
170465
170786
172007
173442
174095
175393
177291
177292
177607
177961
178314
178920
179093
180361
180635
180798
180804
181121
181939
182367
182984
184893
186110
186238
187509
196439
196888
197612
197894
198293
198447
199948
200162
200216
200490
200535
201535
201604
202020
202187
202797
204067
204092
204874
204890
205205
205428
206240
206265
207285
207610
207611
207728
207831
207842
207959
208246
208336
208908
209158
209925
210099
210213
210354
211039
211041
211048
211280
211467
211708
211893
211894
212058
212773
212855
212920
213088
213229
213588
213589
213800
214305
216419
216457
216504
216599
216621
216790
217533
221614
221810
226434
226435
226436
231066
231562
236411
237896
243234
244640
245569
248852
249342
249374
249398
249689
253467
255517
255851
257791
258378
259058
261281
263168
263256
265259
265307
266908
266928
268266
268363
268370
268667
269196
269411
269841
270552
270670
270711
272742
274350
276529
276839
277251
278039
278040
278041
278045
278050
278059
278073
278309
278581
279638
282385
282591
284229
284332
284477
285959
286696
290508
291148
292022
292736
293397
293399
293402
294421
294847
294881
297789
297981
298625
299809
301773
303159
303597
304339
304354
305029
305577
308162
308618
308698
309655
309815
309997
311092
311443
312786
312788
313250
313394
314089
314098
315444
315955
315969
316244
317272
320867
321082
321464
322008
324541
324886
327058
327459
330705
332088
333964
334926
336389
336652
336670
338225
344027
345430
346348
346446
346682
346911
347020
347052
347788
353322
354429
360772
364765
368594
368659
369022
379306
380208
380275
381443
382512
382542
382932
386591
387742
387751
387789
388301
388370
388977
390903
391416
393926
396157
399044
404436
405303
406886
407715
408108
409311
409317
412752
416143
416618
416625
420475
420704
422481
423255
423343
424129
426250
427246
431213
431300
431728
434535
445932
447075
447758
449954
452592
458041
459342
459345
463409
463771
466402
467622
470862
473440
476638
477490
478385
482956
485490
485715
487724
488188
491714
495133
499439
501490
504054
504153
504915
510464
512424
518430
519084
519099
520079
520370
530544
537826
540355
549133
550319
550935
551074
551133
554616
555388
558516
558545
559285
559300
561764
561774
561781
562203
562919
562987
562988
565001
567946
568687
569503
571145
576268
579718
596171
597908
601086
603102
610945
615819
616027
623589
632061
640384
640403
650443
653727
658432
660687
664951
668027
675163
688132
704935
715698
723422
736387
749376
752117
817231
818215
864242
865509
894569
901031
903624
955816
971662
1038762
1038763
1071903
1072689
1124609
1127513
1158497
1162926
1204827
1242451
1306826
1320079
1335215
1338357
1462112
1489367
1504375
1554508
1656377
1737672
1744085
1754834
1858695
1987747
2051623
2162567
2163137
2181580
2410405
2576258
2636278
2790787
2890225
3164167
3268914
3301462
3573262
3773775
3791378
3878621
3884177
3942875
3986961
