4
5
6
7
9
11
12
20
25
26
31
81
125
143
231
259
323
537
592
673
675
701
706
1021
1215
1258
1263
1267
1302
1334
1339
1372
1392
1501
1511
1776
1782
1848
1857
1950
1959
1967
1978
1996
2451
2461
2473
2687
2688
2692
2697
2806
2811
2813
2814
2828
2880
2883
2890
2892
2896
2897
2989
3063
3184
3248
3257
3293
3296
3302
3389
3411
3420
3444
3905
3916
4128
4129
4205
4253
4320
4334
4352
4355
4434
4435
4492
4496
4500
4523
4587
4645
4772
5055
5414
5442
5636
5638
5687
6139
6140
6142
6143
6144
6147
6148
6150
6157
6159
6162
6168
6185
6294
6395
6396
6398
6415
6431
6432
6440
6446
6638
6672
6689
6691
6693
6697
6698
6705
6706
6707
6727
6728
6732
6742
6744
6751
6843
6875
6930
6992
7091
7093
7345
7484
7486
7826
7832
7833
7836
7837
7864
7871
7955
8049
8109
8143
8352
8353
8355
8417
8450
8488
8674
8871
9212
9226
9232
9237
9261
9375
9378
9381
9536
9540
9541
9552
9555
9558
9566
9593
9704
9765
9766
9767
9771
9772
9777
9778
9779
9780
9783
9787
9790
9794
9796
9800
9804
9805
9813
9818
9851
9894
9924
10330
10371
10428
10575
10576
10645
10646
11083
11157
11159
11509
11517
11519
11527
11707
11708
11810
11825
11829
11855
12021
12050
12368
12369
12370
12371
12378
12469
12541
12602
12711
12762
12834
12839
13031
13137
13161
13204
13233
13234
13293
13294
13296
13396
13491
13530
13558
13559
13560
13563
13664
13670
13741
13744
13759
13784
13856
13875
14190
14198
14510
14827
15096
15508
15510
15514
15518
15524
15527
15537
15773
15960
16032
16033
16044
16064
16113
16120
16132
16340
16408
16491
16498
16759
16762
16764
16809
16866
16995
17062
17168
17323
17439
17600
17603
17775
17780
17782
17790
17792
17801
17802
17803
17808
17815
17824
17834
18059
18089
18154
18214
18363
18439
18601
18607
18619
18625
18630
18632
18642
18812
18815
18882
18885
18897
19020
19022
19023
19029
19043
19130
19135
19137
19163
19254
19290
19305
19403
19520
19675
19676
19678
19679
19682
19683
19689
19937
19958
20067
20131
20133
20136
20137
20157
20172
20173
20174
20181
20184
20185
20307
20416
20431
20610
20754
20780
20786
20813
20834
20839
20934
20938
20944
20953
20958
20969
21007
21013
21017
21351
21358
21379
21388
21471
21591
21593
21612
21614
21710
21714
21715
21727
21782
21784
21787
21795
21846
21889
22151
22161
22206
22270
22523
22530
22572
22591
22601
22602
22604
22618
22670
22676
22831
22838
22922
22982
23091
23132
23133
23205
23234
23235
23239
23249
23265
23563
23643
24078
24080
24086
24087
24088
24104
24124
24237
24283
24359
24642
24811
25448
25636
25691
25885
25979
25995
25997
26422
26446
26650
26882
27031
27033
27227
27372
27373
27398
27431
27717
27867
27889
27947
27952
27987
28012
28079
28081
28094
28097
28384
28437
28501
29074
29083
29092
29234
29698
29783
29833
29882
30063
30137
30261
30274
30505
31151
31179
31184
31185
32052
32117
32189
32383
32771
32815
32851
33512
33572
33587
33603
33622
33623
33625
33645
33703
33721
33728
33735
33943
33992
34005
34014
34278
34285
34288
34295
34305
34312
34421
34424
34444
34564
34584
34610
34655
34684
34743
35272
35273
35449
35461
35462
35482
35486
35491
35510
35513
35514
35532
35660
35860
35892
36019
36168
36169
36172
36219
36534
36754
37866
38012
38021
38026
38031
38032
38038
38040
38043
38062
38254
38268
38307
38379
38453
38461
38464
38465
38579
38588
38659
38660
38759
38760
38775
38779
38793
38795
38796
38811
38825
38900
38903
38916
38940
38980
38984
38990
39040
39127
39214
39354
39407
39506
39638
39639
39787
39788
39791
39795
39826
39964
40045
40076
40089
40442
40487
40498
40516
40544
40791
40829
40873
40905
40985
40991
41009
41067
41076
41114
41376
41734
41874
42055
42462
42463
42487
42497
42528
42959
42963
43018
43052
43054
43068
43075
43208
43209
43300
43303
43319
43322
43329
43341
43742
43898
43921
43922
44139
44140
44227
44704
44711
44719
44982
45458
45466
45468
45574
45636
45638
45701
46306
46635
46638
47220
47418
47456
47756
47831
48038
48180
48194
48296
48297
48322
48467
48472
48478
48561
48785
48986
49003
49155
49288
49301
49302
49307
49423
49475
49668
49780
50112
50125
50162
50313
50320
50489
50506
50516
50524
50539
50807
50842
50947
50993
51203
51228
51646
51675
52022
52062
52147
52153
52154
52160
52164
52168
52171
52180
52204
52205
52206
52220
52452
52667
52669
52702
52755
52971
52977
52979
52984
52989
52995
53016
53033
53198
53215
53220
53232
53236
53249
53251
53252
53278
53279
53298
53349
53367
53460
53751
53767
53777
53797
53928
53947
53959
54184
54189
54190
54448
54449
54453
54465
54467
54470
54471
54480
54484
54507
54525
54532
54541
54549
54678
54685
54974
55060
55183
55323
55350
55414
55426
55443
55444
55456
55514
55657
55716
55732
55735
55776
55783
55858
56011
56014
56021
56039
56090
56115
56255
56256
56294
56296
56344
56350
56434
56684
56700
57045
57052
57226
57255
57303
57440
57449
57607
57686
57703
57764
57846
57999
58106
58353
58558
58562
58567
58764
58807
58832
58880
58926
59226
59275
59320
59644
59692
59758
59999
60149
60572
60724
60964
61047
61190
61658
61690
62079
62085
62661
62685
62754
62756
62783
62844
63083
63501
63609
63618
63826
63840
64495
64695
64712
64784
65429
66048
66184
66545
66694
66743
66747
67014
67156
67191
68225
68607
68850
68899
70544
71999
73884
74109
74178
74917
75598
76190
76192
76309
76311
76314
76327
76332
76345
76346
76352
76353
76370
76420
76421
76506
76639
76648
77064
77071
77149
77154
77188
77339
77340
77351
77451
77452
77454
77455
77468
77563
77594
77602
77689
77843
77918
77961
77966
77979
77984
78019
78032
78033
78038
78066
78131
78132
78133
78137
78444
78445
78458
78460
78473
78486
78554
78569
78806
78867
79474
79700
79768
79787
79830
79832
79837
79838
79839
81188
81225
81297
81560
82558
82618
82740
82746
82751
83674
83933
84635
84845
85229
85917
86122
86197
86683
86748
86865
86875
87461
87496
87878
87974
88167
88181
88543
88638
88686
88731
88919
90035
90036
91995
92847
93341
93934
94018
94041
94699
94995
94996
95017
95368
96000
97003
99954
99985
100377
100780
101695
101708
101709
101711
101729
101746
101878
102048
103662
103806
104180
104187
105355
105959
106444
107513
107514
107518
107523
107531
107538
107545
107548
107554
107573
107574
107619
107812
107834
108490
108506
109057
109675
112161
112223
112284
113612
113619
114356
114646
114648
114667
114810
114879
114886
114903
114908
114989
115133
115580
115799
115803
115815
115816
115979
116018
116095
116129
116275
120492
121623
123685
123690
123879
123917
124842
125387
126831
130424
132291
134834
135112
135162
136751
137267
138801
139672
140656
142031
142033
144988
146455
146456
146464
146466
146785
146797
147016
147153
147207
147258
147512
148692
149462
149636
151177
151449
151630
151632
151664
154765
154814
155429
155436
155706
156758
157614
157913
159869
160135
161357
162206
164936
166662
168229
169237
169788
170465
170786
170884
172007
173442
174095
175393
176457
177291
177292
177607
177608
177643
177659
177961
178314
178920
179093
179355
180361
180635
180763
180764
180766
180798
180804
181121
181939
182367
182984
183309
184893
184903
184904
186110
186212
186238
187509
196439
196728
196729
196747
196801
196888
197075
197612
197713
197894
198293
198408
198447
198628
199289
199726
199948
200162
200216
200341
200490
200503
200535
200592
200613
201038
201169
201535
201538
201604
202020
202068
202187
202526
202797
203581
203582
204067
204092
204739
204874
204890
205193
205205
205354
205428
206219
206240
206265
206737
207285
207400
207409
207468
207610
207611
207728
207831
207842
207959
207961
207991
208243
208244
208246
208336
208532
208767
208908
209158
209167
209505
209552
209725
209925
210099
210213
210286
210354
210355
210615
210663
210742
211039
211041
211048
211280
211456
211459
211467
211625
211693
211708
211796
211893
211894
212058
212267
212380
212773
212855
212856
212920
213088
213090
213120
213229
213588
213589
213754
213800
213814
214051
214196
214251
214305
214564
214981
216419
216457
216504
216599
216611
216621
216790
217533
217730
217887
217890
221614
221810
226342
226392
226434
226435
226436
231054
231066
231561
231562
236411
236942
237896
238762
243234
243943
244640
245569
246487
247350
248852
249342
249374
249398
249626
249684
249689
253467
254442
255031
255517
255851
257791
258378
259058
261281
262299
263168
263256
265259
265307
266459
266908
266928
267051
267113
268266
268325
268363
268370
268413
268667
268877
269186
269196
269397
269411
269841
270008
270177
270288
270376
270552
270655
270670
270711
270760
270901
272742
273207
273344
273373
273946
273958
274350
274525
274622
274700
275122
275573
276529
276839
277205
277251
277523
278039
278040
278041
278045
278050
278059
278073
278111
278149
278235
278309
278415
278581
278926
279216
279638
279641
280543
280678
281032
281309
281445
281787
281889
281917
281953
282379
282380
282385
282591
282647
282985
283216
283222
283412
284229
284317
284332
284477
284832
285135
285792
285959
286019
286271
286676
286696
287575
287726
288979
289147
289354
290375
290376
290508
291148
292022
292736
293109
293397
293399
293402
293403
294421
294847
294881
295846
296038
296551
297000
297157
297278
297541
297640
297789
297799
297981
298349
298625
298728
299386
299487
299809
299884
300283
300329
300745
300845
301169
301263
301282
301404
301773
301832
303159
303575
303597
303600
303959
304074
304339
304354
304355
304364
304386
304396
305029
305577
306033
306169
306930
307757
308162
308618
308650
308657
308667
308698
309655
309815
309997
309998
310933
311092
311217
311228
311239
311443
311822
311861
312231
312786
312788
313250
313394
314089
314098
315182
315275
315315
315444
315955
315969
316244
316687
316701
317272
319691
319819
320331
320867
321029
321082
321464
321623
321669
321803
322008
322119
322135
322453
322607
323821
324190
324541
324886
325269
327058
327329
327459
328069
328133
329030
329756
329870
330139
330515
330705
332088
332327
333964
334196
334553
334926
335270
336389
336652
336653
336670
337508
338225
339197
339403
342344
342521
344027
345430
346229
346348
346446
346682
346693
346911
347020
347052
347077
347637
347788
349711
349776
350925
353320
353322
353323
353338
354429
355616
358135
359826
360403
360772
361915
364462
364765
364995
365434
368518
368594
368659
369022
369832
370037
372580
376990
377056
377886
378096
378556
379306
379307
379689
379697
379753
379754
380139
380153
380208
380275
380445
381358
381443
382512
382542
382932
385958
386591
386644
387742
387751
387780
387789
388301
388370
388977
389845
390903
390920
390933
390951
391035
391416
391759
392361
392883
393053
393479
393586
393740
393765
393798
393804
393926
395637
396131
396157
398976
399044
399055
400190
402724
403373
404436
405303
405723
406429
406886
407715
408108
409311
409317
410852
411514
412752
413089
413190
413520
414729
416143
416618
416624
416625
417937
418628
420475
420704
422211
422212
422481
423255
423343
424129
426250
427197
427246
428464
429413
429523
431204
431213
431227
431300
431728
433123
434535
434666
434989
435893
441646
442474
442480
442481
442899
443269
444342
445932
447075
447213
447758
448033
449428
449883
449954
452592
453933
455963
458041
458042
458367
458458
459342
459345
462165
463409
463771
463904
466402
467072
467622
467755
470862
471579
473440
476539
476638
476776
477490
478385
481098
481124
482956
485490
485491
485715
486189
487724
488188
488326
488790
491714
493997
495133
497173
499439
501490
504054
504153
504915
508341
509574
509754
510464
511019
511217
512424
518430
519084
519099
520079
520370
523916
525362
525761
530544
531012
534799
537648
537822
537826
540355
542607
544999
549133
549964
550319
550935
550966
551074
551133
551204
554616
555388
555893
557127
558516
558545
559267
559285
559300
561045
561135
561764
561774
561778
561781
562148
562203
562269
562919
562987
562988
563743
565001
567946
568687
569503
571145
575524
576268
579718
580138
584725
586117
593495
595443
595552
595986
596171
597908
601086
601232
603102
605711
607399
610380
610945
610946
614380
614871
615819
616027
619335
619662
621852
623589
624613
629750
632061
637182
639610
640384
640403
642520
646868
650443
650446
653727
655352
658419
658432
660687
664951
668027
668431
673968
674014
675163
679318
688132
698837
704935
708749
710759
715698
721518
723422
727971
736387
737120
737219
743682
745784
749376
752117
779659
779670
800140
808484
808884
817231
818215
864242
865509
876041
886178
894569
901031
903624
917071
917195
920179
949850
955816
971560
971662
981818
1018012
1029458
1038762
1038763
1069005
1071903
1072689
1098435
1104002
1124609
1125873
1127513
1158497
1162926
1184358
1204827
1242451
1277812
1306239
1306826
1311664
1320079
1335215
1338357
1357024
1436205
1462112
1489367
1504375
1554508
1613835
1627294
1651961
1656377
1682356
1688946
1737672
1744085
1754834
1774970
1779653
1820498
1858695
1904166
1987747
2051623
2070208
2111858
2162567
2163137
2181580
2190075
2315093
2410405
2576258
2605452
2636278
2651506
2768326
2790787
2847075
2867456
2890225
3164167
3268914
3301462
3573262
3761632
3773775
3791378
3817914
3878621
3884177
3942875
3951229
3983221
3986961
