4287
5610
22187
36479
38378
50921
53026
69077
83707
87089
100355
118658
147302
149292
157806
159456
166250
210788
221418
244394
246503
252269
255151
257898
299248
315837
321421
325790
363997
369384
384437
385953
390816
474093
516358
562374
568712
570749
580338
587304
606418
609777
629565
642158
716247
729060
758372
794693
796559
803190
866208
866903
925925
928807
965692
977411
981695
998988
1022953
1038478
1038722
1048882
1049722
1055457
1076833
1117872
1180711
1195330
1197508
1208349
1220962
1247815
1252753
1255887
1261142
1269256
1304898
1306322
1348979
1349387
1361420
1377971
1385348
1391620
1444466
1496397
1550931
1573556
1619398
1624222
1629621
1630601
1660179
1661628
1696621
1701125
1728318
1763341
1764116
1778632
1801074
1805067
1821388
1830395
1896391
1932919
1962364
1992684
2008332
2010119
2021398
2023287
2048815
2050875
2051448
2067103
2071607
2087685
2102833
2105086
2105735
2118377
2129524
2198406
2205196
2218398
2225714
2235298
2285854
2313237
2321373
2328519
2349855
2364127
2370468
2376605
2395575
2401700
2438027
2521619
2555906
2568457
2589172
2589945
2602808
2637488
2643074
2671386
2680068
2692916
2722168
2740986
2754578
2756284
2770595
2773596
2777680
2827149
2832560
2873996
2882373
2883502
2885814
2888100
2934529
2972313
3028407
3043404
3076188
3166851
3169034
3183093
3202003
3297425
3304645
3327008
3327156
3377561
3392678
3415063
3437299
3496669
3527976
3545030
3556180
3575617
3600144
3673683
3675200
3676214
3700197
3724794
3747642
3807719
3834973
3907653
3951480
3967587
3974142
3993842
