1239
1486
3007
5163
8256
19875
20923
22262
33148
38184
39457
48747
53572
61163
80125
86956
91954
96259
101196
102727
107941
111382
112045
116995
117115
120060
124398
125748
129047
132832
134384
135805
137776
143083
149384
151606
151953
155717
157319
159456
169061
169679
178437
178673
182264
191511
198437
200574
202099
202630
203262
210071
213635
215164
217830
224817
227295
230301
232128
236049
236751
243770
246116
249540
253294
254623
261534
269138
270908
271859
274139
274581
280700
282694
285738
286938
287353
288110
295286
297953
304024
312636
313792
315140
320856
324428
325558
325790
326931
330101
336835
337830
344398
344538
356483
386889
387902
392041
395419
396725
397320
397752
404289
404945
410679
416111
417302
419404
422480
427403
428718
428949
433176
446043
446628
451419
454049
479151
480819
481605
487597
493884
499765
500689
508248
510166
523545
525123
533561
536009
536020
538688
540385
542214
543996
546225
548269
549286
549422
555980
560851
561319
564298
567871
578816
580704
585910
591569
594649
597950
598357
601229
604900
606418
606472
609064
611124
618400
619062
619143
621159
621866
622080
622237
627553
631389
635798
638237
639596
644850
653623
653952
653984
660694
661294
662299
662583
683987
684419
690132
692551
694269
698263
698679
704795
709117
709155
710846
712337
717399
719575
719754
719951
720963
721659
722162
723452
726104
733693
737011
740104
752204
752701
753340
754221
754619
759740
760442
765296
767503
770449
772929
773133
775103
775617
775926
782346
797450
806841
807459
808895
809074
809861
811618
812339
813099
817223
824751
830388
830863
831454
834957
838533
842789
842834
843389
846941
853858
857998
865794
868301
872580
874730
875502
900693
901004
902497
905158
909467
910483
910504
912848
919176
927258
927940
931726
945167
949701
951084
951159
951660
951672
954831
959588
960125
960635
963625
964984
965170
966701
970536
981695
987820
988321
988742
992328
996789
997960
1002491
1003507
1005694
1008732
1016771
1022536
1036562
1038358
1043783
1046888
1048040
1048759
1052828
1053030
1053680
1056367
1061278
1063723
1065789
1069699
1070700
1071132
1073123
1074480
1077954
1078870
1079515
1079604
1089174
1098799
1104324
1112639
1114682
1116570
1120278
1129473
1137801
1137856
1140190
1142280
1142299
1143703
1149593
1170136
1172796
1176842
1190366
1191940
1193620
1202339
1210850
1214519
1214700
1215234
1219411
1221575
1222541
1224025
1225162
1227755
1229594
1232173
1235434
1244110
1247837
1249459
1252151
1253970
1254357
1259478
1261142
1262613
1264736
1274064
1277621
1279502
1287720
1289693
1298426
1299845
1300886
1302924
1304159
1306750
1308551
1317206
1323250
1330824
1336518
1339413
1341829
1345115
1349009
1352218
1358772
1365474
1365705
1367554
1374296
1376386
1389195
1389649
1393337
1394516
1398961
1400639
1400724
1402097
1408395
1409884
1410807
1411558
1411680
1418901
1422247
1426239
1431568
1434630
1436224
1443838
1450397
1453141
1455421
1457981
1461865
1463364
1475498
1488417
1491064
1496108
1510975
1512140
1516149
1516271
1526294
1526847
1534251
1536753
1539453
1543868
1546474
1553836
1554297
1558599
1564329
1568706
1569695
1572571
1572584
1573556
1573813
1575463
1579664
1581019
1581243
1582647
1584117
1590114
1593200
1608976
1625363
1633848
1638479
1640825
1667962
1668356
1671650
1673113
1680103
1682754
1702112
1704942
1712907
1713273
1718351
1719273
1720317
1722643
1725027
1726259
1727904
1741357
1741586
1748707
1750177
1751769
1754951
1760518
1760844
1765249
1772592
1779150
1781541
1784021
1784966
1787825
1791303
1796028
1797279
1812537
1814317
1830552
1830640
1832183
1835193
1836867
1843050
1843346
1843409
1845472
1846434
1849358
1851715
1852039
1857173
1860253
1862962
1866504
1869482
1873058
1887546
1895652
1909865
1915005
1916062
1919682
1922363
1931462
1932083
1934826
1935639
1940881
1944704
1944925
1945945
1946492
1951759
1955859
1956276
1957136
1959482
1963872
1964448
1972278
1974962
1981004
1984386
1985957
1987048
1998517
2008389
2010329
2010437
2011647
2011880
2018333
2030477
2034734
2044378
2047912
2047927
2050546
2055990
2067223
2068365
2069918
2071144
2076135
2076580
2077214
2084783
2084801
2095325
2100390
2102754
2103478
2109574
2112298
2113658
2129734
2130797
2136249
2141602
2148212
2148214
2150192
2165549
2170973
2171780
2172706
2189360
2200074
2206544
2212118
2218533
2241565
2243301
2246746
2249410
2249518
2250514
2252460
2253967
2259494
2262994
2274268
2276502
2286613
2288428
2292077
2293322
2298639
2301401
2303992
2312840
2313350
2317931
2318490
2319325
2328607
2336063
2342310
2347333
2349303
2352107
2353808
2360373
2362359
2366111
2367930
2369035
2374911
2376605
2380582
2383780
2389741
2395575
2401700
2403331
2410792
2414752
2416329
2418835
2425547
2427815
2430799
2432738
2434935
2439027
2439846
2442528
2448436
2450263
2457383
2458185
2463537
2468071
2469980
2470030
2472023
2480852
2489756
2490278
2493052
2508278
2512160
2521475
2523814
2526337
2527528
2530259
2532955
2534810
2545836
2555681
2556739
2557480
2558034
2563362
2569777
2570349
2570477
2575375
2593744
2595066
2595506
2603318
2604425
2605472
2607963
2611589
2614222
2618470
2620126
2621470
2623080
2625624
2632854
2638920
2640726
2642111
2647816
2652250
2653402
2653844
2656531
2660449
2662270
2664833
2665606
2665637
2666818
2668865
2672087
2679943
2683993
2685969
2688801
2692916
2694808
2706373
2709450
2715038
2715937
2717605
2719922
2722014
2722251
2722750
2727989
2736426
2736874
2739174
2740986
2748210
2752282
2759397
2773312
2775868
2776326
2778438
2784495
2786789
2791188
2791563
2797217
2799080
2799780
2803809
2804653
2805530
2806101
2813347
2824766
2824948
2827149
2827570
2828774
2829288
2839852
2842937
2848804
2850550
2851590
2856532
2861605
2863781
2864349
2864616
2865442
2868812
2868859
2872152
2872283
2877514
2880866
2881912
2882058
2890636
2892917
2895609
2896831
2898269
2908405
2909240
2910843
2914057
2917590
2931740
2932436
2943421
2945126
2946151
2946152
2946176
2946672
2955404
2968059
2969795
2971721
2972316
2981239
2990242
2996484
2997312
2997369
2999653
3000707
3007571
3012259
3013293
3015428
3015502
3015665
3017115
3019435
3019769
3026977
3028407
3029262
3032921
3037694
3041050
3041450
3041647
3052093
3059163
3062909
3065476
3069874
3070631
3081065
3087378
3087412
3088080
3088412
3088947
3095687
3102919
3118785
3124822
3126380
3129073
3134832
3136112
3138753
3139156
3141943
3146510
3154566
3155298
3156656
3159374
3160321
3164413
3166851
3184055
3184096
3198568
3202621
3203303
3215933
3223964
3233656
3238767
3241180
3242157
3244319
3248208
3252617
3255282
3255610
3255867
3264014
3270658
3280896
3282510
3285512
3287189
3287299
3289401
3290772
3291618
3292769
3298982
3299912
3301795
3305762
3308833
3313010
3313409
3314345
3314779
3314973
3316241
3322793
3326940
3328402
3341126
3345775
3356132
3359129
3381895
3386582
3390402
3397712
3406276
3410238
3411747
3417193
3422303
3425908
3431743
3437966
3448447
3451346
3452461
3464516
3466367
3468864
3472098
3484874
3485189
3485395
3486023
3486052
3486198
3488086
3505242
3505357
3520244
3523548
3523585
3533360
3535811
3536916
3537590
3549257
3554289
3554738
3556265
3557256
3560821
3562569
3573046
3573402
3575070
3576459
3576727
3577260
3578348
3581174
3584518
3585186
3588701
3590067
3590636
3592075
3599284
3601968
3616403
3620639
3630303
3635835
3641197
3654516
3656288
3657061
3661533
3671792
3676402
3677229
3714711
3716403
3729114
3739895
3746571
3760866
3771348
3773075
3780416
3780441
3784760
3809482
3818735
3820357
3823828
3824463
3833864
3838096
3838310
3846216
3858758
3861986
3862400
3864775
3865024
3874400
3879562
3884803
3888456
3890617
3898933
3903068
3910394
3913188
3919973
3929770
3934070
3941903
3950366
3955641
3955899
3965693
3967495
3973646
3979051
3982515
3983409
3989142
3993910
3997550
