6
81
1215
1263
2806
2811
2883
2890
2892
2896
2989
3063
3389
3444
4128
4129
4320
4435
4492
5442
5636
6147
6157
6395
6396
6398
6431
6672
6689
6691
6693
6697
6698
6728
6732
6744
7093
7486
7832
8049
8353
8355
8450
8871
9261
9558
9765
9766
9767
9772
9777
9779
9783
9787
9794
9800
9805
9818
9851
10330
10428
10646
11509
11708
12370
13204
13293
13294
13296
13664
13875
15508
15510
15524
15527
16033
16408
16498
16759
17603
17790
17801
17802
18154
18607
18630
18632
18882
20131
20136
20173
20934
21471
21710
23132
23205
23265
24237
25995
25997
27227
27398
27987
29092
29783
33572
33622
33625
34684
38254
38461
38796
39214
39407
42463
43052
43303
44227
45458
48478
50489
50516
52022
52062
52153
52171
52669
52977
52984
53198
53232
53236
53252
53767
53777
53947
54190
54480
54484
54974
55060
55514
55776
56256
57045
57303
58926
60724
63840
66184
75598
76327
76506
77451
77454
77455
77563
77918
77961
78132
78444
78458
81188
88167
88686
94996
101709
107518
107523
107548
114646
140656
146797
155706
160135
169788
170465
170786
177607
180635
182367
182984
187509
196888
207610
207831
208336
208908
211039
211041
211048
212920
213589
231066
244640
245569
248852
253467
261281
268667
278041
293397
305029
309997
311092
313250
321464
322008
324541
327058
344027
382932
422481
423255
447075
470862
473440
487724
488188
499439
504915
520370
562919
596171
616027
817231
864242
865509
1038763
1071903
1124609
1127513
1320079
1335215
1338357
1489367
1504375
1554508
1656377
1737672
1754834
1987747
2181580
2636278
2790787
2890225
3301462
3878621
3884177
3942875
