3
4
5
6
7
9
11
12
20
25
26
31
81
90
115
125
143
144
145
175
195
199
219
227
230
231
250
259
323
366
537
592
673
675
701
706
708
717
908
1021
1026
1215
1258
1263
1267
1278
1292
1293
1295
1302
1304
1310
1313
1334
1339
1372
1392
1500
1501
1505
1507
1511
1560
1577
1580
1671
1767
1776
1779
1782
1794
1796
1840
1848
1857
1950
1959
1967
1978
1996
2094
2246
2451
2461
2473
2485
2687
2688
2692
2697
2708
2806
2811
2813
2814
2817
2828
2879
2880
2883
2890
2892
2896
2897
2903
2904
2905
2912
2989
2995
3063
3180
3183
3184
3248
3257
3293
3295
3296
3297
3302
3389
3402
3411
3414
3420
3444
3887
3905
3916
3936
4085
4128
4129
4170
4205
4253
4320
4334
4352
4355
4434
4435
4492
4496
4500
4510
4523
4541
4587
4645
4653
4772
5048
5055
5414
5442
5636
5638
5687
5994
6042
6139
6140
6142
6143
6144
6147
6148
6150
6155
6157
6159
6162
6163
6165
6168
6185
6186
6291
6294
6392
6395
6396
6398
6415
6431
6432
6433
6440
6441
6446
6638
6672
6673
6675
6689
6690
6691
6693
6697
6698
6705
6706
6707
6727
6728
6730
6732
6738
6742
6744
6745
6751
6754
6773
6843
6875
6930
6991
6992
7042
7089
7091
7093
7345
7358
7484
7485
7486
7492
7507
7576
7579
7619
7826
7832
7833
7836
7837
7864
7871
7955
7991
8011
8014
8049
8109
8127
8143
8352
8353
8355
8417
8450
8451
8488
8667
8674
8871
8892
9212
9225
9226
9232
9237
9261
9297
9375
9378
9381
9536
9539
9540
9541
9547
9552
9555
9558
9566
9572
9573
9586
9593
9704
9705
9765
9766
9767
9771
9772
9773
9777
9778
9779
9780
9783
9785
9787
9790
9792
9794
9796
9800
9804
9805
9813
9818
9842
9851
9862
9867
9874
9887
9894
9924
10194
10229
10326
10330
10371
10428
10475
10556
10575
10576
10578
10643
10645
10646
10827
10838
10862
10866
10992
11083
11157
11159
11190
11258
11509
11513
11515
11517
11519
11527
11529
11534
11545
11707
11708
11769
11774
11810
11824
11825
11829
11832
11855
11941
11976
12021
12050
12368
12369
12370
12371
12378
12469
12541
12602
12630
12711
12762
12830
12834
12838
12839
13031
13041
13137
13161
13204
13233
13234
13235
13248
13293
13294
13296
13300
13301
13396
13467
13491
13511
13530
13558
13559
13560
13561
13563
13664
13669
13670
13740
13741
13744
13759
13784
13803
13856
13875
14190
14198
14383
14393
14510
14827
15094
15096
15100
15508
15510
15514
15518
15520
15524
15527
15537
15619
15773
15805
15941
15960
16003
16025
16032
16033
16036
16044
16064
16069
16113
16120
16127
16130
16132
16340
16408
16471
16491
16495
16497
16498
16512
16606
16759
16762
16764
16809
16866
16995
16996
17059
17062
17167
17168
17245
17321
17323
17350
17375
17439
17596
17600
17601
17603
17775
17780
17782
17790
17792
17801
17802
17803
17808
17810
17814
17815
17824
17831
17834
17847
17895
18059
18089
18106
18154
18214
18255
18361
18363
18366
18373
18439
18601
18607
18610
18619
18625
18629
18630
18632
18642
18753
18762
18787
18811
18812
18815
18816
18819
18882
18885
18897
18955
19011
19015
19019
19020
19022
19023
19029
19043
19130
19135
19137
19160
19163
19233
19254
19285
19290
19299
19305
19317
19320
19349
19403
19435
19505
19520
19527
19532
19547
19555
19556
19675
19676
19678
19679
19680
19682
19683
19689
19725
19847
19877
19937
19939
19953
19958
19971
20067
20113
20115
20121
20128
20131
20133
20134
20136
20137
20150
20152
20157
20172
20173
20174
20178
20181
20184
20185
20188
20202
20227
20307
20308
20416
20419
20430
20431
20610
20754
20775
20777
20780
20784
20786
20789
20813
20833
20834
20839
20861
20934
20938
20944
20947
20953
20958
20962
20969
20985
20999
21007
21013
21017
21037
21049
21351
21358
21366
21371
21379
21388
21462
21468
21471
21503
21587
21591
21593
21596
21602
21612
21614
21710
21714
21715
21727
21738
21782
21784
21787
21795
21846
21889
21893
21973
22047
22090
22100
22151
22161
22166
22185
22193
22195
22201
22205
22206
22270
22523
22530
22536
22572
22575
22579
22585
22587
22591
22601
22602
22604
22609
22618
22628
22633
22640
22653
22670
22676
22831
22832
22838
22841
22917
22922
22953
22982
23091
23132
23133
23205
23234
23235
23237
23239
23249
23261
23264
23265
23462
23563
23642
23643
24064
24078
24080
24082
24086
24087
24088
24092
24104
24124
24143
24175
24221
24237
24283
24359
24377
24642
24811
25005
25106
25283
25319
25448
25453
25525
25636
25691
25860
25885
25979
25995
25997
26073
26080
26422
26444
26446
26565
26567
26650
26778
26882
27031
27033
27132
27142
27197
27227
27372
27373
27398
27431
27449
27636
27662
27717
27729
27867
27889
27947
27952
27987
28012
28079
28080
28081
28083
28094
28097
28188
28253
28384
28437
28501
28553
29074
29083
29092
29107
29234
29698
29783
29815
29833
29882
30062
30063
30137
30139
30180
30261
30274
30300
30326
30497
30505
30507
30533
30675
30676
30854
31064
31151
31168
31179
31184
31185
31207
31238
31382
31637
31683
31918
31925
32052
32060
32088
32117
32118
32137
32189
32383
32574
32652
32771
32815
32851
33192
33485
33509
33512
33572
33587
33594
33603
33618
33620
33622
33623
33625
33645
33650
33703
33718
33721
33728
33735
33757
33941
33943
33975
33992
34002
34005
34014
34271
34278
34281
34285
34288
34295
34305
34312
34336
34421
34424
34428
34434
34444
34505
34548
34563
34564
34577
34584
34593
34610
34625
34647
34655
34664
34684
34735
34743
34831
35272
35273
35275
35289
35438
35449
35458
35461
35462
35482
35486
35491
35510
35513
35514
35532
35557
35660
35860
35864
35875
35887
35892
36019
36168
36169
36172
36219
36344
36476
36534
36536
36544
36655
36709
36754
36933
37399
37784
37866
37907
37911
38012
38017
38021
38023
38026
38031
38032
38038
38040
38043
38062
38235
38254
38255
38268
38287
38307
38379
38392
38451
38453
38454
38461
38464
38465
38566
38569
38579
38588
38591
38659
38660
38665
38759
38760
38775
38779
38780
38789
38793
38795
38796
38800
38810
38811
38825
38829
38852
38894
38900
38903
38905
38916
38926
38940
38961
38968
38970
38975
38980
38981
38984
38990
39040
39053
39127
39214
39226
39236
39249
39270
39354
39407
39506
39638
39639
39675
39787
39788
39791
39795
39799
39826
39828
39833
39964
40045
40067
40076
40089
40239
40391
40442
40487
40498
40516
40537
40544
40546
40559
40563
40746
40791
40828
40829
40873
40905
40985
40991
41009
41017
41018
41021
41067
41076
41098
41114
41131
41176
41349
41360
41376
41555
41566
41638
41734
41874
42055
42462
42463
42487
42489
42497
42528
42533
42581
42814
42889
42959
42963
43018
43052
43054
43065
43068
43075
43192
43208
43209
43300
43303
43305
43319
43322
43329
43340
43341
43352
43396
43611
43740
43742
43898
43908
43921
43922
44128
44139
44140
44226
44227
44341
44410
44704
44711
44719
44982
45150
45305
45413
45458
45466
45468
45574
45636
45638
45696
45701
46306
46427
46466
46635
46638
47053
47220
47236
47304
47361
47418
47445
47456
47756
47831
47843
47900
48038
48049
48180
48182
48194
48296
48297
48304
48322
48467
48472
48476
48478
48561
48785
48879
48945
48986
49003
49155
49201
49288
49301
49302
49307
49423
49475
49668
49780
50108
50112
50115
50125
50162
50220
50313
50320
50489
50506
50516
50524
50539
50615
50805
50807
50842
50947
50993
51203
51228
51261
51446
51646
51663
51675
52022
52054
52061
52062
52147
52153
52154
52160
52164
52168
52171
52177
52180
52204
52205
52206
52214
52220
52327
52352
52452
52667
52669
52702
52737
52754
52755
52759
52969
52971
52977
52979
52980
52984
52989
52995
53016
53033
53198
53211
53213
53215
53220
53232
53236
53249
53251
53252
53261
53268
53278
53279
53282
53287
53290
53291
53292
53297
53298
53319
53335
53349
53353
53367
53389
53459
53460
53470
53670
53734
53751
53753
53767
53777
53790
53792
53797
53928
53947
53959
53967
54034
54184
54189
54190
54202
54310
54448
54449
54453
54465
54467
54469
54470
54471
54480
54484
54487
54489
54490
54507
54525
54532
54535
54541
54547
54549
54597
54605
54621
54678
54685
54688
54955
54961
54974
55060
55066
55175
55183
55187
55188
55196
55323
55350
55414
55426
55438
55440
55443
55444
55456
55514
55599
55608
55657
55716
55732
55735
55772
55776
55783
55858
56011
56014
56021
56039
56090
56115
56129
56255
56256
56262
56294
56296
56329
56344
56350
56434
56671
56684
56696
56700
56769
56773
56794
57045
57051
57052
57168
57226
57230
57255
57303
57321
57438
57440
57449
57455
57497
57607
57686
57703
57711
57764
57768
57821
57846
57862
57989
57998
57999
58099
58104
58106
58124
58323
58326
58343
58353
58544
58558
58562
58567
58746
58764
58807
58809
58832
58880
58926
59081
59226
59275
59283
59320
59328
59644
59671
59692
59757
59758
59791
59919
59999
60058
60077
60149
60391
60546
60562
60572
60724
60959
60964
61047
61108
61187
61190
61614
61635
61658
61690
62078
62079
62080
62085
62661
62664
62682
62683
62685
62754
62756
62783
62787
62844
62998
63083
63501
63609
63618
63822
63823
63826
63840
64218
64495
64689
64695
64712
64784
65429
65530
65798
65883
66048
66184
66459
66545
66694
66743
66747
67014
67107
67156
67191
67451
67466
67625
67701
67748
68225
68250
68601
68603
68607
68690
68850
68899
69349
69356
69510
70087
70266
70397
70544
70549
70860
71284
71758
71999
72412
72472
73873
73884
74109
74178
74917
75109
75153
75598
75824
75849
76190
76192
76235
76239
76309
76310
76311
76314
76323
76327
76332
76338
76345
76346
76349
76352
76353
76370
76420
76421
76433
76456
76506
76639
76648
76663
76684
76748
76775
77064
77071
77149
77154
77188
77221
77232
77339
77340
77351
77361
77451
77452
77454
77455
77468
77482
77488
77562
77563
77594
77597
77602
77642
77689
77843
77918
77961
77966
77972
77973
77978
77979
77984
78019
78030
78032
78033
78038
78066
78131
78132
78133
78136
78137
78148
78194
78261
78262
78350
78385
78444
78445
78458
78460
78462
78473
78486
78554
78569
78806
78867
79472
79474
79486
79494
79583
79700
79768
79787
79790
79830
79832
79837
79838
79839
79842
79876
79878
79879
79881
79883
79900
80003
81022
81188
81224
81225
81228
81297
81559
81560
81923
82558
82618
82621
82625
82740
82746
82748
82751
83011
83346
83538
83674
83691
83933
84155
84303
84328
84336
84370
84437
84479
84635
84845
85017
85025
85229
85294
85917
86083
86122
86197
86329
86683
86748
86865
86875
87084
87461
87482
87496
87878
87974
88036
88167
88181
88536
88543
88547
88638
88686
88696
88731
88776
88919
89047
89213
90016
90035
90036
90466
90990
91171
91296
91995
92030
92147
92453
92526
92847
93329
93341
93787
93931
93934
94018
94041
94131
94157
94333
94585
94699
94995
94996
95002
95017
95355
95365
95368
96000
96055
96617
96998
97003
98999
99099
99143
99619
99954
99985
100377
100780
101695
101708
101709
101711
101729
101746
101878
102048
102191
102611
102615
103062
103662
103806
104180
104187
104226
104901
105231
105355
105390
105408
105695
105959
106444
107513
107514
107515
107518
107522
107523
107531
107534
107538
107545
107548
107552
107554
107573
107574
107590
107619
107653
107812
107834
108302
108490
108506
108532
108582
108976
109057
109675
110518
110865
112161
112210
112216
112223
112284
113591
113612
113619
113638
114356
114642
114646
114648
114663
114667
114807
114810
114815
114876
114879
114886
114903
114908
114909
114914
114945
114982
114989
115133
115580
115799
115803
115815
115816
115861
115979
116016
116018
116046
116062
116095
116129
116231
116275
116738
118646
118980
120492
121623
123055
123341
123677
123685
123690
123703
123704
123714
123879
123917
124842
125387
126831
127670
130419
130424
131183
132291
132619
132943
134834
135112
135115
135162
136751
137267
138088
138569
138801
139672
140153
140656
142031
142033
143978
144890
144988
144990
144994
145992
146455
146456
146464
146466
146755
146785
146797
147011
147016
147153
147188
147207
147258
147512
147523
148681
148692
148909
149296
149304
149308
149309
149316
149462
149636
149882
151177
151449
151569
151576
151629
151630
151632
151636
151664
154765
154814
154815
155429
155436
155590
155595
155706
155979
156259
156425
156728
156758
157614
157615
157763
157913
159869
160135
161357
162206
163492
164936
166662
168229
169237
169788
170465
170474
170786
170884
172007
172117
173442
173545
174095
174548
175393
176457
176617
176769
177288
177291
177292
177607
177608
177643
177659
177961
178314
178907
178920
178922
179093
179355
180361
180635
180763
180764
180766
180798
180800
180804
181121
181939
182367
182984
183309
184893
184896
184897
184903
184904
186110
186212
186238
187509
187988
188089
188820
189479
191814
194206
195897
196289
196439
196728
196729
196747
196761
196801
196888
197075
197083
197394
197612
197713
197760
197894
197930
198293
198388
198408
198435
198447
198462
198484
198627
198628
198636
198643
198976
199289
199484
199726
199948
200162
200216
200227
200252
200304
200341
200342
200343
200360
200422
200490
200503
200535
200592
200613
200663
201038
201108
201134
201169
201406
201448
201535
201538
201603
201604
201615
201786
201859
201900
201901
202020
202068
202156
202187
202526
202533
202797
203000
203061
203118
203581
203582
203770
204067
204092
204377
204512
204739
204745
204874
204890
204943
204984
205185
205193
205205
205354
205428
205671
205820
205834
205879
206219
206240
206242
206261
206265
206737
206947
206984
207207
207222
207285
207291
207363
207400
207402
207409
207468
207601
207608
207610
207611
207728
207751
207831
207842
207959
207961
207991
208095
208194
208243
208244
208246
208248
208254
208336
208394
208525
208532
208557
208562
208678
208767
208821
208908
209158
209167
209505
209552
209558
209725
209733
209925
210099
210106
210213
210286
210319
210354
210355
210401
210416
210427
210456
210615
210617
210629
210642
210663
210742
210854
211039
211041
211048
211104
211168
211277
211280
211370
211456
211459
211463
211467
211488
211604
211625
211693
211697
211708
211796
211808
211893
211894
211994
212058
212267
212380
212388
212409
212415
212416
212575
212717
212753
212773
212777
212851
212855
212856
212859
212920
212988
213088
213090
213107
213115
213120
213229
213230
213242
213254
213464
213588
213589
213597
213600
213624
213749
213754
213777
213800
213814
213993
214051
214179
214181
214182
214188
214196
214251
214304
214305
214339
214354
214564
214565
214968
214981
215224
215362
215368
215773
215959
216162
216290
216301
216419
216457
216504
216599
216608
216611
216621
216705
216790
216979
217138
217533
217653
217730
217869
217870
217887
217890
217907
218246
218991
221513
221614
221810
222858
226342
226392
226434
226435
226436
226450
226903
228482
229440
230924
230928
231054
231066
231561
231562
232380
233018
236411
236942
237896
238119
238354
238762
241808
241835
241974
242060
243234
243497
243943
244640
245569
245911
246487
246714
247254
247350
248744
248778
248851
248852
249065
249342
249374
249398
249497
249626
249638
249684
249689
249715
250673
252825
253467
253478
253953
254442
254445
254633
255031
255517
255851
257791
258378
259058
260838
260926
260928
260946
260971
261281
261537
261550
261627
262298
262299
262580
263168
263256
264449
264636
265031
265259
265307
266364
266459
266558
266578
266593
266604
266869
266908
266918
266921
266928
266933
266962
266965
267051
267077
267113
267494
267741
267961
268181
268265
268266
268325
268363
268370
268407
268413
268667
268877
269171
269186
269196
269263
269273
269397
269399
269411
269529
269670
269841
270002
270008
270024
270047
270067
270177
270288
270376
270552
270579
270655
270670
270711
270748
270760
270901
270972
271471
271613
271850
271857
272109
272313
272742
273207
273333
273335
273344
273373
273388
273470
273473
273608
273713
273946
273958
273988
274350
274525
274622
274669
274683
274699
274700
275122
275412
275573
275659
275820
275858
276079
276253
276258
276297
276449
276507
276529
276839
276971
276976
277205
277220
277250
277251
277382
277523
278020
278039
278040
278041
278045
278050
278059
278061
278073
278103
278108
278111
278149
278235
278309
278415
278581
278926
279056
279216
279446
279555
279638
279641
279653
279786
279819
279899
280258
280283
280338
280543
280678
280733
280782
280792
280844
281032
281101
281309
281445
281492
281787
281790
281869
281889
281917
281936
281937
281953
282030
282093
282103
282104
282136
282379
282380
282385
282417
282450
282455
282591
282601
282647
282985
283085
283098
283216
283222
283250
283412
283497
283588
284152
284229
284317
284332
284477
284692
284781
284809
284832
284834
285135
285577
285626
285792
285959
285976
285982
286019
286236
286245
286271
286475
286592
286676
286678
286696
286724
286732
287031
287274
287309
287400
287575
287726
287737
287758
287761
287777
287851
288053
288573
288727
288948
288957
288958
288979
289069
289147
289151
289303
289321
289334
289354
289376
289444
289459
289819
290068
290083
290243
290375
290376
290463
290508
290634
290900
290942
291011
291148
291337
291854
292022
292206
292340
292553
292566
292649
292736
293109
293227
293397
293399
293402
293403
293604
293621
293792
294070
294421
294847
294881
295566
295846
296038
296075
296201
296298
296306
296337
296515
296551
297000
297015
297157
297262
297274
297278
297541
297545
297582
297640
297705
297714
297789
297799
297981
298083
298155
298157
298159
298331
298349
298519
298625
298728
298767
298792
299054
299058
299193
299386
299487
299522
299555
299740
299809
299819
299863
299876
299884
299894
300283
300329
300745
300845
301034
301169
301263
301264
301282
301294
301404
301763
301773
301832
301959
301965
302121
302122
302349
302490
302580
302944
303147
303159
303505
303575
303597
303600
303651
303959
304074
304255
304338
304339
304354
304355
304364
304386
304396
304458
304877
304894
304895
304978
305029
305577
305580
305591
305609
305626
305799
306033
306037
306119
306169
306289
306930
307028
307700
307714
307757
307835
308103
308162
308618
308650
308657
308667
308698
309119
309300
309655
309815
309903
309997
309998
310171
310569
310764
310933
311076
311092
311102
311103
311217
311228
311239
311443
311444
311607
311822
311861
312004
312231
312283
312786
312788
312835
312935
312941
313236
313250
313394
314089
314095
314098
314109
314297
314399
314407
314513
314625
315182
315275
315315
315406
315444
315447
315575
315955
315969
315992
316044
316058
316128
316244
316687
316701
317272
317508
317524
317545
317625
318117
318299
318985
319005
319449
319691
319725
319819
319861
320331
320333
320867
321029
321082
321219
321464
321623
321669
321803
321975
322008
322119
322135
322374
322453
322479
322517
322607
323409
323821
324045
324190
324541
324598
324763
324886
325269
326005
326285
326286
326378
327058
327106
327329
327459
328057
328069
328133
328147
329026
329030
329159
329175
329666
329756
329870
329871
330139
330514
330515
330705
332088
332188
332302
332327
332754
333159
333163
333727
333964
333984
334144
334196
334553
334919
334926
335072
335218
335270
335510
335546
335824
335908
336258
336389
336443
336651
336652
336653
336655
336670
336692
337508
337624
337699
338157
338225
339197
339299
339403
339404
340216
340287
341046
341506
341657
342342
342344
342348
342521
343306
343360
343745
344027
344046
344348
344390
344680
345117
345430
345435
345980
346229
346348
346446
346520
346682
346693
346911
347020
347052
347077
347258
347637
347652
347697
347788
348197
348368
348391
348517
349330
349576
349711
349734
349753
349776
349796
350494
350546
350899
350925
351038
351238
351875
351929
352438
352532
352914
353320
353322
353323
353338
353577
354429
355074
355616
356060
356879
357008
358135
359390
359606
359826
360213
360403
360414
360445
360685
360772
361037
361125
361432
361915
362170
362955
364462
364518
364765
364995
365434
365482
366160
366274
367068
367549
367667
368069
368320
368518
368594
368659
369022
369301
369498
369661
369832
370037
370258
370410
370512
370847
371327
371480
371752
371794
371883
372325
372536
372580
372882
372893
373662
373797
373812
373850
374527
375203
376846
376990
377056
377469
377519
377819
377886
377974
378096
378520
378556
378717
379219
379303
379306
379307
379547
379550
379689
379697
379753
379754
379893
380055
380139
380145
380153
380208
380275
380445
380463
380624
380719
380720
380746
380858
380866
380928
381358
381443
381459
381477
382177
382365
382381
382512
382542
382932
383319
383332
383807
383811
384118
384215
385812
385958
386268
386486
386562
386591
386644
386683
386900
387454
387742
387751
387780
387789
388019
388301
388356
388370
388977
389177
389845
389914
390374
390668
390670
390762
390833
390903
390908
390920
390922
390931
390933
390951
391035
391416
391759
391772
391779
392239
392361
392546
392556
392736
392752
392883
393053
393479
393519
393541
393586
393635
393740
393742
393760
393765
393798
393804
393811
393926
394003
395029
395558
395637
396131
396155
396157
396177
397002
397449
398976
399044
399047
399055
399251
399589
400185
400190
402724
402929
402994
403373
403949
403954
403990
404109
404436
405303
405527
405723
405733
406163
406429
406582
406605
406886
406908
407163
407715
407817
408073
408102
408108
409311
409317
409642
410265
410852
410860
411016
411379
411407
411514
411844
412058
412509
412727
412752
412925
413089
413129
413190
413520
414729
415605
415613
415616
415789
416123
416135
416143
416379
416618
416624
416625
417730
417937
418245
418251
418507
418628
418759
419122
419206
419264
419927
420475
420704
420709
420722
420904
421704
422211
422212
422481
422692
423255
423343
423746
424129
425176
425234
425696
426250
427197
427246
427507
427582
428191
428464
428548
429244
429380
429413
429523
430657
431177
431199
431204
431213
431224
431227
431300
431458
431479
431728
432318
433112
433123
434144
434533
434535
434596
434666
434989
435893
436515
437430
437769
438772
439701
439857
440384
440595
440699
441356
441635
441646
441891
442474
442480
442481
442484
442899
443269
444342
444423
444506
445202
445932
446435
447075
447143
447213
447758
448033
449001
449428
449883
449954
450412
450942
451079
451133
451732
452252
452299
452592
452749
453933
454503
455134
455963
456557
456887
456893
457506
457720
458041
458042
458367
458458
458508
458658
459115
459167
459342
459345
459487
459620
459930
462165
463409
463630
463771
463904
463922
463924
464636
465530
466402
466456
466612
467045
467072
467622
467750
467755
468144
468284
469117
469300
469813
470081
470862
471579
472405
472728
473440
476467
476479
476522
476539
476638
476776
477490
477570
478101
478385
478552
480007
480096
480202
480358
481098
481124
482956
484882
485490
485491
485715
485925
486189
487487
487724
488077
488188
488326
488347
488510
488691
488712
488790
489424
490529
491556
491714
491956
492266
492282
492805
493192
493997
494748
495008
495133
495979
497173
497482
497563
497822
499230
499439
500280
500361
500727
500845
501290
501490
501544
502318
502598
504054
504153
504567
504865
504915
506298
506992
507022
508341
509574
509754
510464
511019
511217
511402
512424
512548
512838
513098
513506
513747
513861
514273
515377
517386
518430
519084
519099
519963
520079
520121
520370
522658
523916
524524
525362
525761
528610
530544
531012
531042
532666
534655
534799
535839
536188
537512
537605
537648
537822
537826
537936
538487
538646
538797
540355
540692
541503
541519
541977
542607
544722
544798
544999
546740
547292
547799
549133
549964
550319
550935
550949
550966
551074
551133
551204
551597
552379
552386
553221
554616
555388
555647
555893
557080
557127
558115
558402
558516
558545
558814
558841
558844
559267
559285
559300
559428
560290
560684
561045
561135
561189
561764
561774
561777
561778
561781
561984
562148
562203
562265
562269
562919
562987
562988
563602
563743
563889
564031
565001
565397
567946
568687
569405
569503
570861
571145
572496
573176
575371
575524
575694
576268
576475
578457
579718
580138
584725
586117
587600
587658
588459
588998
589232
589844
590282
593494
593495
594664
595442
595443
595463
595552
595977
595986
596171
596603
597908
598374
600545
601086
601232
601233
602824
603102
604709
605000
605711
605751
607399
610380
610945
610946
614380
614441
614672
614871
615000
615819
616027
616028
616070
616105
619277
619335
619662
620061
621852
623589
623593
624462
624613
625215
625825
628136
628547
629290
629750
629951
632061
632401
634508
637057
637162
637182
637830
638658
638680
639123
639610
639627
640384
640393
640403
641172
641727
642520
645566
645941
646868
650443
650446
652619
652796
653538
653727
653862
655352
656397
658419
658432
659008
660260
660687
663215
664951
666743
668027
668431
672035
673860
673946
673968
674014
674017
674159
674806
675163
677933
679318
686496
688132
691216
692258
692381
692893
692988
693451
697530
698837
703905
704935
706372
706765
708073
708368
708611
708749
710167
710759
715698
716601
716780
718183
719664
721518
722946
723422
727971
730430
733657
736387
736390
737120
737219
737289
737980
741208
743682
745784
746065
746318
746893
749376
752117
771213
779659
779670
782999
783116
787653
789493
792202
798853
800140
800150
800605
806242
806443
806444
808318
808484
808884
815575
817231
818215
821196
823544
834726
837836
839016
840335
841763
842101
844149
849292
853986
854712
856460
862015
864242
864254
865509
866902
871792
872288
876041
877017
883045
885262
886178
887602
894569
897273
900491
901031
901882
903624
917071
917195
920179
920181
924499
928145
939147
939722
949850
950231
952657
955274
955805
955816
956955
958491
959002
959860
962901
966745
970983
971560
971662
971848
981818
983462
985700
994079
1006875
1014256
1017202
1018012
1023567
1029458
1029459
1036340
1038762
1038763
1039876
1045901
1048297
1050464
1051879
1052782
1069005
1071903
1072689
1076817
1084590
1095294
1098435
1104002
1117750
1124609
1125873
1127513
1137362
1138981
1140986
1150139
1151260
1158497
1162926
1169363
1176015
1177274
1177639
1179970
1184358
1195370
1202422
1204827
1242451
1263386
1267136
1267733
1277812
1290431
1294134
1305551
1306239
1306826
1311664
1311676
1315148
1320079
1328806
1332065
1335215
1338357
1356445
1357024
1364246
1406041
1436205
1447868
1462112
1486118
1489367
1492175
1504375
1511848
1552982
1554508
1566610
1592458
1598620
1613835
1627294
1630395
1639313
1651961
1656377
1658271
1682356
1688946
1725639
1737672
1744085
1754834
1774970
1779653
1798182
1798589
1800326
1820498
1858695
1904166
1977357
1987747
2042763
2051623
2070208
2093381
2111858
2143700
2162567
2163137
2171961
2181580
2190075
2283758
2291736
2315093
2323371
2329230
2359819
2380752
2410405
2470855
2484226
2498131
2513371
2557595
2576258
2605452
2636278
2651506
2701727
2735632
2768326
2787040
2788593
2790787
2847021
2847075
2867456
2890225
2963860
3164167
3268914
3301462
3383198
3482202
3520584
3573262
3761632
3773775
3791378
3817914
3878621
3884177
3894384
3933056
3942875
3951229
3983221
3986961
