3960
5596
6631
16633
19875
20923
31014
32249
35285
50146
53632
54995
57804
66707
67538
90876
95505
95946
98416
101196
103015
106052
107941
109480
111382
112045
116995
135805
145821
147612
162683
174451
178673
188273
193561
200229
202630
207669
211117
234309
235762
246116
249540
257954
262684
265880
269434
279104
285945
286457
286943
288110
297953
302035
307364
308879
318663
330101
333943
334698
337830
340586
356483
356721
366087
376584
386889
387902
392041
397320
402097
422480
424715
428949
434415
440589
446628
448003
451419
467382
468830
473842
479401
480819
484671
491454
499765
505031
519862
538382
544909
546225
551041
555325
558395
558739
567283
569744
570485
574660
597717
604900
606325
609064
621467
629565
638245
647724
661294
662299
664159
665119
694066
694269
698263
709586
719575
721659
722845
737011
739883
740104
741672
750531
754619
760442
770001
775617
777031
777983
794444
797032
799115
808895
808981
809381
811618
816060
818192
820193
822447
824751
826492
831454
834423
844663
853138
861823
867391
874730
888523
890058
890986
899912
910483
910504
914055
922996
923386
926898
927258
928804
934321
942291
945167
947292
950251
951084
951660
963427
964984
988321
1002491
1009008
1018605
1021806
1024851
1032542
1038358
1040919
1070700
1071132
1086863
1088585
1109445
1116570
1122168
1129657
1151386
1152202
1176842
1200218
1215234
1235434
1250400
1255549
1266494
1282314
1283091
1288804
1299845
1301479
1302818
1306750
1312180
1322794
1340579
1355865
1355908
1367554
1374881
1382791
1384781
1387273
1398961
1408035
1408138
1410807
1417737
1450397
1451293
1453141
1462755
1462984
1477585
1481642
1503660
1509332
1514648
1523453
1546474
1568706
1572584
1573813
1584117
1584888
1590022
1595029
1608448
1608976
1615291
1625234
1640768
1663430
1685927
1719236
1730287
1733795
1742752
1748707
1762439
1763961
1768023
1770058
1784413
1790518
1796206
1812537
1813820
1814317
1825929
1830640
1832204
1835193
1841279
1843346
1846038
1852636
1853935
1854726
1867726
1872447
1873095
1895122
1904356
1906631
1909865
1925216
1933428
1954042
1964448
1971328
1975944
1978965
1995696
1996210
2010329
2011647
2021798
2024641
2057094
2062266
2064044
2081953
2084369
2084801
2111292
2125177
2130797
2148721
2153842
2155057
2168030
2180520
2204641
2225131
2226220
2233915
2237720
2243301
2255035
2259531
2291616
2309003
2311686
2312840
2313600
2318490
2350219
2360662
2366111
2379924
2400644
2404543
2414752
2415510
2416504
2420872
2438991
2448436
2457383
2462386
2463537
2494287
2496128
2502104
2510530
2515386
2519458
2528587
2547284
2551558
2553231
2554213
2575231
2578890
2590690
2594488
2603318
2640578
2643700
2647816
2662270
2679943
2681844
2684713
2685616
2692295
2694808
2705062
2708435
2715038
2722185
2736874
2740986
2751237
2752282
2759961
2760504
2782627
2787697
2799080
2799396
2805267
2809264
2821326
2824948
2829288
2832460
2845308
2856532
2864349
2872152
2880238
2880866
2880929
2883832
2905959
2907676
2908405
2918816
2927643
2943075
2943638
2955404
2958941
2961951
2972198
2975549
2987281
2996484
3007399
3013293
3015428
3017115
3036054
3037694
3042528
3043114
3047226
3050005
3054547
3067803
3070631
3089020
3094059
3108523
3114632
3114906
3118785
3121667
3129073
3141943
3156656
3171297
3193939
3200310
3215933
3231912
3235304
3240947
3268649
3274090
3292769
3296040
3305762
3313409
3322793
3324813
3327088
3346644
3384193
3411747
3418518
3425908
3435293
3435499
3446907
3450006
3462872
3464516
3472515
3478312
3485189
3505242
3514131
3533411
3537590
3539058
3573450
3574646
3577260
3581174
3595571
3596831
3605341
3614344
3615695
3629044
3642541
3643450
3650592
3669205
3678428
3713810
3726587
3731242
3739895
3768536
3783576
3784760
3804903
3814273
3820848
3824463
3834063
3855546
3884679
3895703
3935789
3941903
3953680
3960175
3971057
3973394
3982515
3982612
3983409
3992120
3993333
