6
7
81
675
706
1215
1263
1848
1967
2692
2806
2811
2883
2890
2892
2896
2989
3063
3389
3444
4128
4129
4320
4334
4435
4492
4587
5055
5442
5636
5638
6139
6144
6147
6157
6395
6396
6398
6431
6672
6689
6691
6693
6697
6698
6707
6728
6732
6744
7093
7486
7832
7833
8049
8143
8353
8355
8450
8871
9212
9261
9536
9555
9558
9765
9766
9767
9772
9777
9779
9783
9787
9790
9794
9800
9805
9818
9851
10330
10371
10428
10645
10646
11157
11509
11517
11708
11855
12368
12369
12370
12602
12839
13137
13204
13293
13294
13296
13396
13491
13664
13875
14190
15508
15510
15524
15527
16033
16408
16498
16759
16764
17168
17603
17775
17790
17792
17801
17802
18089
18154
18607
18630
18632
18882
19676
19682
19683
19689
20131
20136
20137
20173
20185
20780
20786
20934
20969
21471
21591
21593
21710
22591
22982
23091
23132
23205
23249
23265
24086
24237
24359
25995
26882
27227
27398
27867
27987
28079
29083
29092
29698
29783
33572
33603
33625
33703
33721
34005
34278
34305
34610
34655
34684
35449
35462
35514
35532
36172
38254
38453
38461
38465
38760
38793
38796
38903
39214
39407
40089
40905
40985
40991
42463
42497
43052
43208
43209
43300
43303
44140
44227
45458
45468
46635
46638
48478
49288
50125
50489
50516
51646
52022
52062
52153
52154
52171
52206
52220
52669
52977
52984
53198
53220
53232
53236
53251
53252
53349
53767
53777
53947
54190
54449
54465
54480
54484
54974
55060
55414
55444
55514
55732
55776
56014
56256
57045
57303
58562
58764
58926
60149
60724
63840
64695
66184
66694
67191
68225
70544
71999
74178
75598
76327
76332
76506
77064
77340
77451
77454
77455
77563
77918
77961
78033
78131
78132
78444
78445
78458
79838
81188
81297
82751
87974
88167
88686
93341
94996
96000
101709
107513
107518
107523
107531
107548
107573
112284
114646
138801
140656
142031
142033
146785
146797
147258
154814
155429
155706
160135
161357
169788
170465
170786
174095
177291
177607
177961
178920
180635
182367
182984
187509
196888
197612
197894
198293
198447
200162
200535
202020
206265
207285
207610
207611
207728
207831
207959
208336
208908
209925
210099
211039
211041
211048
211467
211708
212773
212920
213088
213588
213589
216599
216621
221614
231066
236411
244640
245569
248852
249689
253467
255851
257791
258378
259058
261281
263256
265259
266908
268370
268667
269196
269411
269841
274350
278041
278045
278050
278059
278073
278581
282385
292736
293397
293399
293402
294421
297789
305029
309815
309997
311092
312786
313394
315969
317272
321082
321464
322008
324541
324886
327058
330705
332088
334926
336389
336652
344027
346446
346682
347020
347788
360772
369022
380275
381443
382932
388301
391416
396157
399044
407715
408108
409311
412752
416625
422481
423255
424129
427246
431213
431300
447075
458041
459342
463409
467622
470862
473440
482956
485715
487724
488188
495133
499439
501490
504915
510464
520370
551074
551133
558545
561764
561774
562203
562919
567946
576268
601086
610945
616027
623589
658432
664951
704935
817231
864242
865509
971662
1071903
1072689
1124609
1127513
1162926
1242451
1306826
1320079
1335215
1338357
1489367
1504375
1554508
1656377
1737672
1754834
1858695
1987747
2051623
2163137
2181580
2636278
2790787
2890225
3268914
3301462
3878621
3884177
3942875
3986961
