6
675
1263
2806
2883
2896
3389
4128
4129
4435
4492
5442
5636
6147
6395
6398
6672
6691
6693
6697
6698
6728
7486
7832
8355
9261
9558
9765
9766
9767
9772
9777
9779
9783
9787
9805
9818
9851
10330
10428
10646
11509
11708
12370
13294
13664
15510
15524
15527
16408
17603
17790
17801
18154
18607
18632
20131
20934
21471
21591
21710
23132
23205
25995
27227
27398
27987
33572
33625
34684
38254
38465
38796
39407
42463
43052
45458
48478
50516
52022
52062
52153
52171
52669
52977
52984
53198
53252
53767
53777
53947
54974
55514
55776
56256
57045
58926
63840
75598
77451
77454
77455
77563
77918
78132
78444
78458
81188
94996
107523
107548
146797
155706
170465
170786
182367
187509
208336
213088
244640
248852
269411
293397
305029
324541
382932
447075
470862
487724
817231
864242
865509
1071903
1124609
1127513
1320079
1335215
1338357
1489367
1554508
1656377
1737672
1754834
1987747
2181580
2790787
2890225
3301462
3884177
3942875
