205835
4320
413523
56421
316044
567953
2509
128403
283222
84635
834263
216608
359630
19507
281556
9704
440557
56714
470862
22621
36019
76254
266923
296245
297973
392549
22203
316642
628136
58161
46299
213000
383345
412580
265307
35282
53328
11771
57052
57721
65776
381033
1598620
1798207
107575
56434
701246
215575
98042
177643
293225
63983
214959
214284
659631
6442
30264
218665
76790
1184486
73256
59399
268128
213230
2341252
212375
59242
293618
1540
217158
107648
463762
290068
212433
324763
457420
272313
612499
491068
596559
168777
589399
317828
386803
477570
97979
367357
688946
31997
208526
404107
199340
537737
671459
20300
436275
545102
676682
339829
1124609
83566
250324
42616
256417
243943
667934
383100
124842
113612
390837
382406
204874
595640
53441
2291870
69132
2181580
589772
407694
377819
8667
672733
52183
269526
43930
444104
107521
481838
454479
22857
392452
78458
300620
9615
269463
584367
547289
47304
309812
53232
102514
57610
67783
35889
5033
34584
11518
11832
274669
75208
579718
869184
345675
595723
732757
329274
25691
271157
63777
217912
614949
63618
114829
43304
56626
309119
383915
585562
274970
23987
216206
32009
45454
596171
58390
299398
75518
291183
72664
10761
268373
79841
53381
58276
22995
145027
604429
561046
246836
304885
78299
50807
463771
27038
211459
315444
156921
277523
29088
65723
356060
53464
39398
19940
85935
548497
16034
281445
15885
385958
43020
270026
123704
309258
208245
54641
13
292022
427752
783377
10485
496458
55732
28437
82491
365030
677933
212753
564031
301008
76684
425061
2788593
35489
311232
34446
265049
78350
659561
33715
19455
72932
489162
95462
68225
5125
52293
199875
412332
51721
418555
21622
181944
194157
6740
47834
564162
339491
422211
197854
292437
495450
368310
438391
57311
152646
7094
55814
53478
78695
647156
58024
321975
660260
341506
114912
67546
55455
34520
577105
939147
247254
52159
314114
411671
304688
621852
85824
506759
861697
1345
401032
62962
2896
16512
84940
55767
213600
388830
303370
442899
90796
47689
69895
1609341
265147
30261
323409
368489
86683
381544
658374
29030
411514
441943
53302
238403
92097
6466
317508
232382
43208
297042
205879
54495
274464
600300
494529
701
1671
594533
197403
50128
296894
419023
393962
66468
412012
368408
7133
114998
53047
268877
72960
63826
205408
376760
57452
211604
50977
20153
13248
465370
201604
561764
409755
14048
551573
58846
62854
69872
567841
29862
288923
317625
115148
123337
353654
395468
132619
14150
212420
554282
91010
204943
24159
63068
79876
399521
63590
34021
10792
361699
86748
920179
471495
487857
431243
53451
541613
119338
21806
11825
69519
60670
209733
54727
320934
355253
563743
255031
544558
151632
310699
55449
105255
77013
202530
571310
54481
153269
520565
339219
53933
283503
429951
653538
210679
31168
53747
213839
3988875
58001
60637
265172
213447
35309
956955
381446
292553
851380
213388
135625
264993
6398
639627
87490
247506
410435
19038
210618
96215
25653
291223
333123
353526
317736
251098
84128
65192
210637
31265
33950
31879
273061
328409
210106
260710
294639
507891
43428
21800
379766
76241
300262
52147
12050
78030
202965
9541
56341
53282
287740
945176
112211
434899
212899
471386
67522
12840
78554
20198
452604
70719
521278
1045128
102466
76665
54076
377422
22060
733657
76353
19351
412058
213076
397653
82748
33700
97956
436433
287832
399044
69352
65737
414134
95368
77919
377056
88183
656493
407587
57711
147508
118183
55248
35284
67460
207609
637136
348255
6706
261048
30266
491556
465677
482096
68603
309885
341514
472975
64020
621308
59415
448650
202020
11276
54379
52178
6403
48627
196227
4161
70443
56118
68434
93457
957994
3618068
38235
280002
443227
56115
247430
262231
151689
385812
544999
108492
125039
146785
65294
107514
272387
3314
316460
19161
33981
400154
36168
207217
53219
27889
316374
456517
393727
210788
360944
69205
96743
52317
605628
272349
53708
42889
62685
584298
401489
55454
229048
3195798
287624
311443
53424
31003
207611
276076
292158
335812
59981
73065
381968
452622
19223
44719
212415
69338
38255
62971
72412
550332
7604
301346
9874
12423
1981
327440
2787040
60987
215773
273435
75301
48347
270665
154189
112217
63489
451044
41339
399069
1405
202389
170480
269236
35472
19679
107644
214339
301773
71390
310765
355675
426048
272682
368969
297750
282710
284704
559428
48184
456468
668365
327361
205366
41555
482634
2892
272832
561774
394003
40548
331687
67202
198849
1019685
20219
423642
78702
364462
532029
174564
6672
653089
297545
59219
39362
285418
538074
329024
42196
658729
201898
6397
270209
56534
25425
156427
19523
394029
952546
1215
46859
52335
417387
280782
57836
4645
19326
514473
151597
58009
211168
107646
58914
56060
305761
9924
69643
15773
442981
393710
68099
11876
238119
1237615
22120
6818
213986
35494
71309
217159
386260
19290
731441
76258
215131
55787
9909
216681
381358
11912
391322
2291735
77088
6811
62562
551535
345283
428336
20743
348368
228340
288448
88931
22586
35535
172485
98053
7596
1123863
346414
30936
317270
11517
151572
330474
550304
278666
1911417
79796
273608
90420
38043
78940
380574
298106
54199
440523
1579
33963
294054
309122
208037
8680
114876
38665
498216
74182
43742
274172
413421
292337
892279
215046
31918
1593819
21794
56671
333163
44707
16536
22626
59881
593585
641172
157
215266
308647
873
268027
105014
522703
357604
210043
88919
67710
368069
441760
202754
88638
47968
38367
213774
56298
332742
1298
53292
33622
353898
486189
89867
385770
631848
319014
348391
269192
75492
26163
133089
398130
206329
324786
438064
392433
33628
20012
218663
525203
307790
404395
202107
131003
19074
286024
285054
63040
199657
211
9338
216464
64072
88877
52727
9573
521273
67902
19164
463712
11778
344504
216790
20800
295929
391779
208609
330531
392848
474298
191499
54221
408789
38660
212750
607405
357279
4253
52851
242899
77284
41886
71477
266593
292136
11994
415530
28094
42370
297705
100854
77456
208571
523625
67593
792230
62118
39112
408564
153478
34285
328934
539141
50563
442811
40382
38063
59301
291610
442359
43407
213800
83271
217709
231839
74796
322135
386683
610522
1026113
53307
208111
232377
56342
496357
73884
148076
63014
273473
407595
50324
349329
95708
337337
429212
587178
154
19905
51730
34557
481596
207222
22578
21465
212322
60081
53153
1996
328734
23943
20626
291028
77149
27128
355616
74268
56354
57723
9536
1037927
461756
267623
206737
56332
34896
316128
317642
56373
291201
8450
218700
293227
72666
57637
8366
592511
63725
383883
57302
42666
210629
281309
22771
519099
370957
414704
22915
608814
343747
77843
54586
270588
221818
472772
50348
6441
1204827
509754
37921
991995
53315
201476
310743
265227
585012
540023
273438
462166
36345
2721
21395
496750
20609
64565
532663
424410
689395
85498
314402
77064
88093
325958
19952
2289973
418251
91344
38319
82195
434530
273036
211479
83941
282435
844925
286395
416637
180764
4500
54206
155436
297789
53273
215764
210508
60994
297245
265031
521240
21376
41853
72677
20631
8365
159949
316058
5149
57986
501180
438577
217881
319346
298331
188820
52036
55610
287837
16470
418628
402695
55682
69042
1202113
24334
94445
632061
372536
466408
88686
42534
567617
637809
30477
310266
314106
58887
329338
61971
69928
58783
55072
463904
76444
213448
307022
280279
546185
325869
2867569
349796
54279
39226
54439
86798
70267
257151
420072
964879
278241
208678
39009
33964
34655
67631
272612
332757
381833
56973
322008
360403
273264
460579
52186
275130
90676
40446
33940
7534
339607
107722
45573
833561
70939
23602
307614
209131
292156
415613
255911
245797
230929
107615
435878
217437
545383
244917
296551
6164
210355
428191
510610
56640
201413
64130
281492
297485
558292
129633
284323
38092
766195
352857
37195
107512
267960
101953
481301
602298
38988
52347
349332
54189
108505
271331
454036
486244
212771
196762
409278
212851
101697
290928
90522
207035
207360
214856
1566610
9381
12762
272722
576255
537276
6171
53249
320258
4331
20849
67001
20970
55060
310632
298153
409317
266956
57649
271148
21614
2905
299241
274683
442323
412430
7042
33626
100947
1436794
281953
816236
75566
107523
33710
12469
114642
39770
39912
591665
404226
40791
195881
836493
1023122
54339
33192
444762
177609
492345
314910
547874
2470855
116027
2473
341041
57907
148688
521813
284810
23597
67191
580409
347290
77701
55667
57005
474177
285066
64445
329011
643958
498309
36544
59550
52050
444750
23301
1076817
339616
87492
397281
885079
2455
64617
265046
590476
310695
601857
19016
95589
395542
435764
311822
698146
82972
31053
941764
207842
56755
40541
590751
55541
355565
62930
78068
16113
64784
9548
65336
725442
255908
1992
107834
69110
2397198
105694
68494
1286484
217357
407715
141067
290739
293807
114903
2143700
65800
247395
463924
146458
215184
344369
77479
144174
39267
473770
914987
7187
52996
58776
22267
508484
254457
6697
29382
43222
57720
47967
273369
21508
59908
53271
781378
318376
591158
4497
273607
442749
589095
33580
54638
625826
57786
53298
294014
56325
206310
666743
197760
44125
9862
105937
208336
243106
22301
381355
55425
24892
1774970
248852
54512
1268149
213188
2190075
312951
339310
149882
201746
344089
669927
1402165
444095
285892
16478
537918
208939
19686
44303
58106
420704
56258
316692
208289
400176
48194
56043
315181
56856
8534
177
297595
415174
317707
34444
270368
410320
709
671165
136773
204742
296364
328147
43336
380150
107777
308648
471906
19539
38761
679775
431300
17846
467045
86343
75410
296306
142031
16764
416634
52218
203974
837991
386689
282244
790116
207420
975600
211760
6806
55660
198388
305112
274102
110871
57232
273973
598830
359295
14508
417409
486731
183331
553298
609936
21782
650446
797997
53044
56706
586547
442501
397450
54304
58262
57225
332741
54606
31212
380720
628547
91973
9551
318265
274622
548341
664859
53367
70923
1798233
341556
111482
359390
151599
60386
249060
35335
354429
34615
412729
271634
565983
1419
368074
394570
1390
53332
340217
339299
105408
424885
72855
41566
293933
74053
59671
75525
59791
268364
54589
287957
336655
10699
344562
85711
723136
52474
403954
215128
315315
2201437
68638
48485
21732
403281
56636
77493
783668
413888
203243
352626
1796903
42881
91323
70406
348369
307793
56020
35880
286724
403750
204737
67474
386340
653180
67725
542502
107057
46905
397265
56041
60588
223882
435107
5193
509751
17285
20999
553345
54815
66007
319841
577010
294234
678084
1177274
393791
266965
211489
52198
54215
63755
216104
385131
641727
39017
1798232
506281
49618
336672
268593
79839
1904166
149356
418062
27321
11080
80435
231565
436571
255522
213128
391257
41147
28082
272776
58153
293408
289819
123716
34292
272533
213117
1006875
110329
455913
11
332302
506936
32111
4523
591261
288570
83248
101608
9780
67566
197763
42814
54567
273332
696
2708
205758
47688
292345
94147
672178
320333
21605
197845
451057
287811
56683
26663
614852
359606
418364
40459
287877
2605452
52242
294951
297563
2012274
563692
1910868
438373
199066
62564
21673
22101
449339
54194
43431
560060
281476
275824
460577
446319
304337
278926
404436
76337
77966
274621
472162
350925
201304
107583
1052782
73746
93336
54201
806688
26078
2943
444341
216207
275846
123634
24623
32319
522121
62219
379682
285792
333729
623589
107619
376297
336671
198054
281461
298147
34286
102335
2381327
266721
370092
200726
591094
391694
383769
57758
199509
218647
217332
33955
267671
382946
374203
714081
77343
498146
215565
387520
521270
29487
200216
505747
13204
876041
55821
178907
76349
412284
71999
271589
417680
9226
433831
315793
383642
19403
648214
77027
80316
867414
50367
563327
34063
273665
1552982
510613
29629
470614
27243
31151
4744
304095
396179
19719
152695
364997
294588
283124
429524
144280
82775
490529
54557
87462
215002
2093381
2284322
268474
77454
178922
451467
57824
52237
54979
40464
382702
596603
608855
53334
96377
480007
318985
312769
336653
59010
557389
382932
55310
257102
65494
50492
94041
863919
361819
214185
81566
64205
209917
85822
80906
868468
63020
559995
48618
53959
55323
202075
393812
352734
561778
554378
114909
18182
55282
883998
355632
208253
57854
252722
85425
249342
209550
60065
487999
53714
88035
537991
6396
362753
62502
309905
147511
31207
60576
556314
874831
11534
58926
26144
85166
337353
288592
1563
1820498
22681
37865
381452
235344
488520
9543
3890
116765
60565
409297
56193
42883
79699
426002
266908
52152
293744
67606
11863
4169
467381
294273
201901
9894
78455
638082
676282
269098
892665
153681
610503
58609
199872
360217
534579
34008
442554
266164
406046
318989
63137
206682
386900
400253
2688
570861
22151
90998
1779301
452299
590156
3457
54816
956190
250
17776
84243
54729
61407
587572
431164
416479
208251
352438
57491
57841
954335
64498
115801
386261
277181
94333
78737
74079
114648
1311664
57158
19349
466610
61615
34591
292015
25893
67576
298792
214588
23258
61537
249339
21156
21076
470257
265558
23643
313886
445134
30057
541148
456773
147663
43065
209832
370550
730864
216739
33718
114934
1001928
63971
42427
268323
293435
94869
405027
100780
55771
353128
49871
392974
59748
62852
1978
38023
383307
114921
56105
178915
54302
1148010
485052
38815
38028
68534
291337
9773
45305
67687
746318
