683352
249069
365445
657449
20071
1239
5205
39102
125298
90535
104677
6400
86199
3424
32997
26084
102903
642782
3491
57269
729
469
21159
20619
62903
20095
24732
179149
662634
4185
1071
71885
30395
883
1587
29772
38384
19578
928
69931
1210
693282
8919
362
89639
21352
662158
2774
18938
9954
1039106
645916
66332
646628
8256
90028
21306
263711
4480
268336
3008
91958
47794
1036
210612
126853
1494
1190
219664
122800
18858
20234
112773
516
78799
281844
8856
143923
2834
672567
887413
2973
70578
950
62726
18562
3433
20754
24977
13024
2234
828202
376109
173055
21289
14702
38388
96241
65862
20795
25845
77260
4050
864376
21814
1013584
82325
78611
63442
4333
665749
2759
694932
126137
3162
2720
3523
889
275
82109
160789
35660
403
280435
20586
661610
833
20081
30851
5826
657377
684215
155503
55023
648298
108623
5135
20532
574709
658459
2708
19462
866
94059
1489
751972
2711
11356
105
884
106354
23129
642861
3673
643719
27976
1259
2559
642550
2344
104848
27685
155431
18613
230052
60312
5862
722
3899
31080
106976
38585
202747
18190
3101
801
1083907
115240
685071
4541
18172
5872
35439
678999
88559
2525
5004
642490
359219
8879
9239
3916
134082
515983
805
642
21241
742
37255
646255
650456
27543
12892
6210
567635
1845
93020
2608
122825
15143
168595
97346
37300
196
4
37027
37063
1009453
69794
21080
4821
3219
2810
357530
657357
254926
3371
75543
36072
18213
71084
69787
132538
20278
195779
807
10052
26352
649243
10851
646667
62875
18105
663582
185311
156906
110104
20024
96926
1013167
20964
78636
2844
2282
9734
1082222
4844
215078
27203
479
16013
222053
108601
79719
131027
212745
108617
20363
137363
1034426
21
94026
7200
6375
692623
307085
758404
20411
11303
20011
3477
1226
3665
72639
77110
950752
3138
672244
63347
2962
154085
881
24201
110697
5929
18763
518634
72399
646347
521930
104540
1244
4892
38374
2719
75799
124590
9849
24420
642536
636605
102936
20813
17270
907
2423
107678
4562
69888
76293
30173
4921
9286
4049
1011428
3446
1011763
9405
20836
9109
47763
27004
687
166594
280986
1886
26753
20067
642667
29579
28895
2846
1679
27803
11866
2686
850
30363
4435
14371
660234
51323
96750
702512
642877
6518
450319
22224
18792
1168
482708
4904
3168
312265
38409
9344
41561
732340
63732
997937
4767
128675
167
713508
2822
1232
271591
7843
27836
20988
104683
20306
468845
2075
71119
10549
6810
22014
71075
234692
20753
3750
373537
33632
96186
646367
78525
649234
2316
2782
510709
4814
20868
660238
3683
6475
1808
52863
340
1781
39126
4751
104299
8607
1203
695747
1179
802056
30212
37398
131024
22367
6269
2982
72724
32497
25718
645693
640017
1860
114387
91268
1007994
30175
700
725875
1048329
22845
51821
231971
24033
888
57500
12825
2422
5203
702853
343346
60085
122853
215841
2538
109657
46218
23127
643385
30295
1243
20870
636736
1118
4998
104149
319314
846
109988
6267
159927
223576
64017
1311
106984
5693
636156
8335
93539
135816
4935
3941
2117
33783
643279
672652
1490
728998
153702
52758
989
3589
28179
1731
4613
106500
3600
118647
831
38315
28938
25715
1289
1707
27171
87942
21341
642539
172078
8291
662159
69853
11905
20876
2953
4241
8809
9305
26781
129912
29170
43743
32877
919
33
93
1012889
60540
698535
50680
37661
170334
170155
739558
46811
825
47860
298366
1271
20635
684219
112235
18571
1574
10418
1182
639961
77327
5926
6415
20150
645647
17685
697830
209
124592
30374
17404
77607
85327
2286
1273
70661
649225
75044
1507
5234
75183
1258
4942
79641
660221
227445
3112
21473
131799
22512
3
643569
219236
185904
28559
79927
62624
122395
7827
97413
4842
39551
4991
677561
1265
12074
2378
74227
678165
112201
794063
91349
530035
62833
167980
78650
4244
673215
17263
30973
104127
1001507
134032
46
88678
8382
4220
480825
9061
8969
202789
80175
20280
406
4418
13567
38337
19997
162035
1224
640016
104537
695405
24395
105477
6013
59369
167570
57914
87405
838
862133
13737
644920
20323
104539
674
35756
9357
956
17287
108796
21139
106988
102617
199945
197779
17283
676602
3306
69320
104582
102942
162026
123842
951
638817
33635
6425
280407
1708
3695
11479
16019
4406
529741
153277
8000
311
3048
11923
100803
1910
9450
9348
4279
3739
73402
1820
106983
94914
12213
117130
659549
3099
86295
82460
1070
1022475
649853
23840
689979
633
1368
86340
40330
84948
116
29769
70085
7376
880
186239
102389
44005
13499
679090
676429
258489
295011
645860
4958
168305
25683
3948
282823
1593
158900
1246
1084709
113768
11879
79180
510
105327
226946
694116
106347
218037
642689
44012
2249
114445
3482
1967
772
63717
649123
4293
65170
92011
79813
14777
285863
8026
2032
683618
542
77295
2632
643702
47454
17416
849785
19951
679657
104131
25520
27019
4443
1069
16050
35290
11852
69856
634
110194
24456
5394
37956
108439
96585
662160
10049
245683
5995
20256
686673
314987
77319
360505
2732
99646
402216
23796
856803
1041
1108853
95895
266851
486880
35825
661399
101920
17342
21709
27053
21761
527
1242
649455
29673
646083
947
656342
78451
36498
8497
94069
643183
75567
38541
8745
645121
3119
705
278192
1252
7840
20572
679086
33541
714304
103
126287
10036
101442
17361
341247
2425
3220
20201
684441
3533
9355
37184
200695
376276
3912
24198
6964
73236
122057
645702
661951
61867
790701
96886
635830
114349
101639
38308
231216
93823
349270
1024
35016
701
653253
4301
6540
16777
1354
4994
37277
211105
6331
205053
141531
46617
122768
96350
2057
6710
357547
107408
5455
95581
143867
10031
214319
297056
104181
20867
2197
20863
21660
78622
646130
91014
21137
6322
71
38428
1431
110099
22755
115673
150209
8730
778604
60362
1084106
6939
30049
108563
463216
20087
27682
716316
3231
21916
106933
10843
42412
77275
513
179121
902
27792
97297
7503
122974
72498
8924
1060667
31884
226650
133074
14250
106804
977976
748795
229264
62842
99715
24739
4805
175287
883573
2301
2049
88985
271961
94614
62528
84977
195079
35896
3583
20720
27297
675
2026
21112
5182
155191
85697
48558
66013
213206
251218
104690
640862
24482
20486
25591
93269
216432
94524
4221
79781
7918
64104
8617
33392
186563
2507
162223
25372
22465
43
2420
355471
684216
88573
9149
87867
62613
491
436005
21029
203
87204
110591
128910
116989
3564
7962
190610
713388
74829
3926
102606
77474
6756
6533
9027
62632
802
57936
4112
11904
643033
27538
172933
62571
662416
105750
184333
126085
64787
383
649209
257654
29974
3976
33537
56386
104698
71153
30444
176637
93296
59983
92745
296
637262
20455
20829
1013976
4229
8177
226625
195331
4852
21065
143842
31427
649092
3061
9162
70137
62629
1834
1023
73060
4771
5129
21472
20663
10598
106990
454
4368
9402
20145
661408
3516
7730
117742
213776
106883
19943
63632
665215
66737
651571
77321
1078
5156
8171
229006
18679
33826
651485
107916
51613
188738
2135
20049
279498
1450
2548
20434
20508
60982
47764
1704
195579
652230
748616
84193
1282
96710
10826
649232
46868
107684
69807
500947
642509
100677
194880
21549
649315
5037
5463
622419
616
91921
20799
60243
125688
78582
164636
221169
20216
918828
104132
71195
889125
4718
83626
94739
345803
196614
77273
66391
16969
33032
23189
5472
145166
32575
20558
764510
2724
943335
75027
49800
15152
810
9040
27801
174628
20933
77
388318
20457
77252
123134
2693
7784
401876
1185
74738
21430
27814
84174
645679
49056
643172
4623
94924
1837
22745
664092
391659
645505
20789
640363
2673
254178
104696
37403
19916
293527
645631
14569
94343
60602
4735
2251
20401
678168
181087
15691
3675
867
33129
636782
191650
132779
12366
37201
20654
1896
65842
91291
352181
63544
58283
20551
4149
260546
5009
95611
20364
71218
72485
101817
63138
114111
8364
20941
33787
71132
11945
8476
28921
177753
21963
15585
21329
90522
78640
23785
43172
20277
17258
17709
696110
108832
6659
641474
23056
3971
2661
1657
773117
5594
37012
32110
20921
20592
166763
104534
181147
86430
4398
22852
193016
20539
21725
91446
87522
384
4897
101094
62068
63481
11950
642838
19996
28925
12926
164218
646129
110087
87930
75026
887
313757
640379
32
167815
702943
6473
11916
2898
202026
648308
3405
20137
391046
172077
6722
20410
21170
104196
228175
4910
78652
717
17414
1454
717436
2470
807472
12114
1015239
4463
97383
1384
647829
1027561
166041
11869
293675
33620
271981
96729
90212
122761
30907
57761
17391
46950
6429
230013
84449
4895
85583
388243
33741
21017
58412
71159
78273
645583
2131
7708
94297
24554
107224
85285
226157
110664
4730
61023
661448
323006
8591
6422
82334
367705
20327
659104
7961
100182
6676
114327
1853
37057
93419
5064
21312
14415
26666
642499
71076
1077021
3929
656643
718
4979
1983
27109
758957
20999
96567
37353
218913
25256
21957
11919
37314
93930
375774
287783
30888
642501
712124
455314
12094
126107
26856
4889
29149
201469
101619
11795
1999
638610
1041808
269348
4347
37315
192965
80042
155184
74868
37344
731
12684
798581
9291
60392
20817
744
222724
13771
6460
20494
1735
374671
794659
20442
686664
77330
28961
21261
699925
178221
184300
4955
138511
7621
6018
4945
690002
18841
20513
219246
886
195547
20902
532722
11108
701577
160788
726
310
397313
21640
8386
105014
106959
4908
89585
4459
1012
1085020
38343
104533
69813
50317
280660
6462
847
26087
21276
11822
85903
5175
133185
187112
297710
649214
715561
1063987
711483
3803
3903
22409
87758
18208
107485
176039
33876
642478
58922
59979
1088
114984
66334
687570
21061
37290
104136
18065
736523
218666
643161
21551
3403
778686
641848
29708
600631
83080
104163
167881
62828
83987
3408
1021638
328122
307564
81568
168057
656668
20481
407839
865
640364
92521
2879
348
645456
11931
6536
24184
94578
7166
20345
14694
8682
1592
63923
104543
3080
641717
4642
649240
905
50487
3727
8834
107977
108464
3840
139851
1059
2607
44004
61517
80078
266819
8791
701424
79689
2599
620268
20055
114470
60132
22566
18854
20507
13696
100658
197574
108611
4630
108221
194460
1160
644577
88958
450836
4383
658371
661664
1063070
20483
59846
77342
22467
10009
155186
324178
94664
64022
1316
874
20911
228277
31842
65981
6459
90542
6139
38017
31413
9211
984474
37961
914
22573
93945
776847
3511
646046
4242
10699
327747
248
6594
3234
101304
1007
43724
78757
3459
88797
20092
3490
642613
148855
679347
24064
83855
1018
90117
90811
21214
31274
2134
218011
108785
98198
2710
7858
105821
1010454
94693
9895
4790
5701
21237
169
241
59878
21345
208974
85658
706
130733
37068
58489
226872
4696
660325
640858
5860
1096524
43019
123221
3792
4905
6494
81598
105791
20928
6819
661421
72684
20369
4773
93528
5340
79243
1272
126133
3883
686665
43513
7915
6779
92796
8943
18819
4106
657919
221413
23631
248074
910048
3996
7878
11350
20252
315907
160416
643250
223637
270231
3537
3375
657640
54813
11837
90545
88005
4828
186778
687671
77298
143850
4965
714495
339141
434242
252958
5855
1709
18370
100881
949002
151061
1063971
279562
69812
96360
269323
196483
638922
94735
160838
21599
3708
1703
2265
16129
11809
107270
19033
4303
4728
2161
20692
11009
29504
290
36711
21655
6543
30648
83377
1269
661996
59970
11849
123
62363
85746
2172
38510
108463
9378
3478
107560
3514
96919
105467
2809
13641
646289
185654
66342
15895
27683
17825
90534
18684
37250
17714
24061
3973
21604
438136
37954
91961
95252
644567
6427
705834
20596
11355
26662
640399
3551
96119
63838
1600
667483
88732
47706
72405
493468
3789
640628
1001949
190657
33860
82009
123828
18619
18799
94199
9358
1167
643162
5237
196559
125849
6510
704607
622595
4235
3217
15151
185290
145259
20603
5048
77338
20781
4082
4986
2462
95655
18054
3474
104689
4843
6287
53526
855199
5702
21351
88709
1066345
89985
4248
20076
22033
4879
361817
97108
231819
126608
7114
37352
22892
20580
7886
20726
122763
305336
481204
7524
31453
207021
11835
1986
173813
1032183
11870
19722
95
155865
656730
6902
156376
94238
4305
20422
95109
95010
134101
92359
8705
103001
7135
1041416
166656
29522
78603
20218
245233
188936
11933
8480
20910
822
42129
672637
640936
5671
10007
38282
296084
63055
366
714928
1014555
4860
63475
463533
122710
78446
12293
20231
91995
306892
28206
21685
1049
1096010
31592
25127
690
60443
248393
60955
638634
7577
1499
732815
88452
293716
23472
4194
63683
4501
83102
12950
1040076
169421
176213
693176
658204
79309
170990
661611
21158
645673
85054
20368
232851
14029
20106
288
50223
20432
746834
205655
4028
4258
7789
6404
648907
9236
26334
63847
20400
9383
3900
447
182173
224343
100127
2245
29195
133563
7799
10284
197040
179192
93857
6812
63426
36654
9024
114465
28556
60913
112301
113679
67667
38390
289368
8558
652673
460300
375
646193
103913
27514
831135
77217
396761
1044927
991906
101697
6457
72524
439593
4759
732816
8368
141746
152722
158754
6440
1250
35941
649283
662189
84871
4777
75228
90607
379920
16694
644543
656716
5788
1108018
194805
96945
451802
72790
171049
21627
60317
54403
679387
646231
71238
643765
683924
18117
727988
16235
6067
79272
1008
37670
71564
101695
1040337
79166
1706
376725
2689
174682
4216
3769
1998
1996
20417
1249
24616
645172
137523
132891
62638
116948
21343
642672
11910
1008561
3677
96904
20518
52802
1267
172826
38417
84993
169703
2965
1090
1006489
106534
267793
23947
23009
93567
10110
646419
3009
20972
702852
856991
1885
61629
4946
63471
164517
181324
118537
3790
1008964
124310
710
96487
29280
71067
63547
3651
1073128
20429
91327
367947
5698
4787
151914
1819
272522
21081
67434
226887
730472
2244
8839
3618
767659
37259
185972
87251
47409
781521
103453
99750
25097
615043
1132065
4007
11813
137982
20370
55879
104091
200306
258733
63808
1124
639471
20052
2227
123297
3927
2105
660553
696115
415138
803
89633
1002894
102513
199208
42962
451497
104320
11914
231142
123419
24052
3305
77336
143837
94185
6576
22551
17927
183729
460
17870
11900
6578
62792
1156
21016
681378
16187
4314
47555
139618
489417
1750
4259
96561
2448
217121
7125
267663
20713
82142
3869
862
71634
2363
102395
354217
218928
342285
754282
83929
917613
104031
1097739
216645
184029
468642
7146
94301
646812
107405
11845
493388
645120
675847
1066251
73232
927
642664
79635
187212
20780
90888
3837
90383
155
1043368
49687
3450
225929
205673
1018746
119724
665214
122900
643181
28232
78606
991893
104841
4833
104133
144624
30952
28514
123040
217380
3667
518
62850
680363
6674
15715
126129
107899
20538
637333
151639
36547
415700
337884
4741
60224
3360
5451
21468
1294
37048
25930
49535
25933
957446
24372
16260
105934
35447
9468
27302
661391
20083
461
9258
647872
16405
1319
95945
102376
1066844
117224
35396
4324
939
4820
18783
131859
88912
3005
991775
23582
37347
5925
1228
6224
126037
160751
95562
1171
3638
4488
115986
247255
10071
70413
60213
645490
3740
771012
3265
216122
689813
20687
21013
224770
954
699473
267270
77352
2149
164829
11286
515150
10004
73213
157351
68175
222328
73158
204928
20033
23133
19999
60981
85052
3221
24536
728304
279476
9742
92267
17267
880810
69791
2087
17716
20189
9304
177006
70613
93310
1107700
69786
27739
660678
61315
122510
661070
37334
106648
1022511
122850
103209
216585
6721
789695
20232
78677
649527
8724
48598
176957
163176
26989
1612
189536
236902
21020
73005
3802
40878
26479
701317
175975
62652
19297
521623
17
11806
17845
689971
1015038
4847
37132
590435
4237
741544
101169
661924
170957
141
7779
8043
24775
28148
27038
198858
24445
254094
18147
40403
643560
60278
63513
93322
277758
303637
20157
8859
16049
82026
23506
157654
217686
66987
773168
800
88978
1813
1985
627175
23462
30637
662527
4856
104675
193227
100270
1261
305845
14812
43734
230635
3978
71251
293139
60204
63987
787053
40015
3886
12579
26673
67934
20672
62826
21028
183844
22888
638895
640047
33864
240396
4851
5108
1037572
781213
1958
262386
280059
4657
107928
1418
20520
27305
20394
18519
638603
3473
5035
642480
1163
27644
646
84856
643088
274921
29697
188807
753687
5091
2775
112199
16940
7028
200416
24778
319105
125778
8874
222602
774646
24803
566331
656712
23000
132260
160264
686674
59613
643278
2085
13449
21783
640928
51841
63585
133389
673641
60890
7651
72602
966
1522
87892
96155
642506
680246
129496
6587
639869
3471
18674
6651
87627
85351
677039
116951
912
841635
77316
47112
241905
70818
16255
78620
17256
60252
782007
78779
2519
71204
107600
680296
692167
85449
788435
78577
90589
104686
207980
153647
75076
991740
998605
657336
335
400047
534571
7856
252825
9142
30113
7487
60452
8573
932876
647754
741978
821
101792
1417
91276
50592
884241
1176
9021
66016
78730
57889
20912
25920
278207
5480
60553
4215
103824
459972
77838
26380
3425
107902
3842
1089811
113813
690445
995816
9212
20066
719
90975
33623
64061
2557
71038
9883
1351
926
26391
30862
187356
734024
124730
11963
692462
20209
26068
21062
77325
130945
29821
447745
307548
715099
158196
684437
157635
695956
151072
101552
104236
8099
4196
10072
46884
586677
1097164
36802
27130
6731
1181
63092
90
1822
7999
640488
1102780
75025
7356
1364
27259
649264
3882
8122
504291
511
92128
21513
77237
51827
643035
20299
314979
203438
91275
142911
660230
243544
177794
23007
645987
713825
30192
127697
5138
740
794695
4012
86182
3172
18249
30131
101902
10621
314653
75008
264236
645523
33825
8216
72764
245019
11906
191415
644647
63819
47545
738706
11955
2943
21864
21117
879899
4848
1832
773911
644398
466145
77294
200869
14541
777229
89951
4084
234787
18088
234675
1006931
16172
1006026
204597
3991
77340
354894
172120
1068
48362
20227
122773
715909
177013
219819
19074
2835
344080
6410
1767
48
95848
4239
809
20199
637244
8423
3493
77320
158582
174227
1991
130557
214022
22457
7023
63025
668181
116496
38091
91298
8514
20861
108680
20013
160814
85568
644495
827
18436
111467
789
18028
657450
37355
206548
4733
13600
45374
296785
2333
60611
21934
71051
20159
642581
172173
122896
20335
191266
30951
219028
21499
660328
153218
18174
88939
1850
649608
129898
15365
28491
3546
139
205322
170097
646621
123921
58251
33772
451
15708
450915
8548
137766
660571
129268
126741
126117
63745
142963
63634
59608
4188
72597
104039
163440
429683
95350
20392
673035
280252
764813
17086
71141
8110
3452
59486
117703
6761
15533
54836
37177
343060
6235
36628
30776
17855
218232
106986
665744
649311
78063
23314
535092
79778
94755
678972
21127
17737
3606
1009191
123220
2444
8633
134129
20898
231657
68021
20163
108603
219445
5584
638614
72534
740772
101482
649132
715780
642549
12682
59852
127388
44723
26438
82058
1031908
538223
62756
21326
137008
1013878
91942
97109
638192
38373
21940
431932
321176
11877
22532
19875
153914
165774
5109
1461
291721
13922
91400
197770
649310
82161
49647
23154
25629
176726
258711
29590
2825
3155
41397
21153
5148
33467
122147
36553
1123806
37781
6472
23429
9531
6780
37363
897666
136261
643591
23187
1025810
854412
41785
100171
7887
160276
653193
18823
3974
107558
694961
2089
1871
5093
660227
75017
2242
4018
1847
4016
686692
59859
21161
21033
1897
916468
23596
5889
5423
18481
30788
142797
643420
88672
7205
62853
61464
1033692
8213
21254
7630
481
18302
678108
825828
71164
1947
131138
20878
747721
213244
1030085
707
17874
12258
4739
125459
11273
168712
741573
710072
1383
313481
287959
198555
75144
872609
95432
41815
191951
63622
782264
220754
26639
681379
223580
23045
684289
1530
642585
66341
130877
22395
260161
175625
1009462
1064919
9011
78738
4757
2153
829
103015
93511
20761
642464
125304
26562
173183
74438
71240
442153
3848
868530
2213
234784
19572
23566
1019953
108118
873954
104856
26887
84845
20643
159164
93182
158
69821
671134
75060
9038
78369
642571
3796
28072
696875
434141
27035
1007584
94983
798104
644766
35520
70141
22210
644688
303713
598655
6164
10634
25524
4877
698537
6778
4966
714813
486902
105533
132645
313
5139
66500
20257
72650
21187
112330
94579
607
131002
20349
80250
84144
656050
32176
688525
713685
126976
3015
82469
60333
4801
660345
711939
738883
1099167
3126
685773
205246
45094
63543
4555
646687
642738
62142
715155
4351
2095
3480
65959
216238
453823
4886
232018
529
31028
96717
1830
421223
643146
325182
1899
971063
17119
2900
10924
1030950
21781
101624
9552
275015
559748
658145
63993
6474
9394
1004207
16115
5630
1974
640636
16889
4980
8934
193049
11964
736282
16060
185910
63308
16948
85586
21294
8186
20166
98202
182588
12194
62873
696509
28936
67980
159312
322222
29556
201344
129583
11884
172501
4318
276935
22478
36085
20758
112392
101951
653564
84808
607515
16099
4724
22104
137522
7347
4930
706630
6424
224664
7863
203823
17399
38279
2122
23850
6040
43410
21039
4800
52989
104688
55356
8394
167305
882596
62843
4113
263224
27320
658657
211400
195585
849
20874
156802
30256
101883
104697
1187
37020
176953
71210
57431
16346
4141
794244
640579
608286
20659
100958
13492
370284
103426
14925
101600
57407
8181
813
23698
75015
642965
4177
101009
23976
656084
94401
429375
53400
84421
934070
216098
219915
91861
6861
27901
2046
4729
135193
3402
17062
51268
26335
663549
32823
8898
728
357976
21048
108477
919664
770
114106
327748
20616
660235
20089
645596
27332
64028
644878
336787
638632
74863
16272
3909
46232
3728
3358
102341
93074
162635
19620
643337
84610
5425
3999
37908
24048
5086
130965
44521
673305
60211
17955
38872
1038871
9192
11778
486959
425796
8815
124338
602951
771180
25114
79232
21408
180661
311366
38362
764160
1649
95829
21275
107492
7751
688098
102873
63528
37653
75901
92974
837753
57886
81680
25945
32009
106143
211139
20420
282433
665426
6395
95825
4079
84737
839
142239
1079769
60277
7925
8158
4963
91257
853448
69875
49377
837082
192714
87744
94326
30015
16637
12257
189348
1085146
643213
188544
101721
50993
324281
205066
50322
643341
7606
36712
643474
95734
36269
125069
638807
5776
81687
261432
655822
96225
178274
94543
642794
133056
218240
91777
339302
94272
20575
4806
314220
131574
18366
173193
3604
7790
858175
45391
660164
89690
17778
173301
1836
21466
566049
61491
22778
35752
86832
36885
21100
71091
26622
653537
644898
684217
133
649184
674197
1003560
21076
146251
17281
5549
5273
11865
4778
94140
20458
160204
175739
377392
21001
110046
214558
23734
23933
405533
21823
10496
20063
33579
24190
82
674081
7608
640292
20342
4570
151064
20393
644827
731787
1889
60203
28513
164
11238
104726
5080
84350
101267
5727
27339
110048
8141
88933
644640
23654
525760
740743
50544
661957
684221
3399
671840
279786
433913
676110
90162
644786
12704
1015992
580133
61882
21527
694765
264833
122673
9147
74097
9951
3530
282407
184314
23141
1016
686811
199860
9004
642840
8640
22746
86185
426101
940
689589
4989
96698
118286
19988
17238
1090958
90995
850782
20618
233765
1002514
124360
12829
672595
145266
712001
107901
202152
5420
127857
23017
10573
18277
645688
9935
130838
30126
693224
125048
59858
47779
643335
325243
118231
3394
1119831
107882
75024
100173
854329
31038
210968
429902
663745
689969
648375
435225
226563
9321
692946
663503
37339
653432
63116
60083
58419
831136
71779
2076
4482
180594
9326
28781
22088
11816
645629
661681
73694
228517
63924
6466
309282
676940
477452
6196
305901
170462
3503
138992
104423
33465
8948
131393
760118
159832
645727
15640
31287
27760
52408
60449
157012
376
28945
20901
587114
63507
148869
351754
247
646745
635299
334182
30747
9070
10223
11944
25083
5462
453275
200394
269952
6702
42
639999
726585
159537
3813
787702
1071100
225180
18420
60860
47543
72932
389
873
7277
70548
938820
4916
14113
529199
14026
30217
159184
35382
20803
36313
1015
643985
44
116468
47780
207800
70233
122218
4020
100117
20107
101942
6974
1446
1901
123093
101699
8108
192967
127694
3215
63325
2194
6319
287958
859108
264705
106991
227079
71921
203558
301293
307592
660251
30629
5558
30669
976888
22059
9051
445
122889
295792
17275
468956
14126
129613
448794
647070
5042
347445
68027
46679
635519
649137
254337
77305
707198
275679
86177
660700
27849
258509
798255
51616
373833
9592
60737
29500
197843
395994
45720
463053
3370
737517
644036
7187
66421
20866
660639
10111
18123
12619
37967
973678
732826
214187
88852
238929
30809
4781
194
20477
1067230
1247
373809
94751
251863
92122
11793
4902
92197
1908
341193
314595
97099
642768
1097176
6754
3998
69833
408040
129497
307941
96342
38463
60095
22362
253421
5654
27647
124325
9873
665765
21465
181881
83490
175523
2166
132922
28026
96
3568
232346
86605
784912
88414
220916
4421
3921
11857
3437
60473
89755
2114
20180
676936
59521
105386
63049
140471
155239
38371
3277
382335
31475
415642
4326
300534
20595
1012347
3526
62127
20415
107924
62662
283537
391474
97164
645694
32542
98098
47506
137045
83896
962
345704
4854
508599
78625
3908
640372
106845
227895
139388
345980
24691
328795
126444
666809
20638
18047
74964
60426
4110
126291
20984
243378
110904
1014206
7005
9494
17309
81288
71178
455381
643274
805779
122843
90310
20012
232782
3046
649236
25460
961845
42980
2240
5160
702530
274612
11364
18244
26543
25030
17223
21562
106688
1079206
27774
759687
196933
333166
319499
642492
74689
118297
4393
4949
735602
1440
727861
201671
77262
715615
23030
6381
63743
5987
111057
9267
92098
235458
115931
95030
87951
71131
71221
1305
33164
4144
9206
38555
89766
129736
233257
64295
11977
192412
74582
35771
409121
642547
1013678
44979
8938
75020
661922
704378
355818
2013
279177
639
129279
148275
320049
134121
3457
658336
131825
681392
60597
9377
124214
1029195
73079
146021
735981
1773
25649
38340
22214
3934
69793
63939
38524
1263
107273
653080
214799
304446
60179
33895
6898
8154
20916
680446
4388
35380
134408
75009
101044
87959
6147
772494
995744
297518
4798
88660
696592
176255
282309
17993
166181
995708
48367
1037083
62900
600762
29851
63668
20534
64117
29402
22433
49662
686121
71201
10242
49795
11935
4081
219507
103036
91284
447722
223296
44599
1631
29685
208988
9356
27714
272448
145668
118479
132384
486
71602
25229
61120
129372
100419
662437
4304
9382
1925
83889
62518
125383
165989
396
117577
1001209
36755
36267
38352
1069947
642544
4062
646681
62815
7588
425408
66565
676579
180605
44935
164464
494452
84865
130338
1011640
9840
70081
29447
814518
145652
320751
93632
26850
69391
727690
11484
679964
49955
9284
7895
88590
18878
1841
660793
6054
124941
87996
993075
58097
160495
9867
270198
132935
71166
82454
816135
96988
74794
9947
213003
270679
133080
1011369
77331
11921
1114680
4838
493751
221104
41696
71092
457731
151295
9015
213851
27985
3578
30303
20484
148650
43687
60456
643002
79558
36580
1503
5668
29292
7574
687801
638263
858
57994
3461
59675
641866
123218
30250
188595
35678
638325
186553
129266
137052
660216
21008
93965
107726
1018614
410196
9925
93497
3788
71060
47549
20985
8376
435250
140678
146279
20249
21070
99665
104125
282364
178233
88835
411640
264203
930507
84107
127172
22223
97260
642998
95019
7938
207799
737274
174423
21646
74773
106812
92707
155423
16087
131394
3359
9335
48606
513204
207979
22747
4332
2318
974632
18941
273541
9804
812385
37468
26414
170185
20708
37194
76785
1012808
761578
30799
647994
128687
25157
36750
5800
71529
20989
62522
95860
42257
28908
642961
17152
935463
20880
20041
10552
184555
164604
794671
67331
268946
93326
265245
27157
65584
22027
13904
191305
124055
138054
26164
37587
131885
18972
1086053
110899
94844
113629
4456
6216
160769
69940
191388
1112140
666
84976
20207
20048
1257
231215
347330
711129
101489
23418
89748
658480
61716
317720
18812
198091
47488
20843
2058
1037441
20295
30053
4075
138401
186750
37051
457697
71121
660072
206
643559
419356
3085
704665
686421
87963
223935
49695
73384
78181
161717
145706
132509
156875
248502
657448
13187
660236
131135
13846
169523
4236
204490
188886
135771
681946
60099
176640
727200
228076
13804
9606
9168
22538
737534
86138
663311
60322
1063520
7985
4799
90562
97112
1374
33472
491917
116170
660570
88506
757823
354104
94113
100337
2118
654900
2433
14297
908561
4959
21447
71179
61712
10283
676883
17920
50561
13417
203044
4212
89950
962893
222362
217261
216183
1135
1061557
20184
122405
111353
713699
6299
75019
91024
13
1112
154506
60296
7459
885857
139227
171472
1115018
4102
60499
13503
318422
23502
637226
638790
118918
230682
766884
1121294
112147
950593
110588
123462
87632
59941
27323
20274
28964
303799
39062
65
2185
477206
649210
1833
295237
1218
699729
820997
69798
1793
115866
191444
217230
97284
3458
643473
1018699
76595
29660
637240
22624
17127
649217
1064327
765202
5824
14413
642671
176952
6219
114447
8644
116162
352776
61519
20881
153648
201843
753311
164581
2099
96424
166328
63870
1664
30646
83681
70751
46195
94695
10419
837521
219035
102792
4885
20668
63181
83789
1053420
290288
314
5146
23112
114468
312340
681735
85675
47436
184155
204703
7682
85657
672393
124614
6455
661987
18625
44090
15763
62584
276034
167905
119778
104093
30887
905914
20961
20529
228115
472140
127056
28942
3414
440380
31298
94903
749451
830147
734445
99769
74538
2126
3742
727828
23044
78568
88443
37188
743910
84862
219440
4834
77276
192986
77150
52180
149308
63353
3901
176681
935331
114070
17317
93764
60649
33670
88533
4323
100140
245063
22471
231362
706780
7086
648872
5734
117760
5951
31252
63989
3208
211274
55905
18176
671019
9115
278815
81986
12023
171465
1043838
195841
203053
7891
20129
881129
680045
144989
11814
122892
874122
78647
25
3025
110370
4265
3438
95237
11026
89911
20709
141697
117214
23888
96594
46680
21171
17246
275744
653473
172401
62809
38301
107535
122493
389415
92552
65023
1004186
714282
1789
285047
672473
281906
731312
152094
522720
107910
59723
3506
1120518
4776
701576
94298
731847
786938
204700
55184
179134
4272
1014
55802
198705
743250
223799
1528
731412
686598
47438
1070001
96268
90863
67849
414070
4234
97520
8660
85347
11794
49750
21004
61905
107760
21935
637039
685289
21096
1078239
431913
37598
3071
55600
645728
87995
25408
7867
126195
59963
60061
142358
43055
478861
82306
96529
1052212
81054
305515
111389
52579
205414
47878
4316
175130
314229
75179
245717
3856
1068679
4174
17292
798419
18807
635150
325509
215816
827910
174944
2208
8952
25988
9990
59999
71127
371184
221853
17211
219280
111634
11886
175786
697819
19821
8226
494735
39160
644353
51832
60900
20578
122753
232781
21671
154697
6225
643151
3959
21003
36323
713047
89579
131400
60341
4653
23676
63279
224670
122688
8047
227195
102374
177213
5134
270355
16515
37595
164664
44016
745633
345883
24042
62517
3602
278859
27329
97309
30107
59834
6345
160697
8405
834213
81826
262967
69460
515234
135351
708998
640353
118320
4222
31339
664531
84932
291185
206959
9240
406019
3770
20610
610026
18894
621245
47636
884110
21030
45154
71093
170441
658706
104129
79562
6511
165799
1041717
935515
54528
2820
222429
83509
71173
7735
20084
21821
214058
203999
22270
665179
64029
748086
88949
8267
396719
218062
101857
20324
112737
639371
1101045
37374
35682
106653
713281
67
1202
3233
216195
222688
20270
687528
759477
94692
140047
48655
656631
561748
427157
73050
37952
202744
62824
66522
639681
214299
62921
6328
73244
184195
396184
331246
90165
48071
104126
21293
84022
698119
1087068
69858
1922
1656
96204
182813
659800
221749
789825
44751
176831
20325
88410
175794
19270
647789
194320
31965
91894
71095
24164
36686
32881
63609
31051
92262
36597
57041
58
212536
43850
87310
97789
204161
2031
288185
130974
7712
78148
949723
672864
1057881
22500
97094
27308
100153
37148
4024
172602
624411
4667
36670
26225
546251
69834
104510
1188
27659
6706
648784
15626
11401
192010
37306
261766
23035
273583
24163
17180
327743
26
146823
213275
715450
125371
3844
158901
75606
7256
164831
84970
21147
1038170
30948
7883
3508
17148
96572
65857
104171
754127
21950
38252
645526
42759
212680
874173
103449
72462
191964
26073
9429
1012781
199358
420322
3017
278203
263345
342452
176578
92644
406141
72488
362969
191995
22577
639677
307299
84014
61595
1063
25395
5496
20729
77459
8689
168993
866081
37219
183619
30260
24710
81980
67823
217824
144298
3230
148644
50550
10236
192303
59688
32553
167855
9508
78639
619873
1074
14523
301045
649411
114657
23858
170991
642880
94145
7820
329344
327925
264401
3139
371163
3955
16598
667113
642453
633923
1580
132750
21321
26021
412634
907684
70975
692911
615181
27331
220362
52345
307599
179287
574300
386869
688078
98174
60434
314826
307597
2993
23869
42274
18552
131599
60035
906069
100747
21136
88595
11960
587389
537
1839
19560
41532
430547
124023
30092
8571
684556
38306
274826
3225
177161
560600
648635
91941
5464
24434
21015
219125
20134
426134
270596
177039
117418
4299
71181
27358
11887
79071
84589
5690
7044
215720
1065640
82721
33015
84983
21347
87524
197493
20968
994762
47804
1010
170114
644645
2855
232413
627480
12572
226799
67964
187117
14795
215755
30604
363116
202299
4320
97175
1032280
891823
101795
645621
71561
3492
51892
419499
645502
943051
30134
205538
11321
87093
66380
445389
64754
649204
194440
184877
795
390
19923
95663
48947
95743
269998
311519
145655
28535
234956
789179
11988
160560
60229
33612
182953
86324
6379
73045
93315
100924
186348
158651
293787
94376
293398
759077
807041
112129
636275
747781
992151
82341
21344
230564
259743
157176
29761
1887
102579
66350
464555
174352
26029
242220
67623
101677
761
60588
38531
294061
983345
60368
20334
218201
177101
555
665596
37130
197789
84580
94531
15711
440246
3500
5927
14262
154445
615353
649130
338895
640556
21069
84291
470082
126049
553603
7560
5570
928727
11981
678163
86087
185912
101669
58701
11043
61922
3733
175547
206271
1275
63736
3786
212420
357556
8447
643694
641470
32166
172002
80227
328
103451
28959
25709
577395
557531
18364
690388
272086
69863
49493
355204
96709
121553
69820
303886
59597
8506
55121
63878
10729
20932
97389
21043
699491
226916
815710
18795
30599
126125
20021
508339
815
77889
52260
88480
90873
554920
125687
390730
77308
643332
66217
93977
127717
89885
645598
8180
18948
24212
164262
124678
8719
74308
10277
642102
133095
679635
726228
28137
90938
907982
190320
413562
488
671107
312679
923
7072
163405
123469
82163
22677
303339
1064
59946
204100
36908
341613
22816
5803
3660
231050
3193
637220
62788
49689
1023269
96850
107563
9362
865470
756
124988
22705
21211
30345
418440
635970
672370
947943
27881
319258
258484
96556
253814
90921
1062458
675628
124112
9939
75082
7418
73259
117144
8512
145006
20069
17905
182324
73441
28971
9351
26213
699563
230621
1890
60345
570753
3207
765755
22460
49933
741239
748336
465125
1038038
9411
601246
101447
53319
71185
49474
83924
154600
229031
76991
130261
110699
8046
640056
4311
634879
278209
151092
2037
766817
20924
799296
122891
711199
985257
710370
608405
80289
780140
175519
220742
60398
11118
6088
63615
21936
863057
258590
643447
93713
131449
145542
12320
46082
20948
87915
1082937
533
314873
106317
303196
29439
153
16531
4943
3862
884279
327140
642763
705155
29663
642753
93123
204415
175816
161030
130669
22669
2815
8665
1093370
63030
122759
91447
276917
158820
202408
82181
15182
992730
301448
480
263104
291544
647679
265508
503077
202315
102619
1058810
338400
57911
14477
29600
415875
99730
38412
339697
578661
18623
313030
3744
3444
59903
134991
24555
345162
14785
20269
551801
98193
24990
438972
184401
67853
30225
804688
81981
62744
82128
1112790
224536
9790
442642
32181
496184
43680
75
71138
33626
37546
184887
3227
690391
104541
3864
765567
60606
189343
21078
69902
1661
497063
177336
18371
95813
12938
22898
68307
85705
983046
514
660113
22493
1227
320090
99166
143935
22657
2237
60585
8362
14602
62373
528218
94710
652428
17725
217187
13119
3066
806528
191569
1159
1933
9366
1030118
14122
227806
27754
1411
459721
30867
81453
681268
90087
534864
35738
281379
9393
687221
664070
331851
222240
745113
703961
25562
32941
671879
788645
86855
642993
158411
19888
223178
8117
27650
412932
20470
259817
44142
137316
51062
213325
336215
44370
7144
89468
7409
21930
93559
30080
3647
75186
38248
149988
3024
460539
3197
649273
315846
660523
768258
197778
4384
469441
877443
68390
32974
4850
25917
52318
6751
3128
86042
1018765
293482
108495
138610
8142
4312
79880
475544
122175
1071070
113751
6497
69799
340510
112168
147182
71488
59838
180680
657619
328166
63886
191793
147826
24056
277167
1015745
643467
967904
151258
90046
228769
24761
72698
81447
91582
4669
13494
647981
371165
60551
87658
25915
643836
171482
268090
616053
5563
85490
1098103
136992
175814
4964
960026
130378
8131
167217
445263
68315
10967
22463
95041
678217
2029
582149
293903
500265
712162
811479
12954
22658
463945
153926
220436
659383
1251
133893
729382
117559
101760
108983
18850
217591
408026
1165
2056
3581
57863
3543
409552
706617
81673
936316
680837
128702
70405
104024
23132
148859
878291
700175
733136
26216
98082
85942
187595
83686
93650
95941
649248
649260
814940
33688
678976
98147
132622
26162
219428
103479
86900
781832
473456
4915
260615
1118352
662172
188443
352785
774774
62393
131148
102610
341980
384871
129495
693714
201995
25064
211598
155940
738228
54830
87810
778939
980777
88825
18879
93351
673350
262984
60358
768297
5642
867398
150064
158794
23211
101921
635672
99678
951210
22120
115939
176690
240982
4193
63618
315661
344033
1
14147
152380
84019
29146
10066
89890
3420
48360
642851
132517
389687
238925
38154
767667
176456
367127
59507
279050
318695
714496
89002
43054
968674
7088
745847
13414
73108
266944
646634
869219
17750
72512
237150
100166
566846
203047
206334
33601
80606
196448
315154
943243
25075
145010
340337
4088
24547
1797
62610
29664
14540
215766
95491
5130
104092
51843
23528
108534
478524
650993
3064
853967
189524
71136
4225
212904
3034
37483
204250
133393
29543
30664
114464
43150
1122918
2062
58665
4791
660326
11111
17297
60309
36433
180386
29907
59618
5504
23866
21252
95866
644650
91057
27044
3179
643024
228664
2174
26016
14644
1034251
3106
65346
35911
68255
22107
36749
10605
1122545
185064
393687
26984
200191
5869
17356
71224
175669
459385
198424
689829
27581
607557
108541
77240
7813
676064
88721
67438
130248
11395
247150
643140
100761
112161
5072
554631
8753
643177
73342
1935
167844
979548
28097
73279
90845
4765
80282
971205
6349
380268
790956
112232
39194
155835
9368
390443
687613
86406
546
306890
8941
839501
71120
18480
77523
38675
88965
84874
394393
692138
71197
881267
20125
3211
8478
7294
90536
529808
17886
6130
51652
589775
472211
792079
18385
70996
232128
20059
79695
33914
244773
271846
83756
572839
74031
639177
133824
29827
94846
60528
79704
20851
8686
4409
131826
712128
203901
402251
251491
828068
90891
1133230
1005377
126728
3923
127545
6009
7689
308042
25215
21204
1076369
5331
35451
5133
36358
86307
1081297
4993
125985
330763
11912
149631
255922
186756
21969
23742
226890
223033
11721
62890
93692
23013
156027
146168
219458
188553
649813
565861
6148
24320
20474
94489
227122
182596
451692
139627
27110
274637
577052
715136
125034
613864
183541
679529
219747
262190
256925
20480
17316
645626
11796
116167
156516
4819
229307
3779
186704
65407
37649
9161
125251
22486
88586
150290
2974
85713
244703
27417
108113
41751
142819
655623
2394
75935
9740
638930
126141
429091
663139
354470
22748
593582
640547
840847
301607
8209
24686
21697
131309
94267
44769
22149
23106
40088
434437
690122
136596
656344
498917
62878
82883
56348
100794
174435
62760
129643
3935
339942
62578
169753
231489
416824
88521
854342
75069
21249
335877
21122
60423
80982
641506
663896
149303
1104765
28906
15833
60689
834007
177424
23521
33481
21754
18148
1867
147400
426930
21868
94184
1068955
693541
202996
147407
5874
1004461
695779
709
1076285
649220
533426
100125
69844
702134
923232
75093
97097
4926
23161
58778
202176
1262
483332
8319
62544
113758
1102875
766855
1810
1006783
24417
451731
95602
17434
160677
860
22704
130084
131659
365710
84811
62683
78576
977507
551458
265154
6337
126158
64854
4366
79399
30220
634820
426874
1796
70096
4951
1013642
445305
855457
736092
72437
1110007
73072
181962
1022385
84659
83895
527015
63372
349201
46438
30360
4309
8956
339712
908778
82702
71368
662194
104066
133842
432923
33916
849678
35651
4772
102522
693784
67902
142793
217323
542281
193986
1022883
974871
71244
308606
1117955
21226
764294
81540
92783
71098
895508
115916
711853
54740
106726
619059
5204
1208
477990
10571
1148
680531
342103
607589
206540
5422
643374
130997
182928
23193
20728
75051
15209
1088431
740991
110121
451687
5960
649255
35331
649250
128705
3481
60493
7681
223430
202006
104029
121953
657503
644120
101039
29641
4865
108485
172659
644157
100540
1014305
129703
173194
100709
156227
410382
12308
3676
62844
5077
503156
23904
7970
156605
395379
198391
9375
1080031
6371
326175
11695
6675
277159
21169
62917
1642
685972
172340
140593
8701
50426
217667
100384
224193
646420
118294
167008
196459
63461
1030432
36742
221116
745610
1843
687238
701578
85228
10039
645607
171546
413964
60053
527101
62847
143890
122737
390580
656065
286843
194881
642504
740137
337816
227687
229792
13697
161227
118230
406835
773752
126211
752616
177809
130984
100280
68124
114385
35280
731002
7968
2600
87212
1715
124665
391
28966
4987
6815
166252
234731
5905
65868
674418
59453
855907
166021
161714
356926
542625
3206
281923
28991
710975
68388
358784
87950
865853
789010
26921
35765
178589
84205
178126
108206
92906
459052
21849
29810
235270
916754
210107
271727
24839
939679
21072
150510
216494
129280
426910
89888
430850
995966
101790
73121
83739
219651
687762
4974
123978
684656
380376
69
772097
1138
101719
24588
27463
108561
24811
354377
74770
744733
16020
1022259
186921
23966
648347
36675
96113
221936
182611
25166
237777
57751
337842
21108
9306
228945
381699
37037
3851
15355
729421
835195
649251
216686
9077
3969
774989
971857
3597
127581
866871
284046
29679
196425
29732
6932
744524
21120
669066
376113
5541
31904
24831
124175
685552
29746
93553
73311
269839
135135
333176
677124
69816
663091
3648
576231
89055
627925
85743
835502
101217
644311
358945
333955
21607
492502
159303
8483
616889
709273
30861
100414
2850
666953
4139
24816
865698
26595
982385
747389
91104
645507
1072137
124435
364936
638419
126112
88585
191423
95318
104774
670437
11882
48587
135095
13691
258431
24046
184090
94014
983151
664091
855661
88682
130252
734791
57840
70107
167004
273643
21706
52578
145168
3367
186794
122778
182701
20406
8713
636864
279202
102261
241767
31041
207792
790985
50074
3681
88944
38854
18810
919849
216445
25152
6728
1043330
160673
1003371
1667
28998
17762
154907
567843
658219
191007
99788
127652
95285
176101
598549
17299
158698
593167
17640
11413
69823
460673
733870
649526
271164
690689
595439
133207
1026495
5572
273406
352209
680020
5486
319580
12676
10751
122927
713868
338043
114243
149304
2701
237413
700684
155707
8433
89634
667551
166147
267168
92105
33849
163501
1117936
123268
171054
448934
860142
663963
8010
649215
9658
36474
20425
9177
644348
4004
240470
198390
937509
142189
1065019
7737
132282
194709
172204
388822
345805
206141
103916
20203
230514
9088
1539
822453
35666
285463
20456
679777
30031
200920
190714
538544
23139
513169
736447
9056
118525
693476
186012
233413
301876
642530
661072
678158
9917
259982
226603
92674
858182
163438
814653
643256
7678
212
176991
71211
6312
117939
19790
152572
743481
1175
59836
792
100165
643349
26575
4207
187293
63619
63911
643238
775
38030
37396
728571
1087816
29619
292635
5998
4870
343173
94229
425898
233484
667330
123248
90002
715131
355772
26868
90508
257171
169735
574104
180583
101180
23907
23898
743442
155941
489992
99641
185288
5838
85148
4369
142984
26948
853015
690879
687572
92621
175315
20185
27750
412266
11839
24347
189833
33487
35110
67905
165783
127492
60614
639921
689957
541723
36651
320729
21561
3505
58133
168401
275050
616577
188753
39212
294645
736804
15328
2107
1610
9255
7988
11334
734990
835223
37275
15597
62992
116888
37561
47784
436593
18943
4122
84134
51046
1038581
184036
2660
5500
24585
891277
323859
4788
92764
353209
126375
801695
694349
181141
62
65130
69946
439243
410824
898704
19144
325511
948552
568447
148691
174232
4804
647049
641420
114443
204884
206345
1065810
2812
866439
640774
12939
123399
649266
3747
70186
643567
91507
87326
293140
9155
4725
28963
620490
2699
215073
38316
205421
3267
707836
21654
160270
219597
112145
156168
30761
118409
228404
222550
103906
3150
76119
17677
650815
20808
422719
803701
256914
182368
13666
63827
3946
1000950
656639
65594
373440
618598
573
93329
187711
184131
5068
3335
814379
356924
328016
639321
689990
166316
31199
71169
646332
167578
1051073
641485
163630
47472
35429
61438
20351
10874
37722
618167
788716
542293
177584
62739
530
229130
659633
100871
1783
1015292
513194
167985
301524
591674
6442
3497
84023
79955
69533
244962
487370
43685
1032923
679617
616325
102937
3156
167863
38442
942902
20512
32672
94414
754897
248272
685055
855428
813539
38399
925737
132759
848892
221686
7275
206567
796901
627164
777775
90058
2817
643119
168248
1079896
25017
2110
78613
137483
6194
887060
192249
470198
678827
201485
108502
554952
680646
690351
636178
83304
584
318662
1604
94256
18113
71909
285628
35814
220587
287733
161439
1027727
1119714
9146
114461
460807
142623
1526
366568
94041
28552
3152
713655
58902
201383
190352
87920
9041
441202
1122020
188774
1124827
37305
664741
84974
795991
262150
15261
1012032
117307
18727
675411
1029168
660267
713024
342060
91404
867122
365383
3154
215995
175624
404396
691965
3807
13640
725945
19714
88003
60455
663849
59647
25924
23022
60411
23692
1086121
318380
122845
25732
378554
327793
142833
169757
820136
83213
863408
5115
168800
174492
637855
788259
161055
57802
1090065
39827
638849
64315
28904
8157
101337
337932
50773
636429
447626
51599
12240
231991
790999
242978
1009875
71018
549509
116955
90679
3429
1043643
701073
203536
231936
29662
216868
96154
684680
956804
210611
1064790
1036235
693888
217221
3365
