seen,user_index,seed_size
1,562,1
9,2972404,2
14,5083255,3
19,2414071,4
22,16034,5
31,3845988,6
34,1192527,7
41,208968,8
50,4815490,9
51,13265474,10
52,649150,11
59,14981,12
62,5920164,13
63,225660,14
67,174987,15
74,40790,16
85,6890579,17
87,3700,18
98,1007621,19
109,403597,20
124,3013423,21
127,798057,22
140,16654879,23
148,19277008,24
167,5662907,25
171,2940421,26
173,1097321,27
175,1135393,28
184,3353728,29
197,13222709,30
203,779178,31
223,4867980,32
231,60712,33
235,6526691,34
245,2612909,35
247,91836,36
298,9208197,37
302,31164,38
303,6682483,39
312,10914837,40
314,453564,41
316,3713008,42
323,2032323,43
326,25412,44
334,12985444,45
337,1732,46
342,77577,47
345,5223690,48
346,2711516,49
349,4870943,50
359,3688957,51
368,5261664,52
370,4476618,53
377,1018982,54
382,2583596,55
387,3462535,56
390,2366713,57
397,40175,58
398,172941,59
400,42463,60
402,10267961,61
405,965666,62
411,13664848,63
435,4597021,64
440,11470211,65
449,4600285,66
454,4972897,67
456,6837396,68
463,146809,69
471,299,70
473,4081105,71
478,8071144,72
483,10076664,73
485,4444703,74
488,11979194,75
489,94531,76
490,2424065,77
503,3148941,78
506,2469422,79
512,12245921,80
518,140199,81
546,4262,82
555,1141506,83
577,4931179,84
583,6635639,85
585,2144501,86
593,1349932,87
603,12596354,88
606,11610631,89
617,7590350,90
619,833364,91
627,3991761,92
628,2797100,93
629,4298170,94
642,2875528,95
644,34593,96
653,8843078,97
659,3366845,98
670,81887,99
682,9723175,100
697,18100405,101
700,1865584,102
707,20813957,103
750,4006848,104
766,1318962,105
780,1449542,106
785,5824533,107
798,656198,108
833,4983671,109
835,146854,110
840,10672725,111
841,13296076,112
845,5747486,113
846,329754,114
848,5727122,115
854,3949570,116
865,6917667,117
884,25587802,118
885,9279019,119
903,2149861,120
912,2259846,121
927,9071090,122
930,482833,123
958,3817489,124
961,21682,125
962,19571,126
996,3244123,127
1000,337774,128
1008,321597,129
1011,28321,130
1057,3794,131
1061,630365,132
1074,2830596,133
1108,798556,134
1118,3268967,135
1121,8495261,136
1132,7182651,137
1146,4748122,138
1155,1122835,139
1172,2886542,140
1180,41599,141
1216,1392493,142
1230,345442,143
1259,1605290,144
1268,168811,145
1347,31853827,146
1354,14143836,147
1367,284716,148
1413,4229950,149
1445,4444667,150
1448,6271199,151
1505,1309784,152
1524,3938345,153
1526,5759085,154
1530,3669597,155
1536,3947763,156
1542,1697648,157
1557,11676399,158
1577,2260091,159
1580,1302958,160
1587,334405,161
1589,119352,162
1593,93924,163
1636,12929257,164
1640,560829,165
1643,23511230,166
1645,886544,167
1656,2217247,168
1657,5015896,169
1669,10136505,170
1701,2126550,171
1709,39526,172
1710,1119268,173
1729,8747,174
1776,6219991,175
1795,14567016,176
1808,8332565,177
1813,48226,178
1827,226859,179
1833,5979348,180
1860,7664670,181
1863,4145009,182
1904,5935362,183
1937,4082196,184
1959,11210604,185
1980,5187329,186
1992,0,187
1999,2064621,188
2032,5190999,189
2041,694284,190
2067,911416,191
2068,7695453,192
2106,194215,193
2111,1128434,194
2116,10094129,195
2130,102373,196
2132,145986,197
2149,3869107,198
2150,2499792,199
2151,8288756,200
2153,24546229,201
2164,254418,202
2165,15593131,203
2171,5338450,204
2179,5577016,205
2209,4290441,206
2220,154344,207
2245,135649,208
2249,2532057,209
2250,7503205,210
2282,3361621,211
2288,14107065,212
2292,14142324,213
2294,23871288,214
2298,271354,215
2316,13226995,216
2337,1911538,217
2345,418383,218
2355,1533235,219
2357,5555170,220
2358,3072423,221
2378,298759,222
2399,800601,223
2445,3929695,224
2448,1561607,225
2451,2341353,226
2467,3925001,227
2475,5325781,228
2559,222199,229
2564,4894694,230
2568,2011062,231
2570,4100982,232
2634,4462150,233
2668,334363,234
2694,4069634,235
2700,213790,236
2717,4406103,237
2727,1843279,238
2729,5694561,239
2743,11667553,240
2751,12207823,241
2776,1125942,242
2788,169111,243
2789,9697537,244
2801,16120789,245
2803,1445642,246
2828,16496316,247
2845,33170471,248
2855,1152735,249
2864,10170362,250
2865,289821,251
2899,705696,252
2971,5651567,253
2973,5083158,254
2974,5151008,255
2982,800315,256
3007,677143,257
3012,541589,258
3031,532071,259
3044,10034976,260
3047,4058231,261
3078,1683546,262
3091,10748073,263
3095,3021307,264
3219,1565798,265
3234,6338728,266
3235,5854668,267
3238,1837967,268
3275,7007002,269
3297,54133,270
3299,7896011,271
3344,4082907,272
3350,892034,273
3367,298913,274
3370,4480303,275
3386,11743697,276
3409,42357,277
3411,7,278
3430,5421656,279
3434,593595,280
3440,12803471,281
3446,142676,282
3494,285748,283
3523,288074,284
3537,8866392,285
3545,1181107,286
3548,5299544,287
3565,2880025,288
3569,2148325,289
3594,1874354,290
3626,3202475,291
3629,3475758,292
3645,1832010,293
3648,9075737,294
3654,88516,295
3658,25839063,296
3664,2014292,297
3672,15416676,298
3675,637690,299
3706,53645,300
3727,2729452,301
3762,7538041,302
3768,1629767,303
3771,12457493,304
3772,11201340,305
3773,29186,306
3781,2909310,307
3791,3386497,308
3800,2599578,309
3827,25391,310
3832,3216086,311
3839,12445576,312
3842,580566,313
3845,2314261,314
3864,18988802,315
3880,2120717,316
3894,16461,317
3904,6467200,318
3912,8163500,319
3926,916043,320
3959,1875356,321
3965,14570767,322
3982,25759380,323
3984,542396,324
3987,4476253,325
3991,17625195,326
4004,5887366,327
4015,2685713,328
4045,1935160,329
4089,6637125,330
4107,5164879,331
4111,4368171,332
4118,6527203,333
4119,4287299,334
4138,8101322,335
4150,2886414,336
4191,4203544,337
4193,6712070,338
4220,1727238,339
4225,5066900,340
4232,11164933,341
4237,2751082,342
4241,6971018,343
4291,2804102,344
4310,4393,345
4330,11379731,346
4340,13757631,347
4364,736167,348
4424,1504822,349
4426,871436,350
4435,5152306,351
4447,811778,352
4473,847803,353
4487,2902101,354
4496,6989103,355
4514,5527638,356
4515,7970688,357
4517,3185392,358
4636,8760897,359
4653,200894,360
4660,296872,361
4673,3639607,362
4679,1946704,363
4714,450975,364
4727,5347996,365
4732,12272965,366
4738,27244969,367
4741,206099,368
4762,6844427,369
4810,4998216,370
4829,6516522,371
4836,8443829,372
4859,7072388,373
4894,12839921,374
4900,2561450,375
4916,757517,376
4919,29622820,377
4933,8305997,378
4941,12377770,379
4954,1653626,380
4959,4384780,381
4973,19082,382
4983,106358,383
4997,2292315,384
5031,65657,385
5043,1260893,386
5046,147785,387
5081,581614,388
5084,3575683,389
5142,3842505,390
5159,11645557,391
5173,601724,392
5187,6858255,393
5188,4748924,394
5218,2516402,395
5245,3489643,396
5249,4701952,397
5251,1846804,398
5258,1820314,399
5276,3145233,400
5338,91856,401
5342,6755932,402
5360,4135048,403
5408,4780914,404
5418,12069125,405
5481,4258803,406
5510,1398678,407
5580,6484416,408
5594,4581996,409
5595,5662119,410
5605,5650077,411
5615,3268671,412
5639,526250,413
5658,5012036,414
5671,243316,415
5679,490252,416
5702,202028,417
5703,729513,418
5733,9765191,419
5770,1489956,420
5776,3547514,421
5788,166347,422
5802,900884,423
5808,11748016,424
5811,5623022,425
5829,2871362,426
5852,74503,427
5897,5985453,428
5898,4497028,429
5924,2749095,430
5956,1141558,431
5963,5959970,432
5966,3853547,433
6037,9051863,434
6051,4568547,435
6064,1806301,436
6075,128,437
6077,18030288,438
6156,10603750,439
6217,3793993,440
6244,5735262,441
6250,3658153,442
6256,760177,443
6272,4990012,444
6280,8653054,445
6307,3202737,446
6324,15254085,447
6358,6812115,448
6362,6063314,449
6376,1563748,450
6394,27932498,451
6420,1926159,452
6421,1893287,453
6430,3075660,454
6431,11250956,455
6468,2018955,456
6469,12915503,457
6483,5211920,458
6491,587887,459
6506,9371994,460
6532,17400522,461
6556,367306,462
6622,3525592,463
6663,2107408,464
6668,46303,465
6689,5885442,466
6722,5004428,467
6795,736005,468
6818,5882585,469
6852,1071628,470
6854,10579567,471
6862,156780,472
6890,997916,473
6978,5570607,474
7002,1376047,475
7016,28605413,476
7036,5320,477
7078,45257,478
7103,10974345,479
7174,11178855,480
7177,2832039,481
7212,967412,482
7216,4564243,483
7239,1161957,484
7271,4648907,485
7285,6340757,486
7287,2341033,487
7288,833047,488
7292,34009,489
7302,4876513,490
7339,3777714,491
7359,1360123,492
7390,9434866,493
7471,5261559,494
7477,4791011,495
7530,13113543,496
7541,84958,497
7562,1819076,498
7604,1411223,499
7623,7657275,500
7679,325693,501
7724,2795165,502
7725,4985051,503
7730,5390986,504
7739,7383777,505
7746,3961734,506
7850,16993107,507
7865,3087043,508
7868,2507238,509
7917,12208746,510
7945,4534460,511
7975,10749421,512
7986,5800120,513
8011,1843411,514
8017,1340424,515
8032,10715087,516
8044,309146,517
8074,1292636,518
8083,5517875,519
8114,12325246,520
8116,391240,521
8134,10326307,522
8139,2895911,523
8154,1,524
8167,740076,525
8171,663828,526
8198,32920594,527
8231,47364,528
8277,2890583,529
8283,681752,530
8285,26892836,531
8286,3380158,532
8313,30785218,533
8349,2420931,534
8390,4579158,535
8402,5518350,536
8403,807765,537
8416,3949916,538
8433,2799051,539
8456,6403960,540
8461,14226879,541
8486,22209873,542
8493,2350871,543
8503,887117,544
8534,2965970,545
8607,5570085,546
8659,3533875,547
8714,96622,548
8720,4973336,549
8766,4146380,550
8773,18318459,551
8774,5200574,552
8791,3667493,553
8816,26107898,554
8847,3340646,555
8911,13058730,556
8920,16660,557
8945,436084,558
8968,3077038,559
8983,3240285,560
8997,2091450,561
9022,33565836,562
9109,731680,563
9176,8096625,564
9197,12514614,565
9201,37363195,566
9208,6905,567
9233,2893864,568
9238,5909486,569
9298,7689067,570
9342,17858667,571
9347,1051206,572
9372,672,573
9410,248971,574
9417,12415210,575
9427,468575,576
9442,2907905,577
9450,63329,578
9473,1098667,579
9502,907701,580
9521,17700959,581
9527,25592491,582
9585,3615007,583
9620,2099112,584
9652,7813124,585
9657,3018551,586
9686,1041705,587
9693,31898,588
9724,16063,589
9733,2070533,590
9734,4998524,591
9748,24127059,592
9764,33723106,593
9809,620971,594
9853,3274818,595
9892,13939577,596
9904,5135458,597
9908,284525,598
9942,11263732,599
9971,1245708,600
9985,24075509,601
10067,434608,602
10070,19582700,603
10092,902689,604
10108,1132479,605
10113,2747706,606
10118,816101,607
10126,1060853,608
10168,3654934,609
10174,1139150,610
10276,8487861,611
10286,10420731,612
10364,12087005,613
10473,6688492,614
10476,5772750,615
10481,2363033,616
10492,5830084,617
10506,148720,618
10519,4391534,619
10550,7794025,620
10569,18044454,621
10592,9079596,622
10629,194392,623
10741,9662428,624
10797,34384991,625
10803,1134670,626
10816,688532,627
10822,75553,628
10835,963248,629
10848,5373373,630
10908,4136993,631
10998,9070545,632
11010,2019322,633
11019,4547735,634
11070,8435364,635
11116,1009133,636
11123,110969,637
11143,4751730,638
11145,615,639
11180,14295391,640
11252,2695411,641
11334,1565146,642
11357,28952605,643
11372,11215519,644
11379,766495,645
11381,664471,646
11398,6858167,647
11399,12468105,648
11459,3522817,649
11499,2808365,650
11525,2880505,651
11565,995746,652
11580,3257,653
11585,2594110,654
11591,3288762,655
11613,5115210,656
11619,870863,657
11702,467313,658
11720,6735979,659
11764,5828092,660
11813,8554266,661
11999,87082,662
12003,11266275,663
12009,376939,664
12033,2382596,665
12047,4284315,666
12050,1857993,667
12065,54773,668
12070,9357280,669
12096,5918529,670
12101,1040564,671
12102,16455,672
12112,447346,673
12142,13905933,674
12166,6858529,675
12188,17794218,676
12196,5970175,677
12217,819053,678
12303,9468630,679
12356,202265,680
12369,66868,681
12395,7905162,682
12414,2940254,683
12419,119057,684
12429,654391,685
12512,1071823,686
12536,268593,687
12559,1340482,688
12588,663807,689
12682,2172271,690
12732,5241824,691
12801,4572964,692
12808,8406539,693
12826,2867146,694
12876,23707475,695
12881,4483132,696
12912,1316279,697
13013,8713705,698
13024,433260,699
13025,2560571,700
13104,7944133,701
13106,7690560,702
13122,14602461,703
13150,1992054,704
13155,5622515,705
13180,18455,706
13211,8401472,707
13300,4165293,708
13344,875285,709
13387,6656598,710
13451,69617,711
13452,4192630,712
13513,1040164,713
13520,27411391,714
13524,6866859,715
13532,3284241,716
13545,5199277,717
13574,11132091,718
13580,1784377,719
13581,3489688,720
13648,3479835,721
13656,559359,722
13710,3954703,723
13715,3683417,724
13721,23938743,725
13723,21173,726
13733,10890800,727
13736,1074109,728
13773,5676094,729
13774,112765,730
13822,5214603,731
13861,4842821,732
13874,737268,733
13876,6505892,734
13892,1098340,735
13950,363444,736
13975,23460946,737
13983,5936965,738
14012,962192,739
14084,350078,740
14104,7980733,741
14121,5334421,742
14148,72568,743
14150,10616234,744
14174,48715,745
14246,5145558,746
14272,4389750,747
14295,4355113,748
14326,8706995,749
14462,1423789,750
14476,9486038,751
14478,353188,752
14486,4391711,753
14499,367398,754
14605,4389737,755
14615,4434488,756
14654,9258764,757
14662,198290,758
14669,4262513,759
14700,12792906,760
14755,287480,761
14790,20429073,762
14817,2027928,763
14832,12246614,764
14882,11330633,765
14930,44072,766
14942,8498911,767
14954,2613067,768
14980,5764670,769
15019,34359387,770
15026,3200571,771
15062,6784265,772
15066,2281948,773
15098,13011480,774
15106,13126424,775
15132,15757893,776
15145,1723232,777
15216,1594832,778
15245,5204292,779
15265,980463,780
15339,3929895,781
15421,456018,782
15503,3689513,783
15554,856685,784
15594,4614790,785
15694,281928,786
15733,4592766,787
15759,356576,788
15789,768013,789
15808,4825576,790
15811,17910588,791
15842,7016725,792
15879,8594566,793
15918,3275142,794
15922,23715,795
15941,451490,796
15960,2490858,797
16010,532344,798
16016,35624316,799
16030,3788796,800
16078,8940223,801
16079,2026024,802
16128,9461062,803
16154,7076123,804
16175,75073,805
16206,2190708,806
16233,3560218,807
16356,4461978,808
16360,3834412,809
16364,3575204,810
16375,780347,811
16382,4808518,812
16396,12794016,813
16465,17146421,814
16473,9359415,815
16512,8265635,816
16574,24192593,817
16587,10588940,818
16600,21175194,819
16601,9640594,820
16612,6986873,821
16640,940388,822
16704,3361299,823
16714,9812771,824
16733,901555,825
16769,8900246,826
16774,2868041,827
16799,60004,828
16989,4663905,829
17008,15620108,830
17022,4019315,831
17027,4706782,832
17055,1439641,833
17136,6394870,834
17202,11537940,835
17224,2886286,836
17244,986311,837
17247,4888050,838
17268,4372766,839
17294,619552,840
17385,5194716,841
17387,12041,842
17392,4803384,843
17393,4684278,844
17462,3342395,845
17486,130490,846
17554,320021,847
17565,10933208,848
17575,6072890,849
17613,9755476,850
17615,2090557,851
17616,17797762,852
17781,23069974,853
17835,11392012,854
17862,312153,855
17872,23623,856
17902,10080178,857
17985,2078849,858
18016,1031612,859
18023,1941292,860
18059,429372,861
18067,1140605,862
18213,902515,863
18284,815202,864
18289,504640,865
18318,32984674,866
18325,4857546,867
18363,8525586,868
18389,8678293,869
18409,1078931,870
18419,19014774,871
18456,9463940,872
18527,233629,873
18528,8799110,874
18563,3287311,875
18611,5154906,876
18708,34831,877
18710,1765469,878
18720,142023,879
18778,1885092,880
18805,2444481,881
18850,2042942,882
18856,3601214,883
18860,2069879,884
18861,10649989,885
18868,23084096,886
18878,7122401,887
19001,2302425,888
19093,467470,889
19102,9217582,890
19221,7233602,891
19250,13455791,892
19314,66082,893
19337,39643043,894
19425,24360019,895
19447,56918,896
19451,1912118,897
19483,81536,898
19527,1632171,899
19548,6804839,900
19602,1862740,901
19614,10389169,902
19617,6973085,903
19715,7591456,904
19774,2761181,905
19790,5975220,906
19842,21125966,907
19847,1152653,908
19973,150052,909
20002,1282626,910
20010,1027325,911
20025,1218020,912
20037,15933158,913
20089,1436913,914
20112,9698723,915
20117,7044786,916
20119,111737,917
20133,4383375,918
20162,6072660,919
20213,328425,920
20216,7075949,921
20302,1057225,922
20440,2627073,923
20482,3445965,924
20483,3341674,925
20617,460512,926
20668,4660552,927
20683,6426987,928
20688,8307145,929
20704,13393016,930
20755,4551429,931
20788,11476676,932
20869,3908336,933
20962,2523818,934
20987,7246664,935
21025,6442445,936
21042,7239949,937
21046,2237225,938
21236,3201709,939
21290,1252090,940
21316,3029631,941
21318,1431465,942
21340,2613374,943
21376,19603115,944
21379,9834084,945
21399,5009548,946
21416,353230,947
21428,3643000,948
21670,9466516,949
21756,4550734,950
21828,2179167,951
21983,128298,952
21984,17886381,953
22022,4608137,954
22051,27001622,955
22082,18225505,956
22118,3249247,957
22173,5898488,958
22229,36936289,959
22250,253139,960
22272,5843656,961
22302,1900634,962
22336,1512492,963
22355,8683933,964
22396,1555,965
22448,4692729,966
22455,2121115,967
22511,1721713,968
22524,10302580,969
22560,25853049,970
22562,36332,971
22586,1003220,972
22661,2285748,973
22666,29140938,974
22677,29717979,975
22759,864538,976
22774,18186,977
22786,227766,978
22878,13849480,979
23010,20424054,980
23036,144887,981
23052,7189491,982
23062,1289540,983
23077,6503941,984
23135,26126,985
23193,16886,986
23221,3831281,987
23245,450381,988
23274,59406,989
23278,7534363,990
23294,1744873,991
23330,3795093,992
23459,27252511,993
23466,298364,994
23480,1836746,995
23481,7570110,996
23505,1121557,997
23513,5292784,998
23626,5513556,999
23634,6137696,1000
23673,991963,1001
23676,245926,1002
23702,82168,1003
23704,4831798,1004
23765,10032618,1005
23812,6142147,1006
24019,461098,1007
24035,14295332,1008
24084,47122,1009
24139,28924452,1010
24144,1058532,1011
24186,18419969,1012
24272,671530,1013
24341,1713744,1014
24343,347753,1015
24392,3972083,1016
24439,9105293,1017
24461,2469488,1018
24481,2707819,1019
24535,7981930,1020
24538,32224283,1021
24562,5282140,1022
24585,50113,1023
24596,8366238,1024
24712,3489583,1025
24746,479842,1026
24782,3388126,1027
24789,6912417,1028
24807,13148080,1029
24843,21915,1030
24848,3876326,1031
24875,1223168,1032
24928,15154496,1033
24929,1587700,1034
24970,283525,1035
25016,5909739,1036
25041,29149965,1037
25052,4336668,1038
25103,4056297,1039
25108,9182291,1040
25113,5379978,1041
25114,2884781,1042
25137,3584800,1043
25154,39465,1044
25177,10690753,1045
25213,1135447,1046
25234,13272173,1047
25297,8573039,1048
25326,3603835,1049
25352,2007468,1050
25357,219772,1051
25420,70539,1052
25424,3488771,1053
25524,5108460,1054
25721,238374,1055
25742,5228667,1056
25760,5422027,1057
25941,1125825,1058
25991,12469287,1059
25999,2567477,1060
26016,986628,1061
26032,5459505,1062
26051,4167580,1063
26071,1588788,1064
26097,1970180,1065
26146,9684245,1066
26349,3865791,1067
26364,1517878,1068
26367,2159552,1069
26424,7914136,1070
26509,6189888,1071
26511,838836,1072
26533,184797,1073
26536,5348995,1074
26557,4727436,1075
26567,1123704,1076
26594,2953803,1077
26657,3705968,1078
26681,3629705,1079
26696,2285020,1080
26729,18137082,1081
26797,17586384,1082
26835,6332849,1083
26879,3991007,1084
27021,7602936,1085
27030,4512826,1086
27043,14621978,1087
27057,2877019,1088
27065,1960293,1089
27091,3344730,1090
27194,5670980,1091
27200,23966555,1092
27242,2043210,1093
27349,1448645,1094
27394,10909,1095
27396,618436,1096
27413,8897863,1097
27426,3566428,1098
27439,4552456,1099
27441,9483260,1100
27454,20014017,1101
27546,12838,1102
27582,11514135,1103
27667,730474,1104
27691,662089,1105
27698,356403,1106
27801,621501,1107
27879,402066,1108
27926,72090,1109
27928,6817063,1110
27968,43267,1111
27972,16884,1112
28100,78636,1113
28134,1350096,1114
28137,12627022,1115
28140,5280875,1116
28207,4383615,1117
28227,8907538,1118
28234,18933671,1119
28287,10500616,1120
28321,28981374,1121
28340,1263879,1122
28526,8435066,1123
28529,9645610,1124
28534,1089767,1125
28708,19341821,1126
28763,4505670,1127
28805,4337324,1128
28968,7927145,1129
28978,2749855,1130
28997,388766,1131
29011,1580290,1132
29049,13688539,1133
29084,3457094,1134
29094,135660,1135
29095,638280,1136
29135,218122,1137
29166,7225867,1138
29219,1378219,1139
29261,5778704,1140
29273,5119715,1141
29357,50572,1142
29424,5237472,1143
29433,1239739,1144
29504,2828159,1145
29567,19907661,1146
29587,4019083,1147
29609,1406869,1148
29655,6398030,1149
29700,2024234,1150
29747,8989529,1151
29758,5556429,1152
29788,1218057,1153
29880,9045100,1154
29988,34404452,1155
29993,4344552,1156
30170,1854661,1157
30191,4768054,1158
30227,669888,1159
30261,20590,1160
30289,4712373,1161
30366,3372204,1162
30403,204298,1163
30404,240563,1164
30434,6740989,1165
30478,1676052,1166
30553,6098500,1167
30568,5266199,1168
30585,17540894,1169
30592,2431683,1170
30602,2993028,1171
30741,1089862,1172
30774,9247488,1173
30788,96631,1174
30808,5833680,1175
30867,2683359,1176
30879,2057888,1177
30884,1791485,1178
30952,9173777,1179
31003,22753202,1180
31065,4381754,1181
31103,1389329,1182
31172,469687,1183
31178,29681,1184
31264,361607,1185
31358,1590145,1186
31364,5191646,1187
31405,21448575,1188
31410,14099375,1189
31478,4271269,1190
31638,8945322,1191
31750,323244,1192
31757,296911,1193
31847,26013922,1194
31866,581137,1195
31889,57632,1196
31890,8989491,1197
31922,202533,1198
31980,15943665,1199
32095,5357063,1200
32139,532051,1201
32162,1100604,1202
32192,5875710,1203
32239,436438,1204
32285,8562515,1205
32327,265941,1206
32374,9064866,1207
32475,314087,1208
32528,1387208,1209
32534,7749254,1210
32537,64885,1211
32577,5326553,1212
32578,3940828,1213
32592,2439639,1214
32597,13809131,1215
32628,18589584,1216
32665,10277184,1217
32687,26830938,1218
32852,4104149,1219
32859,10731088,1220
32868,2454372,1221
32888,9563990,1222
32920,10067270,1223
32942,6776989,1224
32980,5507025,1225
33023,1099365,1226
33121,4882011,1227
33229,1623516,1228
33278,183381,1229
33379,3087033,1230
33440,9695187,1231
33448,22115,1232
33758,1252461,1233
33798,161911,1234
33821,48928,1235
33827,3966278,1236
33899,3062727,1237
33901,4401180,1238
33987,10281868,1239
34029,1348284,1240
34044,2149830,1241
34106,2226070,1242
34159,4894168,1243
34179,12451848,1244
34184,2271074,1245
34205,1274362,1246
34249,173384,1247
34352,6461,1248
34404,4161527,1249
34423,82585,1250
34428,2544405,1251
34436,2883880,1252
34451,8082917,1253
34471,7343,1254
34584,1487144,1255
34600,5563744,1256
34633,3164343,1257
34656,2707242,1258
34672,4534154,1259
34678,3382494,1260
34686,4681175,1261
34723,7616846,1262
34746,3929675,1263
34781,13323221,1264
34802,608456,1265
34808,229274,1266
34827,771624,1267
34857,52650,1268
34859,6483714,1269
34940,2248551,1270
34974,42655,1271
34987,2235349,1272
34991,22555276,1273
35032,4320765,1274
35053,5115389,1275
35148,654224,1276
35176,19019648,1277
35330,6672433,1278
35368,973909,1279
35515,2967481,1280
35517,3145174,1281
35717,7264267,1282
35786,5325238,1283
35804,4359671,1284
35903,2717384,1285
35924,20822384,1286
35968,2221035,1287
36008,15473802,1288
36013,11393058,1289
36035,1454845,1290
36060,2556410,1291
36125,236893,1292
36144,15005103,1293
36244,1638790,1294
36396,10117997,1295
36422,11805481,1296
36432,16480553,1297
36453,1896054,1298
36460,2917771,1299
36477,7295926,1300
36499,1226036,1301
36503,1402579,1302
36541,19605313,1303
36663,577691,1304
36679,1074821,1305
36692,5191214,1306
36817,3697530,1307
36846,437337,1308
36864,434688,1309
36935,996095,1310
36971,4139013,1311
36999,2075461,1312
37000,6025681,1313
37009,618711,1314
37044,5655928,1315
37084,4147645,1316
37336,2460150,1317
37411,4128819,1318
37424,356982,1319
37461,7687786,1320
37493,600542,1321
37527,7251303,1322
37554,9351086,1323
37576,1628793,1324
37616,11671222,1325
37696,174571,1326
37743,1306047,1327
37755,1454190,1328
37804,12925798,1329
37982,2700766,1330
38021,30727451,1331
38059,2879760,1332
38066,5914888,1333
38075,4743285,1334
38132,2159506,1335
38207,5534092,1336
38211,26572,1337
38242,1545354,1338
38322,3984146,1339
38357,757989,1340
38360,18574289,1341
38373,7904621,1342
38437,3783873,1343
38457,10869636,1344
38951,1695717,1345
38956,2306328,1346
38961,8409364,1347
39109,7952753,1348
39137,6400929,1349
39188,22618932,1350
39286,761552,1351
39337,2778194,1352
39385,3169842,1353
39439,1006750,1354
39477,24026936,1355
39582,361304,1356
39631,14618437,1357
39656,16072817,1358
39669,13383308,1359
39676,668,1360
39691,88476,1361
39693,5174582,1362
39734,34337031,1363
39893,22677701,1364
39921,2021403,1365
40025,1040088,1366
40071,7426036,1367
40123,1078300,1368
40211,9719190,1369
40240,3622346,1370
40308,2325633,1371
40418,3192365,1372
40527,26339691,1373
40568,2782200,1374
40571,1024298,1375
40618,156766,1376
40655,18229055,1377
40676,15913900,1378
40744,2203009,1379
40750,2684646,1380
40871,72206,1381
40903,23499778,1382
40923,1712693,1383
40977,67329,1384
41008,800136,1385
41085,177573,1386
41224,4602009,1387
41302,313892,1388
41312,14537603,1389
41365,674547,1390
41402,1388542,1391
41403,2388349,1392
41409,1058108,1393
41417,56600,1394
41547,17884715,1395
41643,1713595,1396
41661,5975546,1397
41771,66140,1398
41903,1617254,1399
41923,22368129,1400
41935,5498417,1401
42126,1090325,1402
42171,5575642,1403
42187,2653540,1404
42236,2159678,1405
42451,201120,1406
42476,1049847,1407
42550,14156047,1408
42557,1730495,1409
42572,7888494,1410
42592,2764531,1411
42659,557318,1412
42711,85223,1413
42774,4671971,1414
42847,5416972,1415
42871,3913334,1416
42879,13192663,1417
42899,46811,1418
42960,122845,1419
42970,7450144,1420
42983,614782,1421
43052,16893,1422
43078,300719,1423
43172,6019466,1424
43194,16056262,1425
43213,1274834,1426
43241,126233,1427
43253,3174485,1428
43263,98259,1429
43303,9517655,1430
43352,1290803,1431
43383,1683633,1432
43459,16182556,1433
43464,16333397,1434
43695,229269,1435
43800,4652543,1436
43812,2180861,1437
43825,10827050,1438
43842,212191,1439
43852,2056261,1440
43882,240714,1441
43984,27466393,1442
44012,514981,1443
44070,3994589,1444
44269,7979050,1445
44282,3361223,1446
44314,7619118,1447
44331,15511154,1448
44480,13978333,1449
44520,1555552,1450
44521,16598418,1451
44552,10463575,1452
44568,3373738,1453
44659,177768,1454
44938,2137745,1455
45031,2846044,1456
45075,4615665,1457
45112,1900148,1458
45159,111063,1459
45312,7821524,1460
45356,15069338,1461
45428,24110157,1462
45444,59414,1463
45458,11382874,1464
45507,9104569,1465
45586,15692598,1466
45664,5242497,1467
45687,1371922,1468
45693,5267289,1469
45696,229271,1470
45748,11416515,1471
45825,191987,1472
45960,315974,1473
46067,6485639,1474
46073,61705,1475
46118,477595,1476
46176,7737101,1477
46495,266442,1478
46613,240309,1479
46619,2659479,1480
46691,274103,1481
46692,13145969,1482
46734,28771240,1483
46758,2270549,1484
46774,238206,1485
46871,1464000,1486
46905,1117458,1487
46933,36160153,1488
47006,2830601,1489
47016,7401346,1490
47214,11121762,1491
47323,982876,1492
47329,904567,1493
47403,523560,1494
47488,815216,1495
47544,650584,1496
47577,327503,1497
47601,83142,1498
47812,1698216,1499
47843,4883868,1500
47937,12850208,1501
47961,10224260,1502
48004,3720014,1503
48074,4626737,1504
48159,1030249,1505
48289,2338906,1506
48515,3871544,1507
48659,6411,1508
48796,2695627,1509
48863,8663684,1510
48917,11480186,1511
48918,8949586,1512
48932,26306,1513
48981,981489,1514
49000,398518,1515
49033,226670,1516
49105,2787835,1517
49117,18355276,1518
49137,4947602,1519
49178,29706,1520
49189,829149,1521
49234,2722345,1522
49298,3417318,1523
49421,110933,1524
49426,5808950,1525
49430,8613514,1526
49560,2248469,1527
49680,19835214,1528
49749,3883106,1529
49875,4600640,1530
50033,1597562,1531
50308,3069724,1532
50335,6468357,1533
50351,4761223,1534
50543,20826048,1535
50756,5134059,1536
50822,149331,1537
50833,24335,1538
50924,613088,1539
50928,4492847,1540
50967,1014789,1541
51036,12649930,1542
51061,1211940,1543
51258,708006,1544
51346,2336219,1545
51372,4300841,1546
51398,14234751,1547
51641,305717,1548
51662,1625939,1549
51867,3614028,1550
51961,56388,1551
51972,4567912,1552
51981,16638920,1553
52011,9825454,1554
52040,2903350,1555
52063,694160,1556
52087,1265386,1557
52222,7424808,1558
52337,988,1559
52377,2393805,1560
52383,291379,1561
52389,1184888,1562
52476,5909650,1563
52850,300849,1564
52877,2130155,1565
52881,19993111,1566
52955,6730675,1567
53171,1907802,1568
53172,56858,1569
53179,675637,1570
53298,6371353,1571
53349,25027196,1572
53512,672697,1573
53519,6461714,1574
53530,13061,1575
53658,19292605,1576
53781,3702421,1577
53792,246152,1578
53852,1853515,1579
54016,2699567,1580
54117,156642,1581
54297,2453004,1582
54328,500150,1583
54416,449048,1584
54489,19688490,1585
54667,6967568,1586
54743,5721425,1587
54760,698617,1588
54896,1731596,1589
54915,458588,1590
54937,12680417,1591
54999,964999,1592
55084,2756598,1593
55112,3953609,1594
55115,1888893,1595
55122,2182252,1596
55133,893605,1597
55207,19848029,1598
55212,1333130,1599
55528,14807499,1600
55677,4789865,1601
55969,8343423,1602
56020,7821230,1603
56031,4751846,1604
56078,678148,1605
56098,3743986,1606
56204,15619434,1607
56255,510734,1608
56302,7659407,1609
56356,7676635,1610
56363,2109701,1611
56449,70491,1612
56451,949675,1613
56501,5621111,1614
56551,2975145,1615
56626,11200327,1616
56703,1483136,1617
56802,29371590,1618
56829,26289082,1619
56908,2300296,1620
57006,4912187,1621
57054,5670564,1622
57238,1453175,1623
57291,11223,1624
57403,279362,1625
57638,203655,1626
57660,1012748,1627
57698,4140302,1628
57707,5038162,1629
57731,1897088,1630
57795,6810986,1631
58007,581692,1632
58010,13160317,1633
58098,2798176,1634
58116,2341731,1635
58209,23767,1636
58254,157785,1637
58260,5541554,1638
58343,551079,1639
58387,114089,1640
58420,343743,1641
58489,3030999,1642
58526,640619,1643
58580,10383255,1644
58626,5420072,1645
58710,721601,1646
58769,1101250,1647
58773,1887270,1648
58776,6595211,1649
58778,998208,1650
58802,6356306,1651
58816,2998127,1652
58920,4270932,1653
58944,3010791,1654
59081,32190,1655
59124,2226987,1656
59150,34609,1657
59190,47051,1658
59244,1833094,1659
59420,3850873,1660
59478,4171042,1661
59576,947663,1662
59623,1185297,1663
59759,18828580,1664
59788,32285,1665
59798,18572822,1666
59840,11656343,1667
60101,2479197,1668
60137,3622990,1669
60149,2406582,1670
60191,2755818,1671
60237,7670994,1672
60476,1279027,1673
60482,4097878,1674
60504,4500359,1675
60543,2057904,1676
60587,1874876,1677
60711,1032022,1678
60721,15773351,1679
60762,28048718,1680
60766,3434317,1681
60790,173307,1682
60851,2626390,1683
61005,4615239,1684
61074,2477214,1685
61141,6855443,1686
61269,1220081,1687
61458,4515036,1688
61464,4219991,1689
61470,11469325,1690
61476,25620008,1691
61513,10368,1692
61541,909735,1693
61668,5026087,1694
61738,5370570,1695
61747,12901533,1696
62048,657343,1697
62106,14387,1698
62111,6819553,1699
62128,2063426,1700
62140,8074080,1701
62166,18995603,1702
62168,12177751,1703
62185,1717516,1704
62220,2094029,1705
62257,12184521,1706
62324,23641744,1707
62388,70076,1708
62574,50712,1709
62690,58188,1710
62705,5598943,1711
62717,8401118,1712
62791,1468016,1713
62937,1234417,1714
62977,2307010,1715
62979,3944807,1716
63095,8425052,1717
63136,1979059,1718
63165,871053,1719
63191,2715405,1720
63314,16890,1721
63361,1138656,1722
63700,2927332,1723
63740,10424708,1724
63883,1056245,1725
64022,14006136,1726
64065,7169810,1727
64089,6767236,1728
64099,25179794,1729
64163,9710697,1730
64181,3059220,1731
64347,5512323,1732
64382,321991,1733
64384,7093779,1734
64517,6501510,1735
64772,208613,1736
64947,499344,1737
65080,364757,1738
65094,21764283,1739
65141,8611423,1740
65260,6560650,1741
65458,1561292,1742
65496,74787,1743
65572,364344,1744
65752,7820856,1745
65756,49843,1746
65816,686782,1747
65871,961912,1748
65879,5093500,1749
66015,85049,1750
66094,5432626,1751
66096,1134643,1752
66240,22684671,1753
66499,15225615,1754
66587,306201,1755
66643,2216002,1756
66651,1880760,1757
66669,3865264,1758
66682,27401,1759
66689,3881190,1760
66719,7030176,1761
66721,1617715,1762
66858,1068641,1763
66884,11914148,1764
66929,8501790,1765
66964,1187456,1766
67024,279246,1767
67210,955403,1768
67226,17709484,1769
67262,2057765,1770
67282,4380883,1771
67348,1673859,1772
67352,24488475,1773
67477,17438667,1774
67509,968918,1775
67561,2544139,1776
67572,2388571,1777
67677,32588,1778
67698,279964,1779
67883,4350709,1780
68010,944806,1781
68051,632867,1782
68080,1717100,1783
68115,1231148,1784
68152,5478671,1785
68182,1110847,1786
68225,5219238,1787
68352,23759547,1788
68383,11934769,1789
68417,5777093,1790
68450,27401157,1791
68453,151250,1792
68470,8274506,1793
68501,23278805,1794
68515,26609931,1795
68603,7291009,1796
68672,156364,1797
68751,3358846,1798
68811,273422,1799
68883,10253120,1800
69013,35385343,1801
69050,1740529,1802
69174,64308,1803
69245,4062538,1804
69325,690168,1805
69341,4670860,1806
69366,3348709,1807
69650,97284,1808
69798,1356805,1809
69850,5659795,1810
69897,2024176,1811
70096,4941466,1812
70178,2748270,1813
70199,20404927,1814
70259,564140,1815
70309,11598623,1816
70593,5085230,1817
70635,19327638,1818
70777,2796536,1819
70868,6590428,1820
70941,4796704,1821
70993,4587078,1822
71138,3960140,1823
71143,891586,1824
71257,11165692,1825
71439,231152,1826
71525,40050594,1827
71633,4425333,1828
71636,1083311,1829
71642,12907974,1830
71654,2288852,1831
71764,6146475,1832
71798,3517782,1833
71837,21416745,1834
71906,30852502,1835
71923,7577049,1836
72195,2640332,1837
72384,8295603,1838
72386,25857311,1839
72408,10012403,1840
72417,1347279,1841
72418,195390,1842
72452,15791627,1843
72495,37970,1844
72546,5066122,1845
72799,4226345,1846
73146,13619896,1847
73161,1059054,1848
73266,400765,1849
73277,1672817,1850
73337,1423025,1851
73454,11093014,1852
73537,5022049,1853
73583,2572293,1854
73664,2160621,1855
73689,13321086,1856
73902,12531560,1857
73911,1681037,1858
74068,14849652,1859
74095,4207608,1860
74118,4430853,1861
74252,396,1862
74298,24065345,1863
74331,666059,1864
74390,9636556,1865
74401,5094113,1866
74870,1515038,1867
74878,550580,1868
75056,26777,1869
75059,8275026,1870
75219,451684,1871
75360,465447,1872
75372,4646043,1873
75394,33706278,1874
75427,91997,1875
75435,5843774,1876
75556,6801173,1877
75674,452767,1878
75811,1227375,1879
75818,698503,1880
75862,12318558,1881
75899,5830168,1882
75993,8847680,1883
76019,1578763,1884
76099,3530949,1885
76164,20975698,1886
76296,3124877,1887
76425,15385025,1888
76478,3766304,1889
76518,14282442,1890
76656,634557,1891
76783,3430336,1892
76792,5076516,1893
76823,3240705,1894
76832,4199284,1895
76843,370236,1896
76905,24079,1897
76910,10106781,1898
76996,8485438,1899
77062,232132,1900
77273,1075282,1901
77425,4433,1902
77483,1342014,1903
77504,11197153,1904
77800,6481714,1905
77830,10974008,1906
77888,9143755,1907
77965,3166209,1908
77968,2091451,1909
78060,733135,1910
78158,1098931,1911
78162,8752878,1912
78272,74186,1913
78343,8448499,1914
78439,4402949,1915
78553,452746,1916
78826,975893,1917
78897,1236675,1918
79160,2064721,1919
79292,5998749,1920
79386,4259663,1921
79478,2444232,1922
79525,1625835,1923
79683,4305367,1924
79703,2836431,1925
80085,2495221,1926
80269,3003096,1927
80316,8360856,1928
80352,277390,1929
80406,5214083,1930
80856,3252858,1931
80867,4302020,1932
80933,9284978,1933
81469,142298,1934
81516,617428,1935
81665,4823792,1936
81706,4909712,1937
82200,10212284,1938
82233,2128170,1939
82397,14647976,1940
82469,4579988,1941
82512,4728214,1942
82519,12972944,1943
82707,881790,1944
82804,4652512,1945
82866,4638892,1946
82871,32960481,1947
82975,13209250,1948
83072,11953294,1949
83186,3032433,1950
83205,2431908,1951
83249,2876322,1952
83302,648927,1953
83439,4614991,1954
83514,8169119,1955
83558,11984364,1956
83675,17593,1957
83760,5783772,1958
84175,21248712,1959
84366,3949747,1960
84540,5039797,1961
84557,5208616,1962
85055,3403233,1963
85111,14045458,1964
85157,10601861,1965
85315,1008907,1966
85336,11199083,1967
85376,3794456,1968
85400,2783864,1969
85756,526614,1970
85843,7051736,1971
85907,6580302,1972
85909,10104624,1973
85952,2213519,1974
86007,1234887,1975
86364,4170298,1976
86458,8521724,1977
86473,5378070,1978
86858,230250,1979
86954,84897,1980
87052,7032263,1981
87146,167880,1982
87158,4346,1983
87179,1223962,1984
87302,2307473,1985
87324,331763,1986
87341,2965928,1987
87347,9262372,1988
87379,5879690,1989
87685,1612161,1990
87710,9653887,1991
87776,13145229,1992
87871,7453457,1993
87909,11077947,1994
87916,7883415,1995
88148,4064688,1996
88180,1155882,1997
88232,1678354,1998
88415,308158,1999
88534,15542558,2000
88882,4398654,2001
88914,3736102,2002
89006,299283,2003
89019,548086,2004
89045,18397814,2005
89074,2759849,2006
89165,2207772,2007
89214,3751456,2008
89359,4019823,2009
89417,3263282,2010
89530,1725602,2011
89644,115354,2012
89659,3985855,2013
89710,1683437,2014
90038,25897,2015
90315,5868007,2016
90414,9544622,2017
90554,333680,2018
90663,6457598,2019
90752,33396833,2020
90921,121188,2021
90999,390628,2022
91169,319,2023
91284,42813,2024
91337,439364,2025
91351,2277061,2026
91419,761396,2027
91541,7275720,2028
91550,7728900,2029
91665,1630638,2030
91744,3105868,2031
91798,13982680,2032
91900,35242474,2033
91993,6054112,2034
92128,2220533,2035
92140,5486984,2036
92279,26581,2037
92302,13278876,2038
92493,6825672,2039
92599,1502854,2040
92710,103370,2041
92772,14299,2042
92800,14967347,2043
92824,4729241,2044
92909,6631858,2045
93027,5372551,2046
93213,3354914,2047
93231,2717568,2048
93508,8328970,2049
93528,21501747,2050
93544,6290011,2051
93565,13878015,2052
93577,266093,2053
93578,349907,2054
93625,830605,2055
93887,15204525,2056
93902,23461819,2057
94165,4405722,2058
94291,2158820,2059
94302,163240,2060
94320,1702076,2061
94407,815422,2062
94552,6523043,2063
94786,5529701,2064
94848,664146,2065
94989,444566,2066
95212,23312834,2067
95226,6964519,2068
95464,14530497,2069
95498,12911949,2070
95672,4672614,2071
95855,1457828,2072
96028,3032846,2073
96106,21467089,2074
96128,2194306,2075
96178,13670310,2076
96181,4994131,2077
96233,15986989,2078
96328,3360704,2079
96373,542113,2080
96375,2219444,2081
96430,15477299,2082
96556,5673453,2083
96571,5736413,2084
96655,7649219,2085
96793,21146317,2086
96998,56976,2087
97589,7822127,2088
97687,3520714,2089
97709,13793986,2090
97957,1762678,2091
97970,3118549,2092
97975,274590,2093
97990,1612071,2094
98066,3882808,2095
98213,9008,2096
98233,2524607,2097
98314,1170773,2098
98555,4867978,2099
98872,7277899,2100
98930,5131551,2101
98998,17734928,2102
99238,3735259,2103
99436,4475,2104
99513,3381786,2105
99668,3866396,2106
99934,59434,2107
99950,331503,2108
100088,1402357,2109
100250,1847124,2110
100311,8587904,2111
100369,12422358,2112
100580,1375661,2113
100749,386090,2114
101041,1239981,2115
101185,700413,2116
101229,22470622,2117
101469,2522076,2118
101522,44,2119
101632,1125533,2120
101664,14961558,2121
101684,4941124,2122
101856,23698105,2123
101922,8125445,2124
101927,528879,2125
101979,18928,2126
101989,10665875,2127
102305,225220,2128
102458,3904872,2129
102539,1475241,2130
102738,7989976,2131
102767,8612013,2132
102821,2501568,2133
102900,10230330,2134
102908,12485384,2135
103296,5286387,2136
103320,1352691,2137
103415,5988079,2138
103429,1340584,2139
103437,1587490,2140
103458,5508785,2141
103627,7216922,2142
103861,85379,2143
103870,688818,2144
103975,4888426,2145
104046,3168199,2146
104048,3017882,2147
104132,1031607,2148
104376,186785,2149
104581,18259237,2150
104586,8718233,2151
104799,7959942,2152
104835,5188932,2153
104837,5458271,2154
104890,5149773,2155
105177,20802453,2156
105239,4795333,2157
105268,250505,2158
105364,7790762,2159
105384,9617642,2160
105581,5243404,2161
105722,3295042,2162
105737,6025303,2163
105794,17186523,2164
106386,2877204,2165
106394,17492208,2166
106461,5184957,2167
106575,972907,2168
106585,337486,2169
106725,29324768,2170
106942,7749179,2171
106952,12670327,2172
106953,2020323,2173
107057,6445832,2174
107063,4449,2175
107108,9989144,2176
107115,2973643,2177
107216,4275826,2178
107274,81528,2179
107278,1190191,2180
107503,18183756,2181
107537,56248,2182
107550,12429,2183
107605,281440,2184
107623,7503819,2185
107952,761493,2186
108191,4977754,2187
108326,833104,2188
108839,88632,2189
108863,1998280,2190
108952,2007922,2191
109024,1027611,2192
109096,8094194,2193
109323,2559710,2194
109353,544829,2195
109464,8382051,2196
109564,2092940,2197
109816,7150869,2198
110131,809099,2199
110387,10381423,2200
110716,7822917,2201
110939,7232227,2202
110985,5226037,2203
111010,2439489,2204
111234,6549044,2205
111293,1593251,2206
111352,1284143,2207
111415,4047157,2208
111531,7589232,2209
111590,2419597,2210
111719,14349131,2211
111773,371907,2212
111880,122918,2213
111893,6906013,2214
111976,5576931,2215
112382,4886436,2216
112420,8964,2217
112458,5410882,2218
112534,3597138,2219
112705,4629866,2220
112714,3648364,2221
112781,5580996,2222
113005,581883,2223
113034,8322160,2224
113784,39586689,2225
114054,3258024,2226
114115,27682,2227
114275,7517101,2228
114310,25991,2229
114646,2885878,2230
114649,7043564,2231
114989,6920613,2232
115015,11515827,2233
115196,1906806,2234
115326,3843846,2235
115616,89358,2236
115756,9922626,2237
115799,551913,2238
116118,7133956,2239
116136,100529,2240
116427,5193125,2241
116852,3142950,2242
116945,8850167,2243
116952,7330467,2244
117007,4177462,2245
117017,14747347,2246
117025,1523781,2247
117160,865672,2248
117540,12759633,2249
117670,3185123,2250
117771,4647508,2251
117856,35756,2252
117991,2240694,2253
118164,22457842,2254
118272,9284839,2255
118325,13917696,2256
118363,4551456,2257
118558,228249,2258
118741,2499111,2259
118838,8042714,2260
118881,545403,2261
118882,764725,2262
118900,1988660,2263
118964,6249079,2264
118973,822481,2265
119009,7811075,2266
119078,17684051,2267
119339,1574339,2268
119340,16892,2269
119367,5798568,2270
119477,6510558,2271
119611,140492,2272
119660,7393971,2273
119841,1683625,2274
119920,8288769,2275
119946,29222817,2276
120275,3308704,2277
120291,6601116,2278
120380,726104,2279
120822,2001248,2280
121006,3489739,2281
121293,84227,2282
121330,33002836,2283
121388,3149354,2284
121395,10076874,2285
121705,4660003,2286
121890,5762279,2287
122349,7955709,2288
122505,8751621,2289
122531,16130,2290
122566,10912247,2291
122639,30975429,2292
122802,27665,2293
122887,8113843,2294
122965,10619698,2295
122982,2883835,2296
123300,4476086,2297
123341,5198466,2298
123639,112141,2299
123729,1633941,2300
124017,5345543,2301
124358,9319602,2302
124364,5585029,2303
124895,4697805,2304
124896,1938445,2305
125119,3947163,2306
125371,790423,2307
125505,1525703,2308
125605,21482,2309
125606,2652367,2310
126051,13983783,2311
126195,5806758,2312
126203,2782800,2313
126338,2459804,2314
126656,8448076,2315
126663,276796,2316
127138,389067,2317
127372,1617533,2318
127470,25574119,2319
127589,9534394,2320
127912,7680880,2321
127922,1196568,2322
128024,4816011,2323
128256,557611,2324
128258,5181193,2325
128328,12413269,2326
128628,15462080,2327
128678,4420503,2328
128684,173476,2329
128856,2760893,2330
129148,59567,2331
129220,923738,2332
129590,1973819,2333
129779,6494660,2334
129797,8507579,2335
130014,3456627,2336
130087,5552141,2337
130136,51883,2338
130313,5184305,2339
130628,956810,2340
130781,9573138,2341
130787,11753193,2342
130923,547386,2343
130985,924869,2344
131107,3832722,2345
131120,7984978,2346
131132,4755128,2347
131216,5226738,2348
131601,8149271,2349
131640,8521669,2350
131674,15320991,2351
131822,3648285,2352
131918,1830190,2353
132170,4920981,2354
132187,990671,2355
132283,3835149,2356
132464,2144794,2357
132495,3186803,2358
132681,6465495,2359
132769,90886,2360
132886,19410,2361
133423,1221819,2362
133442,11603811,2363
133540,5824864,2364
133775,317903,2365
133828,6955418,2366
133867,3271437,2367
134110,10119529,2368
134242,39399251,2369
134281,4367408,2370
134528,130973,2371
134664,9104667,2372
134825,8085050,2373
135039,2204069,2374
135052,5533211,2375
135071,1364043,2376
135083,4384795,2377
135103,6534192,2378
135553,12635761,2379
135604,1891294,2380
135691,7770638,2381
135811,5943,2382
136276,9860688,2383
136441,2882515,2384
136609,23530948,2385
136948,1200597,2386
137013,12698170,2387
137103,4163029,2388
137216,5833786,2389
137435,9131202,2390
138191,351596,2391
138366,48858,2392
138811,646650,2393
139022,1961455,2394
139048,1164048,2395
139282,2525196,2396
139361,10257657,2397
139712,9109555,2398
139714,7791915,2399
139898,2342486,2400
139998,4847913,2401
140130,16678501,2402
140283,1032856,2403
140457,2759430,2404
140703,27513737,2405
140923,1156944,2406
141004,14787484,2407
141094,3069959,2408
141391,675673,2409
141457,2018887,2410
141479,21802,2411
141573,447555,2412
141958,7939993,2413
142045,1731,2414
142050,74654,2415
142139,4814360,2416
142187,7488273,2417
142216,3613473,2418
142256,978266,2419
142303,1250591,2420
142659,3463794,2421
142770,5897592,2422
143106,5862862,2423
143185,616925,2424
143234,8531024,2425
143276,7258776,2426
143379,221030,2427
143619,2781782,2428
143674,5670077,2429
144016,5609897,2430
144198,357283,2431
144271,12526162,2432
144518,9208442,2433
145033,723837,2434
145083,872689,2435
145128,5851562,2436
145172,11711851,2437
145226,12843778,2438
145275,75487,2439
145588,1950532,2440
145926,3927046,2441
145944,3440140,2442
145982,2164639,2443
146054,1719388,2444
146074,4788402,2445
146192,26192025,2446
146357,3745957,2447
146449,4374272,2448
146606,5966591,2449
146622,350021,2450
146744,15204972,2451
146825,2627501,2452
146834,7930027,2453
146854,1265359,2454
146953,3810877,2455
147218,1707037,2456
147389,11112471,2457
147567,3802045,2458
147919,1580576,2459
147968,7162371,2460
147986,33058704,2461
148018,11251999,2462
148174,322119,2463
148410,5497792,2464
148502,9854136,2465
148526,1362093,2466
148619,6602966,2467
148960,3992988,2468
149129,6114620,2469
149267,3414042,2470
149442,1787005,2471
149527,2163199,2472
149549,1302965,2473
149613,3597454,2474
149632,5198704,2475
149850,34992,2476
149862,3913427,2477
150176,2616898,2478
150189,2813324,2479
150216,130044,2480
150471,4707545,2481
150565,194873,2482
150706,3335427,2483
150750,9291229,2484
150836,10666387,2485
151224,26997352,2486
151367,5299958,2487
151452,37309868,2488
151477,2297497,2489
151526,4484549,2490
151544,12019146,2491
151802,31847917,2492
151902,4892946,2493
152267,19073440,2494
152634,56261,2495
152701,4283521,2496
152783,1050134,2497
153144,13117914,2498
153338,3035023,2499
153640,21213840,2500
153792,9227721,2501
153811,6475,2502
153892,15673974,2503
153920,1898748,2504
154058,27731335,2505
154346,1269913,2506
154412,10923868,2507
154753,588817,2508
154789,4149179,2509
154877,2548615,2510
154954,2195680,2511
155045,1661339,2512
155233,4370990,2513
155447,1645523,2514
155480,1694711,2515
155544,4963411,2516
155775,477,2517
155810,2791147,2518
156037,7096043,2519
156436,9641617,2520
156948,280316,2521
157413,1328625,2522
157465,368377,2523
157501,8118370,2524
157765,4275823,2525
157820,515444,2526
157837,7180,2527
157867,4733930,2528
157887,7280352,2529
158048,1344585,2530
158274,2612774,2531
158469,432517,2532
158779,145945,2533
158909,185690,2534
159138,4887221,2535
159154,4780801,2536
159373,25311990,2537
159402,775954,2538
159526,938241,2539
159847,4243216,2540
159906,11463459,2541
160042,17307320,2542
160200,1402094,2543
160439,3043769,2544
161058,3947596,2545
161161,2106832,2546
161478,19829219,2547
161620,7219808,2548
162041,4488737,2549
162073,213785,2550
162264,50072,2551
162610,25731761,2552
162695,8322463,2553
163066,56204,2554
163090,4643189,2555
163311,6206719,2556
163622,28845604,2557
163978,56361,2558
164447,41839,2559
164459,43627,2560
164576,1815562,2561
164653,168203,2562
164654,207258,2563
164816,22178769,2564
164854,28468449,2565
165267,3789907,2566
165301,3648623,2567
165343,4298315,2568
165438,1570007,2569
165603,3433682,2570
165609,5032587,2571
165968,8557709,2572
166286,4523732,2573
166327,3619370,2574
166402,36409503,2575
166710,75282,2576
166913,1216093,2577
166924,5876651,2578
167005,5832614,2579
167173,33428601,2580
167330,12562779,2581
167356,1410436,2582
167422,1634607,2583
167939,6607453,2584
168257,9865404,2585
168433,1117579,2586
168563,3854644,2587
168729,7725365,2588
168757,1568392,2589
168941,20725748,2590
169103,4872351,2591
169182,4333131,2592
169480,6603228,2593
169706,1214722,2594
169812,1494026,2595
169865,6247883,2596
169931,3424545,2597
170048,15626406,2598
170129,761446,2599
170234,2530228,2600
170413,12724157,2601
170854,3447178,2602
171123,6749958,2603
171150,18364613,2604
171234,1445930,2605
171262,66128,2606
172061,17902032,2607
172073,6954116,2608
172281,21542805,2609
173112,14075215,2610
173294,413865,2611
173785,165835,2612
173909,344496,2613
174336,3624991,2614
174426,7476249,2615
174490,5482813,2616
174545,88634,2617
174750,4238524,2618
175100,4836420,2619
175104,4908480,2620
175344,4191112,2621
175376,15384219,2622
175431,17526992,2623
175454,3118616,2624
175461,567230,2625
175549,19267465,2626
175565,1309958,2627
175941,58815,2628
176118,5975008,2629
176375,5642544,2630
176410,846300,2631
176585,391073,2632
176756,122882,2633
176839,2184739,2634
177209,1838592,2635
177254,4360807,2636
177379,10059,2637
177540,403470,2638
177654,5109555,2639
177993,5821626,2640
178089,12583349,2641
178382,3540431,2642
178674,184083,2643
178710,2341325,2644
178917,19142117,2645
179128,3455921,2646
179244,39548490,2647
179329,2007250,2648
179718,19839111,2649
179806,5094180,2650
180295,2788116,2651
180320,1379252,2652
180612,8399391,2653
180925,60714,2654
181060,10745594,2655
181072,118993,2656
181104,7686,2657
181264,1900551,2658
181392,432988,2659
181749,4050904,2660
181912,4716050,2661
181946,6565489,2662
182006,6837613,2663
182124,29801570,2664
182160,118353,2665
183270,9480948,2666
183585,4352849,2667
183638,762451,2668
183643,107938,2669
183749,1493954,2670
184001,32891652,2671
184130,1436753,2672
184251,5878124,2673
184394,757543,2674
184710,6432412,2675
184950,566067,2676
185045,14933261,2677
185415,16351181,2678
185777,2604235,2679
185913,1022184,2680
186102,7384377,2681
186128,818082,2682
186641,3083293,2683
186750,4937871,2684
186796,2753820,2685
186824,2275439,2686
186847,17630665,2687
187280,2116474,2688
187378,3362627,2689
187461,25498844,2690
187467,5620814,2691
187599,9824500,2692
187868,10136740,2693
187902,2940482,2694
188296,11437002,2695
188730,5615511,2696
188773,367064,2697
188783,16827,2698
189755,2162673,2699
190255,11295,2700
190522,3257969,2701
190849,61175,2702
191789,8587736,2703
191998,6084608,2704
192175,1234864,2705
192212,12255186,2706
192313,4825042,2707
192416,93777,2708
192526,2959229,2709
192572,6247384,2710
192649,3141819,2711
193412,4377701,2712
194198,1563886,2713
194213,5128177,2714
194967,7928884,2715
195258,5776425,2716
195569,12236333,2717
196197,1631372,2718
196228,16888,2719
196413,3289157,2720
196471,3940848,2721
196532,8187425,2722
197055,1062875,2723
197153,28660915,2724
197243,1438427,2725
197654,354351,2726
197945,12101593,2727
198061,8486141,2728
198278,1735901,2729
198351,461071,2730
198435,26756271,2731
198491,24511790,2732
198550,14311674,2733
199197,164988,2734
199616,21000830,2735
199949,2193644,2736
200108,1121755,2737
200140,77193,2738
200654,876609,2739
200951,1717984,2740
201176,331068,2741
201804,9886993,2742
201908,35244944,2743
202366,569566,2744
202608,215673,2745
202632,3987519,2746
202815,5173468,2747
202965,4262862,2748
203116,2199093,2749
203279,3363695,2750
203415,4748133,2751
204089,308427,2752
204115,2926499,2753
204642,192699,2754
204681,5615572,2755
204973,19537472,2756
205220,24948268,2757
205609,167333,2758
205675,88011,2759
205877,7879908,2760
206073,6605881,2761
206454,4576653,2762
206509,13851944,2763
206682,70917,2764
206841,3185606,2765
207113,8994622,2766
207414,2828729,2767
207595,11071798,2768
207616,1281303,2769
207708,32172154,2770
207760,137125,2771
209005,8369526,2772
209066,1672552,2773
209345,1384335,2774
209708,13478571,2775
209723,7759523,2776
209770,1662721,2777
209779,1093564,2778
209905,1258149,2779
210210,569539,2780
210685,2547110,2781
210698,460152,2782
210808,19446962,2783
210840,5051958,2784
210954,15429249,2785
211181,7899036,2786
211292,789191,2787
211439,400267,2788
212511,1303076,2789
212546,1223936,2790
213535,1202289,2791
214067,4533901,2792
214500,8520729,2793
214523,7175746,2794
214920,17302943,2795
214998,8867214,2796
215028,17314134,2797
215653,30035259,2798
215740,31549,2799
215862,1837602,2800
215966,760202,2801
216164,18293932,2802
216276,3299620,2803
216531,3778705,2804
217000,10138350,2805
217269,5466108,2806
217309,2010250,2807
217338,2723400,2808
217866,115442,2809
217941,90369,2810
218091,13387069,2811
218153,1763856,2812
218199,4785707,2813
218722,2135307,2814
219146,7443,2815
219270,93565,2816
219464,1042668,2817
219754,15646794,2818
220199,7680545,2819
221444,298795,2820
221613,4877761,2821
221840,404129,2822
221916,8045637,2823
222378,22521120,2824
222892,801464,2825
223004,3450616,2826
223645,17261235,2827
224238,96791,2828
224353,5149230,2829
224841,2622467,2830
225364,254980,2831
226139,7552403,2832
226233,44759,2833
226530,4739896,2834
227213,270228,2835
227364,55005,2836
227496,16806109,2837
227838,1012592,2838
228166,1953352,2839
229577,4219796,2840
229604,20967281,2841
229771,5526838,2842
229821,7759819,2843
230037,1512288,2844
230467,740809,2845
230921,6928272,2846
231253,36940,2847
231448,6069912,2848
232040,18697743,2849
232479,6067295,2850
232602,5482092,2851
233236,36226,2852
233416,149369,2853
233431,12550401,2854
233466,242802,2855
233969,233563,2856
233986,18338868,2857
234404,5350376,2858
234956,5653641,2859
235059,75248,2860
235580,4496065,2861
235675,98306,2862
235690,1440780,2863
236183,2897120,2864
236405,201524,2865
236412,2437091,2866
237118,2218425,2867
237127,78077,2868
237282,9419527,2869
237471,1943804,2870
237661,21066005,2871
237942,1146129,2872
237982,13299475,2873
238097,3003652,2874
238404,61334,2875
239021,2266358,2876
239203,395707,2877
239232,3534355,2878
239700,12293262,2879
239993,8643404,2880
240556,52806,2881
240947,2377318,2882
241489,8635889,2883
241561,27514948,2884
241994,475013,2885
242065,201265,2886
242281,4847407,2887
242660,232505,2888
242903,4725865,2889
243587,13192258,2890
243688,12387910,2891
245009,1027603,2892
245280,35561747,2893
245300,8668422,2894
245361,381451,2895
246081,5420460,2896
246682,844364,2897
248221,10624386,2898
248833,262190,2899
248851,1452931,2900
249225,3883211,2901
249385,599717,2902
249415,186757,2903
249495,5167264,2904
249751,7945654,2905
250448,5817750,2906
250550,274944,2907
251135,14657740,2908
251173,15317693,2909
251411,22578412,2910
251509,226999,2911
251576,5871963,2912
251591,25773890,2913
252173,4611731,2914
252882,10854989,2915
253764,26645665,2916
254275,2182805,2917
255084,7017,2918
255234,3373153,2919
255578,472113,2920
256062,2007497,2921
256440,2675435,2922
257268,21100,2923
257729,404701,2924
257969,9403981,2925
258716,3112852,2926
258904,9188205,2927
258931,3511148,2928
259399,4670693,2929
260578,1481165,2930
260610,13723552,2931
261202,11814975,2932
261279,33027301,2933
261477,177125,2934
261679,114497,2935
261704,651163,2936
262418,14334203,2937
262513,471545,2938
262947,25934369,2939
263060,1480970,2940
263884,243138,2941
264005,100840,2942
264111,1821000,2943
264152,2276806,2944
264160,2082681,2945
264211,472417,2946
264569,8607364,2947
265459,8263380,2948
266002,32622231,2949
266329,7560970,2950
266460,1196375,2951
266712,12200025,2952
267187,29208808,2953
268077,29042,2954
268161,332899,2955
268244,27040745,2956
268845,3106870,2957
268922,1673677,2958
269074,1739060,2959
270056,4697110,2960
270431,6701902,2961
270496,3052150,2962
270718,3035621,2963
270726,76600,2964
270778,561041,2965
271560,16003018,2966
272845,3345269,2967
272869,8398867,2968
273180,13832287,2969
273458,4560813,2970
273785,31292638,2971
275124,59448,2972
275459,1077987,2973
275508,80751,2974
276486,3315613,2975
276603,72609,2976
276834,270208,2977
276906,45379,2978
277656,1489817,2979
277684,15493682,2980
277969,15277098,2981
277999,85133,2982
278398,4796835,2983
278606,4773174,2984
279310,1176925,2985
280247,5039509,2986
280381,1762445,2987
280400,3534488,2988
281186,877240,2989
281312,5659672,2990
281599,17520661,2991
281969,738876,2992
282154,1224585,2993
282530,756294,2994
282695,1696585,2995
282700,1973482,2996
283269,25753164,2997
283316,2693155,2998
283692,9117103,2999
284152,6464729,3000
284555,2785367,3001
284570,6279237,3002
284714,292034,3003
285068,8806589,3004
285331,25188,3005
285394,713959,3006
285397,10288515,3007
285572,8126391,3008
285608,71702,3009
285827,28449495,3010
286165,62403,3011
286790,3174094,3012
286840,257970,3013
286847,4156298,3014
287068,381917,3015
288649,2164868,3016
288757,5916104,3017
289104,6647,3018
291364,3984094,3019
291462,750240,3020
292075,32022548,3021
292178,191179,3022
293129,23866052,3023
293472,11649524,3024
293571,7280391,3025
294725,3328485,3026
294830,19355,3027
294844,7917672,3028
294846,9920934,3029
296766,10119780,3030
296790,6304676,3031
296845,4613685,3032
296976,6953819,3033
297413,15981012,3034
297565,584592,3035
297596,1951520,3036
297903,1140130,3037
298299,8706510,3038
298385,7034495,3039
298785,7967256,3040
298914,2861768,3041
298963,2622723,3042
299697,10677969,3043
299822,22474323,3044
300456,1198078,3045
300531,18650383,3046
300999,1096458,3047
301267,68213,3048
302041,127715,3049
302065,9484823,3050
302528,40670,3051
302737,5851662,3052
303560,50946,3053
303589,1079733,3054
303954,3188794,3055
304195,4641720,3056
305297,4444601,3057
305319,13053740,3058
306485,1865678,3059
307032,745505,3060
307102,4670940,3061
307337,32167991,3062
308505,1023941,3063
308848,7906229,3064
309407,8814023,3065
309602,42631,3066
309956,8122114,3067
310454,15907883,3068
311359,12183815,3069
311658,674552,3070
312112,166098,3071
312247,910773,3072
312275,61280,3073
312755,114124,3074
312760,10542646,3075
312856,12186222,3076
312928,1994843,3077
314098,2665529,3078
314147,6882279,3079
315693,5419966,3080
316212,2722350,3081
316988,2151,3082
317385,163399,3083
317732,57754,3084
318126,963374,3085
318864,2607526,3086
318973,16377215,3087
319951,4479809,3088
320101,228958,3089
320363,3503244,3090
320386,26026957,3091
320992,829215,3092
321331,3619025,3093
321334,52554,3094
321768,67916,3095
322632,3678361,3096
323517,5579509,3097
324675,40778260,3098
326349,8669919,3099
326647,308141,3100
326830,6705471,3101
326978,5095438,3102
327141,7426951,3103
327686,21892315,3104
327767,1956775,3105
328207,1437811,3106
329128,2529800,3107
329276,3620073,3108
329330,1746046,3109
329689,493455,3110
330639,22735540,3111
331294,10878707,3112
331762,1397318,3113
331950,619617,3114
332151,411072,3115
332216,15689623,3116
332681,6078263,3117
333047,664481,3118
333155,26052110,3119
334093,39502395,3120
334816,22883804,3121
336332,15678733,3122
336468,11244458,3123
336831,9666,3124
337502,64144,3125
339411,9708071,3126
339557,150682,3127
340099,4406,3128
341678,96062,3129
341882,21561931,3130
342473,5432,3131
342864,3959019,3132
343286,277851,3133
343539,797041,3134
344775,20156202,3135
345296,16002353,3136
345531,723153,3137
345677,3477495,3138
346325,8857715,3139
346441,27520825,3140
346835,1991663,3141
348484,2057216,3142
349079,6226991,3143
349649,29462540,3144
350009,6084181,3145
350508,9449985,3146
350734,144611,3147
351722,17204753,3148
351808,2719455,3149
352679,8473337,3150
353745,85353,3151
353952,5091322,3152
355543,19133955,3153
358088,3972716,3154
358495,10272083,3155
359047,2273793,3156
359247,3358180,3157
359708,2618613,3158
360355,5250055,3159
362008,6409399,3160
362797,994591,3161
363253,5908170,3162
363302,7364584,3163
363707,6238859,3164
364066,4802634,3165
365623,899423,3166
365727,5157763,3167
367715,17687759,3168
368277,930727,3169
368738,1391937,3170
369909,3674098,3171
370092,5778654,3172
370519,17652,3173
370763,5994784,3174
371233,6665921,3175
371465,2356178,3176
371645,12425618,3177
372649,147243,3178
372845,2595808,3179
372924,8436423,3180
373791,3418548,3181
374013,6226023,3182
374931,3289489,3183
375869,5830314,3184
375877,2089581,3185
376038,15008,3186
376968,1613559,3187
377270,1778664,3188
378368,794385,3189
378812,10499499,3190
380099,3742654,3191
381583,458400,3192
382026,941799,3193
382466,10332,3194
385014,1564174,3195
385626,77527,3196
387616,6046605,3197
388206,84140,3198
388423,7523107,3199
388565,703863,3200
390069,7043361,3201
391155,26188201,3202
391231,6323700,3203
391546,5371028,3204
392165,5609638,3205
392378,3264328,3206
392818,5559746,3207
393156,3946948,3208
393968,170908,3209
393988,484435,3210
394544,23698291,3211
395184,778901,3212
395252,25760755,3213
396224,59849,3214
396227,4765488,3215
396339,246453,3216
396843,1541672,3217
397826,2879492,3218
397838,3415990,3219
398991,3086277,3220
399470,85371,3221
399498,12412035,3222
399687,3807936,3223
399815,7888546,3224
399853,1971838,3225
400346,1696910,3226
400853,1788788,3227
401183,834463,3228
401218,593339,3229
401850,2058037,3230
402613,4041292,3231
402946,3258183,3232
403467,921692,3233
403500,12397944,3234
403838,2723772,3235
403863,454571,3236
404663,1267947,3237
404989,68797,3238
405252,35523302,3239
405519,14330401,3240
406193,23972703,3241
406414,3365066,3242
406517,26971736,3243
406558,4842783,3244
407292,4863695,3245
407586,1770661,3246
407905,1236471,3247
408683,167415,3248
408706,1933319,3249
409456,3,3250
409753,1793216,3251
409977,69464,3252
410846,357926,3253
412068,4980600,3254
413369,8075361,3255
414684,44284,3256
415623,8688211,3257
416177,13314391,3258
416223,5038728,3259
416482,4019076,3260
416726,12519277,3261
417486,6158651,3262
417625,5549632,3263
418016,8302467,3264
418807,5287474,3265
419478,535354,3266
420159,564827,3267
421185,1569354,3268
421295,4133025,3269
421645,2918898,3270
421877,6917879,3271
422146,4969010,3272
422485,3287440,3273
423411,4334188,3274
423614,4149673,3275
423673,25396420,3276
424217,992637,3277
424563,1664824,3278
424749,13361831,3279
425221,8613311,3280
425766,1686346,3281
426029,723351,3282
428290,18620620,3283
428570,633242,3284
429169,1435757,3285
429184,2770365,3286
429230,576275,3287
429549,4506253,3288
431646,4021000,3289
433494,4261110,3290
433540,1089972,3291
434504,55075,3292
434819,83652,3293
434847,323862,3294
434915,37061135,3295
434962,4097890,3296
435685,110960,3297
436436,10701480,3298
436630,1387768,3299
437053,3233075,3300
437138,221191,3301
437217,1634761,3302
438275,19329308,3303
438377,1987873,3304
439411,71351,3305
439430,401941,3306
441166,20634006,3307
441508,1696648,3308
445326,104691,3309
446381,2742292,3310
446450,1999756,3311
447416,18102699,3312
447672,4575138,3313
447998,11674344,3314
448143,1339395,3315
449140,5328048,3316
450959,3846746,3317
451083,286,3318
452010,1122651,3319
452030,18129755,3320
452451,119783,3321
452935,5507187,3322
453568,15909777,3323
454466,3191155,3324
455334,24347494,3325
456819,218,3326
457340,3704685,3327
458031,1692743,3328
458132,15082630,3329
458252,381888,3330
461013,5967607,3331
461028,7138263,3332
461163,22936716,3333
463382,574371,3334
463438,288112,3335
463624,1408597,3336
463730,233756,3337
464401,4891271,3338
464905,1302982,3339
464963,2412558,3340
466103,5108511,3341
466305,2177644,3342
466825,3116477,3343
467929,22042321,3344
468889,783290,3345
471815,5895183,3346
472169,4822582,3347
472637,82921,3348
472922,213282,3349
473611,1790664,3350
474067,5368151,3351
474252,640403,3352
474270,1180184,3353
475995,617,3354
478069,6802,3355
478130,292014,3356
479680,1068447,3357
480191,5100047,3358
480585,18701,3359
480805,2934405,3360
481775,14757819,3361
481803,2084502,3362
482716,5037689,3363
483793,1632074,3364
484558,2385308,3365
485242,11548607,3366
486426,3186143,3367
486813,3332360,3368
487321,6007936,3369
488657,1631380,3370
488732,2115102,3371
488816,410434,3372
490116,3149318,3373
490436,3828563,3374
491454,107326,3375
491529,6522574,3376
491554,24993827,3377
492611,8784787,3378
496492,23471586,3379
499446,75360,3380
499562,160494,3381
499697,70535,3382
499744,6510768,3383
502194,821950,3384
502752,5673322,3385
503082,226701,3386
503589,120501,3387
503861,1040983,3388
505183,34949,3389
505233,4446319,3390
505420,1170242,3391
508289,8712437,3392
508451,1695259,3393
509742,2396673,3394
510013,5050943,3395
510150,494349,3396
510570,24152008,3397
510814,7234998,3398
514161,6428514,3399
514561,899705,3400
514699,4604280,3401
514808,15078869,3402
514977,15298303,3403
517990,6449736,3404
518238,40342167,3405
519233,2187427,3406
519318,8249846,3407
522248,375574,3408
522295,5642956,3409
522735,629322,3410
522932,10325523,3411
525011,9109543,3412
526335,14354369,3413
526603,4310172,3414
527007,15018680,3415
528303,1432736,3416
530233,3074490,3417
530313,190266,3418
531103,22602660,3419
533300,2037818,3420
533631,462499,3421
533670,1018826,3422
533902,274399,3423
534647,2810146,3424
536669,9577181,3425
537683,297868,3426
537898,212393,3427
540189,4806644,3428
541019,2934069,3429
541100,28831742,3430
541438,1055604,3431
541656,48578,3432
542289,932285,3433
542646,2039661,3434
543807,5290033,3435
545183,2684941,3436
545325,28383869,3437
545647,9214704,3438
548962,55814,3439
549266,4550233,3440
549907,1188721,3441
551740,190931,3442
552411,9180534,3443
552538,364150,3444
553170,1258156,3445
554129,22522228,3446
554331,4500575,3447
554380,16848385,3448
555520,514958,3449
555952,1235150,3450
557215,60271,3451
557565,5877204,3452
559355,98525,3453
559664,971793,3454
561487,2617201,3455
562076,17285864,3456
562254,6667172,3457
562928,12050576,3458
563942,11530482,3459
566850,1192313,3460
566970,830791,3461
567744,5346800,3462
568201,499930,3463
569864,2336184,3464
570678,1001337,3465
571814,25698477,3466
572340,11842329,3467
572641,2072435,3468
573156,6241346,3469
574434,10027659,3470
576240,8751965,3471
576388,3625532,3472
576807,2776573,3473
577541,29267157,3474
578750,6385004,3475
578868,77235,3476
579327,176860,3477
579650,1678234,3478
581575,7069519,3479
583404,13598671,3480
584007,3483707,3481
584781,5186832,3482
585925,1753645,3483
586481,17203680,3484
588077,87532,3485
588545,482356,3486
589067,4126366,3487
589129,15953511,3488
589181,277579,3489
593373,19715315,3490
593780,1114965,3491
594225,18073084,3492
594267,2154163,3493
594988,9889791,3494
595659,2272286,3495
598294,791280,3496
598888,17425581,3497
602347,20154072,3498
602627,6047291,3499
603443,17544890,3500
603708,34386547,3501
606830,5731039,3502
608897,3637842,3503
610071,59634,3504
611589,1846882,3505
618021,18111852,3506
619791,36582594,3507
628164,10283486,3508
629333,1250,3509
629721,10122607,3510
634891,12105672,3511
634959,3656938,3512
638442,6814482,3513
640517,9533619,3514
642621,4197654,3515
645753,5806093,3516
648732,228469,3517
648771,62214,3518
649888,2860928,3519
650422,172417,3520
651031,160658,3521
652462,4930180,3522
653862,7896426,3523
654140,63713,3524
654460,81674,3525
656048,6077386,3526
656936,13851775,3527
658704,2432034,3528
658774,344933,3529
663418,957007,3530
668274,25904021,3531
668674,7131398,3532
669321,32754184,3533
671094,24072,3534
672652,100445,3535
674852,1611184,3536
674892,24635,3537
674971,3676790,3538
677586,1286699,3539
678512,10475311,3540
680659,888145,3541
682523,27370115,3542
684554,3362697,3543
689441,1579634,3544
690841,3331081,3545
691029,5670073,3546
693990,1901641,3547
697193,2165836,3548
701139,975424,3549
705109,3515215,3550
705121,6424786,3551
705254,4923117,3552
706196,2592754,3553
707578,2175100,3554
710458,821314,3555
710590,2510627,3556
712459,10818013,3557
713215,10041501,3558
713899,3578530,3559
716017,1953760,3560
718710,2453368,3561
724627,37610363,3562
725274,369544,3563
725512,921243,3564
727475,3182655,3565
729820,35465070,3566
730023,12594536,3567
731176,2523460,3568
732847,5032417,3569
733465,8262809,3570
735056,11193060,3571
735628,7957649,3572
736368,2525093,3573
736656,316799,3574
737617,10421215,3575
737737,68723,3576
737988,4415928,3577
738469,601757,3578
739443,9599077,3579
742469,2051902,3580
743365,3492868,3581
744793,3819663,3582
745068,39352,3583
747681,141485,3584
748855,16039277,3585
748964,3491151,3586
750499,15607549,3587
750944,459206,3588
754394,15298028,3589
758407,8320661,3590
758532,2017831,3591
760192,1461487,3592
760845,233374,3593
761312,10072242,3594
764583,1634136,3595
768031,8044497,3596
770292,22781174,3597
770529,3904102,3598
771362,3698702,3599
772657,1614583,3600
774681,14860941,3601
776560,22549243,3602
777071,2752934,3603
778787,12636805,3604
780921,3456777,3605
790132,5884734,3606
791166,2503431,3607
793252,17502939,3608
794024,33117,3609
794478,28239297,3610
794749,788284,3611
795596,16862791,3612
796211,12468852,3613
796319,971928,3614
796394,2057791,3615
801444,25194895,3616
804460,429474,3617
805301,105050,3618
807717,23467888,3619
807829,9267265,3620
808892,4576552,3621
809165,4830319,3622
819482,98496,3623
822912,2834867,3624
823635,22997843,3625
823694,5006306,3626
824478,5373148,3627
826891,1153376,3628
827577,383220,3629
827721,1572023,3630
828797,2009380,3631
833222,222817,3632
833268,3215135,3633
833951,51308,3634
836230,52030,3635
841036,39165747,3636
841737,24294492,3637
844290,4282561,3638
844618,5375726,3639
847522,21265801,3640
850785,975399,3641
852662,32817989,3642
853623,6342305,3643
854541,161244,3644
856672,6976616,3645
857686,1772,3646
859419,8205137,3647
862536,3478084,3648
864574,28383547,3649
866211,3590763,3650
869687,378499,3651
869929,3371321,3652
870699,14937107,3653
874949,1612242,3654
876617,7266235,3655
877060,3053078,3656
877194,1263093,3657
879582,2749382,3658
881326,453489,3659
883823,5216385,3660
884426,16034455,3661
885704,3061958,3662
887202,1272852,3663
888087,4111439,3664
893264,22458779,3665
893778,8604922,3666
895451,4029900,3667
898023,2057819,3668
898922,800012,3669
900335,575877,3670
902606,757846,3671
907342,536028,3672
909702,1439107,3673
909734,31866617,3674
910650,21526185,3675
921883,3268381,3676
923109,3038712,3677
925208,5189809,3678
930693,4250957,3679
930978,5860000,3680
931199,101279,3681
936172,376760,3682
938058,2623122,3683
940033,4835325,3684
941601,10208,3685
944096,1326986,3686
946302,8018058,3687
947088,18510665,3688
950294,2496890,3689
952154,4618244,3690
952577,3067231,3691
958167,23489093,3692
959458,7298065,3693
959513,76359,3694
962340,6069040,3695
962465,8080560,3696
974197,4371344,3697
974284,1948292,3698
977171,24531377,3699
977402,308367,3700
977598,7236366,3701
982599,1003164,3702
984172,16863581,3703
990433,2535026,3704
995551,7238591,3705
996419,9607347,3706
1004713,17651,3707
1005624,4591571,3708
1006036,4071242,3709
1009604,1702147,3710
1018229,1407103,3711
1022591,7126779,3712
1023740,2057653,3713
1024493,1865698,3714
1024550,5392783,3715
1028468,1889575,3716
1036342,32169733,3717
1038788,19051236,3718
1040674,10201134,3719
1042265,356859,3720
1043996,2508481,3721
1062592,112547,3722
1066502,3240967,3723
1069900,21486110,3724
1072198,24653895,3725
1074346,20570725,3726
1075802,310470,3727
1076186,3623091,3728
1077651,657115,3729
1078936,398848,3730
1082902,1111975,3731
1095419,7882912,3732
1096189,4489353,3733
1097039,19619766,3734
1097980,4506227,3735
1098640,146600,3736
1099515,208596,3737
1107983,145378,3738
1108705,410492,3739
1110230,27314711,3740
1110500,351188,3741
1114617,11750410,3742
1130576,627024,3743
1137686,1342732,3744
1138685,2577175,3745
1149747,4489035,3746
1150316,10836986,3747
1157201,776244,3748
1161633,856470,3749
1164098,1272614,3750
1176140,4876718,3751
1183839,4062744,3752
1188790,826826,3753
1192592,2858523,3754
1200910,456194,3755
1201837,7288909,3756
1218902,1397453,3757
1226886,2536121,3758
1227518,8839882,3759
1237371,29343417,3760
1241228,4189807,3761
1242463,4517015,3762
1245247,29206849,3763
1252642,5472005,3764
1253239,16167732,3765
1263851,905226,3766
1264160,1582525,3767
1271728,3562037,3768
1274995,2604449,3769
1279290,7851351,3770
1280054,2523036,3771
1282838,12206409,3772
1283598,1989696,3773
1288658,137225,3774
1294089,4404650,3775
1298711,29645511,3776
1304039,19179308,3777
1305201,5035534,3778
1305344,925678,3779
1305990,2410513,3780
1306339,27508266,3781
1312579,23477235,3782
1318374,12593927,3783
1321046,239718,3784
1322581,17351808,3785
1322707,2917342,3786
1322743,465635,3787
1325456,12997007,3788
1328941,6866977,3789
1330228,76044,3790
1339690,22641996,3791
1340910,5346629,3792
1352520,365942,3793
1354271,1128070,3794
1358374,6602841,3795
1358675,1589825,3796
1372888,609887,3797
1375442,4216567,3798
1376526,292785,3799
1380074,15274205,3800
1389401,21624132,3801
1397247,25743454,3802
1410752,4581218,3803
1423001,1450694,3804
1431835,10914108,3805
1444728,279963,3806
1445319,1445203,3807
1450397,3176605,3808
1479053,2155343,3809
1479564,14417228,3810
1481206,75358,3811
1490457,6603421,3812
1499969,2618438,3813
1501407,1309101,3814
1506401,362936,3815
1514523,686389,3816
1515609,7564029,3817
1521427,421925,3818
1525488,26574345,3819
1526010,3036907,3820
1530635,4551887,3821
1553778,26374999,3822
1557121,3672654,3823
1558744,16380802,3824
1562246,995227,3825
1568934,606843,3826
1569695,29704620,3827
1589318,1860917,3828
1590411,59494,3829
1595344,758535,3830
1601017,1475943,3831
1605852,10254102,3832
1623214,3087390,3833
1637152,7286818,3834
1638551,20767684,3835
1638555,3486285,3836
1640434,925342,3837
1656001,32164643,3838
1669148,7235762,3839
1678570,127121,3840
1693005,2982040,3841
1724775,1739105,3842
1728200,3438158,3843
1734102,7541226,3844
1744129,3634242,3845
1745547,6363540,3846
1749611,3767574,3847
1761917,5108072,3848
1787323,284472,3849
1787614,1078878,3850
1804515,389789,3851
1812556,2225681,3852
1815822,3309897,3853
1816281,8900275,3854
1817755,1615033,3855
1826381,349634,3856
1833010,13474690,3857
1835010,1774014,3858
1840178,5492622,3859
1852530,4617238,3860
1855486,13858785,3861
1858883,3720947,3862
1859806,2686768,3863
1874372,5844206,3864
1877925,429823,3865
1879275,7944984,3866
1882078,2172517,3867
1916700,4710477,3868
1927372,8540731,3869
1940259,6816440,3870
2005004,5866069,3871
2041275,14128315,3872
2102127,7545468,3873
2112826,27733029,3874
2131797,5085991,3875
2171480,1507078,3876
2193698,2509533,3877
2210160,23599940,3878
2219155,2162325,3879
2232029,2277541,3880
2236001,7531998,3881
2258178,12893378,3882
2276582,22283124,3883
2322277,15536767,3884
2333221,7268077,3885
2334846,9632459,3886
2340022,10319595,3887
2382287,436740,3888
2410302,458642,3889
2456256,4496050,3890
2468414,778953,3891
2470319,23881476,3892
2485108,1734519,3893
2543576,2578955,3894
2553985,96976,3895
2561872,688634,3896
2610879,2073800,3897
2626887,164980,3898
2640589,804282,3899
2656158,7664629,3900
2676982,30303108,3901
2714340,28285122,3902
2723063,18231758,3903
2758067,1624087,3904
2763370,17632406,3905
2766392,413057,3906
2804101,1105830,3907
2812871,2254467,3908
2822161,2047900,3909
2882846,182257,3910
2903298,27027,3911
2917974,2664220,3912
2919369,5064787,3913
2923445,9908057,3914
2958170,38657615,3915
3062646,2409401,3916
3078357,10471793,3917
3143141,18951711,3918
3164779,1440489,3919
3188714,5930219,3920
3206247,2630269,3921
3265095,37052591,3922
3322743,9592230,3923
3335871,2022580,3924
3586863,6579517,3925
3694532,45636,3926
3704316,3756050,3927
3722350,2835136,3928
3792683,8346856,3929
3867424,63615,3930
3907288,5239139,3931
3911050,4918292,3932
3975143,15204602,3933
3988355,1990722,3934
3989482,5994211,3935
4122667,1989174,3936
4123626,1191774,3937
4160390,2549747,3938
