seen,user_index,seed_size
1,562,1
9,2972404,2
14,5083255,3
19,2414071,4
22,16034,5
31,3845988,6
34,1192527,7
41,208968,8
50,4815490,9
51,13265474,10
59,14981,11
62,5920164,12
63,225660,13
67,174987,14
74,40790,15
87,3700,16
98,1007621,17
109,403597,18
124,3013423,19
127,798057,20
140,16654879,21
148,19277008,22
167,5662907,23
171,2940421,24
173,1097321,25
175,1135393,26
184,3353728,27
197,13222709,28
203,779178,29
223,4867980,30
231,60712,31
235,6526691,32
245,2612909,33
247,91836,34
298,9208197,35
302,31164,36
303,6682483,37
312,10914837,38
314,453564,39
316,3713008,40
323,2032323,41
326,25412,42
334,12985444,43
337,1732,44
342,77577,45
345,5223690,46
346,2711516,47
349,4870943,48
359,3688957,49
368,5261664,50
370,4476618,51
377,1018982,52
382,2583596,53
387,3462535,54
390,2366713,55
397,40175,56
398,172941,57
400,42463,58
402,10267961,59
405,965666,60
411,13664848,61
435,4597021,62
440,11470211,63
449,4600285,64
454,4972897,65
456,6837396,66
463,146809,67
471,299,68
473,4081105,69
478,8071144,70
483,10076664,71
485,4444703,72
488,11979194,73
489,94531,74
490,2424065,75
503,3148941,76
506,2469422,77
512,12245921,78
518,140199,79
546,4262,80
555,1141506,81
577,4931179,82
583,6635639,83
585,2144501,84
593,1349932,85
603,12596354,86
606,11610631,87
617,7590350,88
619,833364,89
627,3991761,90
629,4298170,91
642,2875528,92
644,34593,93
653,8843078,94
670,81887,95
682,9723175,96
697,18100405,97
700,1865584,98
707,20813957,99
750,4006848,100
766,1318962,101
780,1449542,102
785,5824533,103
798,656198,104
833,4983671,105
835,146854,106
840,10672725,107
841,13296076,108
845,5747486,109
846,329754,110
848,5727122,111
854,3949570,112
865,6917667,113
884,25587802,114
885,9279019,115
903,2149861,116
912,2259846,117
927,9071090,118
930,482833,119
958,3817489,120
961,21682,121
962,19571,122
996,3244123,123
1000,337774,124
1008,321597,125
1011,28321,126
1057,3794,127
1061,630365,128
1074,2830596,129
1108,798556,130
1118,3268967,131
1121,8495261,132
1132,7182651,133
1146,4748122,134
1172,2886542,135
1180,41599,136
1230,345442,137
1259,1605290,138
1268,168811,139
1347,31853827,140
1354,14143836,141
1367,284716,142
1413,4229950,143
1445,4444667,144
1448,6271199,145
1505,1309784,146
1524,3938345,147
1526,5759085,148
1530,3669597,149
1536,3947763,150
1542,1697648,151
1557,11676399,152
1577,2260091,153
1580,1302958,154
1587,334405,155
1589,119352,156
1593,93924,157
1636,12929257,158
1640,560829,159
1643,23511230,160
1645,886544,161
1656,2217247,162
1657,5015896,163
1669,10136505,164
1701,2126550,165
1709,39526,166
1710,1119268,167
1729,8747,168
1776,6219991,169
1795,14567016,170
1808,8332565,171
1813,48226,172
1827,226859,173
1833,5979348,174
1860,7664670,175
1863,4145009,176
1904,5935362,177
1937,4082196,178
1959,11210604,179
1980,5187329,180
1992,0,181
2032,5190999,182
2041,694284,183
2067,911416,184
2068,7695453,185
2106,194215,186
2111,1128434,187
2116,10094129,188
2130,102373,189
2132,145986,190
2149,3869107,191
2150,2499792,192
2151,8288756,193
2153,24546229,194
2164,254418,195
2171,5338450,196
2179,5577016,197
2209,4290441,198
2220,154344,199
2245,135649,200
2249,2532057,201
2250,7503205,202
2288,14107065,203
2292,14142324,204
2294,23871288,205
2298,271354,206
2316,13226995,207
2345,418383,208
2355,1533235,209
2357,5555170,210
2358,3072423,211
2378,298759,212
2399,800601,213
2445,3929695,214
2448,1561607,215
2451,2341353,216
2475,5325781,217
2559,222199,218
2564,4894694,219
2568,2011062,220
2570,4100982,221
2634,4462150,222
2668,334363,223
2694,4069634,224
2700,213790,225
2717,4406103,226
2729,5694561,227
2743,11667553,228
2751,12207823,229
2776,1125942,230
2789,9697537,231
2801,16120789,232
2803,1445642,233
2828,16496316,234
2845,33170471,235
2855,1152735,236
2864,10170362,237
2865,289821,238
2899,705696,239
2971,5651567,240
2973,5083158,241
2974,5151008,242
3007,677143,243
3012,541589,244
3031,532071,245
3044,10034976,246
3047,4058231,247
3078,1683546,248
3091,10748073,249
3219,1565798,250
3234,6338728,251
3238,1837967,252
3275,7007002,253
3299,7896011,254
3344,4082907,255
3350,892034,256
3367,298913,257
3370,4480303,258
3386,11743697,259
3409,42357,260
3411,7,261
3430,5421656,262
3434,593595,263
3440,12803471,264
3446,142676,265
3494,285748,266
3523,288074,267
3537,8866392,268
3545,1181107,269
3548,5299544,270
3565,2880025,271
3569,2148325,272
3594,1874354,273
3626,3202475,274
3645,1832010,275
3648,9075737,276
3658,25839063,277
3664,2014292,278
3672,15416676,279
3675,637690,280
3706,53645,281
3727,2729452,282
3768,1629767,283
3771,12457493,284
3772,11201340,285
3773,29186,286
3791,3386497,287
3800,2599578,288
3827,25391,289
3832,3216086,290
3839,12445576,291
3845,2314261,292
3864,18988802,293
3880,2120717,294
3894,16461,295
3904,6467200,296
3912,8163500,297
3926,916043,298
3959,1875356,299
3965,14570767,300
3982,25759380,301
3984,542396,302
3987,4476253,303
3991,17625195,304
4004,5887366,305
4015,2685713,306
4045,1935160,307
4089,6637125,308
4107,5164879,309
4111,4368171,310
4118,6527203,311
4119,4287299,312
4138,8101322,313
4150,2886414,314
4193,6712070,315
4220,1727238,316
4225,5066900,317
4232,11164933,318
4237,2751082,319
4241,6971018,320
4310,4393,321
4330,11379731,322
4340,13757631,323
4424,1504822,324
4426,871436,325
4435,5152306,326
4447,811778,327
4473,847803,328
4487,2902101,329
4496,6989103,330
4514,5527638,331
4515,7970688,332
4517,3185392,333
4636,8760897,334
4653,200894,335
4660,296872,336
4673,3639607,337
4679,1946704,338
4714,450975,339
4727,5347996,340
4732,12272965,341
4738,27244969,342
4741,206099,343
4810,4998216,344
4836,8443829,345
4859,7072388,346
4894,12839921,347
4900,2561450,348
4919,29622820,349
4933,8305997,350
4941,12377770,351
4954,1653626,352
4959,4384780,353
4973,19082,354
4983,106358,355
4997,2292315,356
5031,65657,357
5043,1260893,358
5046,147785,359
5081,581614,360
5084,3575683,361
5142,3842505,362
5159,11645557,363
5173,601724,364
5187,6858255,365
5188,4748924,366
5218,2516402,367
5245,3489643,368
5249,4701952,369
5251,1846804,370
5258,1820314,371
5276,3145233,372
5338,91856,373
5342,6755932,374
5360,4135048,375
5418,12069125,376
5481,4258803,377
5510,1398678,378
5580,6484416,379
5594,4581996,380
5595,5662119,381
5605,5650077,382
5615,3268671,383
5639,526250,384
5658,5012036,385
5671,243316,386
5679,490252,387
5702,202028,388
5733,9765191,389
5770,1489956,390
5776,3547514,391
5788,166347,392
5802,900884,393
5808,11748016,394
5811,5623022,395
5829,2871362,396
5852,74503,397
5897,5985453,398
5898,4497028,399
5924,2749095,400
5956,1141558,401
5963,5959970,402
5966,3853547,403
6037,9051863,404
6051,4568547,405
6075,128,406
6077,18030288,407
6217,3793993,408
6244,5735262,409
6250,3658153,410
6280,8653054,411
6307,3202737,412
6324,15254085,413
6358,6812115,414
6362,6063314,415
6376,1563748,416
6394,27932498,417
6421,1893287,418
6430,3075660,419
6431,11250956,420
6468,2018955,421
6469,12915503,422
6491,587887,423
6506,9371994,424
6532,17400522,425
6622,3525592,426
6668,46303,427
6722,5004428,428
6854,10579567,429
6862,156780,430
6890,997916,431
6978,5570607,432
7002,1376047,433
7016,28605413,434
7036,5320,435
7078,45257,436
7103,10974345,437
7174,11178855,438
7212,967412,439
7216,4564243,440
7239,1161957,441
7271,4648907,442
7285,6340757,443
7287,2341033,444
7288,833047,445
7292,34009,446
7302,4876513,447
7339,3777714,448
7359,1360123,449
7390,9434866,450
7477,4791011,451
7530,13113543,452
7541,84958,453
7562,1819076,454
7604,1411223,455
7623,7657275,456
7679,325693,457
7724,2795165,458
7725,4985051,459
7730,5390986,460
7739,7383777,461
7746,3961734,462
7850,16993107,463
7865,3087043,464
7868,2507238,465
7917,12208746,466
7945,4534460,467
7975,10749421,468
7986,5800120,469
8011,1843411,470
8017,1340424,471
8032,10715087,472
8044,309146,473
8074,1292636,474
8083,5517875,475
8114,12325246,476
8116,391240,477
8134,10326307,478
8154,1,479
8167,740076,480
8171,663828,481
8198,32920594,482
8231,47364,483
8277,2890583,484
8283,681752,485
8285,26892836,486
8286,3380158,487
8313,30785218,488
8349,2420931,489
8390,4579158,490
8402,5518350,491
8403,807765,492
8416,3949916,493
8456,6403960,494
8461,14226879,495
8486,22209873,496
8493,2350871,497
8503,887117,498
8534,2965970,499
8659,3533875,500
8714,96622,501
8720,4973336,502
8766,4146380,503
8773,18318459,504
8774,5200574,505
8791,3667493,506
8816,26107898,507
8847,3340646,508
8911,13058730,509
8920,16660,510
8968,3077038,511
8983,3240285,512
8997,2091450,513
9022,33565836,514
9109,731680,515
9176,8096625,516
9197,12514614,517
9201,37363195,518
9208,6905,519
9233,2893864,520
9238,5909486,521
9298,7689067,522
9342,17858667,523
9347,1051206,524
9372,672,525
9410,248971,526
9417,12415210,527
9450,63329,528
9473,1098667,529
9502,907701,530
9521,17700959,531
9527,25592491,532
9620,2099112,533
9652,7813124,534
9657,3018551,535
9693,31898,536
9724,16063,537
9733,2070533,538
9734,4998524,539
9748,24127059,540
9764,33723106,541
9809,620971,542
9853,3274818,543
9892,13939577,544
9904,5135458,545
9908,284525,546
9942,11263732,547
9971,1245708,548
9985,24075509,549
10067,434608,550
10070,19582700,551
10092,902689,552
10108,1132479,553
10113,2747706,554
10118,816101,555
10126,1060853,556
10168,3654934,557
10174,1139150,558
10286,10420731,559
10473,6688492,560
10476,5772750,561
10481,2363033,562
10492,5830084,563
10506,148720,564
10550,7794025,565
10592,9079596,566
10629,194392,567
10741,9662428,568
10797,34384991,569
10803,1134670,570
10816,688532,571
10822,75553,572
10835,963248,573
10848,5373373,574
10998,9070545,575
11010,2019322,576
11019,4547735,577
11070,8435364,578
11116,1009133,579
11123,110969,580
11143,4751730,581
11145,615,582
11180,14295391,583
11334,1565146,584
11357,28952605,585
11372,11215519,586
11379,766495,587
11398,6858167,588
11399,12468105,589
11459,3522817,590
11525,2880505,591
11565,995746,592
11580,3257,593
11585,2594110,594
11591,3288762,595
11613,5115210,596
11619,870863,597
11702,467313,598
11720,6735979,599
11764,5828092,600
11813,8554266,601
11999,87082,602
12009,376939,603
12033,2382596,604
12047,4284315,605
12065,54773,606
12070,9357280,607
12096,5918529,608
12102,16455,609
12112,447346,610
12142,13905933,611
12166,6858529,612
12188,17794218,613
12196,5970175,614
12217,819053,615
12356,202265,616
12369,66868,617
12395,7905162,618
12414,2940254,619
12419,119057,620
12429,654391,621
12512,1071823,622
12536,268593,623
12559,1340482,624
12588,663807,625
12682,2172271,626
12732,5241824,627
12801,4572964,628
12808,8406539,629
12826,2867146,630
12876,23707475,631
12912,1316279,632
13013,8713705,633
13024,433260,634
13025,2560571,635
13104,7944133,636
13106,7690560,637
13122,14602461,638
13150,1992054,639
13155,5622515,640
13180,18455,641
13211,8401472,642
13300,4165293,643
13344,875285,644
13387,6656598,645
13451,69617,646
13452,4192630,647
13513,1040164,648
13520,27411391,649
13524,6866859,650
13545,5199277,651
13574,11132091,652
13580,1784377,653
13581,3489688,654
13648,3479835,655
13710,3954703,656
13715,3683417,657
13721,23938743,658
13723,21173,659
13733,10890800,660
13736,1074109,661
13773,5676094,662
13774,112765,663
13822,5214603,664
13861,4842821,665
13874,737268,666
13892,1098340,667
13975,23460946,668
13983,5936965,669
14012,962192,670
14084,350078,671
14104,7980733,672
14121,5334421,673
14148,72568,674
14174,48715,675
14295,4355113,676
14326,8706995,677
14462,1423789,678
14476,9486038,679
14478,353188,680
14486,4391711,681
14499,367398,682
14605,4389737,683
14615,4434488,684
14654,9258764,685
14669,4262513,686
14700,12792906,687
14755,287480,688
14790,20429073,689
14817,2027928,690
14832,12246614,691
14882,11330633,692
14942,8498911,693
14954,2613067,694
14980,5764670,695
15026,3200571,696
15062,6784265,697
15098,13011480,698
15106,13126424,699
15132,15757893,700
15145,1723232,701
15216,1594832,702
15245,5204292,703
15265,980463,704
15421,456018,705
15554,856685,706
15594,4614790,707
15733,4592766,708
15759,356576,709
15789,768013,710
15811,17910588,711
15842,7016725,712
15879,8594566,713
15918,3275142,714
15922,23715,715
15941,451490,716
15960,2490858,717
16010,532344,718
16016,35624316,719
16030,3788796,720
16079,2026024,721
16128,9461062,722
16206,2190708,723
16233,3560218,724
16356,4461978,725
16360,3834412,726
16382,4808518,727
16396,12794016,728
16465,17146421,729
16473,9359415,730
16512,8265635,731
16574,24192593,732
16587,10588940,733
16601,9640594,734
16612,6986873,735
16640,940388,736
16704,3361299,737
16714,9812771,738
16769,8900246,739
16774,2868041,740
16799,60004,741
16989,4663905,742
17008,15620108,743
17027,4706782,744
17055,1439641,745
17202,11537940,746
17224,2886286,747
17247,4888050,748
17268,4372766,749
17294,619552,750
17385,5194716,751
17387,12041,752
17392,4803384,753
17462,3342395,754
17486,130490,755
17554,320021,756
17565,10933208,757
17575,6072890,758
17613,9755476,759
17615,2090557,760
17616,17797762,761
17781,23069974,762
17835,11392012,763
17862,312153,764
17872,23623,765
17902,10080178,766
17985,2078849,767
18016,1031612,768
18023,1941292,769
18067,1140605,770
18213,902515,771
18284,815202,772
18289,504640,773
18318,32984674,774
18325,4857546,775
18363,8525586,776
18389,8678293,777
18409,1078931,778
18419,19014774,779
18527,233629,780
18528,8799110,781
18563,3287311,782
18611,5154906,783
18708,34831,784
18710,1765469,785
18720,142023,786
18778,1885092,787
18805,2444481,788
18856,3601214,789
18860,2069879,790
18861,10649989,791
18868,23084096,792
19093,467470,793
19102,9217582,794
19221,7233602,795
19250,13455791,796
19425,24360019,797
19483,81536,798
19602,1862740,799
19614,10389169,800
19617,6973085,801
19715,7591456,802
19774,2761181,803
19790,5975220,804
19842,21125966,805
19847,1152653,806
20002,1282626,807
20010,1027325,808
20025,1218020,809
20037,15933158,810
20089,1436913,811
20112,9698723,812
20119,111737,813
20133,4383375,814
20213,328425,815
20216,7075949,816
20440,2627073,817
20482,3445965,818
20483,3341674,819
20617,460512,820
20668,4660552,821
20683,6426987,822
20688,8307145,823
20788,11476676,824
20869,3908336,825
20962,2523818,826
20987,7246664,827
21042,7239949,828
21046,2237225,829
21236,3201709,830
21290,1252090,831
21316,3029631,832
21318,1431465,833
21340,2613374,834
21376,19603115,835
21379,9834084,836
21399,5009548,837
21416,353230,838
21428,3643000,839
21756,4550734,840
21983,128298,841
22022,4608137,842
22051,27001622,843
22118,3249247,844
22173,5898488,845
22229,36936289,846
22250,253139,847
22272,5843656,848
22302,1900634,849
22336,1512492,850
22355,8683933,851
22396,1555,852
22448,4692729,853
22455,2121115,854
22511,1721713,855
22560,25853049,856
22562,36332,857
22586,1003220,858
22661,2285748,859
22666,29140938,860
22677,29717979,861
22759,864538,862
22774,18186,863
22786,227766,864
23010,20424054,865
23036,144887,866
23052,7189491,867
23062,1289540,868
23135,26126,869
23193,16886,870
23221,3831281,871
23245,450381,872
23274,59406,873
23278,7534363,874
23294,1744873,875
23480,1836746,876
23481,7570110,877
23505,1121557,878
23626,5513556,879
23634,6137696,880
23673,991963,881
23676,245926,882
23702,82168,883
23704,4831798,884
23765,10032618,885
23812,6142147,886
24035,14295332,887
24084,47122,888
24139,28924452,889
24144,1058532,890
24186,18419969,891
24272,671530,892
24341,1713744,893
24343,347753,894
24392,3972083,895
24439,9105293,896
24481,2707819,897
24535,7981930,898
24538,32224283,899
24562,5282140,900
24596,8366238,901
24712,3489583,902
24746,479842,903
24782,3388126,904
24789,6912417,905
24807,13148080,906
24843,21915,907
24875,1223168,908
24928,15154496,909
24929,1587700,910
25041,29149965,911
25052,4336668,912
25113,5379978,913
25114,2884781,914
25137,3584800,915
25154,39465,916
25177,10690753,917
25234,13272173,918
25297,8573039,919
25326,3603835,920
25352,2007468,921
25357,219772,922
25420,70539,923
25424,3488771,924
25524,5108460,925
25721,238374,926
25760,5422027,927
25991,12469287,928
26016,986628,929
26032,5459505,930
26071,1588788,931
26097,1970180,932
26146,9684245,933
26349,3865791,934
26367,2159552,935
26424,7914136,936
26511,838836,937
26536,5348995,938
26557,4727436,939
26567,1123704,940
26594,2953803,941
26657,3705968,942
26681,3629705,943
26696,2285020,944
26729,18137082,945
26797,17586384,946
26835,6332849,947
26879,3991007,948
27021,7602936,949
27030,4512826,950
27043,14621978,951
27065,1960293,952
27091,3344730,953
27194,5670980,954
27200,23966555,955
27242,2043210,956
27349,1448645,957
27413,8897863,958
27426,3566428,959
27439,4552456,960
27441,9483260,961
27454,20014017,962
27546,12838,963
27582,11514135,964
27667,730474,965
27691,662089,966
27698,356403,967
27801,621501,968
27879,402066,969
27968,43267,970
27972,16884,971
28100,78636,972
28134,1350096,973
28137,12627022,974
28227,8907538,975
28287,10500616,976
28321,28981374,977
28526,8435066,978
28529,9645610,979
28534,1089767,980
28708,19341821,981
28763,4505670,982
28805,4337324,983
28968,7927145,984
28978,2749855,985
28997,388766,986
29011,1580290,987
29049,13688539,988
29084,3457094,989
29094,135660,990
29095,638280,991
29135,218122,992
29219,1378219,993
29261,5778704,994
29273,5119715,995
29357,50572,996
29424,5237472,997
29433,1239739,998
29567,19907661,999
29587,4019083,1000
29609,1406869,1001
29655,6398030,1002
29700,2024234,1003
29747,8989529,1004
29758,5556429,1005
29788,1218057,1006
29988,34404452,1007
29993,4344552,1008
30170,1854661,1009
30191,4768054,1010
30227,669888,1011
30289,4712373,1012
30366,3372204,1013
30403,204298,1014
30478,1676052,1015
30553,6098500,1016
30568,5266199,1017
30585,17540894,1018
30602,2993028,1019
30741,1089862,1020
30774,9247488,1021
30788,96631,1022
30808,5833680,1023
30867,2683359,1024
30884,1791485,1025
30952,9173777,1026
31065,4381754,1027
31103,1389329,1028
31172,469687,1029
31178,29681,1030
31264,361607,1031
31358,1590145,1032
31364,5191646,1033
31405,21448575,1034
31410,14099375,1035
31478,4271269,1036
31638,8945322,1037
31750,323244,1038
31757,296911,1039
31847,26013922,1040
31866,581137,1041
31889,57632,1042
31890,8989491,1043
31980,15943665,1044
32095,5357063,1045
32139,532051,1046
32162,1100604,1047
32192,5875710,1048
32285,8562515,1049
32327,265941,1050
32374,9064866,1051
32528,1387208,1052
32534,7749254,1053
32537,64885,1054
32577,5326553,1055
32597,13809131,1056
32665,10277184,1057
32687,26830938,1058
32852,4104149,1059
32859,10731088,1060
32868,2454372,1061
32888,9563990,1062
32920,10067270,1063
32942,6776989,1064
32980,5507025,1065
33023,1099365,1066
33121,4882011,1067
33229,1623516,1068
33278,183381,1069
33379,3087033,1070
33440,9695187,1071
33448,22115,1072
33758,1252461,1073
33798,161911,1074
33821,48928,1075
33827,3966278,1076
34044,2149830,1077
34106,2226070,1078
34159,4894168,1079
34179,12451848,1080
34184,2271074,1081
34205,1274362,1082
34249,173384,1083
34404,4161527,1084
34423,82585,1085
34428,2544405,1086
34451,8082917,1087
34584,1487144,1088
34600,5563744,1089
34633,3164343,1090
34656,2707242,1091
34672,4534154,1092
34686,4681175,1093
34723,7616846,1094
34746,3929675,1095
34781,13323221,1096
34802,608456,1097
34808,229274,1098
34827,771624,1099
34857,52650,1100
34859,6483714,1101
34940,2248551,1102
34974,42655,1103
34987,2235349,1104
34991,22555276,1105
35032,4320765,1106
35053,5115389,1107
35148,654224,1108
35176,19019648,1109
35330,6672433,1110
35368,973909,1111
35515,2967481,1112
35717,7264267,1113
35786,5325238,1114
35804,4359671,1115
35903,2717384,1116
35924,20822384,1117
35968,2221035,1118
36008,15473802,1119
36013,11393058,1120
36035,1454845,1121
36125,236893,1122
36144,15005103,1123
36244,1638790,1124
36422,11805481,1125
36432,16480553,1126
36453,1896054,1127
36460,2917771,1128
36477,7295926,1129
36499,1226036,1130
36663,577691,1131
36679,1074821,1132
36817,3697530,1133
36864,434688,1134
36971,4139013,1135
36999,2075461,1136
37000,6025681,1137
37009,618711,1138
37044,5655928,1139
37084,4147645,1140
37336,2460150,1141
37424,356982,1142
37461,7687786,1143
37493,600542,1144
37527,7251303,1145
37554,9351086,1146
37616,11671222,1147
37696,174571,1148
37755,1454190,1149
37804,12925798,1150
37982,2700766,1151
38021,30727451,1152
38059,2879760,1153
38066,5914888,1154
38132,2159506,1155
38207,5534092,1156
38211,26572,1157
38242,1545354,1158
38322,3984146,1159
38357,757989,1160
38360,18574289,1161
38373,7904621,1162
38437,3783873,1163
38956,2306328,1164
38961,8409364,1165
39109,7952753,1166
39137,6400929,1167
39188,22618932,1168
39337,2778194,1169
39385,3169842,1170
39477,24026936,1171
39631,14618437,1172
39656,16072817,1173
39676,668,1174
39691,88476,1175
39893,22677701,1176
39921,2021403,1177
40025,1040088,1178
40071,7426036,1179
40123,1078300,1180
40211,9719190,1181
40240,3622346,1182
40418,3192365,1183
40527,26339691,1184
40568,2782200,1185
40618,156766,1186
40676,15913900,1187
40744,2203009,1188
40750,2684646,1189
40871,72206,1190
40923,1712693,1191
40977,67329,1192
41085,177573,1193
41302,313892,1194
41365,674547,1195
41402,1388542,1196
41403,2388349,1197
41409,1058108,1198
41417,56600,1199
41643,1713595,1200
41661,5975546,1201
41771,66140,1202
41903,1617254,1203
41923,22368129,1204
41935,5498417,1205
42126,1090325,1206
42171,5575642,1207
42187,2653540,1208
42236,2159678,1209
42451,201120,1210
42476,1049847,1211
42550,14156047,1212
42572,7888494,1213
42592,2764531,1214
42659,557318,1215
42711,85223,1216
42774,4671971,1217
42847,5416972,1218
42871,3913334,1219
42879,13192663,1220
42970,7450144,1221
42983,614782,1222
43052,16893,1223
43172,6019466,1224
43194,16056262,1225
43213,1274834,1226
43241,126233,1227
43253,3174485,1228
43263,98259,1229
43303,9517655,1230
43352,1290803,1231
43383,1683633,1232
43459,16182556,1233
43464,16333397,1234
43800,4652543,1235
43812,2180861,1236
43825,10827050,1237
43842,212191,1238
43852,2056261,1239
43882,240714,1240
44012,514981,1241
44269,7979050,1242
44282,3361223,1243
44314,7619118,1244
44331,15511154,1245
44480,13978333,1246
44521,16598418,1247
44552,10463575,1248
44568,3373738,1249
44659,177768,1250
44938,2137745,1251
45075,4615665,1252
45112,1900148,1253
45159,111063,1254
45312,7821524,1255
45356,15069338,1256
45428,24110157,1257
45444,59414,1258
45458,11382874,1259
45507,9104569,1260
45586,15692598,1261
45664,5242497,1262
45687,1371922,1263
45696,229271,1264
45748,11416515,1265
45825,191987,1266
45960,315974,1267
46067,6485639,1268
46073,61705,1269
46176,7737101,1270
46495,266442,1271
46613,240309,1272
46619,2659479,1273
46691,274103,1274
46692,13145969,1275
46734,28771240,1276
46758,2270549,1277
46774,238206,1278
46905,1117458,1279
47006,2830601,1280
47214,11121762,1281
47323,982876,1282
47329,904567,1283
47488,815216,1284
47544,650584,1285
47601,83142,1286
47812,1698216,1287
47937,12850208,1288
48004,3720014,1289
48074,4626737,1290
48159,1030249,1291
48289,2338906,1292
48515,3871544,1293
48863,8663684,1294
48917,11480186,1295
48918,8949586,1296
48932,26306,1297
49000,398518,1298
49033,226670,1299
49105,2787835,1300
49117,18355276,1301
49137,4947602,1302
49178,29706,1303
49189,829149,1304
49234,2722345,1305
49421,110933,1306
49426,5808950,1307
49430,8613514,1308
49560,2248469,1309
49749,3883106,1310
49875,4600640,1311
50033,1597562,1312
50308,3069724,1313
50335,6468357,1314
50351,4761223,1315
50833,24335,1316
50924,613088,1317
50928,4492847,1318
50967,1014789,1319
51036,12649930,1320
51061,1211940,1321
51346,2336219,1322
51398,14234751,1323
51641,305717,1324
51662,1625939,1325
51972,4567912,1326
51981,16638920,1327
52063,694160,1328
52222,7424808,1329
52337,988,1330
52377,2393805,1331
52383,291379,1332
52389,1184888,1333
52476,5909650,1334
52850,300849,1335
52881,19993111,1336
52955,6730675,1337
53171,1907802,1338
53172,56858,1339
53179,675637,1340
53298,6371353,1341
53349,25027196,1342
53512,672697,1343
53519,6461714,1344
53658,19292605,1345
53792,246152,1346
53852,1853515,1347
54016,2699567,1348
54117,156642,1349
54297,2453004,1350
54328,500150,1351
54416,449048,1352
54489,19688490,1353
54743,5721425,1354
54915,458588,1355
54937,12680417,1356
55084,2756598,1357
55115,1888893,1358
55133,893605,1359
55207,19848029,1360
55212,1333130,1361
55528,14807499,1362
55677,4789865,1363
56078,678148,1364
56098,3743986,1365
56302,7659407,1366
56356,7676635,1367
56363,2109701,1368
56449,70491,1369
56451,949675,1370
56551,2975145,1371
56626,11200327,1372
56703,1483136,1373
56802,29371590,1374
56829,26289082,1375
56908,2300296,1376
57238,1453175,1377
57403,279362,1378
57638,203655,1379
57660,1012748,1380
57698,4140302,1381
57707,5038162,1382
57731,1897088,1383
57795,6810986,1384
58007,581692,1385
58010,13160317,1386
58209,23767,1387
58260,5541554,1388
58343,551079,1389
58420,343743,1390
58489,3030999,1391
58626,5420072,1392
58769,1101250,1393
58802,6356306,1394
59081,32190,1395
59124,2226987,1396
59150,34609,1397
59244,1833094,1398
59478,4171042,1399
59576,947663,1400
59623,1185297,1401
59759,18828580,1402
59788,32285,1403
59798,18572822,1404
59840,11656343,1405
60137,3622990,1406
60149,2406582,1407
60191,2755818,1408
60237,7670994,1409
60476,1279027,1410
60482,4097878,1411
60587,1874876,1412
60721,15773351,1413
60762,28048718,1414
60790,173307,1415
60851,2626390,1416
61141,6855443,1417
61269,1220081,1418
61458,4515036,1419
61470,11469325,1420
61476,25620008,1421
61513,10368,1422
61541,909735,1423
61668,5026087,1424
61738,5370570,1425
61747,12901533,1426
62106,14387,1427
62111,6819553,1428
62140,8074080,1429
62166,18995603,1430
62185,1717516,1431
62220,2094029,1432
62257,12184521,1433
62324,23641744,1434
62574,50712,1435
62690,58188,1436
62717,8401118,1437
62791,1468016,1438
62937,1234417,1439
62977,2307010,1440
63095,8425052,1441
63136,1979059,1442
63165,871053,1443
63191,2715405,1444
63314,16890,1445
63361,1138656,1446
63700,2927332,1447
63740,10424708,1448
63883,1056245,1449
64022,14006136,1450
64065,7169810,1451
64089,6767236,1452
64099,25179794,1453
64163,9710697,1454
64382,321991,1455
64772,208613,1456
64947,499344,1457
65080,364757,1458
65094,21764283,1459
65141,8611423,1460
65260,6560650,1461
65458,1561292,1462
65496,74787,1463
65572,364344,1464
65752,7820856,1465
65756,49843,1466
65816,686782,1467
65879,5093500,1468
66015,85049,1469
66094,5432626,1470
66096,1134643,1471
66240,22684671,1472
66499,15225615,1473
66587,306201,1474
66651,1880760,1475
66669,3865264,1476
66682,27401,1477
66689,3881190,1478
66719,7030176,1479
66721,1617715,1480
66858,1068641,1481
66884,11914148,1482
66929,8501790,1483
66964,1187456,1484
67024,279246,1485
67210,955403,1486
67226,17709484,1487
67282,4380883,1488
67348,1673859,1489
67477,17438667,1490
67509,968918,1491
67561,2544139,1492
67572,2388571,1493
67677,32588,1494
67698,279964,1495
67883,4350709,1496
68010,944806,1497
68051,632867,1498
68080,1717100,1499
68115,1231148,1500
68152,5478671,1501
68182,1110847,1502
68352,23759547,1503
68383,11934769,1504
68417,5777093,1505
68450,27401157,1506
68453,151250,1507
68501,23278805,1508
68515,26609931,1509
68603,7291009,1510
68672,156364,1511
68751,3358846,1512
68883,10253120,1513
69013,35385343,1514
69050,1740529,1515
69174,64308,1516
69325,690168,1517
69341,4670860,1518
69366,3348709,1519
69650,97284,1520
69798,1356805,1521
69850,5659795,1522
69897,2024176,1523
70096,4941466,1524
70178,2748270,1525
70199,20404927,1526
70259,564140,1527
70593,5085230,1528
70635,19327638,1529
70777,2796536,1530
70868,6590428,1531
70941,4796704,1532
71138,3960140,1533
71439,231152,1534
71525,40050594,1535
71633,4425333,1536
71636,1083311,1537
71642,12907974,1538
71654,2288852,1539
71798,3517782,1540
71906,30852502,1541
71923,7577049,1542
72386,25857311,1543
72408,10012403,1544
72417,1347279,1545
72418,195390,1546
72452,15791627,1547
72799,4226345,1548
73146,13619896,1549
73161,1059054,1550
73266,400765,1551
73277,1672817,1552
73337,1423025,1553
73537,5022049,1554
73689,13321086,1555
73902,12531560,1556
73911,1681037,1557
74068,14849652,1558
74095,4207608,1559
74118,4430853,1560
74252,396,1561
74298,24065345,1562
74390,9636556,1563
74401,5094113,1564
74870,1515038,1565
75056,26777,1566
75059,8275026,1567
75219,451684,1568
75360,465447,1569
75372,4646043,1570
75427,91997,1571
75435,5843774,1572
75674,452767,1573
75811,1227375,1574
75818,698503,1575
75993,8847680,1576
76019,1578763,1577
76099,3530949,1578
76164,20975698,1579
76425,15385025,1580
76478,3766304,1581
76518,14282442,1582
76656,634557,1583
76783,3430336,1584
76792,5076516,1585
76823,3240705,1586
76832,4199284,1587
76843,370236,1588
76905,24079,1589
76910,10106781,1590
77062,232132,1591
77425,4433,1592
77504,11197153,1593
77800,6481714,1594
77830,10974008,1595
77888,9143755,1596
77965,3166209,1597
77968,2091451,1598
78158,1098931,1599
78162,8752878,1600
78272,74186,1601
78343,8448499,1602
78439,4402949,1603
78553,452746,1604
79160,2064721,1605
79292,5998749,1606
79386,4259663,1607
79478,2444232,1608
79525,1625835,1609
79683,4305367,1610
79703,2836431,1611
80085,2495221,1612
80269,3003096,1613
80406,5214083,1614
80856,3252858,1615
80867,4302020,1616
80933,9284978,1617
81469,142298,1618
81665,4823792,1619
82200,10212284,1620
82233,2128170,1621
82397,14647976,1622
82512,4728214,1623
82519,12972944,1624
82707,881790,1625
82804,4652512,1626
82866,4638892,1627
83186,3032433,1628
83205,2431908,1629
83302,648927,1630
83439,4614991,1631
83514,8169119,1632
83558,11984364,1633
83675,17593,1634
84175,21248712,1635
84366,3949747,1636
84540,5039797,1637
84557,5208616,1638
85055,3403233,1639
85157,10601861,1640
85315,1008907,1641
85336,11199083,1642
85376,3794456,1643
85400,2783864,1644
85907,6580302,1645
85909,10104624,1646
85952,2213519,1647
86007,1234887,1648
86458,8521724,1649
86473,5378070,1650
86954,84897,1651
87052,7032263,1652
87146,167880,1653
87158,4346,1654
87302,2307473,1655
87324,331763,1656
87341,2965928,1657
87379,5879690,1658
87710,9653887,1659
87776,13145229,1660
87909,11077947,1661
87916,7883415,1662
88148,4064688,1663
88232,1678354,1664
88415,308158,1665
88534,15542558,1666
88882,4398654,1667
89006,299283,1668
89019,548086,1669
89045,18397814,1670
89165,2207772,1671
89359,4019823,1672
89417,3263282,1673
89530,1725602,1674
89644,115354,1675
89710,1683437,1676
90038,25897,1677
90663,6457598,1678
90921,121188,1679
91169,319,1680
91351,2277061,1681
91419,761396,1682
91541,7275720,1683
91665,1630638,1684
91993,6054112,1685
92140,5486984,1686
92302,13278876,1687
92599,1502854,1688
92710,103370,1689
92772,14299,1690
92800,14967347,1691
92824,4729241,1692
92909,6631858,1693
93027,5372551,1694
93213,3354914,1695
93231,2717568,1696
93508,8328970,1697
93528,21501747,1698
93544,6290011,1699
93565,13878015,1700
93577,266093,1701
93887,15204525,1702
94165,4405722,1703
94291,2158820,1704
94302,163240,1705
94320,1702076,1706
94407,815422,1707
94552,6523043,1708
94848,664146,1709
94989,444566,1710
95212,23312834,1711
95226,6964519,1712
95464,14530497,1713
95498,12911949,1714
95672,4672614,1715
95855,1457828,1716
96028,3032846,1717
96106,21467089,1718
96128,2194306,1719
96178,13670310,1720
96181,4994131,1721
96233,15986989,1722
96328,3360704,1723
96373,542113,1724
96375,2219444,1725
96430,15477299,1726
96556,5673453,1727
96571,5736413,1728
96793,21146317,1729
96998,56976,1730
97687,3520714,1731
97709,13793986,1732
97957,1762678,1733
97970,3118549,1734
97975,274590,1735
97990,1612071,1736
98066,3882808,1737
98314,1170773,1738
98555,4867978,1739
98930,5131551,1740
98998,17734928,1741
99436,4475,1742
99668,3866396,1743
99934,59434,1744
99950,331503,1745
100088,1402357,1746
100311,8587904,1747
100580,1375661,1748
100749,386090,1749
101185,700413,1750
101229,22470622,1751
101469,2522076,1752
101522,44,1753
101632,1125533,1754
101664,14961558,1755
101684,4941124,1756
101856,23698105,1757
101927,528879,1758
101979,18928,1759
101989,10665875,1760
102305,225220,1761
102458,3904872,1762
102539,1475241,1763
102738,7989976,1764
102767,8612013,1765
102821,2501568,1766
102900,10230330,1767
102908,12485384,1768
103296,5286387,1769
103320,1352691,1770
103415,5988079,1771
103429,1340584,1772
103627,7216922,1773
103861,85379,1774
103975,4888426,1775
104048,3017882,1776
104581,18259237,1777
104586,8718233,1778
104890,5149773,1779
105177,20802453,1780
105239,4795333,1781
105268,250505,1782
105581,5243404,1783
106386,2877204,1784
106394,17492208,1785
106461,5184957,1786
106585,337486,1787
106725,29324768,1788
106952,12670327,1789
106953,2020323,1790
107057,6445832,1791
107063,4449,1792
107115,2973643,1793
107274,81528,1794
107278,1190191,1795
107503,18183756,1796
107537,56248,1797
107550,12429,1798
107623,7503819,1799
107952,761493,1800
108326,833104,1801
108839,88632,1802
108863,1998280,1803
108952,2007922,1804
109024,1027611,1805
109096,8094194,1806
109323,2559710,1807
109353,544829,1808
109564,2092940,1809
109816,7150869,1810
110131,809099,1811
110716,7822917,1812
110939,7232227,1813
110985,5226037,1814
111234,6549044,1815
111293,1593251,1816
111352,1284143,1817
111415,4047157,1818
111531,7589232,1819
111590,2419597,1820
111719,14349131,1821
111880,122918,1822
111893,6906013,1823
111976,5576931,1824
112420,8964,1825
112714,3648364,1826
113005,581883,1827
113034,8322160,1828
113784,39586689,1829
114054,3258024,1830
114115,27682,1831
114275,7517101,1832
114310,25991,1833
114646,2885878,1834
114649,7043564,1835
114989,6920613,1836
115015,11515827,1837
115326,3843846,1838
115616,89358,1839
115756,9922626,1840
115799,551913,1841
116118,7133956,1842
116427,5193125,1843
116852,3142950,1844
116945,8850167,1845
116952,7330467,1846
117025,1523781,1847
117160,865672,1848
117540,12759633,1849
117670,3185123,1850
117771,4647508,1851
117856,35756,1852
117991,2240694,1853
118164,22457842,1854
118272,9284839,1855
118325,13917696,1856
118363,4551456,1857
118838,8042714,1858
118881,545403,1859
118900,1988660,1860
119078,17684051,1861
119339,1574339,1862
119340,16892,1863
119367,5798568,1864
119477,6510558,1865
119660,7393971,1866
119841,1683625,1867
119920,8288769,1868
119946,29222817,1869
120275,3308704,1870
120291,6601116,1871
120822,2001248,1872
121006,3489739,1873
121388,3149354,1874
121705,4660003,1875
122349,7955709,1876
122505,8751621,1877
122531,16130,1878
122566,10912247,1879
122639,30975429,1880
122802,27665,1881
122887,8113843,1882
122965,10619698,1883
123300,4476086,1884
123341,5198466,1885
124017,5345543,1886
124358,9319602,1887
125605,21482,1888
125606,2652367,1889
126051,13983783,1890
126338,2459804,1891
126656,8448076,1892
126663,276796,1893
127138,389067,1894
127372,1617533,1895
127470,25574119,1896
127589,9534394,1897
127922,1196568,1898
128024,4816011,1899
128256,557611,1900
128328,12413269,1901
128628,15462080,1902
128678,4420503,1903
128684,173476,1904
129590,1973819,1905
129779,6494660,1906
129797,8507579,1907
130087,5552141,1908
130136,51883,1909
130628,956810,1910
130781,9573138,1911
130787,11753193,1912
130985,924869,1913
131107,3832722,1914
131120,7984978,1915
131132,4755128,1916
131601,8149271,1917
131640,8521669,1918
131674,15320991,1919
131822,3648285,1920
131918,1830190,1921
132170,4920981,1922
132283,3835149,1923
132464,2144794,1924
132681,6465495,1925
132769,90886,1926
132886,19410,1927
133442,11603811,1928
133775,317903,1929
133828,6955418,1930
134110,10119529,1931
134281,4367408,1932
134664,9104667,1933
135039,2204069,1934
135071,1364043,1935
135083,4384795,1936
135103,6534192,1937
135553,12635761,1938
135691,7770638,1939
135811,5943,1940
136609,23530948,1941
136948,1200597,1942
137013,12698170,1943
137103,4163029,1944
137216,5833786,1945
137435,9131202,1946
138191,351596,1947
138366,48858,1948
138811,646650,1949
139022,1961455,1950
139048,1164048,1951
139361,10257657,1952
139712,9109555,1953
139714,7791915,1954
139898,2342486,1955
140130,16678501,1956
140457,2759430,1957
140703,27513737,1958
141004,14787484,1959
141094,3069959,1960
141391,675673,1961
141457,2018887,1962
141573,447555,1963
141958,7939993,1964
142045,1731,1965
142050,74654,1966
142139,4814360,1967
142187,7488273,1968
142256,978266,1969
142303,1250591,1970
142770,5897592,1971
143185,616925,1972
143234,8531024,1973
143379,221030,1974
143619,2781782,1975
143674,5670077,1976
144016,5609897,1977
144271,12526162,1978
144518,9208442,1979
145033,723837,1980
145083,872689,1981
145226,12843778,1982
145275,75487,1983
145588,1950532,1984
145926,3927046,1985
145982,2164639,1986
146054,1719388,1987
146074,4788402,1988
146192,26192025,1989
146357,3745957,1990
146606,5966591,1991
146744,15204972,1992
146834,7930027,1993
146953,3810877,1994
147218,1707037,1995
147389,11112471,1996
147567,3802045,1997
147919,1580576,1998
147968,7162371,1999
148018,11251999,2000
148174,322119,2001
148410,5497792,2002
148502,9854136,2003
148526,1362093,2004
148619,6602966,2005
148960,3992988,2006
149267,3414042,2007
149527,2163199,2008
149613,3597454,2009
149632,5198704,2010
149862,3913427,2011
150189,2813324,2012
150216,130044,2013
150565,194873,2014
150706,3335427,2015
150750,9291229,2016
150836,10666387,2017
151224,26997352,2018
151452,37309868,2019
151477,2297497,2020
151544,12019146,2021
151802,31847917,2022
152634,56261,2023
152783,1050134,2024
153144,13117914,2025
153338,3035023,2026
153640,21213840,2027
153920,1898748,2028
154058,27731335,2029
154346,1269913,2030
155045,1661339,2031
155233,4370990,2032
155447,1645523,2033
155480,1694711,2034
155544,4963411,2035
155775,477,2036
155810,2791147,2037
156037,7096043,2038
156436,9641617,2039
156948,280316,2040
157465,368377,2041
157501,8118370,2042
157820,515444,2043
157867,4733930,2044
157887,7280352,2045
158048,1344585,2046
158274,2612774,2047
158469,432517,2048
159526,938241,2049
159847,4243216,2050
159906,11463459,2051
160042,17307320,2052
160200,1402094,2053
161058,3947596,2054
161478,19829219,2055
161620,7219808,2056
162041,4488737,2057
162073,213785,2058
162264,50072,2059
163066,56204,2060
163090,4643189,2061
163311,6206719,2062
163622,28845604,2063
164459,43627,2064
164653,168203,2065
164654,207258,2066
164816,22178769,2067
164854,28468449,2068
165267,3789907,2069
165301,3648623,2070
165343,4298315,2071
165603,3433682,2072
165968,8557709,2073
166327,3619370,2074
166402,36409503,2075
166710,75282,2076
166913,1216093,2077
166924,5876651,2078
167005,5832614,2079
167173,33428601,2080
167330,12562779,2081
167939,6607453,2082
168257,9865404,2083
168433,1117579,2084
168563,3854644,2085
168729,7725365,2086
168941,20725748,2087
169103,4872351,2088
169182,4333131,2089
169480,6603228,2090
169812,1494026,2091
169865,6247883,2092
169931,3424545,2093
170048,15626406,2094
171123,6749958,2095
171234,1445930,2096
171262,66128,2097
172061,17902032,2098
172073,6954116,2099
172281,21542805,2100
173785,165835,2101
173909,344496,2102
174336,3624991,2103
174426,7476249,2104
174490,5482813,2105
174545,88634,2106
175104,4908480,2107
175344,4191112,2108
175431,17526992,2109
175454,3118616,2110
175461,567230,2111
175549,19267465,2112
175565,1309958,2113
175941,58815,2114
176118,5975008,2115
176375,5642544,2116
176410,846300,2117
176756,122882,2118
176839,2184739,2119
177209,1838592,2120
177379,10059,2121
177654,5109555,2122
177993,5821626,2123
178089,12583349,2124
178382,3540431,2125
178710,2341325,2126
178917,19142117,2127
179244,39548490,2128
179718,19839111,2129
179806,5094180,2130
180295,2788116,2131
180320,1379252,2132
180612,8399391,2133
181060,10745594,2134
181104,7686,2135
181264,1900551,2136
181392,432988,2137
181749,4050904,2138
181912,4716050,2139
182124,29801570,2140
183270,9480948,2141
183585,4352849,2142
183638,762451,2143
183643,107938,2144
183749,1493954,2145
184001,32891652,2146
184130,1436753,2147
184394,757543,2148
184710,6432412,2149
184950,566067,2150
185045,14933261,2151
185415,16351181,2152
185777,2604235,2153
186102,7384377,2154
186128,818082,2155
186641,3083293,2156
186750,4937871,2157
187378,3362627,2158
187467,5620814,2159
187902,2940482,2160
188296,11437002,2161
188730,5615511,2162
188773,367064,2163
188783,16827,2164
190255,11295,2165
190522,3257969,2166
191998,6084608,2167
192416,93777,2168
192526,2959229,2169
192572,6247384,2170
193412,4377701,2171
194198,1563886,2172
194213,5128177,2173
194967,7928884,2174
195258,5776425,2175
195569,12236333,2176
196197,1631372,2177
196413,3289157,2178
196471,3940848,2179
196532,8187425,2180
197055,1062875,2181
197153,28660915,2182
197654,354351,2183
197945,12101593,2184
198061,8486141,2185
198351,461071,2186
198435,26756271,2187
198491,24511790,2188
198550,14311674,2189
199197,164988,2190
199616,21000830,2191
199949,2193644,2192
200108,1121755,2193
200654,876609,2194
201804,9886993,2195
201908,35244944,2196
202366,569566,2197
202608,215673,2198
202632,3987519,2199
202815,5173468,2200
203279,3363695,2201
203415,4748133,2202
204089,308427,2203
204115,2926499,2204
204642,192699,2205
204681,5615572,2206
204973,19537472,2207
205675,88011,2208
205877,7879908,2209
206073,6605881,2210
206454,4576653,2211
206682,70917,2212
206841,3185606,2213
207414,2828729,2214
207595,11071798,2215
207616,1281303,2216
207708,32172154,2217
207760,137125,2218
209005,8369526,2219
209066,1672552,2220
209345,1384335,2221
209708,13478571,2222
209723,7759523,2223
209770,1662721,2224
209905,1258149,2225
210685,2547110,2226
210808,19446962,2227
210840,5051958,2228
211181,7899036,2229
211292,789191,2230
212511,1303076,2231
212546,1223936,2232
213535,1202289,2233
214067,4533901,2234
214523,7175746,2235
214920,17302943,2236
214998,8867214,2237
215653,30035259,2238
215862,1837602,2239
216276,3299620,2240
216531,3778705,2241
217000,10138350,2242
217269,5466108,2243
217338,2723400,2244
217866,115442,2245
218091,13387069,2246
218153,1763856,2247
218722,2135307,2248
219146,7443,2249
219270,93565,2250
219464,1042668,2251
220199,7680545,2252
221444,298795,2253
221613,4877761,2254
221840,404129,2255
221916,8045637,2256
222378,22521120,2257
222892,801464,2258
223004,3450616,2259
223645,17261235,2260
224353,5149230,2261
224841,2622467,2262
225364,254980,2263
226233,44759,2264
227213,270228,2265
227364,55005,2266
228166,1953352,2267
229604,20967281,2268
230037,1512288,2269
230467,740809,2270
230921,6928272,2271
231253,36940,2272
231448,6069912,2273
232479,6067295,2274
232602,5482092,2275
233236,36226,2276
233416,149369,2277
233431,12550401,2278
233986,18338868,2279
234956,5653641,2280
235580,4496065,2281
235690,1440780,2282
236183,2897120,2283
236405,201524,2284
237118,2218425,2285
237282,9419527,2286
237471,1943804,2287
237661,21066005,2288
237942,1146129,2289
237982,13299475,2290
238097,3003652,2291
239203,395707,2292
239700,12293262,2293
239993,8643404,2294
240947,2377318,2295
241561,27514948,2296
242281,4847407,2297
242660,232505,2298
243587,13192258,2299
243688,12387910,2300
245009,1027603,2301
245300,8668422,2302
245361,381451,2303
246081,5420460,2304
246682,844364,2305
248221,10624386,2306
248833,262190,2307
248851,1452931,2308
249225,3883211,2309
249385,599717,2310
249415,186757,2311
249495,5167264,2312
250448,5817750,2313
251135,14657740,2314
251411,22578412,2315
251509,226999,2316
251576,5871963,2317
251591,25773890,2318
252173,4611731,2319
252882,10854989,2320
253764,26645665,2321
255234,3373153,2322
255578,472113,2323
256062,2007497,2324
256440,2675435,2325
257268,21100,2326
257729,404701,2327
257969,9403981,2328
258904,9188205,2329
258931,3511148,2330
259399,4670693,2331
260578,1481165,2332
261279,33027301,2333
261477,177125,2334
261704,651163,2335
262418,14334203,2336
262513,471545,2337
262947,25934369,2338
264111,1821000,2339
264160,2082681,2340
265459,8263380,2341
266002,32622231,2342
266329,7560970,2343
266460,1196375,2344
267187,29208808,2345
268077,29042,2346
268161,332899,2347
268244,27040745,2348
268922,1673677,2349
269074,1739060,2350
270056,4697110,2351
270496,3052150,2352
270726,76600,2353
271560,16003018,2354
272845,3345269,2355
273180,13832287,2356
273785,31292638,2357
275124,59448,2358
276486,3315613,2359
276603,72609,2360
276834,270208,2361
276906,45379,2362
277656,1489817,2363
277969,15277098,2364
277999,85133,2365
278398,4796835,2366
279310,1176925,2367
280247,5039509,2368
280381,1762445,2369
281186,877240,2370
281599,17520661,2371
281969,738876,2372
282154,1224585,2373
282695,1696585,2374
282700,1973482,2375
283269,25753164,2376
283316,2693155,2377
283692,9117103,2378
284152,6464729,2379
284555,2785367,2380
285068,8806589,2381
285331,25188,2382
285394,713959,2383
285397,10288515,2384
285572,8126391,2385
286840,257970,2386
286847,4156298,2387
288649,2164868,2388
288757,5916104,2389
289104,6647,2390
291462,750240,2391
292075,32022548,2392
292178,191179,2393
293129,23866052,2394
293571,7280391,2395
294830,19355,2396
294844,7917672,2397
294846,9920934,2398
296766,10119780,2399
297413,15981012,2400
297565,584592,2401
297596,1951520,2402
297903,1140130,2403
298299,8706510,2404
298963,2622723,2405
299697,10677969,2406
299822,22474323,2407
300531,18650383,2408
301267,68213,2409
302065,9484823,2410
302528,40670,2411
302737,5851662,2412
303560,50946,2413
303589,1079733,2414
304195,4641720,2415
305297,4444601,2416
305319,13053740,2417
306485,1865678,2418
307032,745505,2419
307337,32167991,2420
308505,1023941,2421
310454,15907883,2422
311359,12183815,2423
311658,674552,2424
311847,6370460,2425
312112,166098,2426
312275,61280,2427
312755,114124,2428
312760,10542646,2429
312856,12186222,2430
312928,1994843,2431
315693,5419966,2432
316212,2722350,2433
316988,2151,2434
317732,57754,2435
318973,16377215,2436
319951,4479809,2437
320101,228958,2438
320363,3503244,2439
320386,26026957,2440
321331,3619025,2441
321334,52554,2442
321768,67916,2443
322632,3678361,2444
323517,5579509,2445
326349,8669919,2446
326978,5095438,2447
327141,7426951,2448
327686,21892315,2449
327767,1956775,2450
328207,1437811,2451
329128,2529800,2452
329276,3620073,2453
329330,1746046,2454
329689,493455,2455
331294,10878707,2456
331762,1397318,2457
331950,619617,2458
332151,411072,2459
332216,15689623,2460
332681,6078263,2461
333155,26052110,2462
334093,39502395,2463
334816,22883804,2464
336332,15678733,2465
336831,9666,2466
337502,64144,2467
339411,9708071,2468
339557,150682,2469
340099,4406,2470
341678,96062,2471
341882,21561931,2472
342864,3959019,2473
343539,797041,2474
344775,20156202,2475
346835,1991663,2476
350009,6084181,2477
350508,9449985,2478
352679,8473337,2479
353745,85353,2480
353952,5091322,2481
355543,19133955,2482
358088,3972716,2483
358495,10272083,2484
359247,3358180,2485
359708,2618613,2486
362008,6409399,2487
363302,7364584,2488
363707,6238859,2489
364066,4802634,2490
365623,899423,2491
365727,5157763,2492
368277,930727,2493
368738,1391937,2494
369909,3674098,2495
370763,5994784,2496
371645,12425618,2497
372924,8436423,2498
374013,6226023,2499
375869,5830314,2500
375877,2089581,2501
376038,15008,2502
376968,1613559,2503
377270,1778664,2504
378368,794385,2505
378812,10499499,2506
381583,458400,2507
382466,10332,2508
385014,1564174,2509
387616,6046605,2510
388206,84140,2511
388423,7523107,2512
390069,7043361,2513
391546,5371028,2514
392378,3264328,2515
393156,3946948,2516
393968,170908,2517
394544,23698291,2518
395252,25760755,2519
396227,4765488,2520
397826,2879492,2521
397838,3415990,2522
398991,3086277,2523
399470,85371,2524
399498,12412035,2525
399815,7888546,2526
399853,1971838,2527
400853,1788788,2528
401183,834463,2529
401218,593339,2530
401850,2058037,2531
402613,4041292,2532
402946,3258183,2533
403838,2723772,2534
403863,454571,2535
404663,1267947,2536
404989,68797,2537
405519,14330401,2538
406193,23972703,2539
406414,3365066,2540
406558,4842783,2541
407586,1770661,2542
408683,167415,2543
408706,1933319,2544
409456,3,2545
409977,69464,2546
410846,357926,2547
412068,4980600,2548
413369,8075361,2549
416223,5038728,2550
416726,12519277,2551
418016,8302467,2552
418807,5287474,2553
419478,535354,2554
420159,564827,2555
421185,1569354,2556
421295,4133025,2557
422146,4969010,2558
423411,4334188,2559
423614,4149673,2560
423673,25396420,2561
424217,992637,2562
424563,1664824,2563
424749,13361831,2564
425221,8613311,2565
426029,723351,2566
428290,18620620,2567
429169,1435757,2568
429549,4506253,2569
431646,4021000,2570
433494,4261110,2571
434504,55075,2572
434847,323862,2573
434915,37061135,2574
434962,4097890,2575
435685,110960,2576
437053,3233075,2577
437138,221191,2578
438275,19329308,2579
438377,1987873,2580
439411,71351,2581
439430,401941,2582
441166,20634006,2583
441508,1696648,2584
446381,2742292,2585
446450,1999756,2586
447416,18102699,2587
447672,4575138,2588
447998,11674344,2589
450959,3846746,2590
451083,286,2591
452010,1122651,2592
452451,119783,2593
453568,15909777,2594
454466,3191155,2595
456819,218,2596
457340,3704685,2597
458031,1692743,2598
458132,15082630,2599
461013,5967607,2600
461028,7138263,2601
461163,22936716,2602
463438,288112,2603
463730,233756,2604
464401,4891271,2605
464905,1302982,2606
466103,5108511,2607
466825,3116477,2608
467929,22042321,2609
468889,783290,2610
471815,5895183,2611
472637,82921,2612
472922,213282,2613
474270,1180184,2614
478069,6802,2615
479680,1068447,2616
480191,5100047,2617
480585,18701,2618
481775,14757819,2619
481803,2084502,2620
482716,5037689,2621
483793,1632074,2622
486426,3186143,2623
487321,6007936,2624
488732,2115102,2625
488816,410434,2626
490116,3149318,2627
490436,3828563,2628
492611,8784787,2629
496492,23471586,2630
499562,160494,2631
499697,70535,2632
499744,6510768,2633
503082,226701,2634
503589,120501,2635
503861,1040983,2636
505183,34949,2637
505233,4446319,2638
505420,1170242,2639
508289,8712437,2640
508451,1695259,2641
509742,2396673,2642
510013,5050943,2643
510570,24152008,2644
510814,7234998,2645
514161,6428514,2646
514699,4604280,2647
514977,15298303,2648
517990,6449736,2649
518238,40342167,2650
519233,2187427,2651
519318,8249846,2652
522295,5642956,2653
522735,629322,2654
522932,10325523,2655
525011,9109543,2656
526335,14354369,2657
527007,15018680,2658
528303,1432736,2659
530233,3074490,2660
530313,190266,2661
531103,22602660,2662
533902,274399,2663
534647,2810146,2664
537683,297868,2665
541019,2934069,2666
541100,28831742,2667
541438,1055604,2668
541656,48578,2669
542289,932285,2670
543807,5290033,2671
545183,2684941,2672
545325,28383869,2673
545647,9214704,2674
549266,4550233,2675
549907,1188721,2676
552538,364150,2677
554129,22522228,2678
554331,4500575,2679
554380,16848385,2680
555520,514958,2681
557215,60271,2682
557565,5877204,2683
559664,971793,2684
561487,2617201,2685
562076,17285864,2686
562928,12050576,2687
563942,11530482,2688
566850,1192313,2689
567744,5346800,2690
568201,499930,2691
569864,2336184,2692
571814,25698477,2693
573156,6241346,2694
576240,8751965,2695
576388,3625532,2696
578868,77235,2697
579650,1678234,2698
581575,7069519,2699
584007,3483707,2700
584781,5186832,2701
585925,1753645,2702
588077,87532,2703
588545,482356,2704
589129,15953511,2705
589181,277579,2706
593373,19715315,2707
593780,1114965,2708
594225,18073084,2709
595659,2272286,2710
602347,20154072,2711
608897,3637842,2712
619791,36582594,2713
629333,1250,2714
629721,10122607,2715
634959,3656938,2716
638442,6814482,2717
649888,2860928,2718
650422,172417,2719
652462,4930180,2720
653862,7896426,2721
654460,81674,2722
668674,7131398,2723
671094,24072,2724
674971,3676790,2725
677586,1286699,2726
680659,888145,2727
682523,27370115,2728
684554,3362697,2729
690841,3331081,2730
705109,3515215,2731
705254,4923117,2732
707578,2175100,2733
710590,2510627,2734
712459,10818013,2735
713215,10041501,2736
713899,3578530,2737
725274,369544,2738
727475,3182655,2739
729820,35465070,2740
731176,2523460,2741
733465,8262809,2742
735628,7957649,2743
736368,2525093,2744
736656,316799,2745
737617,10421215,2746
737737,68723,2747
738469,601757,2748
739443,9599077,2749
742469,2051902,2750
743365,3492868,2751
744793,3819663,2752
745068,39352,2753
747681,141485,2754
750499,15607549,2755
750944,459206,2756
754394,15298028,2757
758407,8320661,2758
758532,2017831,2759
761312,10072242,2760
768031,8044497,2761
770292,22781174,2762
771362,3698702,2763
772657,1614583,2764
774681,14860941,2765
776560,22549243,2766
777071,2752934,2767
780921,3456777,2768
790132,5884734,2769
791166,2503431,2770
793252,17502939,2771
794024,33117,2772
794749,788284,2773
795596,16862791,2774
796211,12468852,2775
796394,2057791,2776
804460,429474,2777
805301,105050,2778
807717,23467888,2779
807829,9267265,2780
808892,4576552,2781
809165,4830319,2782
819482,98496,2783
822912,2834867,2784
823635,22997843,2785
824478,5373148,2786
826891,1153376,2787
827577,383220,2788
827721,1572023,2789
828797,2009380,2790
833222,222817,2791
833951,51308,2792
836230,52030,2793
841036,39165747,2794
844290,4282561,2795
844618,5375726,2796
847522,21265801,2797
850785,975399,2798
852662,32817989,2799
854541,161244,2800
857686,1772,2801
859419,8205137,2802
862536,3478084,2803
864574,28383547,2804
870699,14937107,2805
874949,1612242,2806
876617,7266235,2807
879582,2749382,2808
881326,453489,2809
885704,3061958,2810
888087,4111439,2811
893264,22458779,2812
893778,8604922,2813
895451,4029900,2814
900335,575877,2815
907342,536028,2816
910650,21526185,2817
921883,3268381,2818
923109,3038712,2819
930693,4250957,2820
930978,5860000,2821
931199,101279,2822
936172,376760,2823
941601,10208,2824
944096,1326986,2825
946302,8018058,2826
952154,4618244,2827
952577,3067231,2828
958167,23489093,2829
959458,7298065,2830
959513,76359,2831
974197,4371344,2832
977402,308367,2833
1004713,17651,2834
1006036,4071242,2835
1018229,1407103,2836
1023740,2057653,2837
1024550,5392783,2838
1028468,1889575,2839
1036342,32169733,2840
1038788,19051236,2841
1043996,2508481,2842
1062592,112547,2843
1066502,3240967,2844
1069900,21486110,2845
1075802,310470,2846
1076186,3623091,2847
1077651,657115,2848
1078936,398848,2849
1082902,1111975,2850
1095419,7882912,2851
1097980,4506227,2852
1098640,146600,2853
1108705,410492,2854
1110230,27314711,2855
1110500,351188,2856
1114617,11750410,2857
1130576,627024,2858
1138685,2577175,2859
1150316,10836986,2860
1161633,856470,2861
1183839,4062744,2862
1218902,1397453,2863
1226886,2536121,2864
1237371,29343417,2865
1241228,4189807,2866
1245247,29206849,2867
1252642,5472005,2868
1253239,16167732,2869
1263851,905226,2870
1264160,1582525,2871
1271728,3562037,2872
1274995,2604449,2873
1279290,7851351,2874
1280054,2523036,2875
1282838,12206409,2876
1294089,4404650,2877
1298711,29645511,2878
1305344,925678,2879
1305990,2410513,2880
1306339,27508266,2881
1312579,23477235,2882
1318374,12593927,2883
1322581,17351808,2884
1325456,12997007,2885
1339690,22641996,2886
1352520,365942,2887
1358374,6602841,2888
1372888,609887,2889
1375442,4216567,2890
1376526,292785,2891
1380074,15274205,2892
1423001,1450694,2893
1445319,1445203,2894
1479053,2155343,2895
1481206,75358,2896
1499969,2618438,2897
1514523,686389,2898
1515609,7564029,2899
1521427,421925,2900
1530635,4551887,2901
1553778,26374999,2902
1557121,3672654,2903
1562246,995227,2904
1569695,29704620,2905
1589318,1860917,2906
1595344,758535,2907
1601017,1475943,2908
1605852,10254102,2909
1623214,3087390,2910
1637152,7286818,2911
1638555,3486285,2912
1640434,925342,2913
1656001,32164643,2914
1669148,7235762,2915
1693005,2982040,2916
1724775,1739105,2917
1728200,3438158,2918
1734102,7541226,2919
1745547,6363540,2920
1787323,284472,2921
1787614,1078878,2922
1804515,389789,2923
1815822,3309897,2924
1816281,8900275,2925
1817755,1615033,2926
1826381,349634,2927
1833010,13474690,2928
1835010,1774014,2929
1840178,5492622,2930
1858883,3720947,2931
1859806,2686768,2932
1874372,5844206,2933
1877925,429823,2934
1882078,2172517,2935
2041275,14128315,2936
2102127,7545468,2937
2112826,27733029,2938
2131797,5085991,2939
2193698,2509533,2940
2219155,2162325,2941
2276582,22283124,2942
2340022,10319595,2943
2456256,4496050,2944
2470319,23881476,2945
2485108,1734519,2946
2543576,2578955,2947
2553985,96976,2948
2640589,804282,2949
2676982,30303108,2950
2714340,28285122,2951
2723063,18231758,2952
2763370,17632406,2953
2804101,1105830,2954
2812871,2254467,2955
2822161,2047900,2956
2882846,182257,2957
2917974,2664220,2958
2919369,5064787,2959
2958170,38657615,2960
3078357,10471793,2961
3143141,18951711,2962
3188714,5930219,2963
3206247,2630269,2964
3265095,37052591,2965
3335871,2022580,2966
3586863,6579517,2967
3694532,45636,2968
3722350,2835136,2969
3792683,8346856,2970
3867424,63615,2971
4160390,2549747,2972
