1071903
55514
1124609
9818
57045
7832
48478
9765
52984
2890225
23132
4129
53767
52022
1338357
77918
6395
52977
2181580
864242
170465
6693
3301462
17603
53252
3884177
170786
53947
56256
865509
3389
470862
817231
6691
13664
38254
4128
33625
4492
15510
1656377
9766
1754834
10646
42463
23205
5442
1987747
52171
63840
6728
9777
9787
155706
2790787
9783
10428
16408
77451
382932
2806
58926
11708
78458
1554508
107548
4435
11509
13294
447075
9261
18154
53198
2883
75598
50516
9851
3942875
9772
1335215
54974
7486
1489367
107523
1127513
52669
9779
146797
208336
