683352
25362
249069
657449
13127
20071
1239
96070
1101
5205
39102
222850
29202
90535
104677
73018
6400
3424
32997
26084
102903
21068
108489
69876
642782
3491
57269
729
469
21159
20619
62903
47848
20095
24732
179149
662634
4185
1071
71885
30395
87936
883
252756
1587
29772
660534
104908
38384
19578
928
69931
1210
8919
362
80439
89639
21352
662158
2196
2774
18938
9954
1039106
645916
62601
66332
646628
2485
8256
71193
62927
21306
263711
4480
268336
3008
91958
47794
1036
210612
33588
39922
126853
1494
1190
114921
122800
18858
20234
131465
112773
516
78799
2500
281844
8856
82035
123869
143923
2834
92788
12407
672567
63994
2973
642989
104098
70578
950
62726
18562
19241
3433
20754
662157
24977
13024
62206
2234
173055
20857
21289
14702
266855
38388
96241
20795
25845
77260
4050
21814
78046
118789
1013584
82325
92791
64054
235805
78611
63442
196045
88604
4333
20243
665749
2759
694932
104956
126137
3162
2720
3523
7904
889
275
82109
160789
99752
35660
403
175715
94013
280435
20586
20762
661610
833
20081
26102
30851
5826
657377
684215
21891
33781
2367
55023
22788
648298
2427
108623
5135
20532
574709
21057
658459
2511
82837
2708
93598
35522
19462
866
94059
1489
17943
751972
2711
11356
105
884
1583
106354
23129
642861
3673
643719
27976
21019
642305
1259
662350
2559
642550
2344
104848
27685
155431
18613
649970
230052
60312
5862
47496
21239
722
3899
31080
106976
38585
3101
801
115240
146937
685071
4541
18172
5872
35439
678999
88559
2525
5004
642490
82415
8879
9239
3916
1147
134082
515983
805
642
21241
742
37255
60324
646255
650456
27543
61543
12892
139436
6210
1845
93020
2608
122825
15143
168595
95557
97346
21125
37300
195537
196
4
37027
37063
1009453
69794
21080
4821
3219
2810
357530
38461
72481
657357
122910
254926
3371
75543
33669
36072
104574
18213
4561
71084
69787
6048
132538
20278
807
10052
13698
10402
1104
26352
649243
4995
10851
646667
62875
18105
663582
166737
20044
185311
156906
110104
35545
20024
21045
4707
96926
226567
660454
1013167
20964
78636
2844
2282
9734
4844
215078
27203
479
222785
70551
16013
108601
88450
79719
131027
212745
112221
108617
20363
1495
137363
1034426
92776
21
94026
7200
6375
692623
62524
758404
20411
11303
20011
3477
1226
3665
72639
77110
78450
3138
672244
63347
2962
154085
881
3557
93659
24201
20029
92731
108324
139880
110697
5929
18763
518634
72399
646347
521930
91763
101749
111031
91525
104540
73963
1244
4892
38374
2719
75799
684303
122093
9849
24420
106972
642536
102936
8228
126756
20813
658388
17270
660573
907
92009
2423
107678
4562
2205
1152
204259
69888
76293
107683
30173
4921
9286
4049
112150
1011428
3446
1011763
9405
20836
9109
47763
71125
27004
687
166594
280986
1886
20067
647869
642667
29579
17301
2846
1679
8184
27803
11866
793
2686
850
30363
4435
14371
660234
122779
20230
96750
642877
6518
88556
22224
18792
1168
482708
4904
684318
3168
38409
107011
95958
37129
9344
41561
732340
63732
997937
4767
128675
167
72469
713508
409103
2822
1232
22947
271591
17928
18863
21789
27836
20988
104683
20306
2075
71119
10549
6810
22014
1917
71075
234692
20753
95809
3750
419378
136958
373537
33632
96186
646367
78525
109022
118527
649234
2316
64097
2782
4814
20868
77502
660238
3683
130317
6475
1784
135632
1808
52863
340
1781
39126
4751
104299
9389
8607
1203
695747
1179
93926
802056
30212
37398
131024
694078
22367
6269
95584
2982
21310
32497
4894
15402
110744
25718
645693
640017
1860
114387
91268
1007994
30175
700
6479
1048329
22845
583
51821
8438
85373
24033
107900
888
57500
12825
234488
642475
2422
5203
702853
343346
93028
60085
28261
7881
122853
2538
63441
109657
46218
23127
643385
78510
129397
62754
30295
2840
890
95218
660219
1243
7416
20870
636736
237683
1118
104149
117500
846
109988
6267
159927
1541
20110
64017
1311
106984
5693
636156
8335
27791
75287
93539
4935
3941
22246
2117
33783
643279
672652
30291
1490
728998
153702
60068
52758
74838
989
3589
28179
1731
4613
106500
693875
3600
11726
118647
831
38315
28938
25715
21883
1289
1707
27171
87942
21341
31781
642539
172078
174593
8291
662159
69853
11905
662970
20876
2953
20178
4241
8809
9305
15499
26781
105766
129912
266843
29170
43743
32877
210399
919
54527
33
25098
93
92310
2515
60540
78271
698535
50680
643148
37661
170155
9440
95749
37171
30292
825
47860
298366
1271
100795
20635
684219
112235
230019
18571
1574
10418
1858
1182
59865
639961
6386
77327
992
646684
172974
4973
5926
6415
20150
20454
645647
17685
78676
697830
209
124592
30374
17404
77607
85327
2286
107559
1273
70661
649225
77935
75044
1507
27822
56925
5234
75183
1258
4942
79641
660221
217570
3112
21473
131799
22512
178457
3
643569
219236
28559
79927
62624
21346
122395
7827
97413
4842
39551
4991
266503
677561
1710
118773
1265
12074
104903
2378
14466
678165
20737
112201
91349
80178
62833
167980
78650
2473
4244
63420
17263
30973
14484
104127
1001507
134032
46
118531
88678
8382
4220
480825
9061
8969
33893
4783
202789
37030
30248
80175
20280
209269
406
4418
13567
67923
113440
154326
38337
19997
155521
162035
1224
640016
104537
695405
104365
24395
8468
2499
105477
6013
59369
38246
167570
57914
154555
118398
838
862133
13737
644920
20323
104539
674
9357
96987
63568
6437
956
17287
108796
21139
117346
106988
102617
63674
197779
17283
676602
271289
3306
20848
69320
104582
102942
162026
123842
951
77306
638817
33635
643724
20014
91972
26791
66715
6425
280407
1708
3695
11479
16019
78649
4406
118729
153277
8000
311
62336
3048
11923
100803
1910
9450
9348
192814
4279
3739
73402
1820
106983
23072
20796
122914
94914
12213
117130
125752
642663
3099
86295
82460
1070
20104
1022475
649853
23840
72526
222761
1368
86340
40330
84948
116
29769
37127
110220
70085
7376
880
13043
102389
44005
13499
177792
679090
676429
295011
645860
4958
168305
97010
25683
3948
282823
1593
178876
150063
158900
1246
124908
113768
11879
79180
510
255
105327
226946
694116
2574
106347
218037
642689
44012
2249
114445
3482
1967
15472
772
188465
674207
656695
63717
649123
4293
65170
92011
79813
62719
14777
285863
8026
2032
1002218
542
77295
3594
2632
643702
47454
17416
19951
679657
658186
104131
25520
27019
4443
1069
16050
35290
11852
69856
634
697492
110194
698531
24456
5394
37956
108439
38487
85280
96585
662160
10049
124925
245683
5995
91448
20256
686673
2299
20802
77319
148291
360505
2732
63455
6622
99646
402216
23796
133462
46720
673984
39546
37140
1041
4864
645690
95895
266851
110677
139068
29598
77934
35825
84538
28195
661399
101920
17342
21709
27053
527
68024
1242
649455
29673
646083
947
656342
78451
9492
118615
8497
94069
643183
55143
75567
38541
8745
645121
3119
705
38470
278192
1252
7840
116365
20572
679086
33541
714304
103
661458
47435
10036
101442
17361
341247
2425
3220
20579
20201
207574
3533
9355
50539
37184
200695
104323
376276
3912
24198
6964
73236
122057
645702
111149
661951
61867
18750
29823
1381
790701
96886
635830
114349
101639
95178
38308
96573
63672
231216
93823
349270
1024
66367
93634
104102
35016
701
653253
91992
4301
6540
16777
1354
93205
4994
37277
660488
178634
211105
29999
6331
231453
91938
158905
2497
6399
30082
96350
2057
6710
2250
107408
5455
95581
167685
10031
214319
104181
6443
37152
20867
104555
2197
20863
21660
63885
927590
20686
78622
13978
646130
91014
21137
6322
71
38428
1431
18287
658527
20153
1883
22755
115673
4531
8730
60362
5056
29672
26032
6939
30049
108563
20087
27682
716316
3231
21916
12365
101610
106933
21053
10843
42412
77275
513
3549
179121
902
101770
27792
97297
122974
3470
167590
34901
2483
72498
8924
17713
244830
31884
62564
74619
226650
133074
14250
107770
106804
20784
115889
111523
748795
1107723
62842
99715
92604
24739
4805
2301
2049
88985
271961
94614
62528
18914
20031
84977
195079
677793
35896
3583
20720
27297
181159
675
2026
21112
5182
155191
85697
48558
20077
66013
251218
104690
640862
20486
106024
25591
93269
94524
26574
4221
100778
79781
8315
21163
7918
64104
8617
3872
33392
186563
2507
210694
162223
22465
43
160868
2420
355471
4689
684216
88573
9149
87867
62613
491
21029
203
87204
110591
24020
116989
3564
7962
38345
74829
3926
134967
102606
122797
77474
6756
6533
9027
62632
802
16438
57936
4112
11904
11331
643033
7509
27538
172933
62571
662416
105750
184333
126085
104434
64787
383
649209
257654
29974
2761
3976
100740
33537
56386
19616
104698
71153
30444
11377
62915
176637
93296
59983
139489
92745
96928
296
637262
20455
20829
111520
4229
8177
226625
2349
195331
4852
21065
143842
31427
107399
793637
136945
65403
177456
649092
20990
3061
9162
60320
70137
62629
1834
67931
1023
73060
4771
5129
21472
604207
20663
101830
10598
18880
95344
106990
454
4368
9402
20145
661408
3516
7730
117742
213776
106883
19943
63632
665215
66737
651571
77321
1078
33690
5156
8171
1811
229006
18679
33826
651485
2135
5858
20049
20522
279498
1450
105313
2548
20434
20508
60982
47764
20806
1704
195579
748616
84193
1282
96710
10826
649232
14668
46868
107684
175594
2571
20390
114454
69807
642509
100677
194880
1149
21549
649315
5037
5463
95308
622419
616
91921
20799
60243
40488
125688
166662
78582
164636
221169
20216
104132
71195
889125
4718
83626
94739
196614
82158
59559
77273
21304
66391
16969
33032
23189
80488
21097
5472
145166
105525
32575
20558
764510
428981
2724
20288
20557
75027
49800
15152
810
9040
27801
20933
80008
77
20457
7559
77252
123134
2693
33717
24920
7784
401876
1185
74738
21430
60226
27814
84174
645679
39064
49056
5495
154694
643172
22450
4623
66436
5892
94924
1837
22745
664092
2303
9403
645505
20789
92996
133936
640363
2673
33920
104696
37403
316
29595
63601
13593
645631
434
14569
20977
94343
1828
60602
135397
4735
2251
20401
678168
181087
15691
3675
867
33129
636782
191650
132779
12366
20669
37201
20654
1896
91291
640300
63544
22828
58283
657913
20551
4149
25118
5009
51825
95611
20364
20675
71218
72485
101817
63138
1059736
16048
84866
114111
8364
20941
33787
14269
2727
93864
71132
11945
21142
8476
28921
6524
111352
177753
10156
21963
15585
21329
90522
78640
109545
20277
104857
17258
17709
696110
108832
89770
6659
77613
2232
3971
2661
1657
5060
4872
5594
37012
32110
20921
28051
20592
265293
47544
170698
177835
166763
3553
104534
181147
86430
671628
4398
193016
20539
21725
91446
2222
87522
384
4897
117323
101094
62068
63481
63440
64758
11950
642838
28925
222814
30184
12926
164218
79195
646129
110087
87930
20666
75026
887
313757
640379
32
167815
2513
702943
6473
17154
17906
92929
11916
2898
202026
113744
648308
3405
661498
307598
20137
51781
661937
172077
6722
20410
21170
18634
104196
228175
4910
6640
78652
642457
19808
717
33936
105465
17414
1454
678965
717436
2470
807472
12114
21217
1015239
4463
97383
1384
647829
1027561
167635
2629
11869
658187
33620
22641
96729
90212
122761
30907
57761
17391
46950
96918
6429
230013
84449
101705
20746
4895
50599
85583
20409
118893
388243
33741
21017
58412
270806
6465
21202
71159
11909
78273
645583
459539
2131
7708
66336
158585
94297
20892
24554
95337
47714
112163
13635
107224
85285
226683
226157
107575
110664
4730
61023
661448
323006
8591
6422
151525
82334
20327
659104
7961
100182
6676
114327
124040
1853
37057
93419
5064
661206
21312
23143
14415
671685
26666
180990
642499
25752
71076
9414
1077021
3929
656643
718
104700
20750
4979
99790
1983
27109
72528
122924
2703
758957
134924
3889
20010
20999
96567
37353
92812
92289
25256
21957
104704
56141
11919
37314
1007432
93930
375774
287783
30888
642501
33831
455314
33591
12094
126107
82462
26856
4889
21300
29149
201469
101619
20194
11795
1999
29997
638610
1041808
269348
4347
94705
46682
37315
95622
30690
9324
192965
80042
155184
21222
74868
649536
37344
668078
662073
731
12684
62575
9291
60392
20817
744
222724
13771
6460
20494
1735
92132
92686
374671
20442
686664
77330
28961
21261
699925
3515
4955
138511
7621
30029
6018
4945
80210
60254
127822
6550
690002
18841
20513
886
195547
106992
6747
20519
175751
20902
100126
11108
701577
160788
726
310
642745
397313
21640
30174
1073472
8386
105014
106959
4908
139157
8197
89585
4459
96285
1012
101532
38343
104533
69813
50317
93937
38387
6462
847
181443
69879
26087
21276
11822
85903
5175
133185
187112
297710
649214
1063987
1270
108510
3803
82157
3903
22409
20359
87758
18208
107485
664171
126709
916
21282
176039
39169
91503
307593
33876
642478
660965
530631
126123
2576
59979
1088
114984
12976
646346
66334
82472
21061
146802
37290
104136
21014
18065
8744
126034
736523
645643
218666
643161
21551
3403
15352
778686
92300
641848
600631
83080
104163
167881
62828
6654
5114
83987
20413
3408
1021638
640404
328122
307564
20637
81568
63675
69934
168057
656668
20481
407839
865
104462
640364
646478
92521
2879
20505
348
645456
11931
6536
24184
94578
7166
20375
20345
14694
8682
1592
63923
132507
104543
3080
96570
6385
4642
649240
905
50487
3727
8834
119047
107977
108464
3840
117549
39332
104706
1059
269886
186755
2607
20141
44004
7890
20587
61517
642713
80078
266819
8791
701424
79689
2599
620268
20055
61350
114470
60132
227993
22566
18854
20507
13696
108611
4630
18610
108221
194460
1160
644577
88958
39681
60166
4383
8540
1636
658371
661664
1063070
20483
640822
59846
77342
25861
25906
22467
30338
10009
155186
693780
324178
62581
94664
44980
91346
64022
1316
80244
874
20911
79072
228277
97003
31842
6459
90542
6139
4925
38017
31413
20826
9211
37961
914
22573
93945
2683
647825
3511
646046
96977
4242
10699
248
6594
3234
1007
43724
97312
78757
77631
3459
88797
20092
63956
3490
642613
11868
679347
640046
661746
2737
226566
24064
20164
83818
83855
1018
317
92771
90811
21214
104703
166695
31274
1814
2134
108785
64077
98198
2710
38321
7858
105821
94693
9895
104128
4790
684316
5701
20035
74713
117935
21231
11834
21237
169
640934
241
59878
21345
208974
85658
4962
67446
20714
706
5044
37068
117265
58489
4696
473799
660325
640858
5860
15195
210690
658205
43019
60520
123221
138504
3792
4905
6494
85015
138567
62167
5177
105791
20928
6819
661421
20369
4773
93528
1741
141854
5340
79243
1272
126133
22994
3883
686665
65029
49791
43513
7915
11902
20205
6779
92796
20724
18819
422
4106
657919
180609
118768
47565
23631
3996
6717
47556
47826
7878
11350
20252
315907
160416
104293
16686
643250
94967
3537
3375
657640
54813
11837
90545
88005
4828
186778
79808
77298
143850
4965
21681
714495
20032
339141
85780
252958
47076
102915
2121
88527
136695
1709
18370
100881
96711
155506
38391
95064
236583
151061
1063971
21116
69812
96360
196483
638922
94735
160838
19223
21599
3708
89583
1703
2265
16129
11809
107270
19033
46525
4303
4728
33595
77748
2161
20692
11009
104554
29504
290
33562
23816
36711
731966
21655
6543
231364
30648
83377
1269
661996
59970
82097
11849
271288
123
85746
2503
2172
38510
20582
108463
9378
22951
3478
1997
107560
24070
210038
3514
96919
105467
2809
13641
646289
110099
66342
15895
27683
17825
90534
18684
37250
17714
24061
3973
21604
37954
7104
91961
95252
644567
6427
705834
20596
11355
26662
640399
63945
3551
96119
63838
167247
1688
2300
645639
1600
667483
88732
78254
72405
4763
3789
640628
1001949
20735
20303
190657
571
84872
33860
82009
123828
172997
420043
18619
18799
234689
94199
22776
9358
1167
643162
62545
63979
33694
5237
20315
15577
662219
19583
125849
6510
704607
664533
622595
4235
1037570
5546
3217
93225
15151
145259
108608
20603
5050
5048
77338
20781
2479
4082
4986
2462
95655
18054
3474
104689
4744
94164
4843
29565
78345
6287
5702
94332
21351
88709
1066345
280712
175423
662614
89985
87872
4248
92717
8516
20076
20862
643683
22033
4879
361817
97108
231819
118673
176998
126608
37352
22892
94728
20580
7886
20726
122763
305336
660237
481204
31453
207021
1986
1032183
11870
662331
1011424
19722
95
125067
155865
656730
3555
6902
186461
94238
20078
4305
20422
95109
164600
95010
63973
9331
134101
92359
89313
36283
8705
37379
103001
657924
7135
16875
179072
1041416
56644
14205
166656
78603
20218
245233
18924
188936
101933
11933
54488
114324
8480
20001
94504
4738
95357
20910
643094
94545
822
265315
20589
209690
42129
672637
640936
82327
5671
123100
10007
38282
6753
296084
63055
366
714928
1014555
4860
63475
122710
78575
78446
646882
21143
92107
20231
91995
38381
177282
306892
644785
28206
21685
1049
1096010
15289
11872
21207
25127
690
60443
248393
60955
638634
7577
1499
732815
88452
293716
33594
75097
74674
118778
23472
4194
63683
63427
4501
83102
12987
12950
29570
693176
658204
79309
170990
661611
21158
645673
85054
20368
14029
429
12443
141876
20106
288
50223
20432
11850
4028
4258
7789
200414
6404
648907
26334
20835
3601
20400
263692
21203
9383
1870
3900
447
100127
72527
2245
29195
133563
7799
10284
197040
179192
93857
6812
59764
63426
36654
9024
118922
93907
114465
60913
112301
113679
67667
29977
81915
38390
29840
38472
155234
167287
3307
289368
8558
652673
375
642645
1498
646193
103913
2247
27514
77217
104130
396761
101796
20385
96359
68030
24545
1044927
991906
101697
6457
29584
72524
4759
732816
8368
113732
141746
158754
642718
6440
1250
35941
649283
90897
4372
153584
20657
36354
752362
662189
84871
4777
75228
90607
379920
63531
5466
16694
644543
656716
113693
198732
5788
1108018
96945
4363
21627
60317
54403
679387
96115
646231
30920
71238
160870
643765
18117
727988
16235
11157
270785
6067
8202
7060
79272
1008
57575
37670
71564
77312
104747
95635
101695
1040337
79166
97188
1706
27889
153310
166047
2689
174682
3769
105464
1998
1996
94930
20417
1249
40844
24616
645172
137523
132891
62638
21115
116948
21343
31138
642672
11910
1008561
3677
6838
96904
26163
20518
52802
1267
255352
84993
169703
2965
1090
206751
1006489
1029296
106534
20649
267793
23947
93567
10110
1751
646419
639902
3009
37515
97513
20972
175666
702852
97391
118692
1885
105733
4946
63471
164517
11542
181324
118537
3790
124310
30032
715559
238209
710
96487
29280
71067
63547
1856
3651
1073128
62966
20429
91327
147056
5698
4787
151914
1819
272522
21081
67434
730472
214233
177076
6633
2244
35393
8839
3618
37259
87251
47409
30138
781521
103453
100409
99750
25097
2763
639858
21877
96363
4007
11813
137982
20370
55879
104091
20774
200306
1124
187669
20121
266505
92696
639471
20052
2227
123297
146359
397183
3927
80254
2105
660553
696115
118787
803
102513
199208
82340
104320
237739
11823
11914
53008
231142
123419
3422
24052
42960
30078
38397
115873
3305
95446
77336
143837
94185
6576
90851
22551
187277
17927
183729
17870
20845
10
40025
2416
11900
91527
6578
277946
62792
86639
1156
64116
21016
681378
16187
14823
4314
104542
47555
112192
126104
1750
1844
4259
4382
96561
2448
67925
217121
126827
645628
1005895
24391
190367
7125
267663
20713
82142
3869
862
116606
71634
2363
102395
354217
218928
645680
73352
20748
269981
20734
853240
754282
83929
107567
104031
1097739
216645
68010
94301
47546
1114267
646812
94550
642771
107405
11845
159641
645120
11167
6384
1066251
73232
927
642664
79635
616938
30118
72525
20780
94246
90888
3837
118686
172979
186771
1043368
2985
4861
87927
70153
49687
181264
95051
20112
3450
118852
26742
205673
106932
104135
1018746
119724
665214
64102
20685
122900
21025
82945
1038962
643181
28232
78606
991893
104841
646606
4833
104133
144624
30952
28514
123040
104244
518
62850
680363
6674
15715
126129
21250
107899
63962
71359
20538
637333
151639
36547
415700
337884
176905
4741
118534
647043
60224
3360
5451
21468
37590
1294
37048
25930
92972
49535
25933
4997
85529
107971
24372
16260
105934
35447
255075
95523
20210
9468
27302
104407
182884
661391
20793
20083
461
9258
20976
17435
663315
5848
16405
1319
95945
102376
7719
1066844
117224
35396
4324
939
4820
91287
18783
105925
131859
111330
20297
17027
88912
3005
4898
991775
90000
23582
37347
5925
1228
6224
126037
95908
160751
29305
95562
1171
3638
93596
116547
107367
30242
4488
229411
115986
247255
272845
148763
10071
70413
645490
3740
21192
3265
216122
30814
160728
689813
20687
100760
21013
224770
954
104134
234659
77352
2149
164829
77720
11286
515150
10004
73213
157351
68175
20639
222328
73158
641835
11856
204928
20033
23133
71109
19999
133536
85052
3221
79929
107478
24536
728304
84996
20158
26353
279476
20266
9742
114504
92267
17267
37120
880810
69791
2087
17480
17716
77322
12609
20189
9304
89426
177006
70613
93310
1107700
69786
104553
660678
61315
20554
1794
661070
37334
106648
1022511
93723
657993
93404
122850
63413
103209
216585
6721
789695
20232
71460
78677
649527
8724
67766
94348
48598
176957
26989
1612
166705
236902
21055
9449
6599
3388
97015
78286
657587
21020
234683
106694
73005
3802
155524
26479
264206
656425
701317
21042
104532
5219
95079
93495
20373
20576
20168
3834
87926
19297
521623
17
11806
17845
689971
1015038
4847
37132
4237
112194
741544
101169
8490
645568
234735
7941
661924
170957
141
490791
7779
8043
64012
160869
24775
28148
27038
174590
104019
642652
19724
23036
198858
24445
18733
130346
18147
40403
21052
30060
2312
84683
643560
30133
60278
14420
63513
93322
277758
4868
303637
20157
8859
16049
696294
82026
23506
146934
157654
217686
66987
800
88978
1813
1985
15743
23462
62729
30637
662527
4856
104675
193227
100270
30933
1261
305845
14812
97417
82140
716446
63640
693867
741385
43734
117359
78951
3978
71251
60204
63715
63987
90880
787053
3886
12579
26673
2307
67934
6481
20672
96245
267786
21353
20358
62826
155517
21028
183844
137217
22888
638895
82156
91966
640047
108537
33864
240396
90511
11458
101603
175710
148678
4851
37054
5108
1037572
649399
37297
1958
262386
280059
4657
107928
288850
1418
49688
20520
26377
27305
20394
2520
18519
638603
3473
5035
642480
1163
27644
42336
646
84856
21632
71289
274921
657994
1056356
92506
105206
29697
188807
5091
145279
64109
295326
2775
112199
16940
91488
208123
20644
7028
24778
33605
8874
222602
85314
774646
37207
222445
24803
566331
656712
703683
23000
132260
91411
160264
59613
4184
643278
2085
13449
21783
640928
51841
63585
133389
673641
7651
72602
118598
966
106318
1522
645576
54113
87892
20655
93377
21350
96155
642506
118585
680246
6587
3471
110182
354125
18674
1044823
6651
87627
17295
20906
85351
677039
912
77316
47112
11922
241905
6448
95839
61397
640973
70818
16255
78620
17256
84907
60252
11952
78779
660940
2519
71204
107600
59934
713991
680296
4913
28919
692167
644790
788435
78577
90589
104686
221835
1022568
266858
86058
88575
153647
75076
20567
659796
998605
657336
335
7856
252825
189364
29566
30113
7487
20289
60452
8573
647754
741978
89804
95877
276656
821
101792
1417
91276
20631
96582
2814
50592
82146
884241
1176
9021
9391
66016
78730
57889
27562
20912
99484
30322
175614
38298
278207
648927
266862
87857
2152
5480
70134
4215
51938
103824
124901
459972
22402
77838
26380
3425
107902
3842
1089811
134096
113813
231066
995816
9349
9212
20066
719
90975
119031
33623
64061
2557
20954
71038
9883
1351
62149
26110
926
26391
30862
35585
3613
124730
11963
692462
99129
20209
1110376
21062
77325
15430
26181
130945
73272
20391
29821
447745
658376
307548
158196
684437
18112
157635
63451
151072
101552
82320
104236
8099
4196
10072
46884
586677
1097164
4190
36802
27130
6731
1181
63092
90
331654
75045
1822
7999
3980
640488
95872
649552
39563
75025
19347
63860
7356
1364
27259
191513
581929
130385
643011
25434
649264
3882
8122
511
92128
21989
62602
21513
51827
27104
643035
20299
99451
20228
203438
91275
142911
660230
167739
243544
20128
52183
177794
23007
645987
31299
713825
70061
94161
9573
20439
30192
679392
127697
5138
740
98214
20658
794695
4012
86182
3172
18249
30131
101902
10621
643452
38015
314653
75008
657295
21448
645523
33825
8216
85493
103278
101486
72764
245019
11906
191415
36005
644647
63819
47545
15793
738706
30813
11955
2943
30238
21864
21117
856803
4848
1832
644398
4009
77294
14541
122109
777229
89951
633
4084
234787
62877
18088
234675
1006931
16172
656427
204597
20064
84746
3991
95464
77340
354894
1068
48362
20227
122773
715909
647927
20291
177013
314096
219819
19074
2835
6410
1767
11908
48
95848
672259
23108
154862
195384
4239
809
77279
20199
637244
8423
3493
77320
158582
1806
1039398
51945
174227
94503
1991
130557
2841
93556
22457
20660
131089
7023
28946
11831
63025
668181
2852
38091
143753
1892
91298
4284
8514
20861
21032
14778
21056
108680
33767
29193
20013
303834
160814
85568
77269
642097
644495
827
18436
111467
789
18028
657450
919254
37355
206548
4733
13600
229396
20018
45374
296785
2333
21315
162126
4830
60611
158807
30200
12306
9995
21934
71051
20159
33749
63593
642581
172173
122896
20335
191266
175611
30951
219028
2162
21499
660328
238761
72587
29655
33568
88939
8153
189495
1850
649608
15365
103843
28491
6508
35793
139
20075
139670
663021
63312
234732
170097
20061
123921
21782
58251
33772
451
15708
8548
6025
189332
137766
137824
660571
166730
30923
3957
72918
129268
126741
691952
89752
126117
63745
114482
142963
63634
94190
59608
4188
104039
115880
163440
95350
20392
673035
280252
17086
71141
8110
3452
27373
59486
6382
6761
15533
54836
131402
37177
66331
343060
6235
36628
30776
17855
218232
153338
96376
106986
641694
665744
649311
78063
23314
535092
79778
94755
678972
21127
17737
3606
123220
20886
6310
2444
8633
63155
134129
20898
231657
68021
592
20163
108603
219445
5584
638614
72534
740772
101482
649132
715780
642549
59852
127388
32916
26438
82058
6151
62756
21326
657551
137008
1013878
91942
97109
147354
171758
8595
638192
38373
108441
21940
431932
11877
22532
19875
153914
21340
4928
5109
1461
179343
85926
72547
13922
197770
649310
82161
1133
49647
23154
70130
25629
94327
38557
29590
2825
3155
41397
44076
99796
21153
5148
97054
32056
151080
20690
33467
122147
108612
658221
645868
89800
36553
44427
37781
6472
695814
23429
9384
9531
6780
96553
37363
897666
97215
1130
136261
643591
23187
1025810
8922
66501
32031
41785
272833
118826
100171
7887
160276
96120
18823
92616
3974
107558
71078
107898
694961
2089
1871
20262
63411
645686
5093
660227
75017
94537
2242
4018
1847
4719
686692
172694
59859
21161
21033
1897
916468
17715
23596
5889
376145
7876
106982
766810
5423
18481
30788
64425
174808
134061
142797
643420
88672
7205
62853
74518
39187
61464
1033692
8213
101237
21254
7630
127179
135003
481
322922
75047
18302
189904
678108
825828
71164
1861
145242
131138
20878
64125
747721
28207
21179
1030085
707
17874
33585
12258
4739
125459
11273
741573
710072
133492
1383
287959
198555
43964
2233
75144
33654
1095805
90808
95432
20788
41815
17264
5954
20381
63622
660229
33705
220754
672246
26639
681379
223580
23045
1530
672433
18507
642585
66341
130877
22395
266758
88534
175625
62312
1009462
33606
75003
653975
106245
60186
94079
9011
78738
4757
26475
2153
829
103015
93511
20761
48511
642464
125304
26562
173183
74438
272279
71240
266522
5197
442153
3848
2213
67947
38357
234784
101727
19572
23566
21761
1019953
21271
108118
11913
644313
85963
56461
63752
126900
104856
706213
26887
20643
159164
93182
640374
158
69821
101495
7872
75060
97378
79215
9038
8893
9327
78369
642571
3796
28072
696875
434141
27035
278222
189467
118529
7924
1007584
94983
644766
35520
70141
22210
644688
265265
303713
10634
25524
4877
226627
53653
6277
698537
81406
6778
4966
21174
105533
132645
313
21251
7830
5139
3616
66500
20257
72650
21187
7818
112330
94579
37244
67919
607
101931
131002
108493
101386
122874
20349
94721
18824
80250
94518
84144
14474
656050
1848
32176
91954
186452
713685
126976
3015
82469
60333
6701
4801
20404
660345
95008
711939
738883
20333
3126
685773
97030
221848
732
45094
63543
21111
21280
4555
62806
646687
133024
642738
62142
195093
715155
93886
4351
3460
2095
274684
3480
65959
4886
232018
529
31028
106718
89771
96717
1830
421223
643146
9353
325182
1899
17119
29343
20491
2900
1030950
21781
30091
101624
9552
15807
275015
175804
175688
1006086
63993
6474
9394
101946
165533
16115
5630
1974
20542
640636
16889
4980
644679
5513
8934
193049
11964
16060
185910
94230
16948
85586
21294
8186
20166
182588
12194
62873
696509
82336
28936
167016
112901
6504
67980
159312
322222
30386
29556
129583
11884
21286
4318
133195
35808
276935
22478
118706
82342
81481
36085
20758
91797
112392
101951
653564
84808
16099
4724
22104
137522
5901
7347
92301
4930
706630
6424
224664
4723
651596
7863
203823
24700
17399
25791
764542
21339
641261
70147
38279
41357
100176
2122
23850
71112
6040
43410
649286
20412
2903
21039
94371
4800
52989
288216
104688
55356
8394
167305
882596
62843
4113
27304
646670
178530
27320
658657
211400
74824
195585
20874
73021
156802
2931
30256
101883
104697
1187
176953
71210
57431
16346
4141
164749
794244
101249
640579
20659
100958
13492
370284
177474
6529
60028
103426
14925
640781
101600
57407
813
30151
23698
278200
75015
89251
230993
23214
11894
642965
4177
89564
203851
64200
23976
4981
17720
656084
94401
65210
53400
84421
129292
44659
116052
106418
90914
23353
219915
91861
6861
27901
2046
4729
135193
3402
17062
108326
51268
79601
26335
31434
177095
31219
693282
6486
663549
32823
8898
357976
21048
108477
770
114106
327748
20616
660235
20089
645596
27332
64028
644878
336787
641780
4322
638632
74863
16272
138060
75011
89768
46232
3728
3358
93074
162635
19620
643337
84610
5425
78388
3999
37908
24048
657370
5086
130965
44521
126122
673305
86509
60211
100779
85592
17087
37238
9192
53608
11778
486959
1764
425796
165441
93249
8815
38549
771180
101623
96580
25114
2510
79232
21408
71245
694064
180661
245509
38362
764160
1649
108546
95829
21275
107492
7751
688098
102873
270034
63528
37653
80298
75901
92974
96505
4153
57886
81680
25945
32009
1083014
106143
647065
211139
921
20420
57844
89732
60285
665426
6395
25051
20691
96688
101487
74810
95825
4079
84737
266501
839
142239
104012
170320
3835
60277
7925
8158
37611
108516
4963
91257
38307
7889
69875
90075
837082
210676
220135
43376
11694
20809
192714
87744
48764
94326
4147
9390
126089
30015
16637
220477
18463
12257
189348
1085146
643213
188544
101721
59931
50993
1868
20101
324281
205066
102878
50322
101549
20834
643341
7606
36712
85337
643474
23896
95734
36269
125069
226602
21074
107858
638807
81687
261432
3056
72446
96225
272808
178274
94543
160876
14255
642794
218240
91777
116583
213
339302
94272
20575
4806
642731
1584
314220
138518
131574
14605
173193
3604
7790
45391
660164
89690
30963
17778
173301
1836
21466
20025
566049
188570
30879
61491
22778
35752
36885
21100
29171
71091
26622
653537
644898
662129
684217
133
19431
649184
674197
57883
1003560
21076
146251
17281
672555
101524
100037
5549
104216
5273
11865
4778
94140
20458
175739
152701
692381
665304
21001
74793
110046
214558
91970
23734
23933
21823
10496
33579
24190
82
674081
38530
7608
640292
4570
77351
60306
476460
20393
644827
1889
60203
28513
650653
6274
30267
101680
661420
646714
60873
104726
84350
101267
5727
27339
110048
8141
20271
208898
188460
31313
88933
644640
23654
740743
1047838
50544
661957
684221
24312
3399
671840
102327
104202
676110
90162
644786
12704
1015992
104705
29846
61882
17202
694765
264833
122673
9147
74097
83557
9951
3530
62190
184314
64032
23141
1016
686811
12296
199860
73345
9004
33507
4395
13121
8640
22746
86185
426101
29681
130389
940
4989
96698
118286
188333
19988
17238
1090958
90995
227987
30076
713734
96011
20446
20618
5669
233765
1002514
115921
124360
58978
75046
12829
672595
186188
234652
712001
107901
678971
57904
272846
5420
127857
23017
10573
18277
238199
92852
690485
645688
164266
157966
9935
30126
4786
93892
95167
693224
310915
125048
59858
43230
47779
643335
325243
88579
3394
1119831
107882
75024
100173
66349
31038
100948
88863
210968
429902
663745
689969
648375
1106716
435225
226563
9321
6558
78601
663503
47157
37339
18462
78587
653432
63116
60083
58419
831136
2076
4482
9900
43935
180594
182421
253984
9326
22088
11816
645629
661681
71074
63924
20371
6466
177219
96654
676940
649910
1010925
135385
6196
160734
95600
4285
305901
81959
3503
138992
104423
33465
684833
131393
760118
1050
159832
8462
645727
15640
31287
107848
27760
657603
52408
60449
376
28945
587114
118329
63507
24493
247
127816
88960
646745
660705
17105
37128
748427
30747
9070
47525
11944
20939
25083
5462
62752
21511
112196
200394
269952
6702
27083
212038
586171
208621
42
639999
726585
159537
3813
787702
155828
225180
136850
18420
43361
92288
47543
640820
72932
21209
389
873
95105
7277
70548
4916
96934
20563
74715
59499
30217
77297
159184
35382
172980
20803
36313
1015
643985
44
116468
170325
47780
207800
70233
122218
4020
93081
1014821
100117
24405
20107
101942
6974
1446
96708
123093
101699
8108
192967
3215
63325
2194
6319
72574
287958
254435
264705
222206
106991
203558
301293
307592
660251
30629
30669
9051
216496
122889
17275
468956
63529
64041
92523
177028
1831
14126
17828
71227
30815
5042
68027
46679
112197
635519
166041
44327
649137
77305
30258
86177
11215
660700
27849
175773
45645
37183
51616
373833
59187
60737
29500
197843
92804
1014857
45720
60148
145245
3370
87231
93536
78865
644036
247709
7187
90779
66421
20866
73385
660639
10111
18123
12619
37967
4034
732826
214187
88852
238929
134133
30809
112202
95785
4781
9416
20477
695908
1067230
1247
75059
112195
373809
94751
78641
251863
92122
4902
92197
1908
82601
314595
97099
100652
642768
73288
86093
1097176
6754
3998
69833
408040
178560
129497
307941
1254
43951
42859
96342
143003
38463
60095
22362
253421
7193
104384
6348
37029
5654
17933
27647
124325
98868
9873
665765
91893
21465
181881
18264
83490
223184
175523
2166
132922
28026
96
3568
232346
86605
18040
784912
88414
220916
4421
685971
20981
3921
11857
3437
655610
60473
89755
643850
101777
2114
107427
26443
20180
676936
656728
689786
3237
59521
105386
63049
90865
140471
83930
79210
38371
3277
31475
221379
4326
266523
300534
104418
20233
107821
20595
3526
62127
20415
107924
139438
62662
391474
37242
97164
226129
645694
32542
26624
113678
98098
47506
221192
137045
83896
962
345704
4854
508599
78625
4694
3908
640372
24590
94605
227895
139388
4837
24691
640334
91944
126444
108497
20638
18047
712038
643684
139551
194861
95778
60426
4110
645612
234747
72504
186762
126291
60199
20984
243378
110904
30000
1014206
82022
7005
9494
17309
96419
81288
71178
44270
21103
687525
455381
38806
643274
122843
90310
188455
154450
92127
20012
3046
104538
649236
695525
25460
13857
42980
2240
72519
5160
702530
274612
11364
78445
18244
92004
85879
236869
51767
25030
95694
21562
80058
6956
106688
1079206
27774
27226
27521
175643
759687
68051
642492
74689
118297
4393
607515
4949
727861
77262
715615
75081
106977
23030
663010
3558
63743
5987
111057
660492
115945
92098
235458
115931
95030
77304
87951
71131
88597
71221
95090
1305
202807
33164
4144
95579
20300
192368
92792
137988
9206
38555
117458
34
101356
101521
95522
95142
64295
175833
94714
192412
74582
95713
35771
28923
409121
642547
257652
1013678
8938
6215
75020
661922
2013
279177
639
129279
95433
148275
320049
137970
134121
3774
3457
658336
131825
681392
104350
9377
124214
1029195
25844
116527
73079
146021
17268
735981
29955
94666
1773
86355
643049
38340
22214
3934
180566
69793
139464
63939
38524
1263
107273
8463
35377
653080
214799
304446
60179
73217
6898
8154
20916
1014855
680446
4388
35380
75009
674086
100
4077
176662
87959
6147
12933
324522
20566
187974
21590
4798
88660
92005
696592
176255
17993
166181
995708
37601
271219
21212
655577
48367
1037083
93933
62900
600762
661612
29851
63668
64117
234685
29402
94465
659969
22433
49662
71201
10242
23955
101872
11935
4081
219507
103036
91284
62526
447722
93364
110674
13657
1631
29685
72590
208988
84534
9356
27714
77498
272448
85356
118479
33586
132384
91537
15131
71602
25229
61120
129372
100419
689858
5837
662437
4304
9382
1925
83889
62518
125383
165989
71216
396
656667
9359
36755
36267
38352
1069947
642544
4062
646681
105595
158983
62815
270231
7588
66565
676579
180605
653360
44935
164464
71283
84865
30967
130338
1011640
9840
70081
29447
14752
674219
122531
444254
30854
145652
93632
1905
78039
660175
26850
69391
727690
11484
10677
107855
111126
4711
679964
49955
88590
18878
1841
660793
6054
124941
97269
87996
98120
993075
58097
9867
44292
640500
88656
371211
664530
90956
20935
1089732
23683
155527
132935
71166
92618
378576
82454
31994
96988
74794
9947
213003
270679
133080
182913
77331
11921
1114680
4838
96891
221104
37959
4900
20140
41696
71092
194852
457731
27985
105789
3578
30303
12295
20484
175789
148650
43687
60456
93843
643002
79558
36580
86798
1503
59968
5668
29292
7574
647062
71213
95652
21240
687801
101585
111480
3461
137084
3757
59675
30040
105456
30250
97001
188595
647872
35678
186553
129266
1863
60708
137052
660216
21008
93965
85870
107726
1018614
410196
9925
10788
93497
3788
149666
71060
47549
20985
378523
435250
140678
146279
20249
21070
99665
104125
209449
282364
178233
88835
411640
264203
84107
127172
6704
22223
97260
686029
95019
7938
207799
737274
27268
174423
21646
74773
648421
82451
674420
92707
155423
131394
3359
9335
126287
138673
655569
178614
513204
25811
207979
22747
4332
2318
97434
18941
9804
812385
222864
26414
95404
76785
241921
245293
1012808
636792
180597
30199
30799
647994
662287
25157
36750
5800
71529
20989
62522
95860
29217
165534
42257
25802
47611
28908
17152
94347
20880
29577
164604
155328
98768
639960
67331
27157
65584
22027
13904
645630
191305
124055
94252
287957
138054
26164
37587
646661
80674
53222
131885
18972
1086053
110899
94844
77418
107822
708
113629
24810
4456
6216
160769
69940
191388
38525
190140
90018
211689
448071
3950
6482
84976
20207
20048
1257
231215
90636
74737
347330
101489
23418
89748
658480
61716
141833
198091
47488
20843
2058
1037441
122507
20295
4075
170368
992307
138401
107098
72467
186750
37051
237438
457697
71121
660072
206
643559
25099
86439
419356
164549
64043
3085
704665
84957
686421
92375
20925
177322
62755
87963
223935
49695
178507
73384
78181
287951
132509
5695
248502
657448
660236
131135
5875
107905
169523
137989
170334
9466
4236
204490
188886
72716
135771
681946
176640
727200
13804
9606
9168
438913
22538
737534
86138
663311
60322
37074
1063520
94996
7985
173315
4799
124700
90562
97112
37955
1374
33472
397565
491917
135195
38320
39464
660570
154686
51967
88506
71079
94113
100337
37408
129959
2118
96262
654900
130577
2433
14297
4959
33581
21447
71179
61712
375999
10283
676883
30168
200555
92730
917025
11371
244113
17920
50561
13417
78682
4212
89950
962893
1029159
174681
175746
189260
222362
663013
205592
216183
1061557
20118
20184
122405
111353
713699
6299
249676
75019
91024
92306
13
1112
154506
60296
7459
48481
885857
139227
3577
4102
60499
13503
93239
21578
23502
63850
638790
118918
230682
766884
3887
27233
54095
71219
1121294
25784
112147
950593
110588
123462
48423
94636
177051
87632
59941
27323
66370
93284
27336
4342
20274
660451
20111
28964
303799
39062
274786
27885
65
2185
100159
649210
1833
8229
1218
699729
69798
73203
85555
1793
115866
191444
21064
209878
97284
6665
91321
3458
17214
11219
643473
1018699
265268
76595
91535
29660
71090
637240
22624
17127
660225
649217
765202
125589
93974
5824
14413
76206
642671
176952
114447
8644
116162
78618
352776
61519
20881
153648
92000
201843
74672
62432
1878
164581
95164
2099
88689
96424
117132
166328
63870
1664
30646
83681
70751
22874
46195
10419
103169
918666
104228
219035
102792
4885
29831
20668
63181
83789
660224
1118122
126092
290288
646249
23112
114468
312340
681735
82195
153553
47436
184155
7682
85657
4052
672393
6455
661987
101510
4961
18625
44090
91186
15763
62584
6539
685140
167905
119778
108431
104093
30887
60603
3768
20961
20529
4254
110641
110043
228115
84949
127056
126087
170992
47770
28942
3414
440380
1895
31298
85812
94903
221503
749451
734445
99769
5739
74538
60331
2126
3742
106031
727828
1189
23044
78568
91990
37188
743910
70018
53923
211922
94738
260605
4834
166023
77276
31816
5934
333685
264202
52180
20673
13146
3901
199165
176681
228058
114070
17317
9609
53441
60649
13959
88533
4323
164220
53944
59
100140
93209
256687
174451
245063
88758
22471
231362
706780
7086
88649
648872
74682
5734
122791
5951
31252
63989
661431
249814
3208
59022
211274
170017
55905
578902
60260
9067
178488
229264
18176
137058
63682
671019
652267
7993
81986
171465
1043838
658590
82123
273581
195841
108817
203053
7891
20129
60930
680045
144989
11814
24514
13012
874122
78647
100468
3025
162138
176466
110370
655767
4265
3438
95237
49425
185904
11026
102905
89911
141697
13955
117214
647073
51238
23888
96594
82052
19957
17246
1060918
4154
275744
29815
38301
418952
107535
122493
92552
65023
714282
1789
3352
63986
285047
672473
281906
188447
152094
19642
99
107910
59723
3506
30547
104830
175712
4776
701576
94298
79690
30120
95172
278215
38459
90221
731847
20996
786938
55184
179134
4272
84756
55802
408572
223799
1528
94019
731412
114525
47438
1070001
155500
176950
96268
164427
90863
5851
67849
137924
4234
642908
97520
29971
8660
85347
137385
31270
11794
126911
49750
178479
21004
61905
126808
107760
21935
637039
685289
83549
61364
21096
110466
1078239
37598
3071
55600
84835
118741
645728
25408
422537
25159
126195
86501
59963
60061
142358
43055
77482
642803
640825
478861
197093
82306
96529
1052212
305515
111389
52579
5608
47878
129898
4316
175130
314229
75179
226698
245717
3856
4174
94303
17292
3645
71148
88574
18807
78332
16812
30627
6412
174944
2208
8952
25988
9990
59999
80073
71127
71117
17211
79474
219280
111634
638587
5103
11886
997900
175786
640510
697819
19821
8226
494735
45957
39160
644353
92993
51832
60900
122753
410423
691175
32732
21671
145002
115917
154697
78061
6225
643151
3959
21003
36323
713047
8677
89579
263224
640524
77534
131400
4809
60341
4653
23676
26068
91989
63279
224670
122688
8047
2669
664100
646846
227195
102374
20490
177213
5134
94287
660226
92843
4727
270355
16515
156859
76002
251576
37595
164664
70144
44016
661650
745633
108570
110103
98099
345883
24042
134094
62517
714813
3602
278859
646408
27329
113845
364508
1057428
107392
8517
234756
97309
112242
177414
30107
704606
60504
59834
6345
160697
8405
74803
87394
658296
4557
69460
1666
135351
708998
640353
4222
31339
664531
291185
9240
406019
64240
265270
3770
77266
9250
78624
18894
621245
47636
884110
21030
45154
231363
237419
71093
72724
170441
658706
92600
26125
78759
104129
79562
67755
7389
6511
165799
1041717
408752
935515
54528
2820
222429
179455
473703
71173
75879
47526
42946
662176
644745
7735
1081077
20084
75697
21821
214058
2664
203999
63571
210877
22270
665179
64029
748086
150141
82113
8267
396719
218062
2044
101857
4947
101304
686674
200363
112737
639371
1101045
37374
35682
106653
771322
647854
67
145958
17956
222688
94209
660548
9166
687528
94692
1054
48655
656631
561748
427157
73050
37952
93705
254667
62824
66522
639681
214299
699464
91341
62921
6328
73244
184195
145275
3573
331246
90165
77329
48071
104126
63943
21293
84022
698119
69858
1922
12574
258385
93561
6341
91412
90870
96204
182813
659800
221749
44751
103388
126130
176831
71069
20325
1818
191233
88410
672384
175794
155746
63700
70604
19270
196423
647789
4903
194320
172879
31965
91894
662426
71095
94311
226661
28217
202924
24164
32881
71194
63609
4972
92262
36597
9028
57041
649368
656720
204561
28086
212536
91775
684435
43850
35719
204161
2031
130974
64071
7712
78148
672864
1057881
22500
97094
51516
27308
662116
37148
4024
172602
125412
1005208
21503
36670
106056
26225
546251
18248
196295
69834
104510
98092
1188
27659
6706
63964
648784
11401
192010
37306
3519
29989
643498
23035
273583
24163
1052
26
146823
715450
125371
3844
158901
75606
1073107
88588
90894
7256
641858
26983
255392
217261
800977
60123
21147
133038
1038170
210603
7883
671588
92287
3508
17148
96572
65857
104171
754127
138773
38252
645526
103449
72462
191964
178529
26073
9429
199358
420322
3017
278203
263345
31027
176578
92644
71243
62547
406141
70148
72488
191995
22577
639677
2147
17125
122837
657921
140680
170939
402225
84014
57300
72589
169738
61595
25395
62676
5496
176187
231428
7718
57361
8689
20183
37219
30260
24710
67823
217824
63959
78805
144298
148644
4880
50550
187157
10236
192303
649453
59688
110159
175626
95314
167855
9508
78639
101528
4813
63678
93927
1074
14523
106885
301045
649411
107920
107672
114657
29618
170991
642880
94145
129081
7820
327925
341292
3139
107075
371163
3955
667113
642453
94362
633923
84767
27527
62361
1580
132750
91261
6544
182327
18710
412634
907684
136089
70975
139234
112236
122929
38064
309282
191445
27331
220362
101867
307599
25920
574300
27210
91603
688078
98174
60434
314826
307597
2993
70139
23869
42274
642653
28129
18552
131599
20549
88595
11960
28050
587389
94413
6921
62540
537
1839
19560
41532
430547
235566
124023
30092
8571
684556
117162
251527
274826
71743
3225
646438
177161
78607
648635
91941
5464
24434
21015
112342
20134
426134
92669
151412
177039
202261
71455
1014568
117418
126140
4299
71181
97993
27358
97144
11887
3821
170101
5690
7044
133816
47918
215720
82721
70
4238
402817
33015
62677
27652
105662
204213
38396
84983
21347
87524
23232
205246
197493
1010223
80678
20968
78014
994762
47804
1010
95346
170114
5675
644645
2855
232413
12572
226799
67964
643065
2773
187117
3656
101845
219443
215755
30604
202299
39063
216290
4320
10808
97175
73332
167914
101795
645621
222796
29680
3492
51892
11942
419499
645502
16829
266829
30134
37312
205538
11321
87093
66380
7822
64754
30482
649204
194440
126419
390
19923
73320
95663
48947
38845
8773
95743
269998
311519
145655
28535
234956
789179
235227
11988
160560
82110
60229
409636
182953
86324
1085175
73045
93315
100924
57893
186348
158651
43546
94376
96364
64040
759077
63847
807041
112129
95475
747781
138986
82341
92831
78760
35812
65245
106945
101894
2385
688300
230564
122784
175747
29839
157176
29761
303724
1887
102579
66350
29139
96387
96243
26029
749275
29820
67623
101677
714710
92624
761
60588
95323
38531
181263
58661
60368
20334
218201
407779
177101
1107786
127327
112292
665596
37130
5001
84580
49263
160864
94531
15711
1006176
660223
659841
3500
83581
661652
14262
176976
108822
58922
14483
154445
615353
86263
649130
338895
640556
84291
126049
37243
21929
74227
7560
24878
5570
11981
21273
678163
99035
86087
28967
185912
58701
11043
215775
8990
21441
71140
25372
61922
63881
133044
84532
172826
3733
206271
1275
201448
268886
63736
212420
21767
8447
217380
643694
94088
32166
172002
38264
80227
328
103451
38559
28959
25709
557531
18364
690388
272086
69863
49493
96709
121553
69852
164882
69820
59597
8506
55121
649267
21206
1065702
63878
10729
67795
29829
9885
23787
398246
97389
77897
21043
699491
18795
87866
42991
30599
126125
33326
94915
20021
110105
30165
171367
98088
737636
250201
17303
63635
815
77889
134035
52260
88480
90873
554920
125687
77308
79025
66217
93977
127717
89885
645598
1113706
92274
8180
30643
95508
152938
24212
164262
27346
8719
122915
47434
278981
133095
6936
65842
3960
28137
90938
907982
190320
413562
488
636561
107571
124014
648301
923
29522
95533
125316
662289
497308
307555
163405
123469
22677
1932
1064
7707
37197
59946
204100
2163
189675
36908
341613
22816
5803
3660
17312
231050
89703
637220
62788
114319
49689
709159
1023269
96850
35594
107563
9362
865470
643505
85279
2246
21572
97498
273305
145206
22705
21211
105939
635970
79192
672370
137366
96803
27881
177016
107908
237120
96556
253814
90921
167803
675628
101035
154950
124112
655630
75082
96401
7418
73259
93510
25909
9169
11091
117144
145006
20069
63391
4240
17905
101856
182324
73441
28971
9351
4636
26213
262006
699563
230621
94207
44894
60345
176235
21784
3207
765755
86832
30127
22460
47073
49933
95110
748336
3772
465125
1038038
9411
101447
53319
71185
49474
83924
154600
229031
76991
130261
138722
110699
8046
640056
62871
4311
278209
151092
102595
100449
16087
2037
20389
166071
20924
77384
799296
154701
122891
92662
483103
711199
80289
38511
567317
104832
780140
108449
265264
168815
18342
643447
37134
93713
91949
64089
145542
12320
20601
29923
46082
87915
86031
1082937
181189
533
314873
106317
142379
201449
29439
30635
16531
4943
3862
884279
647773
705155
29663
25569
178452
100486
93123
204415
175816
43699
161030
130669
22669
2815
78174
85312
8665
75084
63030
63294
642873
122759
72937
38303
91447
276917
202408
58786
125085
3809
480
263104
291544
79458
33561
110692
647679
517469
202315
167902
102619
175744
84735
1084
57911
9476
111912
661613
29600
99730
38412
339697
142965
23136
372927
687376
94618
542370
313030
49280
3744
3444
25138
79473
59903
213878
176947
49579
24482
24555
345162
38105
94241
211260
14785
98193
89855
715561
20767
67853
23221
161498
18675
804688
81981
62744
82128
1112790
224536
9790
442642
94453
71138
648034
33626
33597
97055
3227
78499
690391
104541
202993
3864
169952
765567
115914
189343
87918
21078
69902
3962
1661
177336
80157
18371
95813
22898
68307
85705
983046
210700
514
660113
155516
22493
1227
118293
99166
104169
143935
22657
2237
60585
19486
642534
89432
8362
14602
62373
108467
127362
528218
652428
17725
217187
13119
229922
191569
9395
1159
1933
688849
9366
93232
1030118
643376
95004
227806
6830
2682
1411
30867
81453
674264
681268
90087
678344
35738
8549
9393
112767
176196
687221
696189
115964
331851
222240
745113
137650
176939
175771
703961
25562
21259
32941
101884
1061600
671879
684441
143551
86855
122883
642993
158411
19888
223178
8117
27650
58036
20470
259817
84914
44142
236628
137316
51062
88857
213325
336215
9388
44370
29719
175662
89468
89705
7409
21930
93559
3647
178583
680313
38248
149988
3024
3777
460539
3197
649273
315846
93803
660523
768258
93520
197778
4384
115332
4593
3031
68390
32974
414366
210381
272443
4850
211537
25917
52318
6751
3128
85757
104552
125411
101636
1018765
179519
897945
108495
8142
100781
4312
79880
95776
475544
187431
122175
167214
95435
429436
113751
6497
17293
69799
4881
78263
329059
649321
112168
147182
107192
50088
71488
30925
72450
59838
180680
641
657619
328166
63886
191793
97136
147826
135713
24056
643467
124758
279881
238776
151258
90046
114462
152722
94202
1121193
92703
186285
24761
72698
81447
91582
1524
4669
201435
13494
647981
371165
90543
4364
91467
62572
81935
25915
30587
21224
17936
643836
171482
268090
6490
85490
755366
67754
113860
192023
136992
175814
4964
41450
130378
8131
167217
29654
445263
68315
10967
198459
268562
22463
92531
95041
2029
293903
712162
312265
86657
811479
12954
95152
22658
5181
153926
74779
101651
220436
659383
1251
336847
108983
408026
91905
63871
3581
25825
110676
3543
78608
409552
17418
63684
93651
81673
281078
88451
30883
85962
128702
70405
104024
23132
878291
700175
26216
98082
165440
131005
91386
77326
187595
274259
83686
93650
62660
77254
95941
649248
649260
814940
33688
108465
678976
132622
86900
103155
781832
473456
4915
260615
662172
7245
188443
37876
22456
37616
192802
123715
131148
60128
23580
102610
341980
129495
693714
25064
211598
27784
54830
87810
778939
30895
160844
107582
88825
18879
673350
262984
60358
158794
23211
507156
101921
635672
695819
226654
108496
358491
202870
22120
115939
646888
240982
4193
63618
92638
713422
344033
14147
85897
84019
29146
18683
10066
89890
141817
3420
48360
132517
38154
20355
176456
20971
367127
124372
59507
318695
714496
89002
132760
27908
968674
151246
2678
7088
60890
73108
266944
646634
17750
72512
237150
100166
566846
90964
79792
3936
206334
19813
117543
33601
686040
15723
80606
129740
315154
943243
153725
25075
145010
340337
117365
23016
27732
4088
24547
125778
1797
188999
62610
29664
157579
650011
95491
5130
104092
51843
1011
170519
23528
108534
108735
650993
243065
3064
189524
78290
4230
93195
71136
4225
64034
424
212904
28852
3034
125091
37483
88581
98456
204250
245703
133393
49978
132602
46509
29543
16387
30664
106956
74440
169991
114464
20167
43150
1122918
72708
29466
82453
2062
4791
660326
11111
36433
180386
29907
59618
5504
23866
21252
234637
33918
205867
95866
102568
644650
81330
27044
109003
3179
643024
228664
33577
2174
26016
14644
1034251
3630
54277
3106
102768
35911
68255
22107
94015
97170
393687
26984
200191
105187
644821
663104
5869
170487
256847
686410
89565
17356
71224
175669
94018
36741
689829
27581
607557
686244
108541
77240
168381
7813
676064
88721
67438
20517
229810
11395
29676
100761
112161
269323
8753
209936
643177
73342
167844
6237
176232
28097
4754
73279
90845
4765
80282
6349
333650
112232
21677
39194
28556
155835
129319
390443
30392
687613
86406
546
8941
191997
839501
71120
18480
77523
91247
38675
88965
84874
394393
692138
71215
133106
63187
684548
27206
20125
36341
90691
25031
24503
248241
3211
5223
8478
184292
215660
110896
7294
90536
529808
17313
92710
646621
17886
6130
230316
128617
472211
93670
9381
33910
93521
97218
19193
70996
24109
232128
255494
20059
127803
101864
79695
33914
244773
271846
670892
62286
74031
700575
639177
133824
50579
13746
29827
126748
762467
94846
60528
731593
79704
20851
8686
63410
4409
131826
660101
712128
203901
17310
91299
108414
402251
251491
4308
90891
563670
126728
112227
126096
3923
7689
203272
94528
137532
108198
104699
104702
33587
122872
97503
236311
96568
85609
20339
5331
19832
35451
5133
36358
86307
1081297
4993
218269
125985
330763
668740
11912
149631
204202
101807
190018
186756
705950
19916
21969
23742
223033
62890
260732
93692
23013
93408
234697
146168
204230
649813
6148
20474
94489
27110
274637
4817
77283
288699
477206
10954
715136
158599
125034
9330
3542
183541
679529
219747
1013727
79795
262190
20480
24896
236094
90070
17316
645626
11796
126134
30574
116167
156516
92374
32147
92155
102787
4819
73159
229307
3779
1903
186704
65407
37649
9401
9161
154725
125251
22486
91977
88586
2974
111483
85713
78978
686183
108113
41751
142819
655623
2394
93557
178164
107228
9740
196406
35806
62652
100926
689962
638930
132531
28064
126141
354470
77299
22748
102661
127364
674261
593582
640547
301607
8209
24686
591696
78926
21697
245516
131309
30969
155522
205735
94267
77287
94458
22149
23106
40088
3652
94670
88749
690122
136596
656344
64457
678985
498917
62878
56348
234241
100794
174435
62760
94254
51840
129643
697415
3935
137361
169753
91916
231489
72925
75049
88521
854342
258222
713388
75069
203862
21012
661978
101187
21680
60423
641506
663896
96997
53423
149303
1104765
15833
60689
177424
23521
18788
33481
21754
1867
147400
69910
21868
209514
94184
1068955
477418
112155
177017
147407
5874
1004461
284254
695779
709
60099
1076285
29136
72541
649220
86625
15928
117888
163358
94372
64302
100125
69844
923232
92893
75093
118858
97097
4926
23161
94084
177896
689979
91449
58778
21183
9075
355591
173813
381938
202176
8319
62544
113758
6525
59602
1102875
198183
112156
75013
1810
732626
1006783
24417
451731
95602
17434
2004
179090
160677
5829
860
22704
1072
131659
365710
94803
84811
62683
127213
78576
25167
265154
126158
64854
4366
177005
108518
17869
1010199
20361
30220
102512
130747
426874
1796
70096
62184
140669
4951
1013642
63646
75018
445305
71101
736092
72437
106400
640319
181962
1035
245085
71183
83895
82475
63372
1069343
46438
87409
4309
8956
339712
148492
908778
144360
82702
234733
46459
44029
231675
71368
29452
747669
662194
133842
33916
108524
35651
677876
4772
2890
102522
693784
161288
142793
237690
37939
65981
217323
1022883
2658
71244
104846
64036
84898
1117955
21226
764294
134203
70091
81540
33566
92783
71098
665843
367947
96660
100043
115916
98458
106726
89661
5204
1208
18459
10571
1148
680531
342103
63983
74880
206540
5422
643374
153700
5617
100762
72597
130997
117040
182928
23193
150017
20728
202415
75051
15209
110121
5960
20530
649255
6559
35331
38453
27558
649250
128705
729517
347895
60493
223430
202006
104029
121953
657503
20326
3187
644120
101039
29641
4865
9478
131365
108485
172659
129703
156227
37951
410382
9818
3676
62844
62553
5002
503156
44582
23904
7970
47706
156605
43371
395379
9375
11695
2487
18270
62917
651183
43369
670121
232782
386060
685972
172340
140593
8918
145945
8701
50426
217667
100384
21071
30309
646420
131302
686027
152324
118294
167008
196459
63461
9875
727733
9407
1030432
23785
60161
36742
19763
101730
1843
59549
38456
687238
225615
701578
5123
85228
10039
413964
101614
18568
209387
60053
186759
124807
62847
143890
122737
390580
656065
135836
286843
194881
73356
108503
93972
21936
3967
642504
740137
337816
348450
227687
131505
91407
229792
13697
161227
62615
118230
655822
59902
138978
772798
113779
406835
136399
773752
126211
18414
752616
177809
130984
108567
100280
68124
111351
653708
31756
141786
688525
114385
20005
14113
24275
247952
2600
1715
468845
124665
73092
28966
4987
129084
293128
234731
147411
143924
11830
65868
188737
649167
60308
59453
84758
96576
166021
972594
153699
20828
356926
77285
281923
710975
68388
87950
202733
865853
26921
661994
39224
35765
95627
178589
177225
72470
84205
679480
178126
108206
92906
69866
4752
29810
210107
174638
24839
36375
100124
939679
21072
362852
12756
11267
216494
129280
89888
430850
101790
73121
13053
65993
687671
219651
63719
687762
91959
77222
184439
123978
218221
684656
380376
196330
772097
101719
226812
30059
101443
114313
24588
27463
108561
24811
657606
74770
129907
80274
63699
112455
187309
744733
16020
186921
23966
648347
36675
96113
112239
23802
266609
25166
240395
237777
678373
197576
107897
57751
199945
30875
6505
154869
22249
58583
9306
228945
381699
645580
23427
110156
37037
129736
32655
3851
31483
164485
15355
662288
71149
101955
226818
89582
57738
649251
9077
303768
668461
3969
21299
774989
3597
127581
284046
181271
29679
681728
293527
208116
196425
29732
6932
21120
669066
5541
31904
92219
124175
29746
177917
93553
96413
73311
269839
170448
406933
135135
333176
43442
47569
677124
69816
3648
86199
107923
85743
101217
735382
4321
192650
67720
644311
4199
21607
177072
6016
92735
82167
159303
97195
150498
100414
187409
2850
666953
4139
104038
24816
26595
747389
145592
179887
645507
96900
85856
67437
1072137
124435
4536
93285
103969
638419
44549
126112
82318
186152
107261
88585
28781
107636
191423
91035
95318
104774
670437
103441
11882
23094
642824
48587
1024172
25733
176726
135095
48482
13691
100039
100831
81370
51113
24046
184090
694582
103059
59601
94014
664091
22728
5996
88682
734791
93694
57840
167004
273643
253844
21706
72896
52578
145168
186794
182701
180778
8713
97416
673215
101772
106869
20798
279202
148946
102261
40121
112683
207792
241981
196481
289208
112702
94255
115977
800948
112300
71212
157024
633891
236880
660539
200405
138963
93655
38854
18810
63465
177747
64005
71088
216445
62908
51723
25152
95919
125060
11686
1667
155872
17762
154907
660462
37164
381936
189693
99788
127652
95285
687298
77264
176101
66333
60906
598549
17299
158698
213948
50392
17640
11413
69823
733870
649526
133207
1026495
5572
273406
352209
153290
5486
122927
713868
114243
149304
89597
21994
2701
89277
237413
96492
62459
700684
77307
20197
1229
197574
160275
668235
155675
3097
8433
143790
89634
667551
34920
166147
267168
92105
196559
5700
33849
163501
705412
397208
171054
151215
695956
663963
8010
132347
649215
93608
175758
24794
9658
36474
731312
99760
287247
88248
9177
644348
4004
27493
70249
178536
240470
198390
142189
145406
1065019
7737
132282
20376
172204
172207
695451
86334
60431
97482
206141
103916
20203
117740
230514
175975
288001
77501
9088
307540
1539
30007
120468
25872
211108
35666
285463
89524
212189
679777
125619
30031
200920
2093
6532
412738
510517
23139
513169
9056
118525
693476
186012
310411
233413
393269
301876
642530
661072
678158
9917
47124
18118
647863
177307
226603
17223
278457
92674
57064
139409
60321
163438
89635
291336
649221
131144
264655
91994
643256
189786
7678
164431
4121
23009
176991
71211
6312
798104
215841
686113
207918
117939
49889
101570
19790
84749
743481
1175
59836
143319
792
8053
92684
100165
8943
643349
233977
20674
1066560
94953
20943
154495
187293
63911
101335
22535
187686
643238
775
9404
21576
124338
351754
1087816
29619
292635
5998
202769
4870
30705
94229
95040
233484
667330
678667
123248
656636
90002
122806
87294
71106
26868
90508
245527
82220
103078
257171
93856
29449
169735
180583
134107
23907
23898
20246
27972
100665
155941
489992
185288
5838
145236
85148
94867
4369
26948
853015
6108
92205
92621
175315
28164
20185
93241
27750
66506
26978
24347
189833
25044
155830
67905
165783
127492
60614
639921
260071
689957
207980
36651
320729
165516
3505
58133
138991
168401
175778
275050
22615
60233
294645
736804
108462
15328
64037
2107
227961
71226
1108853
123348
15597
62992
643477
116888
37561
47784
25873
757823
62563
94961
18943
282296
87509
185094
4122
185714
51046
1038581
1004841
18174
192980
95697
1024240
208327
106975
2660
24226
106819
24585
678162
167608
891277
177820
1011812
247070
4788
92764
63884
1007583
353209
110662
126375
801695
716
694349
62
21164
236860
28895
166167
230964
63319
134141
19144
94584
127548
126996
87897
568447
148691
68236
664158
174232
4804
127155
283520
114443
145561
204884
88809
2812
640774
94136
165549
326356
18409
445389
138861
123399
247893
64122
649266
438827
3747
104427
65518
70186
91507
9342
87326
9155
205215
116987
264914
4725
28963
30407
4887
244849
667830
30454
2699
207411
360335
215073
38316
162184
205421
646159
707595
3267
155520
33584
17297
21654
108818
160270
5806
156168
37775
104199
682250
228404
222550
122510
85048
111080
103906
3150
82457
17677
650815
20808
155792
182368
4526
13666
675054
63827
3946
1000950
656639
95576
65594
618598
573
145232
4779
89897
93329
184131
5068
94583
85575
3335
167589
356924
45936
328016
678361
639321
251370
31199
787940
242525
71169
646332
167578
29675
641485
163630
134044
47472
181872
71123
61438
20351
640351
10874
37722
4433
788716
249561
138717
542293
177584
62739
646648
106979
94031
100871
1783
1015292
513194
651582
270496
167985
301524
6442
395258
3497
35925
122381
143801
219125
84023
37055
79955
104018
9236
69533
244962
218969
43685
672136
1032923
679617
1002467
102937
96271
266653
3156
153644
95187
89589
636605
167863
38442
20512
32672
37026
37593
94414
115865
685055
21573
2454
139618
145004
38399
21149
21693
32639
20917
132759
221686
7275
206567
220576
60538
2817
643119
63306
137508
1079896
25017
2110
78613
137483
6194
11792
192249
470198
678827
108502
80131
82404
196138
74584
690351
100049
79606
584
660526
20397
73313
180375
216
94256
18113
6480
71909
285628
645591
5069
35814
2407
287733
161439
96274
1027727
272806
187635
1119714
2750
114461
142623
396687
11632
169957
28610
366568
94041
3152
135443
713655
73195
201383
354499
190352
87920
175652
9041
188774
242939
664741
84974
795991
226448
660026
154644
117307
21309
18727
675411
155883
329061
62244
101798
78572
127124
660267
713024
38573
342060
3904
51688
86289
91404
365383
3154
175624
107476
100773
404396
703763
49364
99795
691965
3807
13640
217768
725945
88003
60455
663849
94393
59647
63424
172277
23022
60411
25679
194888
122845
925209
25732
167826
111436
327793
142833
204234
208449
169757
83213
5115
168800
83878
671062
113750
637855
161055
681360
1090065
169761
39827
638849
64315
100033
143828
28904
92472
8157
651942
250441
148671
101959
50773
22976
160187
132626
46192
51599
92782
101288
218975
95761
231991
242978
1009875
71018
116955
90679
3429
21608
701073
653
29662
94212
216868
96154
210611
1064790
1256
184074
69818
71165
1036235
63300
27637
693888
98231
92787
52296
205414
175547
643939
217221
3365
178988
2388
170044
794063
