683352
249069
657449
20071
1239
96070
26084
102903
179149
662634
30395
1587
91958
210612
143923
672567
665749
126137
35660
146937
122825
108601
137363
672244
69888
166594
280986
96750
38409
802056
131024
1048329
698535
170155
697830
122395
1001507
162035
695405
162026
123842
295011
643702
27019
686673
101920
649455
278192
376276
122057
214319
104181
97297
84193
648308
717436
647829
758957
455314
222724
133185
642478
123828
145259
31453
1032183
714928
289368
141746
151914
781521
696115
205673
123040
637333
661391
85052
741544
188807
222602
78730
103824
245019
206548
129268
36553
686692
1033692
678108
182588
103426
425796
837082
324281
96225
674081
740743
694765
199860
1090958
27849
373833
784912
1079206
192412
74582
137052
138054
660072
657448
727200
786938
21935
1052212
697819
160697
130974
1038170
144298
759077
341613
229031
44142
460539
328166
153926
2174
839501
38675
125251
593582
231489
451731
114385
228945
163630
192249
