683352
25362
249069
104649
657449
78749
13127
20071
1239
96070
1101
5205
39102
222850
29202
90535
104677
73018
6400
86199
3424
32997
26084
102903
21068
108489
69876
642782
51082
3491
57269
24522
729
469
21159
20619
62903
47848
20095
24732
4385
179149
662634
4185
1071
71885
30395
87936
883
252756
1587
29772
660534
104908
38384
19578
38366
928
69931
1210
693282
8919
362
80439
89639
21352
662158
2196
2774
18938
9954
1039106
645916
62601
66332
46866
646628
2485
8256
71193
62927
90028
21306
644578
263711
4480
268336
3008
91958
47794
1036
210612
33588
39922
126853
1494
648301
202
1190
114921
122800
18858
20234
131465
112773
516
78799
2500
281844
8856
82035
123869
143923
2834
92788
12407
672567
220678
63994
2973
642989
104098
70578
78498
950
62726
18562
19241
3433
20754
662157
24977
13024
62206
2234
376109
173055
20857
21289
14702
266855
38388
96241
20795
25845
77260
4050
21814
78046
10941
212387
118789
1013584
82325
92791
64054
235805
78611
63442
196045
266820
88604
4333
211515
20243
106596
665749
2759
694932
104956
700066
126137
3162
2720
105545
3523
180720
7904
889
275
82109
160789
99752
266942
35660
112049
403
175715
94013
280435
20586
20762
166277
22571
661610
833
20081
105775
26102
30851
5826
657377
684215
21891
33781
2367
63715
55023
22788
648298
2427
108623
5135
20532
574709
21057
658459
92962
2511
82837
105996
8359
2708
93598
35522
19462
866
94059
484655
6412
1489
155515
17943
751972
2711
11356
105
884
1583
24665
106354
23129
203272
642861
3673
643719
27976
181262
21019
642305
1259
662350
2559
642550
25446
2344
5215
220918
104848
27685
155431
18613
649970
230052
60312
5862
222462
31753
47496
21239
722
3899
31080
116987
2328
106976
38585
202747
3101
801
104347
115240
146937
685071
4541
18172
5872
35439
678999
88559
2525
5004
642490
111217
82415
8879
9239
3916
561703
77722
5961
1852
1147
134082
515983
805
642
21241
742
37255
60324
646255
650456
27543
61543
12892
139436
6210
567635
1845
93020
2608
122825
645525
15143
168595
95557
97346
21125
37300
195537
196
4
115222
37027
75043
43612
37063
1009453
69794
21080
4821
3219
2810
357530
38461
72481
657357
122910
2642
254926
208847
3371
75543
33669
36072
104574
18213
4561
71084
69787
6048
292706
2294
132538
20278
807
10052
13698
10402
1104
26352
108552
649243
4995
10851
646667
62875
18105
663582
636561
166737
20044
185311
156906
110104
35545
20024
67921
22853
21045
4707
96926
226567
660454
1013167
20964
78636
2844
2282
9734
4844
215078
9059
71743
27203
479
196423
222785
70551
16013
222053
108601
88450
79719
131027
212745
112221
108617
20363
1495
137363
1034426
92776
21
94026
7200
6375
125412
692623
62524
758404
20411
11303
20011
3477
104570
1226
3665
72639
90860
52304
77110
950752
78450
3138
95569
672244
63347
2962
154085
881
1006696
141957
75697
3557
111987
93659
24201
20029
92731
108324
139880
110697
5929
105451
18763
518634
72399
646347
521930
9862
91763
101749
111031
91525
104540
73963
78419
1244
4892
38374
160799
107817
2719
14878
75799
684303
122093
124590
9849
140613
24420
106972
642536
636605
47565
100179
102936
8228
126756
20813
658388
17270
660573
907
11023
237120
59667
92009
2423
107678
2734
4562
2205
1152
204259
4873
69888
76293
107683
30173
4921
9286
97027
4049
112150
1011428
3446
93527
21576
1011763
3650
9405
20836
9109
47763
71125
22938
27004
687
166594
280986
1886
407779
26753
20067
647869
642667
29579
17301
28895
2846
1679
8184
27803
11866
136734
793
2686
850
30363
4435
69814
14371
120468
660234
269925
122779
20230
114324
96750
642877
6518
88556
22224
18792
1168
482708
4904
684318
100129
3168
312265
38409
107011
95958
37129
9344
41561
732340
63732
997937
4767
128675
167
72469
300374
713508
409103
2822
1232
22947
271591
90018
17928
18863
7843
21789
27836
37408
20988
12205
104683
20306
468845
2075
71119
10549
123485
6810
22014
1917
71075
154043
234692
20753
4440
95809
3750
419378
136796
136958
373537
504783
33632
96186
85879
646367
78525
109022
118527
649234
2316
64097
2782
4814
2765
20868
77502
660238
687376
3683
130317
6475
1784
135632
1808
52863
340
1781
39126
183642
4751
104299
9389
8607
1203
695747
1179
93926
125673
802056
94348
30212
37398
131024
694078
22367
6269
95584
2982
21310
72724
32497
4894
15402
110744
25718
11608
645693
640017
1860
114387
91268
1007994
765244
311747
30175
700
6479
725875
164485
1048329
22845
115909
583
150243
108543
51821
8438
85373
24033
107900
888
57500
12825
234488
642475
2422
17743
5203
702853
343346
93028
60085
28261
30020
7881
25872
122853
215841
2538
63441
106417
109657
46218
23127
643385
78510
129397
62754
30295
10362
2840
890
95218
660219
1243
7416
20870
636736
237683
1118
4998
104149
211511
95687
117500
1356
846
109988
6267
159927
223576
17334
7555
93665
1541
20110
64017
1311
106984
5693
33869
636156
272845
148896
8335
27791
75287
93539
135816
4935
71233
3941
22246
2117
33783
26633
643279
672652
30291
3610
1490
728998
153702
60068
52758
74838
989
3589
28179
1731
4613
106500
693875
3600
11726
82220
118647
831
38315
64036
28938
25715
21883
1289
1707
27171
87942
21341
31781
642539
172078
174593
21086
8291
662159
69853
53222
11905
662970
20876
2953
186567
20178
4241
8809
111147
9305
15499
26781
117088
105766
129912
266843
29170
43743
32877
210399
919
54527
33
25098
93
92310
2515
60540
173002
78271
698535
50680
643148
37661
170334
3925
38518
170155
9440
95749
37171
47783
30292
26425
825
47860
138861
298366
97106
1271
100795
20635
684219
112235
6572
177276
230019
18571
1574
10418
1858
1182
59865
639961
6386
77327
992
646684
172974
4973
5926
6415
20150
20454
645647
17685
78676
697830
40404
209
124592
90080
30374
284254
17404
77607
85327
85345
2286
26520
1754
107559
1273
70661
649225
77935
692381
75044
1505
1507
27822
56925
5234
179090
75183
265255
1258
4942
79641
660221
227445
217570
3112
21473
131799
22512
178457
3
643569
219236
185904
28559
79927
62624
21346
122395
7827
97413
4842
39551
4991
266503
677561
1710
118773
1265
12074
104903
2378
74227
221675
14466
678165
20737
112201
794063
91349
4909
80178
62833
9337
167980
78650
2473
4244
673215
130299
63420
17263
30973
14484
104127
1001507
134032
46
118531
88678
8382
4220
480825
289190
9061
8969
33893
4783
202789
91651
660478
37030
30248
80175
647339
20280
209269
406
4418
13567
67923
113440
154326
38337
19997
155521
162035
2635
1224
640016
76204
104537
695405
104365
24395
8468
2499
105477
6013
59369
38246
167570
57914
154555
87405
118398
838
862133
13737
644920
20323
104539
674
35756
170101
9357
96987
79474
63568
6437
956
17287
108796
21139
20823
117346
106988
102617
63674
199945
197779
17283
676602
271289
3306
20848
69320
104582
102942
162026
91641
123842
951
77306
638817
33635
643724
20014
91972
169962
26791
677881
66715
6425
280407
1708
3695
11479
16019
78649
4406
118729
97975
177059
153277
8000
311
62336
3048
11923
100803
1910
19961
9450
69201
25034
9348
70059
192814
649373
4279
3739
97119
73402
105192
1820
116906
106983
23072
20796
122914
94914
17202
12213
116497
354197
117130
125752
997404
30184
3538
181086
642663
3099
86295
82460
92639
1070
20104
1022475
649853
23840
689979
72526
222761
642746
633
1368
86340
40330
145011
84948
116
29769
37127
110220
70085
7376
880
101794
13043
57300
186239
179375
102389
44005
13499
177792
107207
679090
676429
295011
645860
4958
168305
97010
143828
25683
3948
282823
1593
178876
150063
82068
158900
1246
124908
151215
113768
11879
79180
21051
510
477
255
105327
226946
694116
2574
106347
218037
642689
639962
44012
2249
114445
3482
1967
81880
15472
772
188465
674207
656695
63717
649123
4293
65170
92011
79813
62719
47570
14777
96419
285863
2768
8026
2032
683618
1002218
542
77295
3594
180024
2632
643702
47454
16332
17416
19951
679657
95919
658186
104131
25520
27019
4443
1069
16050
35290
11852
69856
125298
634
697492
110194
698531
24456
5394
37956
95423
108439
8690
210700
228813
38487
85280
96585
662160
10049
124925
245683
5995
91448
20256
686673
93513
2299
20802
77319
148291
360505
2732
63455
6622
164266
99646
402216
24340
23796
856803
133462
46720
673984
39546
37140
1041
17215
4864
645690
1108853
95895
266851
486880
668235
110677
190101
139068
29598
77934
35825
84538
28195
180467
9945
661399
101920
17342
21709
27053
21761
72708
527
68024
1242
176623
649455
29673
92779
646083
947
656342
78451
9492
36498
118615
8497
94069
643183
55143
75567
38541
8745
656160
645121
9181
3119
705
38470
278192
63405
1252
7840
116365
20572
679086
33541
32235
714304
103
126287
116542
661458
29035
47435
10036
101442
17361
341247
2425
22550
3220
1034824
20579
20201
684441
207574
3533
9355
50539
37184
200695
104323
376276
3912
24198
6964
73236
122057
645702
111149
661951
61867
18750
29823
1381
790701
96886
283992
635830
114349
101639
95178
677882
38308
96573
63672
231216
93823
349270
1024
66367
93634
104102
35016
701
653253
91992
4301
6540
16777
1354
93205
127076
4994
127360
37277
660488
178634
211105
29999
6331
23273
231453
91938
158905
2497
46617
6399
122768
30082
29949
111482
96350
2057
6710
2250
107408
5455
95581
167685
143867
10031
214319
104181
6443
37152
20867
104555
2197
20863
21660
63885
927590
20686
78622
484987
13978
646130
91014
21137
6322
71
38428
107411
1431
18287
110099
658527
20153
1883
22755
115673
150209
113604
4531
8730
60362
5056
29672
1084106
26032
6939
21040
30049
108563
20087
27682
716316
3231
21916
12365
101610
106933
21053
10843
42412
77275
513
4832
172747
3549
179121
902
101770
27792
97297
122974
3470
167590
34901
2483
72498
8924
17713
1060667
244830
31884
662115
62564
74619
177028
1879
226650
133074
14250
107770
106804
20784
115889
766605
272279
111523
12115
748795
229264
1107723
62842
99715
92604
24739
4805
175287
74645
2301
2049
122727
88985
271961
94614
62528
103155
591696
18914
69825
20031
84977
195079
29397
677793
35896
133327
3583
20720
58653
27297
181159
35116
178447
675
2026
21112
5182
219895
73230
155191
85697
681360
48558
20077
250201
66013
213206
251218
104690
640862
24482
20486
106024
25591
93269
216432
94524
26574
4221
100778
79781
8315
21163
7918
117714
82313
64104
8617
3872
33392
186563
2507
210694
162223
25372
22465
43
160868
2420
352575
355471
4689
684216
245365
88573
9149
87867
127364
62613
491
104314
21029
203
87204
110591
24020
116989
3564
117409
7962
195544
64593
38345
255236
190610
713388
62006
642784
74829
3926
134967
102606
122797
77474
6756
6533
9027
62632
802
16438
57936
4112
11904
11331
643033
7509
27538
172933
62571
662416
105750
184333
126085
110287
104434
64787
383
649209
257654
29974
2761
3976
100740
33537
100135
109843
21297
7196
56386
19616
104698
71153
118853
30444
11377
62915
176637
93296
59983
139489
734788
92745
110947
96928
296
637262
20455
178495
20829
111520
159794
4229
8177
226625
2349
195331
4852
20770
21065
143842
31427
107399
793637
136945
65403
177456
649092
78907
20990
3061
9162
60320
70137
9893
62629
1834
661433
67931
1023
73060
4771
228572
4876
142965
5129
21472
604207
20663
101830
10598
18880
95344
106990
454
4368
9402
20145
162600
170905
661408
3516
7730
117742
213776
106883
1040115
19943
63632
101463
665215
66737
651571
77321
1078
33690
122769
5156
8171
270023
20326
105941
1811
229006
18679
33826
5847
651485
51613
2135
5858
20049
20522
279498
1450
105313
2548
20434
155792
20508
60982
47764
20806
1704
206327
195579
652230
886197
6625
748616
84193
1282
96710
10826
649232
14668
46868
107684
175594
2571
20390
114454
20193
69807
57887
642509
164600
4300
285171
210918
100677
194880
1149
21549
649315
21573
5037
5463
117365
95308
622419
209970
4731
616
91921
20799
60243
9477
40488
125688
166662
78582
164636
221169
20216
104132
71195
889125
4718
83626
94739
196614
82158
59559
91005
77273
21304
66391
140350
16969
33032
23189
175773
661161
164658
161239
104104
80488
21097
5472
145166
105525
32575
20558
764510
56087
428981
2724
20288
20557
118703
75027
49800
92503
15152
810
9040
27801
20933
80008
77
64200
79795
20457
122118
7559
77252
123134
2693
33717
24920
12847
7784
401876
1185
74738
21430
60226
27814
84174
645679
39064
49056
5495
154694
643172
22450
4623
66436
72814
5892
94924
1837
22745
664092
2303
9403
645505
20789
92996
17378
133936
640363
2673
33920
104696
37403
280692
316
29595
19916
63601
13593
293527
95551
645631
434
14569
20977
94343
78400
118871
1828
60602
135397
27422
4735
2251
20401
678168
181087
24851
15691
4454
135453
3675
69841
867
164431
33129
636782
191650
132779
12366
20669
37201
661449
20654
1896
65842
175824
91291
640300
21301
63544
22828
58283
657913
20551
4149
25118
5009
51825
95611
373312
118840
20364
87909
1021162
20675
637477
71218
72485
1058202
20212
101817
160592
87294
733531
63138
645633
1059736
96915
16048
84866
114111
167699
8364
20941
33787
14269
2727
93864
71132
96592
81734
20937
11945
672259
21142
8476
28921
6524
111352
177753
10156
21963
31313
101665
15585
21329
90522
78640
136042
23785
43172
109545
20277
104857
17258
17709
696110
108832
89770
6659
77613
212500
2232
23056
3971
2661
1657
132511
12881
5060
4872
5594
37012
678964
32110
20921
28051
20592
265293
47544
170698
177835
166763
3553
104534
181147
140631
86430
671628
4398
22852
193016
20539
21725
91446
2222
87522
384
4897
117323
229922
101094
62068
63481
63440
147379
64758
11950
642838
19996
28925
222814
103452
12926
164218
79195
247893
646129
2446
110087
87930
20666
51026
75026
887
313757
640379
32
167815
2513
702943
6473
17154
17906
92929
242525
11916
2372
2898
202026
113744
648308
3405
661498
307598
18204
20137
51781
30285
661937
172077
657591
6722
20410
21170
18634
104196
228175
4910
6640
78652
642787
642457
19808
717
33936
105465
17414
79383
1454
678965
717436
2470
807472
12114
21217
1015239
4463
97383
165998
1384
647829
1027561
167635
21460
39613
166041
2629
11869
658187
293675
196406
33620
22641
177990
120
96729
90212
122761
30907
57761
17391
46950
96918
6429
230013
183419
84449
101705
20746
4895
50599
128844
85583
20409
29926
118893
388243
33741
21017
58412
270806
6465
21202
71159
240849
11909
162105
78273
645583
63310
459539
2131
7708
66336
158585
94297
20892
24554
95337
47714
112163
108430
13635
747669
107224
85285
226683
82455
226157
107575
110664
4730
61023
661448
323006
8591
6422
151525
117309
82334
367705
20327
659104
7961
100182
6676
178776
114327
124040
1853
37057
93419
5064
661206
21312
23143
14415
671685
26666
180990
642499
25752
71076
9414
89635
109683
96767
1077021
3929
656643
718
104700
20750
4979
99790
1983
27109
72528
122924
2703
758957
134924
3889
20010
20999
96567
37353
8890
77244
92812
92289
218913
25256
21957
30627
104704
45456
56141
11919
37314
1007432
175633
93930
375774
287783
377804
141825
30888
642501
136286
33831
455314
33591
12094
126107
82462
26856
4889
21300
29149
201469
106468
101619
20194
11795
1999
29997
638610
1041808
269348
4347
94705
46682
37315
52235
95622
30690
9324
192965
80042
643144
22952
155184
21222
74868
649536
37344
668078
662073
731
12684
798581
62575
9291
60392
20817
744
136951
222724
13771
6460
20494
1735
92132
92686
374671
20442
686664
77330
91282
28961
21261
175784
223171
699925
104844
3515
178221
184300
4955
62222
138511
7621
30029
6018
4945
80210
60254
127822
6550
690002
18841
20513
219246
886
195547
106992
6747
37313
20519
175751
51113
20902
100126
167764
11108
701577
160788
645140
726
310
642745
397313
21640
30174
151220
1073472
8386
105014
106959
4908
139157
8197
89585
4459
96285
1012
101532
1085020
38343
104533
69813
91776
240741
50317
93937
38387
280660
6462
847
219813
181443
69879
1081386
67714
26087
21276
11822
85903
5175
136505
133185
187112
297710
649214
715561
94961
1063987
1270
711483
649205
108510
3803
82157
3903
22409
20359
87758
18208
107485
664171
126709
82118
916
21282
23395
176039
63291
39169
91503
307593
84187
33876
642478
660965
530631
21451
58922
126123
2576
59979
89745
1088
114984
12976
646346
66334
687570
82472
21061
146802
37290
663799
104136
21014
37608
24304
18065
8744
126034
736523
645643
218666
643161
21551
3403
15352
778686
92300
641848
600631
83080
104163
167881
62828
171754
6654
5114
83987
20413
3408
1021638
640404
180722
270957
328122
307564
222450
20637
81568
63675
69934
168057
84176
656668
20664
20481
103969
407839
371541
865
104462
640364
646478
92521
2879
20505
348
645456
11931
6536
24184
94578
833013
7166
20375
20345
14694
8682
1592
63923
132507
104543
3080
96570
6385
4642
649240
905
50487
3727
8834
119047
452015
107977
108464
3840
117549
39332
139851
104706
1059
269886
186755
127336
2607
20141
44004
100453
7890
20587
61517
642713
80078
266819
8791
701424
79689
2599
620268
20055
61350
8212
30643
114470
60132
227993
22566
18854
20507
13696
1362
100658
197574
108611
4630
18610
108221
194460
1160
64106
644577
88958
39681
60166
4383
8540
1636
658371
661664
1063070
20483
640822
59846
77342
286663
25861
25906
178628
22467
30338
10009
155186
693780
324178
62581
25051
94664
44980
91346
64022
1316
80244
31800
874
20911
79072
104177
228277
97003
31842
65981
18798
6459
78750
4009
90542
6139
4925
38017
31413
20826
9211
37961
914
22573
93945
2683
647825
108982
3511
646046
96977
4242
10699
642529
248
6594
3234
101304
2852
1007
162944
43724
210697
97312
78757
77631
3459
88797
20092
188071
63956
3490
642613
148855
122669
11868
679347
640046
661746
2737
139469
226566
24064
20164
83818
83855
1018
317
127747
90117
92771
90811
21214
104703
166695
178492
31274
90869
1814
2134
218011
108785
64077
98198
2710
38321
7858
105821
94693
9895
104128
4790
684316
5701
20035
117935
21231
11834
21237
169
640934
241
59878
91321
38372
21345
208974
85658
100841
4962
67446
165534
20714
706
5044
130733
37068
117265
58489
4696
473799
660325
640858
5860
15195
1096524
226075
210690
658205
43019
60520
25855
123221
138504
3792
4905
6494
85015
138567
62167
5177
94157
105791
20928
6819
661421
72684
20369
4773
93528
1741
141854
5340
79243
1272
126133
22994
3883
686665
65029
49791
43513
7915
11902
20205
6779
147147
92796
8943
20724
645869
18819
22590
422
4106
657919
29059
180609
118768
221413
23631
248074
157966
3996
6717
47556
47826
7878
11350
59485
235926
20252
315907
160416
104293
16686
643250
94967
270231
3537
3375
23339
657640
54813
11837
90545
88005
208327
4828
186778
687671
79808
77298
143850
4965
6211
199921
21681
714495
140633
20032
339141
85780
252958
47076
102915
5855
2121
88527
136695
106709
80238
1709
18370
100881
96711
155506
949002
56223
38391
95064
60047
236583
151061
1063971
279562
21116
69812
96360
269323
196483
638922
664100
6186
48853
94735
160838
96581
19223
21599
186775
172050
3708
653429
30618
89583
1703
2265
96413
16129
11809
107270
19033
46525
4303
4728
33595
177657
77748
276639
2161
20692
11009
104554
29504
290
33562
23816
36711
731966
155374
21655
6543
231364
30648
83377
1269
661996
12781
143487
59970
82097
11849
271288
142883
657621
123
85746
2503
2172
701371
38510
205874
20582
43463
108463
9378
22951
3478
91405
1997
1006164
107560
24070
210038
3514
96919
105467
2809
13641
177094
646289
218269
66342
15895
27683
208872
17825
90534
18684
37250
17714
24061
3973
21604
37954
7104
106968
91961
95252
214451
644567
6427
705834
20596
115932
11355
26662
93363
276579
640399
37045
63945
31406
167712
3551
174638
73320
96119
31300
63838
167247
1688
2300
86289
645639
93404
1600
667483
88732
78254
47706
72405
4763
21291
4036
3789
640628
1008530
1001949
20735
20303
190657
571
638808
84872
3160
33860
82009
123828
172997
420043
53813
18619
109661
29552
18799
234689
8545
94199
22776
9358
166071
1167
643162
94409
62545
63979
33694
5237
20315
196559
15577
662219
133284
71248
145369
125849
6510
704607
664533
622595
4235
1037570
5546
3217
93225
2480
15151
185290
145259
108608
20603
5050
5048
77338
20781
2479
4082
4986
265308
2462
95655
18054
3474
104689
4744
73182
94164
4843
29565
78345
6287
53526
5702
94332
63977
21351
88709
1066345
280712
147552
175423
662614
89985
36333
87872
214213
4248
92717
8516
20076
20862
643683
22033
4879
361817
97108
231819
176998
126608
7114
37352
22892
94728
20580
7886
20726
122763
178511
305336
660237
481204
7524
31453
207021
177049
1986
173813
1032183
285127
178722
11870
662331
1011424
19722
95
125067
155865
656730
3555
174821
6902
186461
156376
94238
20078
118574
4305
642676
20422
95109
95010
63973
9331
134101
92359
32690
89313
36283
8705
102879
19854
37379
103001
657924
7135
16875
179072
1041416
56644
14205
166656
29522
78603
20218
219529
245233
18924
188936
101933
175458
11933
997394
54488
8480
20001
94504
30339
4738
95357
20910
643094
94545
822
50549
265315
20589
209690
30663
42129
672637
640936
72541
662155
82327
5671
123100
10007
45383
38282
6753
296084
63055
366
714928
1014555
4860
63475
122710
78575
93967
78446
646882
12293
167738
21143
92107
20231
91995
38381
177282
16378
306892
305846
186770
644785
28206
21685
1049
1096010
15289
31592
11872
30833
21207
25127
690
62619
74759
60443
248393
24740
104463
60955
638634
7577
70572
1499
732815
88452
293716
240882
33594
75097
74674
118778
23472
4194
63683
63427
4501
83102
12987
12950
225615
29570
169421
678373
176213
693176
94825
658204
79309
170990
661611
21158
645673
85054
20368
232851
14029
429
91597
12443
141876
20106
288
50223
20432
746834
205655
11850
4028
4258
7789
200414
25679
6404
200977
648907
9236
26334
20835
3601
63847
20400
263692
21203
9383
1870
3900
447
182173
224343
100127
72527
2245
29195
133563
7799
87124
210072
10284
197040
179192
93857
6812
59764
51500
63426
36654
9024
118922
62447
158965
93907
114465
28556
60913
112301
113679
67667
106
29977
81915
38390
29840
38472
155234
167287
33622
196297
289368
8558
74803
652673
460300
375
165549
642645
1498
646193
103913
2247
27514
77217
104130
396761
101796
20385
96359
68030
24545
1044927
638628
991906
101697
6457
29584
72524
1054190
439593
647663
4759
732816
8368
113732
251431
202769
141746
152722
158754
642718
9330
6440
1250
35941
649283
90897
159669
4372
153584
20657
36354
752362
662189
84871
4777
75228
90607
379920
63531
5466
508727
138974
175713
16694
158592
644543
656716
113693
198732
5788
1108018
167952
205864
96945
130290
4363
643376
21627
60317
54403
679387
108062
96115
646231
30920
71238
100358
49651
160870
643765
18117
727988
16235
270785
6067
8202
7060
79272
1008
57575
37670
101716
71564
77312
104747
95635
101695
147006
1040337
79166
97188
162040
210201
1706
27889
153310
166047
2689
174682
4216
3769
135094
29797
90129
210675
105464
1998
1996
94930
8178
20417
37973
1249
40844
24616
645172
137523
132891
62638
21115
116948
21343
31138
16149
642672
161498
11910
1008561
3677
6838
96904
3641
26163
20518
52802
1267
172826
255352
63817
67439
38417
84993
169703
2965
1090
206751
1006489
1029296
2674
106534
20649
7697
267793
23947
23009
93567
10110
1751
646419
639902
3009
37515
60563
97513
20972
175666
702852
97391
118692
199492
1885
61629
105733
4946
63471
164517
11542
658111
181324
118537
3790
1008964
124310
30032
715559
238209
710
96487
29280
71067
63547
1856
3651
1073128
62966
20429
434429
91327
147056
367947
5698
351322
4787
151914
1819
272522
21081
67434
226887
730472
214233
177076
6633
698840
60300
2244
35393
8839
3618
3936
67755
37259
373031
87251
47409
30138
781521
103453
5183
100409
99750
25097
2763
88654
639858
615043
21877
222778
96363
4007
11813
137982
20370
55879
104091
20774
200306
258733
63808
72491
1124
187669
20121
101661
136554
266505
92696
639471
20052
2227
123297
146359
397183
3927
80254
2105
660553
134165
696115
118787
415138
5792
7690
803
102513
211679
199208
42962
82340
104320
237739
11823
11914
85292
53008
231142
123419
3422
92306
406890
24052
42960
30078
166154
115873
3305
95446
135120
77336
143837
169689
94185
6576
90851
22551
187277
17927
183729
17870
20845
10
40025
2416
11900
91527
6578
277946
124416
62792
768631
86639
1156
676082
714950
64116
21016
681378
16187
14823
4314
104542
47555
112192
139618
2054
126104
1750
1844
4259
4382
96561
2448
67925
217121
126827
645628
1005895
175711
24391
190367
7125
95658
267663
20713
82142
3869
862
272040
71634
2363
115951
102395
354217
218928
645680
25556
7850
20748
21507
269981
662510
20734
853240
754282
83929
917613
107567
170729
104031
1097739
216645
184029
176933
68010
7146
94301
47546
165918
1114267
95738
646812
94550
642771
51397
107405
141786
71157
11845
159641
96274
134088
105581
645120
60234
297166
11167
6384
246812
675847
1066251
73232
927
236619
642664
79635
187212
616938
30118
30296
72525
20780
94246
90888
255392
3837
30165
118686
172979
1872
186771
1043368
2985
4861
87927
70153
49687
181264
95051
20112
166659
3450
225929
118852
26742
205673
106932
104135
1018746
119724
665214
64102
20685
122900
70143
21025
82945
1038962
643181
28232
78606
991893
104841
646606
4833
104133
144624
30952
145249
28514
123040
77291
166011
217380
104244
3667
518
62850
680363
6674
15715
126129
21250
107899
63962
706551
71359
20538
713320
637333
151639
36547
415700
337884
176905
4741
118534
213891
647043
60224
3360
5451
21468
729517
37590
643165
57929
1294
27648
42946
37048
25930
92972
49535
11744
25933
4997
957446
91311
85529
107971
24372
16260
105934
35447
255075
95523
20239
20210
9468
27302
104407
182884
125803
33494
25919
661391
20793
91261
20083
461
9258
20976
17435
647872
663315
5848
16405
1319
296207
95945
102376
7719
1066844
117224
35396
17763
4364
102368
4324
939
4820
91287
18783
131710
105925
131859
111330
20297
17027
88912
3005
176624
4898
991775
90000
23582
37347
5925
1228
6224
126037
30407
95908
160751
29305
95562
1171
3638
93596
116547
103193
107367
30242
4488
229411
115986
247255
148763
10071
70413
60213
223184
645490
19438
3740
97218
5902
21192
3265
216122
30814
160728
689813
20687
100760
21013
224770
954
699473
104134
234659
327060
267270
77352
2149
60195
164829
77720
11286
515150
10004
73213
157351
68175
20639
222328
73158
23496
641835
266594
11856
204928
20033
47553
23133
71109
19999
133536
85052
3221
79929
177390
107478
24536
728304
84996
20158
26353
279476
20266
9742
114504
642567
92267
17267
880810
69791
2087
17480
17716
77322
12609
4121
20189
9304
89426
177006
70613
93310
1107700
69786
104553
27739
660678
61315
20554
1794
122510
661070
37334
37384
106648
1022511
93723
657993
122850
63413
103209
216585
6721
789695
20232
71460
78677
649527
8724
48598
304887
80185
176957
163176
26989
1612
189536
164256
106916
236902
21055
91410
9449
84126
6599
3388
97015
182340
78286
62228
61016
657587
21020
639567
19598
234683
106694
73005
231057
3802
155524
692578
40878
26479
264206
656425
701317
21042
104532
5219
303625
175975
95079
93495
20373
20576
20168
101524
3834
87926
225402
62652
97114
19297
521623
17
11806
17845
689971
1015038
4847
37132
4237
112194
741544
101169
8490
645568
234735
170448
7941
661924
170957
141
490791
7779
8043
64012
3918
160869
24775
28148
27038
174590
104019
32479
642652
19724
23036
198858
24445
254094
18733
244616
130346
18147
97316
675483
101754
40403
21052
727496
2312
84683
643560
30133
60278
63513
681728
93322
277758
4868
303637
20157
8859
16049
696294
82026
23506
146934
157654
217686
66987
773168
800
88978
1813
1985
4953
15743
60089
93278
23462
62729
30637
662527
4856
104675
193227
100270
30933
1261
305845
14812
97417
82140
78894
716446
63640
693867
741385
240200
43734
117359
230635
78951
3978
71251
32639
60204
63987
90880
787053
175138
40015
3886
12579
26673
2307
67934
6481
20672
96245
267786
21353
20358
62826
155517
21028
183844
137217
22888
638895
82156
91966
640047
108537
33864
240396
90511
11458
101603
175710
148678
4851
37054
5108
1037572
649399
221756
37297
1958
262386
280059
510517
4657
107928
288850
1418
77300
49688
20520
26377
27305
20394
74630
2520
18519
638603
668245
3473
5035
642480
1163
27644
42336
646
84856
21632
9473
71289
274921
657994
1056356
92506
105206
29697
89363
188807
753687
5091
145279
64109
295326
107341
2775
112199
16940
91488
193859
208123
20644
7028
93375
200416
24778
33605
125778
8874
177428
222602
6830
85314
774646
37207
114086
222445
24803
566331
2685
656712
703683
23000
132260
91411
160264
686674
59613
4184
72539
643278
2085
13449
267788
21783
640928
51841
63585
133389
673641
60890
7651
72602
177788
118598
966
206388
106318
175792
1522
645576
174556
54113
87892
646087
20655
93377
21350
96155
195851
642506
118585
91304
107192
680246
129496
218567
6587
639869
3471
110182
354125
101772
18674
1044823
6651
138525
87627
17295
20906
85351
677039
116951
89705
912
22874
37463
107979
324522
77316
47112
11922
241905
6448
95839
61397
640973
70818
16255
178452
78620
17256
84907
60252
11952
78779
660940
2519
71204
107600
59934
713991
122736
680296
134159
4913
28919
692167
644790
85449
788435
29789
141821
78577
90589
13859
104686
221835
1022568
266858
86058
88575
107916
3332
207980
153647
75076
170102
20567
659796
90074
991740
998605
657336
335
400047
7856
252825
170008
189364
29566
30113
7487
20289
60452
8573
647754
101929
239647
741978
89804
145945
95877
276656
821
94241
101792
1417
91276
123311
96582
91812
2814
50592
82146
884241
1176
9021
9391
86581
66016
78730
57889
27562
9997
20912
99484
30322
175614
62808
38298
25920
35594
278207
648927
266862
87857
2152
5480
70134
60553
4215
69818
140058
51938
103824
124901
459972
22402
38457
644314
77838
26380
3425
107902
699033
3842
77282
1089811
134096
113813
170948
25791
231066
90691
995816
9349
9212
63301
20066
719
90975
208886
119031
33623
64061
2557
20954
30349
71038
9883
1351
303039
134039
88347
62149
26110
38528
66372
926
137947
67646
26391
30862
35585
3613
187356
734024
245367
357937
9961
124730
129331
11963
692462
99129
20209
26068
234755
1110376
21062
77325
15430
26181
64092
130945
28777
177405
73272
20391
29821
447745
658376
307548
158196
684437
9055
18112
157635
695956
63451
151072
101552
82320
104236
8099
4196
44546
10072
46884
586677
1097164
179378
164427
101955
4190
36802
89429
27130
6731
126096
1181
63092
90
648866
331654
75045
1822
7999
3980
640488
95872
649552
1102780
141534
39563
75025
19347
63860
7356
1364
55250
27259
191513
581929
130385
643011
25434
649264
3882
8122
511
92128
21989
62602
21513
94088
77237
51827
27104
643035
20299
99451
20228
203438
5433
91275
142911
55103
651721
660230
167739
243544
52183
177794
23007
645987
31299
713825
70061
94161
9573
643935
20439
30192
679392
127697
5138
740
98214
20658
794695
4012
86182
3172
18249
30131
117398
101902
10621
643452
38015
314653
75008
657295
264236
21448
645523
33825
8216
85493
103278
101486
72995
72764
245019
4659
11906
191415
36005
441510
644647
63819
47545
15793
738706
30813
11955
2943
30238
21864
21117
4848
1832
231078
773911
644398
466145
77294
200869
14541
122109
777229
89951
4084
234787
62689
62877
18088
234675
1006931
800977
16172
656427
1006026
204597
20064
84746
330382
3991
94513
28653
95464
77340
354894
90585
172120
1068
132966
24489
48362
20227
122773
715909
98456
647927
20291
65993
360916
177013
314096
63800
219819
236209
27806
19074
2835
6410
1767
11908
48
95848
23108
154862
195384
4239
809
77279
20199
637244
8423
3493
61364
77320
158582
1806
1039398
174227
94503
14571
1991
130557
2841
93556
214022
22457
20660
131089
7023
28946
658104
11831
63025
668181
116496
38091
143753
1892
91298
4284
160176
8514
20861
21032
108680
33767
29193
20013
430361
303834
160814
244849
85568
77269
256014
642097
644495
827
18436
32451
111467
789
18028
64023
657450
919254
37355
206548
4733
13600
229396
20018
45374
296785
2333
21315
162126
378449
4830
257097
32416
60611
93655
158807
30200
12306
9995
21934
71051
20159
33749
63593
469173
642581
172173
122896
655572
20335
191266
175611
30951
698626
219028
2162
21499
660328
238761
260000
72587
29655
33568
73283
18174
88939
8153
11899
189495
1850
649608
94759
193148
129898
5084
15365
103843
135669
28491
6508
1100096
35793
139
20075
139670
663021
205322
233596
12134
150433
63312
178536
234732
170097
20061
646621
123921
21782
58251
33772
451
137283
15708
450915
8548
6025
189332
137766
137824
673468
660571
166730
30923
37138
3957
72918
129268
126741
691952
89752
126117
63745
114482
142963
42781
63634
94190
108517
59608
4188
104325
440890
72597
104039
66154
115880
163440
99167
32957
429683
95350
94451
38556
252398
20392
673035
280252
236988
17086
71141
8110
3452
27373
662257
216801
1015142
59486
6382
6761
15533
54836
131402
37177
178318
66331
343060
173152
6235
36628
30776
17855
218232
153338
96376
106986
641694
665744
88736
649311
78063
4395
23314
535092
79778
230012
94755
678972
21127
205772
17737
3606
123220
20886
6310
2444
8633
63155
196306
134129
20898
231657
68021
592
20163
20775
108603
712134
219445
5584
638614
72534
740772
101482
649132
715780
642549
186543
59852
127388
32916
44723
26438
82058
6151
115391
58568
639926
62756
21326
657551
137008
1013878
287842
91942
97109
147354
178772
171758
8595
638192
38373
108441
94346
21940
431932
321176
11877
22532
19875
153914
165774
21340
4928
5109
1461
342046
179343
85926
72547
13922
91400
197770
649310
82161
1133
49647
23154
74718
96920
70130
25629
94327
354497
38557
176726
29590
2825
3155
63465
18399
41397
44076
675594
99796
21153
5148
97054
32056
151080
20690
33467
122147
108612
658221
645868
36553
44427
42719
180954
37781
230483
2215
6472
695814
661501
23429
708
9384
201319
9531
6780
96553
37363
322970
897666
43707
107687
657253
97215
1130
136261
643591
23187
661615
317866
1025810
93332
8922
66501
32031
41785
272833
118826
100171
26658
7887
160276
96120
18823
92616
3974
107558
71078
107898
170751
694961
2089
1871
20262
16289
645686
5093
660227
75017
94537
2242
4018
1847
4016
4719
686692
122716
172694
59859
21161
21033
1897
6257
916468
17715
23596
5889
376145
23050
7876
40748
89541
106982
657966
766810
5423
18481
86993
30788
64425
174808
30267
134061
142797
643420
88672
7205
62853
74518
39187
61464
1033692
59600
8213
101237
21254
7630
184552
127179
1070485
135003
58704
481
322922
623
75047
18302
104864
189904
273798
678108
825828
71164
1861
145242
131138
747721
28207
22136
21179
1030085
707
17874
33585
12258
79910
4739
53616
19418
125459
11273
639946
168712
741573
710072
133492
1383
287959
198555
43964
322998
2233
75144
143801
33654
872609
1095805
90808
305453
95432
20788
41815
7624
17264
191951
5954
20381
63622
660229
33705
220754
672246
100042
26639
681379
223580
23045
684289
1530
672433
25811
18507
642585
884068
66341
130877
22395
74807
266758
657561
1092526
88534
175625
62312
1009462
33606
75003
653975
158390
106245
59601
1064919
60186
94079
9011
78738
4757
26475
2153
829
103015
93511
20761
48511
642464
160848
125304
26562
253858
173183
74438
71240
266522
188438
5197
442153
3848
202733
35126
2213
67947
14086
22978
38357
234784
101727
19572
23566
75033
1019953
21271
108118
11913
644313
85963
56461
63752
126900
104856
706213
64119
26887
33127
84845
20643
159164
125701
93182
139409
640374
27763
9127
158
143954
286267
69821
101495
97186
104427
7872
26672
75060
97378
60147
79215
9038
8893
9327
78369
606760
642571
3796
134323
28072
696875
434141
27035
278222
189467
118529
7924
1007584
94983
798104
644766
35520
70141
22210
644688
35518
107894
265265
303713
779996
598655
6164
10634
25524
4877
226627
53653
6277
642711
698537
83812
6778
4966
714813
42997
653414
21174
274948
105533
132645
313
21251
7830
5139
3616
66500
20257
72650
21187
7818
112330
94579
141845
90810
37244
406153
67919
607
101931
131002
193064
1835
108493
101386
122874
20349
94721
18824
80250
94518
84144
14474
656050
1848
15503
277072
32176
91954
248241
688525
186452
713685
687269
197846
4231
60513
210802
126976
111393
101831
3015
82469
60333
6701
4801
20404
660345
95008
711939
738883
20333
3126
685773
97030
221848
205246
732
45094
63543
21111
21280
4555
62806
646687
133024
642738
62142
95227
195093
715155
137513
93886
4351
662417
3460
2095
274684
3480
27327
65959
216238
453823
4886
232018
529
31028
106718
70577
89771
96717
1830
421223
643146
96132
9353
325182
93510
1899
971063
17119
20491
65878
2900
1030950
21781
30091
101624
9552
639979
275015
175804
175688
658145
122934
1006086
63993
210334
6474
9394
101946
1050951
165533
16115
202582
5630
1974
25878
20542
640636
16889
4980
644679
5513
8934
193049
11964
736282
16060
185910
94230
63308
16948
85586
663702
21294
8186
20166
98202
182588
4353
251371
12194
645632
62873
696509
82336
28936
174616
167016
112901
6504
67980
208454
159312
322222
30386
29556
221516
39224
30426
129583
11884
172501
21286
4318
133195
78574
35808
276935
22478
118706
79572
82342
81481
419827
238061
36085
20758
91797
112392
101951
88749
653564
84808
607515
4724
22104
137522
5901
7347
92301
4930
706630
6424
178263
224664
4723
1101867
86037
651596
203823
24700
68270
17399
764542
21339
47073
641261
38279
357547
41357
100176
2122
23850
71112
6040
43410
649286
20412
2903
21039
94371
4800
52989
288216
6223
97191
104688
55356
8394
58276
167305
94253
882596
62843
4113
27304
646670
263224
178530
27320
658657
211400
74824
195585
33111
646669
20874
73021
156802
2931
30256
101883
104697
1187
176953
71210
57431
16346
4717
4141
794244
101249
640579
608286
20659
30347
100958
13492
370284
177474
642498
6529
60028
103426
14925
194031
640781
101600
57407
813
30151
164595
23698
43763
278200
75015
230993
23214
681651
11894
642965
4177
89564
203851
101009
23976
4981
17720
656084
94401
65210
21164
53400
84421
5015
8399
66439
129292
218352
44659
116052
106418
216098
90914
23353
12756
219915
91861
6861
180486
175183
81720
27901
2046
135193
3402
41251
17062
108326
51268
79601
26335
31434
177095
31219
6486
663549
32823
8898
357976
21048
108477
770
114106
327748
20616
660235
20089
645596
302506
27332
64028
644878
90974
336787
641780
25248
4322
638632
74863
7553
16272
138060
3909
93393
75011
89768
46232
3728
3358
2145
102341
93074
162635
19620
244010
643337
84610
5425
78388
3999
165449
37908
24048
657370
91393
5086
130965
44521
126122
673305
86509
60211
38872
85592
17087
37238
9192
53608
11778
486959
1764
425796
165441
38549
124338
771180
101623
96580
25114
2510
72502
79232
21408
71245
694064
180661
245509
38362
764160
1649
108546
95829
640507
21275
107492
3588
7751
93196
688098
1047793
70091
102873
270034
63528
37653
80298
75901
92974
1019656
4153
100417
837753
57886
81680
25945
32009
106143
647065
211139
921
651591
23639
57844
89732
282433
60285
665426
6395
20691
96688
101487
95040
8298
95066
74810
408044
95825
4079
135905
84737
266501
839
22074
142239
104012
47533
170320
3835
1079769
643930
60277
5806
7925
8158
37611
108516
4963
91257
38307
72722
7889
308526
853448
69875
49377
90075
837082
210676
220135
43376
11694
20809
192714
87744
48764
94326
4147
9390
126089
30015
16637
220477
96796
21126
12257
189348
1085146
191706
643213
308484
188544
101721
59931
50993
1868
20101
324281
205066
102878
50322
101549
20834
313172
7503
32085
643341
7606
36712
85337
92975
643474
23896
95734
36269
125069
226602
21074
107858
638807
5776
81687
261432
655822
3056
72446
96225
272808
178274
94543
160876
14255
642794
55164
133056
218240
91777
116583
213
339302
94272
133106
172303
4806
642731
1584
328819
17687
314220
131574
110596
173193
3604
90890
7790
94831
45391
660164
89690
30963
17778
173301
1836
397154
21466
127613
20025
566049
188570
30879
61491
22778
35752
86832
36885
80965
170599
21100
29171
71091
26622
653537
644898
94470
662129
684217
133
126990
19431
649184
674197
57883
1003560
483185
21076
146251
17281
672555
126192
326356
100037
5549
104216
5273
11865
4778
94140
20458
160204
175739
152701
377392
284846
665304
21001
74793
110046
214558
91970
23734
23933
94214
21823
10496
207832
33579
24190
82
674081
38530
7608
640292
4570
77351
60306
151064
655619
74117
476460
20393
644827
81584
1889
60203
166648
28513
650653
6274
101680
86263
136091
661420
57809
646714
182821
65863
60873
104726
5080
84350
101267
5727
27339
110048
8141
20271
208898
188460
88933
644640
23654
740743
1047838
50544
12885
661957
684221
127159
24312
20890
3399
671840
102327
117040
62402
279786
104202
676110
90162
644786
12704
1015992
104705
29846
95072
61882
21527
694765
264833
122673
9147
179887
158916
74097
119588
83557
9951
3530
62190
184314
126526
64032
155285
23141
1016
686811
12296
199860
73345
223770
17321
9004
33507
13121
8640
22746
86185
426101
29681
130389
940
191334
689589
4989
96698
118286
188333
19988
17238
1010351
1090958
86789
90995
227987
713734
96011
449989
850782
20446
5669
233765
1002514
115921
95673
124360
58978
75046
12829
672595
5039
186188
537995
234652
712001
107901
678971
57904
202152
662164
272846
5420
127857
27583
23017
10573
18277
238199
690485
645688
9935
22863
117737
130838
210332
30126
4786
93892
28898
95167
693224
764403
125048
59858
43230
47779
237394
643335
325243
118231
88579
3394
1119831
107882
75024
100173
854329
66349
31038
846116
178749
88863
210968
226609
429902
663745
198646
689969
648375
1106716
435225
226563
225217
9321
692946
3743
6558
78601
663503
151228
131667
47157
37339
18462
759096
78587
653432
276868
80015
63116
60083
58419
831136
2076
4482
201435
9900
43935
180594
182421
253984
9326
110601
28781
22088
11816
645629
661681
279886
228517
71074
63924
20371
6466
226812
177219
309282
15083
96654
676940
649910
1010925
477452
6196
160734
18152
95600
4285
125680
305901
170462
189949
81959
3503
138992
104423
33465
8948
123980
684833
131393
760118
125850
259624
1050
159832
267657
8462
645727
15640
31287
27760
657603
642805
52408
60449
157012
376
28945
685527
678502
587114
118329
63507
148869
351754
77395
24493
247
159102
127816
88960
59309
646745
660705
17105
20815
37128
748427
30747
1402
9070
24946
47525
131505
11944
20939
25083
5462
211284
453275
62752
21511
151034
112196
200394
269952
6702
27083
212038
586171
208621
89831
42
639999
726585
159537
3813
787702
1071100
155828
225180
18420
43361
128992
92288
224757
60860
47543
3495
640820
72932
21209
389
135443
873
95105
181011
7277
29497
47111
70548
938820
4916
96934
763286
20563
74715
14113
59499
30217
77297
651602
101720
159184
35382
69222
172980
117181
20803
36313
1015
643985
70714
44
116468
170325
47780
207800
70233
198319
122218
4020
93081
1014821
100117
20107
101942
6974
1446
125091
96708
123093
101699
8108
192967
127694
3215
63325
100492
2194
6319
31900
166664
72574
287958
254435
264705
222206
162595
106991
227079
71921
203558
301293
307592
226564
660251
30629
30669
127347
9051
216496
122889
29592
175125
8933
295792
176982
17275
468956
63529
64041
14126
17828
71227
129613
30815
5042
68027
46679
112197
635519
44327
30582
649137
77305
58082
275679
30258
86177
11215
660700
27849
82474
258509
45645
37183
51616
373833
59187
9592
60737
29500
197843
60946
92804
1014857
674261
395994
6512
45720
60148
145245
463053
3370
87231
16434
93536
78865
737517
644036
247709
7187
90779
66421
20866
73385
660639
10111
18123
12619
381939
199522
37967
4034
732826
214187
88852
238929
134133
30809
112202
95785
4781
9416
20477
695908
1067230
1247
75059
112195
373809
94751
78641
251863
52509
92122
190313
93874
4902
92197
1908
82601
314595
97099
360090
100652
642768
73288
49255
86093
1097176
21813
6754
91486
3998
69833
264743
408040
178560
93011
129497
307941
877463
1254
43951
42859
645479
96342
143003
38463
60095
22362
677952
253421
169783
7193
104384
96694
6348
37029
5654
17933
27647
124325
98868
9873
665765
91893
21465
153697
181881
18264
83490
10709
73183
677777
175523
2166
132922
28026
96
3568
232346
301608
86605
18040
784912
88414
220916
4421
20981
164357
138378
3921
11857
3437
74528
29659
655610
108812
60473
89755
643850
101777
2114
107427
26443
20180
676936
656728
689786
3237
59521
105386
63049
146394
90865
140471
86296
83930
79210
38371
3277
35711
382335
31475
415642
221379
30329
77442
4326
266523
91633
300534
104418
20233
107821
20595
3526
62127
20415
124224
648810
107924
139438
62662
391474
41781
1018785
97164
226129
95979
100330
645694
32542
26624
113678
98098
143658
47506
707595
221192
104048
137045
83896
962
345704
4854
273767
508599
78625
36432
4694
263023
3908
94268
71175
640372
106845
42981
24590
134033
94605
497722
227895
139388
345980
4837
24691
640334
59683
91944
271229
228570
126444
47510
108497
666809
20638
84914
672793
712038
25755
23271
85048
677876
643684
74964
41048
139551
17402
194861
95778
60426
4110
645612
234747
72504
186762
126291
30705
20984
243378
110904
1014206
82022
7005
9494
17309
94629
81288
71178
44270
21103
687525
455381
38806
643274
122843
729998
90310
188455
177654
210987
128647
134035
60958
154450
92127
20012
232782
3046
193076
104538
649236
695525
25460
961845
13857
42980
2240
72519
5160
702530
274612
11364
78445
18244
92004
236869
26543
51767
74590
25030
95694
17223
21562
80058
106688
247662
1079206
27774
27226
133312
27521
175643
4543
658100
759687
196933
160539
133059
642492
1043654
74689
118297
4393
4949
727861
77262
715615
75081
106977
23030
96780
663010
97507
3558
63743
5987
111057
660492
115945
92098
235458
115931
95030
77304
87951
4307
71131
88597
71221
992397
95090
1305
202807
177684
33164
4144
95579
76835
20300
192368
92792
137988
9206
38555
89766
117458
34
95248
129736
101356
61799
63402
101521
992401
95522
95142
33177
229739
64295
175833
94714
101106
192412
716818
74582
35771
28923
49530
409121
642547
257652
99312
1013678
44979
8938
75020
661922
704378
355818
2013
110646
279177
639
129279
95433
148275
255877
320049
137970
134121
3774
3457
658336
131825
681392
640396
104350
60597
9377
124214
1029195
25844
73079
146021
60078
643690
17268
735981
117205
77530
29955
94666
30904
1773
86355
167710
643049
208958
38340
40334
82165
22214
3934
180566
354498
266406
69793
180956
139464
63939
38524
1263
641380
87681
219443
107273
8463
35377
653080
214799
304446
654819
60179
33895
73217
6898
8154
20916
30432
188934
1014855
680446
89763
4388
35380
134408
75009
674086
51828
100
4077
176662
87959
6147
12933
20566
772494
187974
4019
21590
297518
4798
88660
92005
696592
176255
62567
17993
212814
104410
166181
995708
37601
271219
655577
48367
1037083
93933
686345
62900
600762
661612
29851
63668
130747
64117
212636
234685
29402
94465
22433
49662
71201
165474
10242
23955
49795
11935
4081
219507
103036
91284
62526
91471
9941
447722
93364
110674
223296
6237
640932
44599
1631
29685
72590
208988
84534
9356
27714
272448
85356
145668
118479
33586
132384
91537
15131
71602
25229
61120
129372
100419
689858
5837
270395
662437
4304
9382
1925
36423
83889
62518
125383
408563
165989
71216
100158
396
656667
175662
9359
117577
1001209
36755
36267
38352
1069947
113726
21779
22087
642544
4062
646681
105595
158983
62815
159933
107284
196116
97483
7588
66565
676579
180605
329077
653360
44935
51826
164464
84865
30967
77029
1011640
9840
70081
914508
29447
14752
674219
147802
122531
444254
379946
30854
145652
5707
93632
1905
2490
78039
660175
26850
69391
727690
11484
10677
107855
96805
111126
4711
278258
679964
150935
70719
49955
195521
88590
60400
18878
1841
92687
660793
6054
124941
97269
87996
993075
58097
1033213
160495
9867
25733
640500
88656
647103
371211
664530
90956
20935
1089732
23683
155527
659455
132935
250220
71166
92618
712675
378576
82454
31994
96988
74794
9947
213003
24258
270679
38416
133080
23011
182913
77331
11921
1114680
4838
96629
96891
221104
37959
4900
20140
41696
71092
194852
457731
106868
151295
269310
213851
212852
96401
411455
27985
105789
247417
3578
30303
63712
20484
175789
148650
43687
60456
93843
79558
36580
86798
1503
5668
29292
189303
7574
179295
647062
71213
288933
95652
205212
21240
687801
101585
111480
57994
3461
137084
3757
59675
123218
30040
268757
105456
30250
42553
97001
188595
35678
638325
186553
129266
1863
60708
137052
133076
660216
180524
93965
85870
107726
176595
1018614
410196
9925
10788
27637
93497
3788
164612
71060
47549
217580
20985
378523
64089
23240
208622
435250
140678
146279
20249
21070
99665
270003
27064
84576
104125
209449
282364
178233
97334
647598
88835
411640
264203
930507
84107
74504
127172
6704
22223
97260
91586
686029
95019
7938
207799
737274
27268
174423
21646
74773
106812
82451
72914
674420
92707
155423
16087
131394
3359
9335
118788
48606
33514
138673
655569
178614
513204
207979
22747
4332
2318
642612
107541
974632
134990
97434
18941
920423
9804
812385
772798
222864
679092
37468
237300
26414
20708
18565
76785
241921
245293
1012808
636792
761578
180597
30199
647994
125472
128687
662287
25157
104028
36750
5800
243993
71529
20989
62522
95860
29217
42257
25802
47611
28908
642961
17152
686561
20880
64122
184555
344042
164604
58901
155328
98768
639960
67331
268946
27157
65584
22027
13904
645630
122080
191305
124055
94252
287957
138054
26164
37587
131885
18972
1086053
110899
94844
153296
77418
130566
107822
113629
24810
4456
6216
126732
160769
35786
136904
640610
69940
191388
190140
666
13707
100717
448071
3950
6482
84976
83665
20207
1257
231215
6984
659991
95358
90636
237650
74737
347330
123738
101489
172649
23418
89748
658480
47372
88618
380327
61716
317720
141833
198091
47488
20843
172614
122684
2058
1037441
59916
122507
20295
4075
170368
992307
138401
107098
33239
72467
186750
37051
237438
457697
71121
27732
660072
177912
206
661648
86439
419356
164549
64043
113759
224692
3085
770457
38462
704665
84957
145729
686421
92375
20925
177322
62755
87963
211591
3831
223935
49695
178507
73384
78181
161717
287951
145706
47494
132509
5695
248502
646631
657448
13187
694286
660236
131135
5875
107905
169523
6673
137989
4236
173371
204490
188886
72716
135771
681946
60099
476936
32467
176640
246018
727200
13804
9606
9168
438913
22538
129386
737534
86138
663311
60322
37074
1063520
94996
7985
173315
4799
124700
90562
97112
37955
1374
33472
1065055
397565
491917
101584
116170
86893
135195
2304
38320
644329
39464
660570
154686
51967
645627
124428
88506
237193
757823
208449
71079
210761
94113
167434
100337
2118
126290
96262
149867
654900
130577
2433
4749
14297
4959
33581
126132
21447
71179
61712
375999
10283
81675
676883
200555
92730
917025
92548
22063
244113
17920
50561
178558
206822
13417
203044
115882
78682
4212
4286
89950
962893
1029159
236705
104170
175746
189260
222362
104792
663013
217261
205592
216183
1061557
20118
20184
122405
111353
713699
6299
249676
75019
91024
13
182651
1112
154506
60296
7459
48481
885857
139227
3577
4102
60499
13503
660697
93239
77480
21578
637092
23502
63850
638790
118918
230682
175754
766884
3887
27233
54095
1121294
111396
112147
230589
30467
193023
950593
110588
123462
48423
94636
177051
153390
87632
59941
27323
66370
93284
259846
27336
141380
4342
20274
660451
88545
24387
20111
28964
303799
39062
274786
27885
65
2185
477206
100159
649210
1833
295237
8229
1218
699729
820997
69798
93405
73203
85555
1793
115866
191444
21064
209878
43558
97284
6665
3458
5674
740865
680299
17214
11219
1008612
643473
1018699
99650
265268
76595
91535
29660
657486
71090
637240
22624
17127
660225
649217
1064327
765202
125589
93974
5824
179389
14413
76206
642671
137107
176952
114447
8644
116162
78618
352776
61519
20881
153648
92000
201843
645617
74672
138991
62432
151063
244232
1878
164581
95164
2099
204233
96424
117132
103383
166328
63870
1664
30646
83681
70751
3098
46195
48673
10419
125768
918666
104228
219035
102792
173118
4885
29831
222921
20668
63181
83789
28855
660224
251484
1118122
126092
290288
646249
23112
114468
200678
312340
1044010
681735
82195
153553
47436
184155
204703
7682
85657
4052
639350
672393
6455
208119
661987
101510
4961
61653
18625
44090
15763
62584
6539
685140
276034
167905
119778
108431
264905
104093
30887
60603
160523
3768
20961
992292
163439
4254
110641
110043
228115
84949
127056
126087
204230
118760
170992
47770
28942
3414
440380
1895
31298
91125
85812
94903
2228
221503
749451
7851
178956
99769
5739
74538
60331
2126
3742
676520
106031
231137
727828
1189
23044
78568
91990
88443
37188
743910
70018
124372
53923
211922
219440
94738
206258
260605
4834
166023
77276
5934
192986
132682
77150
333685
37062
211544
151090
264202
52180
149308
20673
13146
3901
199165
176681
59880
228058
114070
17317
9609
53441
60649
13959
123813
659801
134848
88533
4323
37406
164220
59
100140
93209
256687
174451
245063
88758
22471
231362
706780
7086
88649
648872
74682
153699
5734
117760
122791
5951
31252
63989
661431
3596
249814
3208
59022
211274
658367
228911
167956
170017
55905
189844
578902
60260
85060
9067
178488
410394
18176
137058
671019
278815
652267
7993
655576
81986
171465
181957
86833
11205
37775
1043838
100912
658590
134056
680310
72517
82123
273581
195841
108817
734473
203053
20129
60930
29747
680045
144989
11814
24514
13012
122892
874122
78647
100468
3025
162138
176466
110370
19160
191273
655767
4265
25724
3438
95237
95550
134116
11026
102905
138437
78544
89911
141697
13955
221990
167251
117214
647073
84628
51238
23888
676512
96594
82052
19957
672416
271365
17246
1060918
4154
275744
653473
172401
62809
29815
306785
38301
418952
107535
122493
389415
92552
65023
1004186
15806
714282
1789
3352
6749
63986
285047
672473
281906
188447
731312
152094
716649
522720
30239
19642
99
107910
59723
3506
30547
95549
104830
1120518
4776
701576
94298
79690
71116
30120
95172
278215
191999
38459
31535
90221
731847
786938
204700
55184
179134
71115
4272
84756
55802
408572
70133
223799
1528
94019
731412
114525
686598
47438
1070001
155500
176950
96268
8222
89696
90863
5851
245527
67849
43356
414070
4234
642908
97520
21665
95410
29971
8660
145959
85347
137385
31270
11794
126911
49750
178479
21004
61905
126808
107760
187686
12729
21935
173239
637039
685289
683803
726015
83549
21096
110466
1078239
37598
3071
55600
84835
118741
645728
665844
25408
422537
135785
25159
126195
86501
59963
60061
142358
43055
77482
642803
478861
197093
82306
96529
1052212
305515
179719
25499
111389
52579
205414
29709
47878
759168
96072
4316
175130
314229
75179
226698
659935
245717
1017159
3856
108013
4174
94303
212632
3645
71148
798419
88574
18807
78332
635150
16812
94372
28708
827910
111505
60107
174944
2208
8952
186104
25988
9990
59999
80073
95412
11835
71127
71117
221853
17211
219280
111634
638587
11886
997900
71374
740117
175786
640510
697819
19821
79508
8226
494735
45957
39160
644353
226872
92993
51832
651201
60900
122753
232781
410423
691175
32732
21671
145002
115917
154697
78061
6225
691885
643151
3959
79346
21003
36323
713047
283520
8677
89579
640524
370698
86810
77534
18469
131400
4809
93501
77377
60341
4653
23676
91989
63279
709293
224670
122688
8047
1022470
659965
2669
646846
182176
227195
102374
20490
177213
5134
94287
660226
92843
4727
270355
101496
16515
156859
92085
342845
76002
124137
251576
37595
164664
254400
383659
70144
44016
661650
745633
108570
110103
660218
98099
345883
24042
134094
62517
3602
278859
646408
27329
113845
364508
1057428
107392
8517
97309
112242
177414
30107
704606
60504
92638
59834
6345
160697
132531
8405
104837
354817
87394
45005
658296
55790
4557
262967
69460
515234
135351
708998
640353
118320
739197
4222
31339
231360
664531
202969
60441
84932
291185
206959
9240
183122
406019
64240
265270
3770
9250
610026
78624
18894
621245
47636
79873
155227
884110
21030
45154
231363
237419
71093
122674
170441
658706
94730
257481
92600
26125
78759
104129
79562
7389
6511
165799
1041717
408752
935515
54528
2820
222429
179455
473703
83509
71173
75879
47526
662176
644745
7735
1081077
18339
20084
7229
134482
21821
214058
420517
2664
203999
63571
210877
22270
665179
64029
748086
88949
150141
82113
8267
396719
218339
218062
2044
101857
72535
74823
4947
104207
200363
112737
639371
1101045
37374
35682
106653
771322
477983
647854
713281
67
94997
145958
17956
216195
222688
94209
660548
9166
89032
687528
94692
1054
140047
48655
656631
991920
561748
166167
427157
51695
73050
37952
202744
93705
254667
62824
66522
715525
639681
214299
699464
91341
62921
6328
73244
184195
145275
3573
331246
252157
90165
77329
48071
104126
63943
92840
21293
84022
698119
69858
1922
12574
258385
93561
6341
91412
62592
90870
96204
182813
659800
221749
789825
44751
46925
126130
136272
176831
71069
682333
20325
191233
88410
672384
175794
155746
63700
19270
647789
4903
194320
172879
31965
91894
662426
3366
71095
226661
92769
91434
28217
202924
24164
36686
32881
71194
63609
4972
31051
92262
36597
9028
37494
57041
127548
649368
656720
204561
28086
212536
91775
100380
684435
43850
166678
35719
87310
97789
204161
2031
288185
130974
23338
64071
7712
78148
672864
1057881
22500
97094
51516
36500
27308
662116
37148
230982
4024
172602
1005208
21503
129443
36670
243666
106056
26225
546251
22989
18248
122521
196295
69834
104510
132251
98092
1188
27659
6706
231908
63964
648784
15626
11401
192010
37306
29989
261766
643498
23035
273583
71206
24163
97206
1052
127103
26
235181
146823
715450
100681
125371
128926
678341
3844
323908
158901
75606
1073107
88588
90894
7256
641858
164831
26983
36524
645489
241682
84970
60123
21147
278672
133038
1038170
131359
210603
20229
135674
7883
1012889
671588
92287
3508
53387
17148
96572
65857
167931
104171
754127
138773
21950
37619
38252
645526
212680
103449
72462
248613
191964
26073
486829
9429
199358
420322
3017
213768
11961
278203
263345
176578
92644
71243
122854
178788
167793
62547
406141
71269
70148
72488
191995
22577
639677
89887
2147
17125
746115
307299
657921
140680
170939
402225
268886
84014
690479
72589
254929
169738
61595
219997
8727
92752
25395
62676
5496
176187
212183
231428
7718
57361
18802
18839
8689
393760
168993
866081
165946
20183
37219
183619
24710
67823
217824
91986
63959
78805
144298
30048
78645
148644
4880
50550
187157
214047
10236
192303
649453
154510
52503
126494
242327
72600
59688
110159
175626
95314
17304
167855
9508
78639
685219
4813
63678
93927
228820
2388
1074
14523
106885
301045
29674
222339
161083
649411
107920
107672
96527
114657
29618
100056
170991
642880
94145
129081
7820
329344
327925
264401
124902
341292
3139
107075
371163
3955
667113
654368
93814
219382
642453
94362
633923
84767
62361
1580
132750
26021
6544
182327
18710
412634
156
907684
136089
70975
692911
139234
112236
615181
122929
231330
38064
96947
191445
27331
220362
52345
101867
640369
66631
307599
110420
160059
179287
574300
27210
91603
688078
98174
60434
314826
307597
2993
70139
23869
42274
94221
642653
28129
18552
131599
60035
122879
91009
20549
88595
11960
6760
28050
74598
587389
185436
6921
62540
537
19560
41532
430547
235566
30092
8571
684556
117162
251527
274826
1014787
3225
646438
177161
169352
78607
756725
274369
648635
183796
91941
5464
24434
21015
219125
112342
426134
92669
187591
270596
151412
177039
202261
1014568
117418
126140
4299
71181
97993
27358
97144
244887
643239
155503
11887
3821
1019760
124625
92620
5690
36909
7044
133816
47918
135092
215720
82721
70
241897
4238
402817
33015
27652
105662
204213
38396
184369
128910
22583
84983
197576
21347
87524
138643
278931
197493
468886
1010223
80678
220720
413179
239016
20968
78014
994762
47804
1010
95346
30489
170114
5675
644645
2855
232413
130363
38691
12572
226799
643065
191065
2773
187117
3656
101845
215755
30604
202299
166126
39063
216290
20622
4320
10808
97175
1032280
73332
167914
101795
102797
645621
48788
222796
29680
71561
3492
51892
238731
160512
419499
645502
16829
266829
31647
943051
181173
30134
37312
205538
25741
11321
87093
66380
445389
6856
64754
30482
649204
194440
126419
390
19923
64812
95663
48947
38845
8773
95743
269998
311519
145655
28535
234956
789179
257216
235227
335551
276941
78878
11988
160560
82110
446399
60229
51831
409636
152359
182953
176970
86324
1085175
73045
93315
37527
100924
222551
208480
57893
186348
158651
94376
658496
96364
64040
7367
759077
88582
807041
112129
662419
95475
747781
138986
82341
35812
651725
106945
101894
2385
688300
230564
236182
259743
122784
175747
29839
157176
29761
303724
1887
102579
77020
66350
174352
29139
96387
26029
47637
242220
749275
72869
29820
67623
8165
101677
714710
92624
215547
761
60588
95323
38531
181263
60368
20334
218201
177101
1107786
206300
127327
112292
665596
97343
37130
197789
90572
5001
191446
84580
62489
49263
29666
103385
94531
1006176
660223
659841
226545
3500
83581
661652
14262
176976
108822
14483
154445
615353
93477
94338
649130
338895
640556
84291
126049
553603
37243
21929
7560
24878
5570
11981
21273
678163
172936
695451
99035
86087
28967
185912
58701
11043
215775
37592
8990
37079
21441
71140
61922
63881
133044
84532
3733
271379
175547
306693
206271
1275
201448
63736
3786
212420
84304
8447
643694
641470
293458
32166
172002
38264
80227
328
103451
38559
28959
25709
307543
557531
37585
681366
18364
43163
214221
690388
272086
30414
49416
69863
49493
355204
23069
92247
51780
96709
121553
215859
69852
164882
69820
8759
59597
63805
8506
40988
55121
649267
204918
21206
162036
1065702
91774
323988
63878
10729
5021
126302
693745
151233
67795
29829
9885
23787
118232
398246
167731
97389
390787
77897
23269
21043
166124
699491
768793
226916
31046
18795
42991
30599
126125
33888
33326
94915
69744
20021
110105
30983
390871
702425
171367
98088
737636
508339
17303
100265
37215
493903
264957
815
77889
52260
37252
88480
714046
90873
554920
14447
125687
77308
643332
79025
66217
93977
127717
89885
194649
221577
645598
1113706
92274
8180
95508
18948
152938
24212
164262
27346
124678
680110
31740
8719
74308
140070
122915
47434
278981
63046
133095
6936
63627
323490
726228
3960
136901
28137
90938
907982
190320
413562
488
177778
671107
13936
107571
312679
124014
923
95533
146856
154665
125316
662289
60420
497308
307555
163405
123469
22677
1932
7707
37197
59946
204100
2163
189675
36908
341613
22816
3660
17312
231050
89703
637220
32067
62788
72424
114319
176854
49689
709159
704436
1023269
167836
140945
96850
1809
176930
46752
107563
33377
646968
9362
865470
196486
643505
85279
2246
125683
21572
124988
97498
4519
273305
145206
180620
22705
21211
167975
105939
635970
9203
79192
672370
137366
60144
27881
177016
220576
96556
33476
253814
87961
90921
167803
84501
675628
101035
154950
124112
655630
75082
4021
7418
73259
9169
11091
117144
145006
63765
20069
390630
4240
17905
101856
182324
73441
60609
28971
9351
4636
179442
26213
41579
262006
699563
230621
94207
44894
60345
176235
21784
6446
3207
765755
52459
30127
22460
49933
95110
748336
3772
1058245
465125
1038038
601246
640935
155969
101447
53319
71185
49474
83924
154600
229031
76991
146007
130261
138722
38046
110699
8046
187634
20198
640056
62871
93879
4311
278209
151092
25420
102595
423051
50423
71481
100449
2037
20389
20924
77384
214570
799296
154701
122891
131900
26078
177739
92662
483103
538223
49077
711199
80289
38511
567317
104832
84619
780140
175519
220742
60398
108449
265264
168815
18342
657886
21936
863057
643447
37134
660593
354088
93713
402315
91949
5045
108602
131449
145542
12320
20601
29923
46082
11824
87915
86031
1082937
181189
533
1142
314873
106317
90637
97235
142379
303196
201449
29439
30635
16531
4943
529199
3862
884279
647773
91929
705155
29663
25569
100486
648763
93123
204415
121578
175816
161030
130669
696279
22669
741944
2815
78174
85312
8665
75084
86232
63030
32958
63294
122759
72937
38303
91447
276917
158820
202408
82181
992730
58786
125085
3809
78976
480
350122
263104
78926
291544
79458
110692
37525
647679
517469
89465
202315
14747
167902
102619
175744
84735
1084
57911
111468
9476
71345
111912
661613
100936
29600
878537
155498
99730
38412
339697
23136
372927
94618
542370
313030
49280
196371
62139
235877
3744
3444
25138
79473
59903
213878
95005
169961
176947
164660
142382
49579
7016
24555
345162
38105
65666
211260
14785
551801
98193
89855
20767
24990
226448
160540
67853
715016
23221
18675
804688
81981
62744
82128
1112790
224536
9790
248775
72660
442642
94453
61844
71138
648034
33626
395532
37546
254020
33597
184887
167893
97055
235739
3227
78499
690391
104541
202993
3864
169952
765567
115914
671095
142337
189343
21078
69902
3962
1661
177336
80157
716979
18371
95813
22898
30362
68307
85705
983046
95993
101505
197498
514
660113
155516
22493
1227
118293
137113
251377
99166
104169
111384
847576
143935
80036
22657
2237
60585
19486
642534
8362
14602
62373
108467
286848
528218
652428
17725
217187
13119
183629
806528
96444
191569
9395
1159
1933
656650
688849
9366
93232
1030118
95004
85377
227806
168111
27754
1411
141930
30867
81453
674264
681268
90087
137024
181601
678344
35738
281379
9393
112767
176196
18333
246416
131271
696189
160845
3232
115964
28045
183571
331851
222240
745113
176939
175771
56739
703961
25562
21259
32941
167515
1061600
671879
143551
86855
122883
83799
17440
642993
158411
202572
19888
223178
8117
58036
130009
20470
259817
379241
44142
236628
137316
51062
88857
213325
336215
9388
44370
29719
154766
686908
999357
89468
7409
21930
93559
3647
44543
178583
680313
38248
149988
3024
3777
181440
460539
235597
99934
649273
315846
93803
660523
768258
93520
197778
4384
115332
469441
23641
4593
68390
662573
32974
414366
64130
117041
61305
210381
227351
272443
4850
211537
25917
106931
52318
6751
3128
85757
104552
125411
164202
101636
170068
1018765
179519
777965
897945
108495
643577
8142
100781
4312
278980
95776
475544
122175
167214
95435
429436
184579
113751
6497
17293
118055
69799
20564
1004377
4881
516688
78263
672104
340510
875496
329059
649321
112168
147182
18700
50088
104211
71488
72450
59838
180680
641
657619
328166
63886
191793
7080
97136
147826
135713
24056
643467
124758
52014
279881
76670
151258
90046
114462
94202
1121193
92703
228769
186285
641382
751601
24761
72698
81447
63608
151259
91582
1524
4669
157294
13494
647981
371165
78578
90543
62572
87658
81935
122960
25915
30587
4335
8420
21224
17936
643836
171482
268090
6490
378246
616053
101564
85490
118125
703645
1098103
66227
1786
72367
755366
67754
113860
192023
323972
136992
6549
239562
175814
4964
960026
41450
130378
8131
104694
167217
445263
68315
10967
198459
268562
22463
4068
92531
95041
2029
293903
712162
86657
811479
12954
95152
22658
5181
29463
265260
787613
153926
74779
101651
220436
659383
742248
1251
155754
133893
729382
71304
101760
177877
336847
108983
217591
408026
1165
86331
91905
63871
3581
110676
93685
3543
1066560
78608
409552
17418
93651
706617
430546
81673
281078
88451
30883
85962
128702
243613
70405
104024
23132
148859
878291
700175
733136
26216
182425
84377
25806
98082
145184
303707
131005
91386
92762
85942
1089068
87029
77326
187595
167979
83686
93650
77254
95941
649248
649260
681365
344080
814940
33688
108465
678976
98147
132622
26162
217765
103479
86900
781832
706752
473456
4915
260615
145949
216980
662172
7245
188443
37876
390882
22456
345039
37616
192802
154499
13746
62393
123715
131148
265527
60128
37342
23580
102610
341980
5097
129495
997113
353104
693714
201995
25064
211598
27784
155940
54830
95473
87810
778939
45872
30895
160844
185807
107582
88825
678967
18879
673350
262984
148374
60358
768297
5642
65916
101947
93421
158794
359757
29505
23211
507156
90942
101921
635672
210993
695819
226654
101782
108496
358491
30534
202870
22120
115939
646888
88644
176690
327522
240982
4193
63618
713422
344033
1064060
85897
61820
84019
29146
18683
79154
165862
18201
10066
20833
257679
249533
89890
141817
95174
3420
48360
132517
28100
238925
38154
657876
20355
191432
767667
176456
367127
59507
224797
279050
318695
714496
212042
89002
43054
132760
968674
337864
151246
2678
7088
172535
745847
13414
73108
266944
646634
17750
636494
72512
237150
100166
566846
90964
203047
79792
206334
19813
93732
678433
117543
33601
94916
686040
15723
80606
129740
196448
644008
315154
943243
153725
245175
25075
145010
340337
64088
4088
175865
24547
1797
188999
62610
29664
14540
47132
180645
132636
157579
650011
95491
5130
104092
51843
1011
170519
23528
108534
108735
84729
478524
650993
62710
243065
3064
189524
78290
71136
195779
4225
64034
704633
212904
28852
3034
37483
88581
159681
204250
245703
133393
55896
95082
188168
132602
297762
73386
11125
46509
6569
29543
16387
30664
90858
106956
74440
89326
205954
169991
656671
114464
20167
43150
1122918
29466
2062
4791
660326
11111
240246
17297
36433
180386
29907
59618
79028
70006
5504
1803
28922
23866
691915
21252
234637
33918
205867
95866
24501
102568
644650
100870
81330
5991
27044
109003
3179
643024
1024898
228664
257357
80592
94742
2174
26016
14644
1034251
696631
3630
54277
270935
178527
87397
3106
65346
102768
35911
212860
68255
22107
1114361
36749
97170
1122545
252240
91366
393687
167833
26984
200191
105187
644821
663104
11817
435036
5869
170487
201808
256847
687599
686410
89565
17356
71224
39107
175669
94018
36741
208419
198424
689829
27581
607557
197420
686244
133383
108541
77240
136527
168381
7813
202530
94506
676064
653193
132520
88721
67438
20517
130248
229810
712433
11395
247150
643140
100761
112161
203842
348702
8957
8753
209936
643177
73342
155752
484201
260398
979548
176232
30979
28097
4754
73279
90845
4765
80282
6349
380268
333650
112232
167571
21677
39194
155835
129319
390443
638806
30392
687613
86406
546
306890
8941
1056975
191997
839501
71120
18480
77523
91247
38675
243693
88965
84874
394393
734438
692138
3624
684548
273423
58135
9017
85599
27206
274005
20125
137266
36341
25031
24503
3211
111494
5223
8478
184292
215660
110896
7294
90536
529808
692222
397198
17313
331003
17886
6130
51652
21609
230316
128617
472211
93670
9381
134077
93521
86442
19193
73267
70996
158509
715558
24109
414268
232128
255494
20059
1816
127803
101864
79695
33914
244773
202343
271846
19883
21486
74031
700575
639177
133824
50579
29827
126748
383786
227596
762467
94846
60528
176924
731593
66362
79704
8686
102168
4409
131826
237286
227369
660101
712128
203901
194815
35748
17310
91299
108414
402251
251491
828068
4308
90891
96097
46454
563670
112227
3923
15636
138898
127545
7689
308042
27568
210573
25215
94528
137532
108198
104699
104702
160434
715613
33587
490797
122872
97503
96568
133826
678503
85609
237993
20339
5331
19832
285091
35451
21258
5133
36358
60340
86307
1081297
4993
125985
171048
330763
668740
11912
153753
179216
149631
255922
204202
17887
101807
153597
190018
186756
705950
21969
1118543
23742
99853
226890
223033
11721
62890
260732
93692
23013
270044
93408
712462
100168
234697
1025383
146168
188553
649813
6148
65062
46210
101177
336837
20474
94489
227122
182596
1059077
451692
139627
27110
274637
17606
77283
235666
102394
288699
171303
270198
3919
74860
10954
715136
158599
125034
3542
269093
49669
183541
679529
219747
580584
1013727
262190
256925
126224
260161
20480
223885
5919
24896
236094
90070
17316
11796
126134
103212
30574
95029
66223
116167
156516
92374
198060
32147
92155
1085089
102787
4819
237529
65501
229307
3779
2230
807535
51418
186704
65407
37649
198077
9401
72337
9161
24049
154725
125251
22486
185539
91977
88586
226115
2974
385722
111483
85713
8076
78978
244703
686183
108113
88432
1107682
41751
142819
655623
2394
8414
93557
8920
178164
107228
9740
35806
100926
689962
638930
28064
126141
232216
429091
663139
354470
1112812
54101
102661
593582
640547
301607
8209
24686
360690
1031927
230634
21697
245516
131309
200771
30969
155522
205735
104546
94267
77287
94458
22149
23106
40088
131365
3652
94670
690122
136596
174731
656344
64457
764813
249599
678985
498917
115908
62878
204044
279078
56348
78594
167896
234241
100794
357221
174435
62760
51840
727199
129643
3935
339942
77434
14737
137361
169753
91916
231489
72925
75049
84372
88521
854342
63446
258222
75069
89546
203862
21012
661978
62625
702723
101187
21680
60423
133226
80982
641506
663896
1049955
181840
96997
53423
149303
1104765
28906
107122
15833
60689
177424
23521
18788
33481
780186
43934
21754
2352
147400
69910
21868
209514
94184
1068955
165420
54085
477418
112155
202996
177017
196234
147407
1046061
5874
1004461
695779
709
1076285
29136
244449
177726
649220
86625
15928
117888
163358
639925
64302
60985
100125
161611
69844
151581
923232
92893
75093
107975
118858
443521
97097
47592
4926
23161
94084
665661
731822
177896
196351
91449
58778
74741
425760
221337
9075
355591
7344
27063
92633
381938
202176
218377
483332
8319
62544
113758
6525
23080
59602
1102875
198183
309327
112156
175417
1810
732626
1006783
231369
451731
67752
95602
17434
2004
22202
467462
160677
5829
66144
860
22704
1072
131659
365710
94803
84811
127213
69884
82367
78576
977507
25167
649114
265154
126158
64854
4366
177005
79399
108518
17869
1010199
499479
20361
30220
102512
160269
426874
1796
38341
70096
62184
140669
4951
1013642
217865
70439
100150
63646
75018
3855
445305
71101
736092
72437
173484
106400
73072
181962
1035
66903
245085
71183
83895
92092
63372
349201
30001
8735
1069343
690487
46438
87409
4309
8956
339712
148492
908778
144360
82702
90062
234733
134951
44029
231675
71368
213355
662194
104066
133842
33916
108524
35651
4772
25350
2890
75052
102522
693784
161288
49426
291313
67902
142793
237690
198500
37939
1011430
217323
662507
193986
1022883
2658
71244
104846
84898
308606
1117955
95845
856991
764294
104526
81540
3816
33566
71098
103446
665843
295522
364761
96660
85272
55805
121882
100043
84103
293636
685968
677829
54740
98458
106726
89661
91735
5204
1208
169960
18459
10571
200324
276247
680531
342103
63983
74880
187385
206540
5422
643374
153700
33271
100762
713049
130997
156046
89878
182928
23193
150017
20728
202415
218886
75051
15209
1088431
740991
110121
8336
5960
88764
20530
74040
649255
6559
153840
35331
38453
29642
27558
649250
128705
347895
60493
62618
27915
223430
202006
104029
121953
657503
3187
644120
101039
29641
4865
9478
108485
172659
26468
644157
100540
210874
129703
173194
156227
37951
410382
106741
55133
178151
3676
62844
62553
5002
503156
44582
23904
7970
156605
395379
47677
193037
198391
158002
146463
9375
97484
1080031
11695
2487
62917
245531
43369
670121
386060
70421
685972
231496
226570
172340
330216
210133
140593
8918
716982
174599
8701
74721
7942
50426
217667
143062
100384
21071
224193
646420
131302
411158
31463
686027
152324
15650
176938
118294
167008
196459
86564
63461
9875
275449
6388
69774
727733
9407
1030432
395501
60161
36742
221116
19763
101730
1843
59549
25620
38456
14867
650723
687238
33510
2805
244098
701578
5123
85228
10039
167564
171546
413964
101614
18568
209387
443565
60053
186759
124807
62847
143890
117269
96516
122737
390580
196921
656065
6373
135836
681126
286843
194881
687937
73356
108503
93972
3967
642504
740137
337816
433477
227687
244135
26492
91407
229792
13697
196570
113757
161227
62615
118230
59902
138978
160262
418468
44236
156038
113779
406835
136399
773752
126211
18414
672271
752616
208783
177809
131923
130984
108567
100280
68124
111351
653708
31756
114385
20005
24275
695534
731002
247952
7968
2600
87212
1715
124665
28966
255995
4987
215429
129084
131814
82034
166252
293128
234731
11830
65868
188737
70610
649167
60308
59453
390733
855907
84758
187445
96576
166021
161714
93782
20828
24026
356926
77285
59751
215381
281923
28991
143247
86166
205400
399305
710975
108590
68388
358784
87950
2281
140487
295732
114517
865853
26921
661994
200390
35765
644890
95627
178589
177225
84205
679480
178126
108206
92906
69866
4752
203005
17392
125464
29810
235270
94036
210107
271727
24839
36375
100124
939679
21072
362852
150510
11267
216494
129280
855199
89888
430850
101790
73121
13053
776847
100627
83739
219651
63719
160674
687762
30013
91959
155181
77222
184439
79087
123978
218221
96544
684656
380376
196330
772097
101719
30059
101443
114313
177711
24588
167981
27463
108561
24811
657606
74770
129907
63699
11911
112455
187309
744733
167852
16020
1022259
186921
23966
648347
36675
96113
112239
170052
100200
23802
266609
25166
240395
237777
126255
343700
43256
107897
57751
6505
337842
154869
29762
22249
58583
9306
228945
381699
645580
110156
643304
37037
32655
49977
3851
31483
51407
443668
15355
662288
71149
226818
190206
84775
89582
157132
57738
649251
166096
216686
177463
135825
9077
303768
235129
543134
668461
3969
204416
1071228
200968
21299
774989
3597
127581
866871
284046
649244
29679
208116
196425
92349
715567
29732
85892
6932
744524
225623
21120
669066
376113
5541
92219
24831
124175
685552
29746
224686
58309
177917
93553
73311
269839
72732
406933
135135
333176
43442
186122
677124
93664
85992
69816
3648
576231
107923
89055
302740
85743
101217
739817
88819
735382
4321
192650
208295
67720
644311
333955
4199
21607
6016
177224
92735
82167
136460
492502
159303
202082
8483
150498
131821
709273
677397
191367
90967
201517
100414
187409
130850
2850
92016
666953
4139
104038
93436
24816
865698
91631
26595
214143
747389
91104
145592
645507
96900
90935
173123
67437
1072137
124435
4536
364936
727077
93285
638419
44549
86317
126112
82318
231145
104727
107261
88585
107636
191423
91035
1073333
95318
104774
670437
220044
900423
103441
11882
23094
48587
1024172
92238
181170
210477
648445
100673
135095
74944
96590
48482
13691
100039
100831
81370
271071
649256
155494
32139
359591
24046
184090
694582
103059
266823
223541
94014
983151
664091
22728
730133
5996
88682
167335
130252
734791
287768
93694
57840
167004
166706
228467
252375
273643
253844
21706
72896
52578
145168
408834
186794
122778
182701
180778
295273
8713
103189
60198
106869
20798
279202
148946
102261
241767
28827
59225
40121
112683
658267
207792
241981
196481
289208
112702
790985
3625
677837
212676
94255
159793
115977
46824
51446
50074
800948
100927
112300
84748
71212
157024
633891
88944
236880
660539
138963
38854
18810
132676
177747
64005
71088
216445
62908
51723
25152
29473
160673
125060
11686
663002
28998
51366
155872
17762
154907
660462
37164
381936
191007
99788
66413
127652
181871
95285
687298
77264
176101
66333
598549
205797
17299
158698
213948
50392
18531
70760
17640
644939
69823
129265
733870
649526
680
96079
271164
62163
406778
984474
595439
133207
1026495
5572
114337
352209
268936
680020
153290
5486
278000
744460
122927
62354
369004
713868
338043
114243
102673
149304
89597
201088
21994
2701
124978
89277
237413
96492
62459
700684
77307
1229
160275
222442
155675
3097
155707
733533
8433
143790
89634
667551
45561
265912
34920
166147
267168
658739
92105
5700
33849
94162
163501
705412
1117936
123268
171054
663963
8010
132347
649215
93608
175758
24794
59821
219990
9658
31172
36474
99760
287247
88248
9177
96571
644348
4004
27493
675156
240470
198390
142189
145406
222158
42965
1065019
7737
132282
20376
194709
125204
172204
172207
86334
97482
235178
206141
112341
103916
20203
117740
230514
209946
288001
267580
77501
9088
307540
1539
30007
84087
433059
1048717
211108
35666
285463
89524
212189
140871
654816
679777
265998
125619
30031
200920
2093
6532
190714
251525
412738
513169
736447
9056
33590
118525
693476
186012
310411
233413
393269
37333
301876
642530
661072
678158
164637
9917
176962
18118
647863
177307
4166
259982
213826
154728
228979
226603
278457
92674
57064
60321
94116
163438
291336
649221
248052
131144
82833
264655
713693
36934
91994
643256
189786
7678
176991
71211
6312
80558
92739
686113
3210
341932
207918
117939
49889
4165
19790
84749
152572
743481
1175
59836
143319
792
8053
104691
211568
92684
100165
71100
183590
712124
643349
55703
94953
5790
154495
4207
82394
179453
187293
63619
63911
684781
22535
142697
643238
294270
65318
728571
1087816
29619
292635
5998
24227
183306
18286
4870
343173
94229
425898
233484
68182
667330
180854
678667
123248
680009
90002
122806
71106
355772
196025
96800
90508
103078
104790
257171
93856
176959
29449
169735
328014
574104
180583
101180
134107
88107
23907
31649
23898
20246
195743
27972
184058
100665
307889
687611
155941
489992
185288
5838
83588
145236
164682
30298
85148
94867
145425
4369
142984
26948
853015
6108
687572
266866
92205
92621
195974
176884
194075
175315
20185
93241
27750
1034288
412266
592099
66506
24347
189833
242738
923403
25044
644972
177080
123026
155830
33487
35110
67905
165783
108955
127492
89834
639921
260071
689957
541723
36651
320729
165516
3505
58133
168401
175778
275050
690068
37492
2590
8120
104399
22615
60233
3002
294645
736804
108462
45478
15328
64037
182672
172194
2107
778868
649268
148662
1610
168450
227961
232088
686418
71226
71231
123348
15597
62992
73250
519357
643477
116888
179691
37561
266884
47784
25873
27690
62563
100221
18943
282296
87509
185094
24069
4122
84134
185714
51046
1038581
1004841
192980
44689
18588
1024240
184036
235713
649235
106975
86000
2660
24226
24585
678162
17213
167608
891277
323859
177820
1011812
147760
247070
4788
54091
63884
1007583
177915
353209
167334
181370
117913
94374
126375
801695
716
694349
181141
125826
62
1038914
236860
3072
190445
65130
124976
117087
410824
230964
898704
63319
134141
22059
19144
325511
162266
686816
94584
104235
74840
212657
126996
87897
568447
1022059
148691
664158
174232
4804
109496
127155
114443
145561
160190
204884
206345
88809
1065810
2812
177828
640774
145948
12939
18409
123399
649266
202962
438827
3747
58176
65518
90068
70186
22385
643567
91507
9342
87326
293140
9155
205215
264914
4725
28963
151900
4887
212720
667830
30454
680124
2699
207411
360335
215073
38316
79440
162184
205421
707836
33584
192211
21654
108818
160270
219597
112145
156168
1046562
30761
682250
141744
118409
228404
222550
111080
103906
3150
82457
207165
76119
17677
650815
20808
42949
139147
803701
256914
182368
4526
13666
307563
63827
3946
1000950
656639
96212
187044
648185
95576
65594
618598
573
32285
231882
142035
4779
89897
93329
187711
649585
184131
5068
94583
3335
167589
814379
356924
45936
216381
328016
678361
639321
177926
178552
12887
166316
78635
25343
251370
31199
787940
85674
692686
71169
328334
167578
187164
641485
259382
163630
394800
31109
47472
181872
71123
61438
20351
640351
10874
37722
4433
286569
788716
288857
236533
226571
664146
138717
542293
177584
62739
646648
229130
106979
77532
46896
135173
94031
100871
1783
1015292
513194
651582
123483
270496
167985
301524
6442
145284
3497
35925
122381
83558
38216
84023
79955
104018
167260
69533
244962
218969
72456
43685
3745
676096
294915
672136
177824
1032923
789295
198070
93158
679617
229544
240969
20298
53321
1002467
102937
94617
96271
469534
167923
281571
357993
3156
192356
153644
89589
167863
38442
749137
942902
20512
32672
37026
65950
94414
77242
115865
754897
248272
685055
855428
813539
282902
33450
2454
174393
12190
38399
122178
21149
21693
20917
132759
221686
7275
206567
408826
21450
60538
8907
173117
643119
168248
63306
206614
137508
1079896
25017
2110
37157
68330
78613
10547
5688
137483
6194
11792
887060
192249
470198
90246
678827
201485
108502
758087
113689
680646
29708
94360
660273
82404
60919
74584
690351
65274
100049
83304
37640
79606
694153
584
660526
318662
20397
73313
174604
86440
281390
180375
216
94256
657475
24965
18113
6480
71909
285628
645591
5069
35814
71685
2407
220587
287733
161439
1027727
47551
79263
272806
1119714
656515
143846
114461
142623
396687
23209
11246
11632
169957
7382
28610
150794
366568
94041
28552
3152
713655
73195
201383
354499
644545
63508
190352
87920
9041
692807
188774
242939
664741
84974
795991
693768
660026
73091
154644
1012032
117307
94780
529029
21309
18727
675411
155883
50541
329061
62244
78572
127124
713024
38573
297219
342060
3904
51688
91404
365383
58404
3154
215995
175624
107476
100773
546448
1099167
404396
703763
49364
99795
691965
3807
13640
217768
725945
2178
88003
60455
663849
59647
108618
992608
49344
172277
25924
23022
60411
8908
194888
668173
122845
151399
11241
925209
4938
342285
25732
167826
259841
3509
273371
111436
327793
142833
204234
88591
694866
169757
83213
143225
5115
168800
83878
671062
113750
174492
637855
173762
161055
57802
1090065
169761
39827
638849
64315
28904
8157
651942
101337
250441
148750
148671
337932
124409
101959
50773
22976
1022789
160187
46192
51599
92782
101288
218975
62019
95761
231991
790999
242978
1009875
71018
83575
166636
350073
549509
116955
90679
3429
21608
145200
215776
701073
203536
193374
653
231936
258711
29662
94212
79836
216868
96154
684680
210611
1064790
254179
113913
72338
1256
184074
71165
1036235
191389
204185
63300
693888
218668
98231
259856
92787
155762
52296
132518
643939
1052635
217221
135275
3365
178988
166273
187088
695671
170044
