89748
3652
151034
639371
134
107292
5048
84610
211745
155431
1450
643553
58778
79880
295268
69320
118083
13953
661664
38384
171613
3883
1489
88480
21240
202299
649399
166705
118517
78076
660561
80210
928
2846
649186
212428
696294
684216
12257
93930
642506
1048329
687525
175670
62526
77899
807
17391
153584
107270
38349
355471
106945
20064
105477
111480
38347
13696
4174
115673
652673
143842
680616
106166
126125
9357
91995
7682
78378
2245
181263
79925
1246
77311
20333
4848
71098
593582
1071
79585
2686
26861
650993
210697
105
123040
63622
38282
25709
36
8668
105733
646158
79111
77603
190381
108608
38409
2076
1983
3337
231362
5108
712038
616
646687
4082
4780
186586
93945
33
3219
101570
23947
634
60211
642861
4443
640376
160769
107207
89
104704
638790
833
79210
8447
71093
11916
311
2548
20106
642478
71242
22471
52014
26335
30288
147532
354197
6287
62746
69844
21299
6674
888
2962
29586
646745
5995
133816
44012
21248
19347
8124
128675
104320
266748
142833
20455
9383
194368
21
2759
2632
701577
561698
171758
125034
646634
3162
87850
70818
254926
90149
37063
91941
11860
1179
78060
20964
122080
59968
25097
192010
116589
640017
16764
29851
195384
234508
2782
265264
105327
269925
51821
883
20572
112152
514
116
20446
3996
1160
20598
179121
52354
1574
2527
83889
642
85444
135351
69754
6425
660219
5463
117224
657357
645618
9286
234675
675
482708
90931
133983
104092
643250
32103
103906
9162
21660
137947
6464
44583
93511
1834
20417
21120
206751
223430
366
1538
63055
9255
4355
37358
145259
643759
20234
97789
1880
229
208992
362
69649
43
20202
11884
99795
138673
72467
22270
8468
20185
2891
412126
646846
774646
9358
148509
287959
383
44005
18795
2720
107902
20044
161288
3523
248942
646255
420124
6722
20382
649260
270785
77634
451731
5056
350
2099
17790
278192
4383
100197
27801
112262
32575
4555
66332
210612
84871
1070485
251218
12213
11837
95376
20879
107567
396184
8131
38298
37068
155909
104677
93598
36974
9375
690351
3542
169997
44559
660573
226682
104031
107273
5138
6210
20854
1442
266718
5425
116304
780140
146945
212396
648375
175710
4613
26847
635705
3446
17148
107011
1069
16188
20394
109896
21616
60341
93567
279476
966
62615
22210
218232
649286
126158
176951
3530
14087
100173
37171
5824
9840
643177
951
4986
742
9362
21640
313
83681
9895
182953
8026
3478
8591
102805
62875
854329
661448
90655
20216
710
2810
18613
20595
1974
479
122853
1210
15611
44745
26084
3101
642536
126037
7814
35565
7621
15151
20075
27323
99796
9883
46
92823
29149
17943
116365
29519
5234
2815
1007
402216
672864
3489
20679
92852
37255
248
104130
46966
215073
29412
151258
31633
208570
4562
4610
101639
110104
21472
10843
694116
744
186704
21043
91641
10788
23976
85694
60083
122974
298366
658296
30776
78799
7356
257648
4921
21345
649137
2244
240576
657449
112161
486959
21635
4844
672244
129736
17858
695405
4781
48947
9411
20390
101545
20988
3543
151092
8470
47636
1107723
141893
3681
36612
2507
21627
30175
69793
154694
267788
122784
104125
37347
63770
306892
24434
208773
170604
3433
1459
8919
75026
71163
177311
340
6494
2559
4221
8709
3207
124023
637281
2655
3119
305336
18858
219035
96269
709
77645
4972
20295
660508
11809
26195
65106
6440
94992
104463
91977
135725
12825
74841
133992
222646
802
30180
2852
642509
167658
20795
5495
106984
20663
102661
25933
3986
60085
100414
37339
2282
8000
664171
21241
640805
4891
21112
19714
694827
20067
8540
1112
1016684
75060
13600
11801
187743
28161
660227
646667
20335
146279
230955
84762
30248
96360
95671
907982
722
75799
198183
38257
132891
6510
676925
93539
20621
108477
77264
6457
225493
106101
2576
20206
35656
648298
107476
20026
880
122759
100930
73141
2105
68307
87951
80078
93509
357530
123923
35911
94460
23734
92011
7066
21768
4790
21017
53319
27836
95895
2316
889
1624
662634
80606
595440
20592
3230
19371
33608
60708
178779
90046
91535
38337
20363
17870
23492
1244
11794
7603
5035
103913
78035
638817
66500
491
105934
82325
426874
107485
37947
8954
693282
884
95547
5829
30145
8791
74690
38315
3568
73357
4852
108617
236344
163358
1081297
11686
8809
643719
11458
644920
187277
4943
480
20116
33623
641261
1182
643586
5901
737636
1499
63993
516
60602
235566
176953
102903
71105
20205
1431
32451
42976
9224
640858
20011
1411
143319
6215
112392
63450
20623
4867
25378
14484
6508
926
5803
101611
72925
27138
66013
91989
94401
1047711
48478
27803
200869
206548
642490
3394
887
52923
8745
695908
104093
4696
20743
11894
1039398
131027
11219
77217
93583
644645
494
18841
177282
27814
26742
3980
2710
939
58616
3422
35889
323006
215434
94983
61023
110087
676883
20761
454
4903
122850
151639
4541
63808
31427
25649
1063987
104136
322922
3139
1265
3811
9051
18918
7730
2708
1064
1417
831
97346
101633
3
18872
130557
95908
865
30697
62340
2525
77276
661142
93574
37277
125162
3571
1704
642464
20156
21035
681392
1368
11879
2328
107913
38261
106464
94528
96945
77340
660345
103943
5091
106143
1014857
86340
77720
17295
64240
97003
106354
93695
20359
22658
36755
805
14413
72524
74657
3215
123978
262386
196373
838
16378
19431
656050
643560
3424
116377
665596
8181
4724
106521
643420
4719
170334
50111
18436
16060
688136
3099
8682
17680
1560
36698
1503
20542
68027
37049
20681
137958
3906
97055
191919
59931
78158
9377
645596
94531
43513
644577
106419
170519
14812
217686
20605
34901
18148
116989
11823
20041
89755
88005
14420
8386
772
14147
8874
16902
657978
1149
62903
82163
451
115240
122405
100747
35825
57936
82007
21193
28715
109377
3471
11814
17292
28373
1845
104862
7712
125371
234436
2374
106348
30799
106577
15895
93586
1583
33455
35447
11127
643690
35709
773752
1830
22951
84866
82098
644766
640936
136992
104697
112129
92644
107600
77327
60278
28195
643278
14433
4847
704
1181
20997
76002
104945
115914
22072
2855
77414
59132
14122
20037
314220
47794
4196
2134
689630
5818
7347
671879
20239
20829
20941
97053
679090
16172
28232
20481
29976
21251
237438
4723
13024
12715
9440
3427
687
688078
118398
2363
11909
53964
78633
13492
108274
8789
4259
2761
91039
287153
82157
78643
167
23346
678999
5838
3609
21205
43724
64125
105754
4963
27543
21321
24588
106862
23695
107020
21137
33694
666953
21217
5205
5630
143062
11747
17250
301876
4301
758957
93553
738883
3830
92277
660328
1118
832613
73222
646367
77838
31252
11921
3306
20575
1010925
169689
103209
60076
648895
1239
6407
94914
862
105937
93
21029
126129
22246
82465
72429
167799
110936
8719
5800
92106
1490
122872
21181
3899
176952
172015
690485
396
93965
105533
403
4955
78951
61518
240470
30113
122147
59846
187157
644821
92929
106092
257652
46613
29504
112147
177890
62585
35660
9327
645172
684215
638614
30173
660175
104129
110194
88210
637244
1018
642782
23009
642499
4733
93304
91373
772590
638828
30800
53177
27104
61517
38374
75013
6466
104135
2395
118773
1703
4913
108081
645916
79232
79648
676429
20364
2286
114320
20048
186749
2719
2394
104201
130378
97417
2420
96904
245293
21192
108623
24739
108334
5099
1273
114411
21062
645693
29567
14477
1061600
60365
265290
882596
78345
167763
63442
2519
11931
690002
6009
20021
1461
207980
275
181324
104407
137283
20083
88709
195079
22511
124014
93770
20024
6279
104133
94518
236311
676602
32497
8423
36628
92760
18823
7577
177833
4756
21304
99129
714304
726
77320
177456
104012
17275
104543
732340
22778
640820
4897
35116
247511
12572
21115
681379
98595
30948
30274
18054
21632
21451
375
420043
101575
17404
175138
30032
105870
3515
131394
11350
21382
25430
21204
8117
20709
124956
31028
122825
97269
72549
69931
1190
694765
102341
24856
16694
93329
684441
65916
2526
195322
6819
1262
90496
78677
86296
118596
4
17422
67980
30952
4899
219819
104840
1899
800
472211
649251
122753
4987
29660
20256
1001507
37722
2344
20414
3405
7023
170417
80488
22833
72498
218240
20549
21142
176244
200324
47804
211515
658204
8744
642539
827
51697
22669
630
133756
105004
636736
21271
96775
20921
24206
801
20817
4817
678165
106
160678
8839
2126
63454
2317
21171
110860
1020
527
692724
17414
1041416
71226
268336
20562
20912
108601
640332
175130
316
2822
77330
96271
89647
20853
81454
2538
640379
33541
36547
20689
3803
32122
647062
1133
231330
9168
20940
4935
118922
5273
45154
460539
104126
108324
2825
21041
96692
61867
101267
110046
6422
91958
1049173
98188
678361
640636
11912
32949
662159
657964
110904
209
101077
114525
69853
107045
24020
645647
642624
28223
644157
649853
566049
75044
92262
4669
130363
661421
176662
169703
9603
51825
190657
17825
9261
2166
92219
78578
77338
672567
101180
89690
9341
11697
64061
33825
96708
91777
104698
44979
10419
147354
53815
153291
14914
63543
102878
665215
92633
419356
1152
7915
24384
96015
77889
20692
5077
75004
651571
235458
107541
68255
72468
92765
645612
660553
101600
77333
215078
20139
7611
20049
114374
5734
153530
208273
592
105014
11933
529
4012
85286
950
101777
3357
108800
231216
4141
20643
646684
21143
18691
22892
60320
2232
6267
104132
170052
27044
75025
8723
91243
23840
14569
84542
20530
638610
4004
44016
3237
656084
176187
77974
155840
678976
378449
22928
211922
649264
687592
113750
1850
3941
28136
93764
142239
127362
642628
20752
435250
21071
62598
12365
92122
2717
71153
94739
169421
20531
63414
397431
108463
1107700
25030
21182
13771
153
5767
24839
6519
208123
118552
6902
22149
6810
20129
21164
760118
57844
94419
5423
35016
77828
20001
1087816
58786
106968
138054
122133
254723
118843
82107
38456
649283
72504
21249
147637
1272
4718
1887
1364
80175
122800
105902
2354
101721
70143
60322
18117
645728
661399
92582
3184
145655
78525
680313
26646
108809
186778
10060
38290
77342
106318
69050
36005
658219
104705
3221
20813
138525
61491
12682
21100
3511
4951
142213
20574
822
646
673641
656065
167590
95694
17301
106981
740772
2614
280407
105835
1176
447745
114447
2227
30747
99641
3796
30809
30331
167685
21170
94891
37120
14250
29305
104303
184442
20902
95581
21001
661922
24954
160560
20559
29769
20596
12296
10634
660793
702853
108489
106400
1036
30066
167742
94324
85963
6511
57887
78894
26973
33164
38125
168775
93152
108611
175679
24803
19951
9477
174808
249069
96709
8730
48367
119048
3414
1025810
3959
25229
2673
1185
689813
27332
7708
167926
20181
9606
84899
188333
94710
20195
94343
6399
103824
662437
5739
20160
71067
1011428
408044
27792
678402
19483
82475
113679
4805
5000
12127
476460
5160
30157
138037
674
3683
63481
106140
20505
66376
662014
69863
10277
62578
7878
107408
643467
1067230
72512
67445
92707
914
19583
1018614
445
4735
29675
219747
33772
95139
114445
106347
30087
4799
88678
4007
32
844
141697
88604
12320
154600
26352
365710
24794
9039
96553
9355
28535
3948
642719
12676
714813
661951
130338
263692
28509
29846
74772
80293
136091
21221
1067341
23869
686029
9436
2584
4835
95530
439121
4305
649210
1007433
883716
30444
21341
21108
640006
1530
473492
78625
104989
60354
102595
198747
4349
24878
56386
2924
66333
20457
105952
643183
47826
20768
18143
194880
1044927
104693
110291
125199
63347
390744
61882
109053
4910
71018
25520
7863
108511
104586
109230
78582
110013
208974
713388
15708
6180
6395
57082
11880
23208
67742
28086
647065
107672
20087
4194
63886
2197
649240
104932
759687
20616
2539
796
11811
278141
106266
97309
90562
237683
3882
1106716
7487
7898
13640
247893
252825
84482
1261
107899
47525
5673
176935
638419
203981
186452
75086
70107
8870
113751
29217
3900
234756
30875
4889
12829
20157
21096
684221
17886
51906
1316
642460
20891
2775
95538
27903
75729
1077021
93448
17709
4149
63312
90070
112194
38154
97520
219236
4902
26475
158
1604
96258
674264
9988
29672
642838
660101
206086
163286
4599
171748
1242
96373
28514
95945
79778
305901
59970
991740
740137
44750
17392
43742
126835
914321
145958
178473
3477
278207
79689
60913
122914
74538
124057
7854
35812
660326
3335
11866
30669
513
3425
25761
23497
3437
127388
30172
644495
264905
1015390
77459
78879
131400
178151
1224
166655
71215
93478
1038170
20713
37939
26391
784912
14029
32877
113677
145004
96197
85358
1012
29673
60955
21033
95019
4623
12094
133563
361017
59979
18172
95478
70578
82702
96186
181214
100881
644878
110370
2301
30599
3856
3724
62564
19133
640579
220916
339141
95464
392970
88632
22731
39063
1084
2660
150794
22551
27358
43143
639902
407839
4144
94738
680941
95734
8616
1587
62571
48423
179047
205818
21008
222865
9468
264833
162625
189365
9990
103382
54784
63593
885857
97175
1258
713825
1806
62788
3908
94586
30003
5472
21275
186946
20869
5455
31752
101524
660234
2844
14026
51840
52579
1023722
24312
223799
17238
1025519
160789
38320
16346
142069
90929
105827
1067955
108462
686372
714495
5693
1012808
336
130974
20638
83490
59892
4893
2293
101906
104533
42759
4770
103441
6429
662527
810
20658
331654
644398
12075
3046
6219
118503
6462
8558
20868
3744
3473
77659
78430
656631
30141
24395
520364
2122
14381
3925
195429
20137
13567
64457
657325
94513
3870
53967
105655
21239
4990
661070
77408
101608
3220
718
17762
73384
693312
18880
79792
661420
356533
4235
213776
167902
169359
649204
11988
85052
30890
181161
214558
77631
167635
158080
86058
104683
86182
434141
20784
50322
646812
104534
8700
660484
77743
702943
26164
646628
149666
108113
733531
660480
1446
104623
289208
86798
677693
14069
3935
18571
25044
1666
37335
27019
71075
104701
32978
97284
1007994
126141
20369
5064
6717
94052
269348
227806
62595
105277
106648
149240
71195
60900
160751
789
29579
2608
67976
16054
108612
25535
850
401876
23666
551389
414268
6704
57840
3557
95108
6675
8335
81926
660216
20029
1081077
94932
642964
21963
660711
82068
107261
69940
118752
21466
139436
9804
91571
7140
60456
646685
151080
105313
3066
20372
645702
75183
63520
77260
732816
35545
155689
787
71
77607
12413
6130
5701
643161
249460
196
135081
32997
265293
727690
170992
663338
3848
93419
649455
101456
88625
254131
110900
10549
38391
95743
81703
180661
99769
104434
646193
92278
46291
69786
646289
108808
661107
146021
16577
29280
645583
159164
1271
20659
10039
63732
59559
177068
84737
37057
62127
75003
6386
348
33849
72716
48071
63717
21161
310
5925
104539
266189
622419
636782
63989
125687
642689
21343
679347
507156
84193
9818
47714
8941
80439
111147
375769
230019
1846
66016
661360
107908
63232
183844
825
4887
1021638
7086
95097
20483
690
64077
90578
2240
313799
25434
4820
96965
24399
643569
74664
18088
78273
28677
5594
950593
20538
107025
124112
88076
94069
106956
15152
92257
646046
32888
153277
2004
230514
105160
181087
174638
542
96698
112305
143850
203595
660678
232053
96977
1798
4804
644688
93596
30374
78063
726228
30209
20092
22104
210667
685071
90938
106986
2774
207108
170560
80214
106959
5153
452260
12415
2661
691880
23462
33129
1069343
101646
77295
77706
680246
21092
104868
5125
6319
64104
54294
84735
4970
2234
172933
37259
6780
121953
642622
186473
20319
1305
2606
59827
11922
29817
3630
3727
17342
107811
1528
21077
109397
11900
58568
71071
8660
351
280042
685753
9124
10680
95252
104690
135771
734810
1015992
10007
20189
203
111353
20456
108465
125404
109461
60200
61397
639677
104365
107239
2898
222516
11688
21028
422885
265301
100958
1657
3902
33741
361817
694932
4542
18136
20247
1813
78450
640973
5203
7925
94579
154555
20063
8849
97029
147826
175599
447
127717
29572
21117
12579
91497
101921
706630
1910
1384
2534
689962
4303
455314
5872
228254
7827
29447
177059
79781
6330
105513
20933
125610
94297
22088
167016
111534
37956
106391
21315
146856
177213
1333
378577
66715
4382
36675
20434
57889
511
108392
662552
21237
62815
167864
20010
21607
20815
21344
63939
105821
231050
5464
61423
80227
697492
150064
20877
38328
95418
5139
63049
153926
180990
63827
101771
186756
44206
95825
303637
234464
3500
2982
82341
181410
63679
20754
13922
413562
643337
270355
47496
8006
20384
252756
12574
18287
651721
6405
92717
319604
4293
639
2454
160592
37293
94735
31842
115867
18381
94614
649217
33783
1251
6067
37961
62719
123921
4965
90087
20639
37352
644008
79704
1642
13991
4850
1088
11904
5135
22845
133185
113736
4193
77959
10605
30049
3480
97416
69875
73279
8158
1794
661341
124867
32751
1275
11914
10826
16272
137522
77598
643985
72323
106534
38343
325243
104537
84993
21302
736523
44
638895
21153
18507
1024
64033
9291
84756
4018
44980
391474
18750
193791
168815
3429
2318
79719
20348
646478
37297
6762
177076
62172
185136
7694
660223
184439
37595
6529
105018
53653
5072
20458
31451
21725
179149
110466
24810
221756
175816
155517
647829
66341
4872
2046
25882
166718
71176
60333
638930
116631
92009
57863
20251
2664
21297
91378
659796
4418
186545
406
131365
1026
180680
4959
4024
642763
14246
22898
94026
20487
110048
713705
95308
643765
635830
907
75020
66370
3927
106006
645595
122837
35396
1104
84977
3840
118329
92087
107224
135632
116560
13503
195520
19916
112901
77722
649123
71194
72526
22033
9391
9021
645634
128758
11793
74738
1593
3792
69834
2117
158965
6426
660089
17259
107392
95799
32009
3036
59618
20280
8449
112196
272806
21030
29202
108481
118511
1023466
1012164
6751
20278
200505
6702
97313
72639
69657
1863
20609
105385
167776
105192
1819
58411
30389
96930
3009
30053
219546
78451
50993
14
71166
387
2399
53222
185915
20082
229031
39062
172980
542370
5433
3024
135195
17356
4771
91495
72932
5563
660570
73060
3755
41402
111482
17361
307560
142963
93833
839501
122773
638624
92521
79272
33594
104572
93692
11792
7277
272086
6654
642501
20965
23007
20145
73005
91246
136399
663311
19425
2423
24042
94166
637039
10418
88573
7881
2985
28179
59865
107726
47763
170920
20322
30256
20327
194320
21135
9935
942
9368
91990
20726
60455
117714
29761
731412
4322
644543
53608
1072137
665749
89638
103
101035
20126
400640
111831
78476
4049
672370
67721
170045
122673
105957
5546
308961
112201
1189
77316
196483
210038
645490
1041808
21116
84970
5394
233977
1015292
21352
367127
12926
712536
73400
10284
480825
1008561
168305
155234
813
1031483
21226
105766
10031
269046
8497
16875
381936
1861
638128
714928
195162
7924
174599
109500
688849
124665
234785
248393
90867
78636
4856
51397
4930
8934
684219
644100
179192
125849
21681
77275
60603
264914
819
314096
20804
16384
7805
228060
73206
114984
107098
74793
20937
9177
3638
686663
3613
18619
1
107575
37515
142132
78308
644786
1294
36712
18854
100740
4738
47549
204415
1801
96996
7731
33494
649225
633
19900
17723
742261
104582
30482
97502
4894
97098
85327
4318
1897
20866
16129
129907
63838
172254
696592
7883
2349
318695
69856
6779
3508
169753
3459
185064
23030
702852
686673
17305
141784
431
2768
766810
26989
8856
6756
109022
134101
62190
235227
122210
62744
765202
364
13746
280712
187112
37031
96156
126287
7869
25075
97391
20695
5702
234769
729
111200
460300
114465
89752
118524
186750
234698
13133
81481
1014855
106718
33705
7737
71251
17180
108331
60150
649
701424
138504
683371
794244
33626
228269
21012
641837
20923
36553
21294
63316
12258
29402
4783
224343
4842
7784
338325
656668
21891
681268
6486
635519
20668
1256
2215
62729
92283
88450
640895
20720
16013
20380
23582
20356
61451
7334
104622
21685
35793
1188
96424
953426
5960
60362
6472
3779
100486
3025
461
30372
78286
30664
14702
14113
123093
11881
208621
2879
1009453
305845
112455
6718
47559
38541
196614
7768
561703
20566
60924
18654
4034
104134
3457
126130
20576
3578
127852
386489
29655
20241
477
39731
26125
373312
104685
78395
6321
280435
715909
176957
642613
642771
4911
21599
296
14668
8834
166023
643256
16989
85697
644950
21351
105144
22467
100365
660235
28207
5934
45267
5681
104196
5753
175771
3479
27259
79509
9378
278217
33465
33385
694961
396761
94389
3894
124807
7145
71212
125342
3438
690388
20051
38387
91893
881
1334
21014
23418
23102
4642
3695
95094
660221
287958
699925
62828
26776
116162
123220
4155
50561
788157
9211
33901
28923
2569
21347
2044
1163
105750
77502
1086053
138511
642547
23933
23318
11238
297710
20687
18508
19591
21293
89426
483185
110591
24033
222724
643024
337
44270
106700
801695
58097
74824
35451
78730
83377
7326
130984
8433
20971
74566
60068
12611
103426
90508
20722
37334
265319
33559
92289
85015
29059
70137
29599
195585
8922
106175
20192
105595
86567
78779
20729
302506
145007
734445
905
374671
90897
91942
307598
7975
794063
1930
429902
212500
21081
95159
6518
111436
4102
20939
202146
234692
9954
43681
33936
11919
37027
16260
9335
3491
158585
7988
41450
71119
37398
47546
8548
643035
20984
647073
36432
6504
100159
672637
4630
317
101801
27647
13157
95785
225104
68004
9849
640292
6624
167815
24536
29641
4904
15552
16829
35815
96654
63455
49579
1031265
168436
94578
100
93556
178660
123297
67
134049
5204
28559
2820
27976
69791
764160
664091
1013584
39665
2119
17927
677561
994368
22680
3194
175669
29230
226552
2303
101770
732826
8229
640399
649092
59999
18249
2422
121110
94059
17920
93950
510
641
94199
82217
4062
1167
962
118793
104354
10729
661182
663582
83924
1220
234689
124941
749275
106955
23528
30250
662189
3061
30031
256562
3127
89639
260615
327748
2162
78622
568447
17794
3551
2473
106932
408752
21473
6533
181140
90956
1113706
134995
4667
22817
713734
77486
20266
75093
645456
6013
21199
649209
7588
378993
20712
33450
87810
105171
93269
18621
2087
90522
20488
63986
179887
95905
202261
62752
148275
638807
83557
3085
94653
20035
20737
1063
30131
3677
146979
123
126085
643218
226887
6670
642851
313030
1860
63683
2267
10236
3444
4351
186533
84603
6754
2732
75543
283520
33561
204100
2479
858
72519
29592
98074
208478
143890
48764
188544
96750
33587
30246
6349
25472
20880
40103
5860
19875
307592
1010001
154961
81721
18614
3155
67936
956
103449
80044
26668
643047
206667
7876
108221
96886
86202
136843
62522
9500
176976
3813
17685
638634
4693
37598
232018
1013749
641045
2026
69821
64109
3600
64133
240246
79927
101883
162026
5129
677876
94032
30044
21159
93364
36313
95109
91476
66374
663745
8329
90891
134034
9192
1867
118853
90811
7714
104317
2562
18679
8696
35313
95602
904
30888
42308
280740
11804
87758
96783
6329
1014
2057
38466
67919
13441
679657
409636
6391
163447
40451
684217
49990
9429
658706
3052
695956
141392
9867
147006
22636
58345
1243
9239
384
568027
104024
91349
22666
63453
245019
132954
679736
27885
28722
21222
2425
661957
75324
4398
60950
94989
30092
170880
207799
20007
15472
132538
93694
86199
71210
20415
1226
88451
82454
9450
71109
3231
38806
94924
295326
660237
8561
50680
30833
206584
11334
640488
13
111523
3490
2462
24616
78617
115979
54971
4208
20961
2353
82057
91527
273423
27327
86138
733870
22422
21447
82472
100179
30292
1985
38390
4814
307599
21093
33826
2485
104700
189536
237801
52802
30295
7114
484786
63979
62601
105492
4729
143837
38279
424
90932
37187
106883
92029
690391
2988
2030
134020
4369
175638
266
208849
8969
1038581
22463
158458
9465
18519
185311
86900
244773
1311
642993
98082
660639
161745
20704
17778
107928
62833
179478
60204
21082
349340
642770
11189
91972
1096010
190018
643789
329078
4830
14768
38487
79236
2223
114324
20745
118294
11827
20881
87980
59852
158583
77336
11289
643172
6761
22657
25114
72650
10882
94664
20701
106518
19519
196733
43376
30854
129279
1107753
640334
223033
26520
10672
95010
54113
2973
76736
764510
2149
23129
26887
131309
21064
71106
90518
79794
643850
2356
107310
136261
43546
15754
62432
110494
212291
6341
653457
234663
2442
38345
518634
1709
194440
6898
2174
90860
768297
78756
106592
67931
174769
660706
37236
92449
49955
25477
93706
93081
126117
1206
644036
674219
139
2221
60423
62652
6750
38428
21575
98456
70405
62641
20867
226625
30102
4588
11778
23331
40
24522
90865
704633
26334
329074
65584
96018
2378
118778
84205
219915
72469
106513
638848
89977
146832
854342
83089
71095
106990
4728
78640
51062
131574
1963
122802
92127
436432
45892
11816
16598
5134
30230
193064
18871
3112
21231
59521
660072
20387
6550
665193
5366
122761
1708
96376
8701
177753
23189
114504
2121
20095
182701
90874
96964
20932
1381
3546
19988
6480
207574
20059
124614
1354
166147
7187
661610
58419
107077
64054
4178
91257
26574
18112
13119
101669
2416
292363
20014
1066560
1259
2242
153579
89950
671643
57911
6328
4776
20076
882
104726
13993
766884
101869
27732
115423
126112
475544
684303
324281
123842
2400
10496
180605
30343
63116
230621
32502
28925
190301
242579
931
997937
139596
105338
19821
129943
10298
63743
13449
640628
279498
104252
245429
21160
29379
823
101607
132056
239
29971
104037
425867
175622
20307
78612
44589
2925
747721
7685
661358
80239
408026
30377
667830
139489
16919
1041
117359
394359
683352
14349
6379
270957
660267
5468
17993
142797
37127
662172
209795
85592
238535
12987
255075
111467
84683
5927
35941
637333
415700
1793
9734
73256
197770
639961
677124
11870
16679
15365
1124
19415
20150
63977
665843
192003
11215
72399
95881
655623
20976
114349
677979
164658
217310
33615
92843
238058
62847
33767
77883
93857
38098
30788
14568
2714
642652
101335
116052
693780
30007
79598
116592
37250
17270
81568
25917
62977
22014
82
27416
266843
640016
292635
20724
1037570
5037
70151
118537
865853
143000
21123
1831
24732
19297
175666
79808
694026
72918
181443
27053
3211
6672
141854
2900
6651
696509
63071
116977
646131
108459
95227
3526
93802
2114
732815
27972
7779
75051
137900
3034
227895
2715
238761
75022
230682
108464
22538
58
8549
88410
20721
94015
660526
92119
107683
96721
27849
289368
105668
4750
60443
11795
172602
37300
15352
91259
1122545
1232
88414
2161
106234
155
41815
25845
187293
132602
37396
178450
82342
19146
107558
132780
162223
110501
111520
115912
22760
637510
640955
101929
104686
17267
20789
3876
118479
92650
15626
496846
176711
218221
16515
5936
172913
102395
586677
58622
104216
8940
285983
663549
118529
179072
805786
167804
176924
1267
44711
20746
105823
4234
697830
69833
106991
5245
43371
91358
6415
137124
645860
30225
101442
63885
216660
38316
2721
175784
114327
200999
7135
97168
6627
180375
12465
663029
643447
95789
645590
69895
159312
107695
207832
22847
20254
122929
20142
24070
59894
21124
2032
92803
172077
78523
16005
96204
5501
167731
76171
105371
40088
23596
21571
1015038
14777
1833
24723
4843
133842
188999
5975
16255
5987
100265
829
44370
20631
314
226818
10362
107370
18812
7790
9995
63353
20257
1023269
10415
17378
17855
642753
71289
72391
138986
190383
36124
3728
450915
3217
91270
60309
23898
442153
5690
687595
122283
130747
111352
7867
90534
108735
3340
98098
232346
209936
122727
70096
940
78652
171313
79690
11853
104538
105483
16822
90589
2302
77934
100893
117888
38269
221169
2233
18105
10851
640300
8110
5889
71051
18845
177026
9416
108495
3190
96980
22364
79166
821
25552
33897
4905
680452
20020
93513
91337
221470
33467
10458
35771
9875
63325
10721
645631
67795
17869
2152
8184
71084
680461
203999
172979
31453
63911
182588
649411
118673
13906
109661
1374
30107
90535
425796
662288
48534
274612
21312
42412
1958
106611
4946
122763
772097
2300
229417
96552
100795
1814
101730
676663
20776
61364
131859
698535
231819
20691
13904
430547
74227
74838
663879
4454
2484
21061
1808
94110
60893
113
189364
10621
125688
94666
11822
33860
105988
640374
75179
263345
63531
6424
281844
3080
195547
109284
2185
78639
108439
157294
27302
3482
172419
15807
93373
20655
26960
8319
20427
266819
676936
21408
2953
122797
93326
17202
116888
212178
101217
44521
199208
109883
170991
102892
25083
89816
98081
11303
62824
90212
133962
397394
21783
96064
90517
11961
71885
52619
175594
346
102936
54628
94844
65732
20194
1090958
3399
20911
108185
660478
10361
181880
42721
148022
101039
119778
44769
30133
701578
28623
331137
217187
95220
8419
78446
280059
52307
166167
208282
67331
175794
635672
32464
29963
221926
126291
78059
177037
96069
107405
27035
69794
2641
15533
20081
9206
17215
655610
15813
700175
640547
6474
77294
4836
267270
9038
159832
60
20494
6400
2131
218201
683785
660238
645505
4981
137275
1649
78058
2116
2724
1010223
6444
177219
23572
139223
4347
1064060
133945
32166
154550
4828
22592
8438
23631
324522
2254
93232
789695
645629
1041717
26764
132981
81959
39681
4266
354470
61315
91651
17281
86449
195048
660705
1731
28137
94781
30574
1073128
4570
249814
84920
214213
1006696
21187
1022883
20432
21168
94728
62938
50592
125048
38399
127835
77806
234708
29588
70055
72647
642667
59941
2850
20491
6475
229879
212536
662526
644464
660229
270379
20962
27108
128767
25791
23796
170907
222796
648927
101585
94695
2834
1847
108497
661391
107716
35450
9075
5146
7886
17
771322
2247
4332
21034
78613
1033692
96090
1029
1741
11813
95769
660451
25157
697880
642544
113768
280252
16007
677782
84514
77351
59764
29600
46950
101677
95142
95016
23590
10745
4978
33670
149456
26000
293722
5374
19572
106418
94903
19754
49795
95523
673035
227306
90511
21276
101942
35280
175711
127232
3533
104540
175624
678969
200788
104104
672652
17230
61905
731
16008
107308
89885
4702
212
19724
91251
21499
122806
20255
96919
104694
154182
30706
645576
105262
2253
79536
657614
3742
20551
5181
209269
29853
115332
671658
20534
301045
91908
7729
101824
670148
92274
106111
17262
3999
344607
173116
7970
72485
8211
890
4185
89565
168306
576381
160734
11947
25630
122126
48368
115866
178340
27648
107858
646742
648912
23127
207800
6039
95982
33792
799296
17303
22478
238199
106982
653
997
22936
92972
11865
62909
28971
60243
6622
14948
176255
431481
13893
11902
104554
11484
118574
1785
219445
8476
103001
26167
642840
677881
117307
662160
92833
167751
1672
20046
21149
129497
15691
648362
9169
23904
117411
20217
356
7918
224
89745
814940
640807
659383
36651
604306
60233
968674
639921
481204
20799
1269
73244
94691
29292
93843
50223
23966
125091
1199
115932
3788
4368
141845
636792
264201
243378
107127
171367
20300
139551
101825
189833
759077
7789
176905
127234
6375
77321
20406
35331
6659
866
18727
266858
20948
2781
23425
17229
1016
33596
20191
7329
73079
164517
20661
104342
69813
117130
79551
640651
4248
118519
113690
327
187669
24372
20166
24403
659965
655839
1086
77300
8454
20125
429
81573
104688
7735
2251
664169
29171
115897
21098
20917
1796
71359
954
661615
645368
95272
1004461
2939
657603
52578
6189
47545
104634
3179
96551
23139
4199
89705
24420
661987
646297
193673
659800
20018
5674
27921
8677
93346
140608
473703
47849
127387
689786
123311
23397
3555
663729
77110
10795
63640
24084
31080
202006
161055
33618
42707
117737
96969
78014
328
96243
93074
3209
252958
645607
18270
11009
574709
4241
29312
658117
20826
216435
20782
642877
79601
9925
644542
7088
164612
206
178631
92523
11108
163176
106080
199490
247
155515
60321
713047
94452
29850
115931
29685
8217
156376
653975
25127
23718
59066
48362
26087
169754
548476
77785
37954
141957
90
20271
47435
30258
165441
278981
645630
7172
93411
3412
93977
122677
1454
62850
110508
94209
88721
9109
19923
4648
104131
25460
645526
20351
9098
89777
419499
84032
216645
20619
77265
6689
94465
104156
30028
293903
187212
402817
24686
93470
2916
1498
643817
2029
14644
30920
63319
21877
12
78649
2279
166646
66421
106972
20796
177429
77748
97109
138968
30386
21781
4866
6545
5851
122845
402251
186773
77627
3675
4985
18251
788435
21680
159303
147851
72506
160838
94242
644640
30338
35896
160187
20686
663023
96285
8514
268
95673
41561
177256
8435
9127
6490
27804
40357
679
13846
95357
108540
118805
15143
221932
88506
21185
71219
95713
216122
2049
2530
643094
125069
12892
618598
60179
3807
59597
107684
93803
129372
77352
69866
23013
645686
2037
232413
8368
4979
7895
884279
22486
20214
27246
642803
20324
94225
22947
176456
678168
745113
20260
2648
1901
104114
48717
344033
95655
78577
15630
23064
266862
28777
20184
160728
2871
3777
58412
43283
111126
172303
129280
88588
15745
3853
692167
1085020
4878
16087
52863
20670
9067
94184
9155
748705
112330
3665
81935
37140
122861
150063
364386
660572
645621
77498
11934
673961
4767
7873
110209
2495
48922
38492
21070
41579
291544
10874
273583
296785
44090
694064
146359
4991
172953
91511
125060
686410
210485
51709
16070
43230
660571
209514
180789
94252
118794
47764
96268
172997
84268
256290
2025
21306
228061
174590
21589
173183
13940
30657
6314
20277
19999
100355
96405
4834
241998
167305
9061
162138
26850
15609
136911
919
209708
642549
642998
71121
21238
118786
20723
94164
25507
696946
4974
81308
135206
20325
340510
186167
5796
104462
275744
1175
70141
178390
6418
3537
164604
314826
21709
7889
75076
55184
91966
23778
131393
21280
20112
18592
92301
125459
20392
20741
88452
93713
33581
77304
234751
170661
95623
94481
2157
94583
398662
3750
7935
100348
2448
70413
3577
94238
11043
2458
4639
77323
82115
7141
20498
1079
6385
21340
23221
303713
104332
147802
91812
5215
61543
708998
3740
874
8990
200306
240396
65
123187
91304
790701
32690
78757
15289
48652
25015
177405
94132
665214
61553
87959
249533
38283
92855
160512
175591
63441
78107
649524
97028
88477
177006
469
20246
95584
160876
80015
1043838
79027
51516
92615
657924
93651
19386
637262
27171
765755
44004
373537
104293
91247
60215
6224
816787
38549
807584
88590
146470
20848
18763
30234
282364
106164
1032183
238209
567317
158651
21065
324178
1159
127652
20065
159637
31576
92264
69074
188886
20666
649257
21158
17310
640069
106103
18481
37129
103931
64034
28513
278209
658362
10762
153310
222053
75019
48828
719
6459
20341
104308
140350
947
20536
649130
147242
33669
21175
8837
9405
268886
154701
20967
645626
678481
442176
63430
203836
2598
6477
710072
78964
122650
64013
6412
280692
37052
1848
4421
213
20323
29955
62336
701
314872
640828
713685
645727
24391
87963
222595
23955
64029
63406
21074
110697
49688
11191
649250
688525
3505
64102
3802
37312
638603
163501
4940
94272
21250
729998
51827
3358
61974
5885
7068
206817
31535
67431
1263
33646
664092
3962
3277
1168
85746
63420
170114
92300
15743
96350
93296
97020
21339
3869
86053
20532
3834
662416
8587
252569
89763
33914
71224
640363
269998
651485
92321
642989
62830
145078
166594
175290
62610
20843
218070
62361
17413
107959
56597
12576
111158
999523
198858
6682
31300
135385
272722
218567
77319
167217
165984
96640
4908
118768
153603
160870
272434
108714
94858
1023
167008
8879
272045
104047
180989
20808
691965
661924
87522
36865
78193
10931
98351
18810
803
7459
44084
6423
70751
9449
59369
6473
181171
1079896
65403
646386
191444
154450
165550
656651
91368
674207
218549
126315
647864
64017
20249
20882
50317
21353
59086
242614
106470
752362
180720
94693
137361
216496
75027
57064
271365
230316
10366
30260
33698
211139
166755
88672
20753
110283
93659
12184
494735
181147
30015
2385
73311
35678
643623
90502
18040
111080
27901
242331
101620
93351
23088
168758
95591
170155
847
77369
35808
222850
118741
1089732
104334
132282
333685
2666
3821
642768
77306
4393
2596
92659
2809
62277
17364
254435
21032
79813
20221
159927
4716
654900
9027
94043
18943
19241
49077
81054
92799
1218
197091
17435
29831
234652
39332
25775
209808
2594
74770
166707
29556
20618
94000
136089
3887
665744
3770
20555
186641
38307
29823
2058
79635
104389
90893
4311
5086
130385
312340
104095
2226
78351
247430
21139
116634
62501
87892
157833
7993
101568
111501
79383
97186
21430
20786
93452
37026
12950
696413
95143
175423
114657
82121
30186
106976
26856
107477
138375
30236
638611
108493
119009
18792
96515
9351
2625
812385
20519
20780
69823
2222
28150
15279
96928
230259
20030
2847
152517
339697
447722
20079
82042
6331
100434
1013678
64787
20316
1526
244110
10606
94792
20600
94018
69514
3493
649215
77305
642537
97343
434
25733
115880
20876
101386
1843
656730
4016
646621
1005895
111221
14694
23816
20675
72590
71131
78143
60473
43410
75935
642508
90000
673305
1767
222793
741573
22524
4050
84862
101567
112733
73259
170957
23866
67929
177277
100039
778686
2196
11955
88620
97413
530631
82316
10190
652267
30648
5654
18244
205189
11948
108468
97099
515983
672677
3973
7678
165799
48862
643213
89804
20989
654353
566331
6381
102617
6312
31626
124590
92959
144999
51801
7885
96154
6192
49425
9245
23133
178318
95459
5447
6620
181839
19998
107835
189342
18077
214319
4885
341980
27233
78369
635924
92359
117162
7823
2564
9258
63519
116498
21782
20543
653564
992998
62755
199478
87509
211274
2727
38296
60528
4320
22180
50599
397152
844098
101861
94888
276774
700
196364
72426
86274
20652
296084
175697
38355
71001
3172
85356
172958
111019
4108
63924
18887
642767
20413
82451
160868
60160
4791
146324
134988
1037572
93654
81819
18420
740117
10952
158068
28004
175778
90479
129912
22424
2062
24761
143333
238776
90691
4239
118865
2528
4958
712162
8924
71564
13859
24173
2743
657644
5042
91988
734791
90515
643128
88933
578661
15346
169757
65029
65245
66360
91276
47848
144947
19197
117935
70243
206327
1017295
161253
180961
4689
11286
3548
196306
31298
70104
642550
221848
167746
57269
173046
133573
24304
93841
678158
37188
83626
21286
67905
96585
171465
10831
176423
71192
178583
58270
122175
60499
88985
706
644781
1002622
7559
23314
158916
101619
81515
11852
649248
93536
123715
20788
68124
62581
37621
11546
123100
5929
945
30191
104096
30212
233413
99033
151072
97332
69502
116547
21004
202026
61717
202276
49643
1156
431579
118551
4147
147348
3097
153703
9233
171737
182324
16511
134075
5001
172312
21224
687762
486
1097739
41397
38412
640631
3835
216432
37379
11401
9321
115868
210089
661140
132645
109038
33712
11831
67849
184333
1700
481
182328
164636
10598
77297
771180
1019953
846
82088
66336
7841
33876
30687
1011812
37132
33616
104039
21020
397682
20412
60028
4757
43680
104856
1070001
59836
7819
269289
4263
90058
10038
13417
95323
649273
531307
647672
165546
105268
4806
21930
38398
22367
210573
3514
86295
4220
133
137532
97215
178772
26029
93520
63958
100784
210690
90873
6146
643591
4821
70153
86320
59957
28164
114387
3842
8256
4312
82158
643376
62677
4584
180685
4657
9077
76597
96567
667483
643559
141879
87627
1059692
118527
237413
640928
9339
60308
140019
176708
266942
264957
91327
657988
277758
3676
268946
25524
223296
1999
130577
91879
4839
4759
64050
90809
3167
174524
18389
33132
108830
296702
6815
11963
166041
705
3903
68055
426134
136589
189864
60613
37202
116948
229307
27203
28959
100849
167764
7961
6427
104702
183093
3984
4401
48786
94787
39551
97389
37363
6410
645625
101496
63484
118662
128569
71631
662075
20553
155835
80289
118858
67646
4280
167587
23888
60317
649939
3564
90851
104541
660236
1052212
20897
8177
21266
402225
645140
174944
57913
543
330489
662158
21989
891277
174444
33537
177414
1869
143955
255352
96245
104510
71060
1063054
176947
1089811
642647
105582
59610
11377
115346
64062
95790
80157
94545
642749
107920
687671
435394
62842
24064
698500
9419
647854
63331
69825
20437
43734
73018
226946
92821
72409
134044
30485
235896
179775
24405
262006
6578
16421
133080
661106
61922
83832
63878
1013642
107331
660026
92532
157104
645598
38362
206295
30951
274826
4912
148678
4406
645472
70144
148946
107478
63860
80027
21102
748616
28215
2685
89890
73297
46741
106014
47780
22704
18302
153095
83125
242978
91961
29992
195579
19992
4459
134919
662417
2701
185912
15558
1082937
11942
8617
227987
136941
24924
118759
153647
272279
118634
644819
1715
55490
32126
4779
4242
16531
18783
51841
192249
25591
20343
91412
70661
8694
86430
43935
109988
3583
5649
691175
277324
95008
4739
28961
10404
175611
20032
1585
18689
8956
133095
144298
44834
20654
6404
29950
678972
71218
6371
88965
20550
28904
20774
17053
636746
20758
21935
60055
287733
474246
15182
347330
15597
216494
19989
168002
84580
104706
4212
15355
36012
59568
22747
171217
29681
656643
96952
20486
48587
20759
108785
715780
266818
31274
107367
33688
136734
87927
106977
20069
8705
75024
20055
135809
100768
175768
642475
265268
37314
13983
183750
390621
3384
222550
663016
190187
245339
24778
92217
9056
60392
22457
3862
73077
166730
20767
2428
16410
14019
101959
238038
152586
100270
212189
129397
90585
3450
16048
121518
6560
8737
87950
51967
37315
108561
97072
661234
73232
4388
1059
6683
2265
91359
99312
64117
3227
71240
3015
148597
21063
20748
146934
20375
175751
5093
167572
92718
266503
9402
96742
230052
14126
282296
7005
25068
6390
177202
71125
6778
647023
97383
3560
124175
20635
646301
42274
11522
133536
80238
55143
140005
241313
13959
57914
642738
3916
21559
20345
96699
24542
11091
76333
107718
3673
379920
26079
20232
687793
734473
717
11959
665309
98532
107821
69460
31965
16235
74944
87867
686696
16405
72682
74674
23435
20093
677775
92093
3371
78607
10052
301848
110896
26600
28966
21604
18147
36670
991906
172078
183642
92166
75567
46937
74773
68380
2561
44599
143642
21284
16371
192568
186698
107636
130317
1044823
60504
23991
20685
658590
37344
154663
114111
77273
158807
192965
94944
63357
57886
26481
222839
5668
96987
191650
4607
110677
491917
92552
4777
711483
303799
8364
89338
219246
38017
30285
646686
7292
20797
656722
11586
1885
67734
872
106831
323988
17955
166720
643032
3685
93299
62068
97397
63632
21309
8689
36072
83776
20443
655630
134057
82022
2943
87663
18385
209833
6257
83213
109683
136958
180735
43097
1228
106609
104675
57738
118598
26936
30861
238541
46884
110159
8154
162635
47472
1203
1690
203047
167985
94921
160814
82035
11950
137815
21823
88471
22558
15763
22057
84140
126608
7081
77764
643239
20650
9686
6559
73173
20716
109526
143597
20507
1038
643030
116987
30254
207111
195244
153648
188068
84317
8750
105386
139709
1997
104127
1059290
104321
97144
4973
2013
91012
99753
137836
77298
1219
557531
30291
234683
23187
110948
1104942
166763
972594
93588
72405
153702
61454
1921
143106
1418
94210
94815
22705
3168
108563
57893
20710
96363
10792
662351
27632
20719
649970
660166
96959
73
14178
226129
1922
77530
200695
28295
91172
51843
154505
643181
695276
4000
79422
677793
75218
31756
101652
182425
812
100748
172869
839580
91778
4455
24464
5518
71138
2675
3443
16777
6921
70732
670437
923232
19193
106885
871543
192767
79641
46082
4309
92000
196045
15328
73236
23001
61653
88978
85978
98869
21561
33584
104171
126616
110052
100337
63778
112427
932
93479
17874
63710
77
6599
99752
101931
178417
37384
170449
93407
95809
28869
108198
93151
24417
118694
266855
696110
3967
20982
188457
101812
33801
269952
38933
224770
136821
43696
9024
104340
642457
29997
676940
37167
61600
94279
686693
20558
20177
7887
26753
50550
20299
47543
179656
186684
1456
94147
107422
20529
1612
229396
92974
20429
372105
4751
166021
667551
106653
108206
68186
192
60128
681378
63181
1121294
20078
30060
661238
74518
649243
104098
98193
167914
21868
151069
32143
100771
82415
707
8607
5926
92374
26454
39806
94899
62853
6479
640934
80678
1092
249599
131825
216567
764542
5059
20974
807472
301607
115951
546
712001
155828
104774
171759
18552
400047
4249
3408
18025
3355
18674
89032
6054
96081
381699
655747
94468
20053
2306
110641
280986
684313
653253
93112
91009
21078
179088
435316
87251
1092019
118849
21236
124486
92209
809
4511
116542
643452
679086
3360
642880
7370
8640
147373
21762
709159
245233
21754
33613
153441
672384
29500
2075
70669
4139
4272
658388
1047838
17299
234784
44935
120
642671
4285
115917
30293
1011763
1631
12619
30316
3708
367705
62726
635911
2974
175805
155186
30426
96558
1710
7709
50579
265255
305422
4774
1889
90894
15353
95771
71174
14448
5954
142883
110668
230964
20444
4088
59924
60431
83686
25861
63634
9161
21086
181189
19573
77418
108461
657377
224341
182913
164549
100419
20231
106978
27988
646231
100153
20781
93886
21054
639955
101955
49692
92192
102103
22570
658609
2649
5826
29055
102460
236639
1996
39937
269315
157966
663503
64800
177444
59291
106499
95829
51723
643442
101667
643151
202789
59613
684834
165516
63138
740743
8186
70007
154326
50613
122057
8427
21026
239536
28946
104344
160852
18288
1055453
269940
89798
270034
7826
1257
30265
165783
6995
93344
329058
2182
130312
357976
11806
727377
5792
71083
94414
133492
93225
12140
645617
139346
266505
7707
38543
20894
21590
95296
6721
21267
130945
19462
39187
177835
37243
62756
25755
46015
7807
655575
112197
6658
85583
354497
38303
643694
209690
101933
118541
133849
132520
4691
686421
102625
119031
9508
106106
94546
154697
2566
7633
30339
104363
30363
640515
193854
1944
95114
81447
71173
642571
211924
93636
728
992307
7904
20968
17313
33564
3739
95611
54633
20252
210694
674081
664531
56350
122093
211598
108118
94301
76595
265308
110263
19598
946109
71087
153258
147759
273386
40404
32208
206540
127050
122826
71179
1998
71185
23498
6633
73230
95705
30933
38373
136286
16020
104307
14911
60144
66529
351380
91916
21039
108834
94168
927590
21282
56141
1107
30138
2124
27784
287247
81986
65857
4086
33597
92931
11977
6345
61519
12684
108817
180467
92812
22771
1739
233533
38493
307548
9658
38627
78605
63960
1122918
54488
3452
37661
137045
67996
55037
336471
41785
478861
11834
198390
165856
156689
20682
118868
60452
138991
657594
94931
8506
21106
62915
33658
30944
20973
79180
63987
664533
102864
8717
110699
934
186771
680446
642961
649452
26073
6731
172173
77482
17480
202458
11461
90921
126741
9880
32031
27685
727988
28848
94665
2237
640372
657448
4855
179455
80250
59
62518
38340
17640
24198
1035119
20313
63507
20810
89827
2693
28000
4994
802056
250441
189467
74756
442165
414715
35925
3769
80152
78676
95835
8512
408572
99035
77599
84976
1033213
197538
103015
45936
100658
138060
644785
219507
1144
9531
1045
11726
104687
23836
93864
95051
106983
12000
72484
8525
21268
11839
112300
639877
271225
22748
20508
39631
4463
6892
91597
13697
5434
164829
234716
220918
205232
20565
134141
176466
96695
679387
51238
675746
122896
10668
208898
107492
141380
21893
1187
12366
11706
23698
46868
209115
30213
32056
684218
3604
77266
28949
2249
77789
33591
9284
7514
20404
185288
122889
264193
282823
93591
695525
96115
642745
30547
1127
54095
20518
105822
1007584
1506
69977
198091
43054
17105
20085
17349
72995
107335
679817
24875
110068
97208
126133
3837
30862
137860
266806
11190
94154
188807
213891
21929
17416
278859
51268
133389
2582
108502
661408
23011
105571
9320
26163
147056
30052
60292
95090
155506
93424
14523
642734
269906
1539
157840
89468
98092
4901
93371
10111
1754
95933
11761
91797
643065
175597
155157
60251
642492
131665
62558
225180
11825
22994
2702
101872
154713
293675
158901
4036
21058
28220
130997
518
1495
736092
167844
8665
228535
93662
77312
10170
69780
70088
686811
134061
62921
1925
272273
86177
271231
20886
196425
37048
7028
4653
118789
72896
91954
96529
43019
2188
341613
2405
649236
22952
24456
202147
9033
95128
4920
29975
640503
96135
105791
1667
75009
229922
68028
170487
728998
637260
135486
249561
8480
17713
311349
198065
104301
154892
96101
4028
81237
177094
271290
118582
92792
53206
132750
55594
94618
1003237
79025
216898
38360
16948
389
63601
12240
3375
17252
2417
55023
266851
22788
644863
995135
640862
134117
104292
6594
410434
164662
138373
158582
2848
678344
93239
215775
673984
89792
94185
36354
25048
105206
266827
21079
33593
189685
4773
714496
9040
105663
15640
11944
22888
24226
100994
82340
660539
192023
94397
105752
4513
13326
644567
180594
58653
65170
12399
71168
92738
459972
105467
21214
9381
1890
51892
229120
663799
17845
191233
15230
161439
20303
78611
47436
670892
38388
644796
203438
38571
75186
6744
132990
90869
94212
82125
660325
59934
63678
97125
170066
122900
672246
20130
23536
37184
646966
14521
8424
81540
10677
82469
11923
5869
118467
181881
1487
211577
188147
21219
30000
122180
1008
10242
686692
143959
162035
21325
3367
33605
38301
37244
50426
50539
643162
1308
28610
81550
96590
43354
15947
7817
409224
647872
119724
377022
1707
1083014
75011
390
241
640047
18329
257481
68030
1480
122507
75091
2390
662331
28217
226654
29042
62244
1828
111528
14017
21186
301293
640512
183465
24831
25629
684656
6094
87930
137363
837082
95657
845
20910
49687
156606
20845
112773
18304
269839
186563
93563
82318
3120
681728
74794
3305
644178
37261
2315
88575
155423
20201
18497
1063070
39862
2800
20154
20291
170668
43762
1006086
11960
8099
92715
62925
20672
22512
738706
96582
20952
20885
211808
103155
17725
927
110043
26380
10066
228570
36885
79562
91923
4922
17263
17258
9939
90607
3651
114468
20640
1033
15155
721
73342
16991
126756
643473
104350
71591
32542
96988
96688
89943
3516
96729
175417
757823
223429
20980
126342
18371
727200
63410
4895
99797
94371
1010351
23016
102315
3403
30222
4622
322222
649552
126375
675170
6543
133824
52311
638849
95576
373833
103193
95
18898
4456
4117
94201
204250
90221
17287
1011424
641866
3955
214799
90890
23112
266820
31904
13499
90679
12625
116693
153914
732469
23659
9389
222442
64071
63945
3776
419
21329
5170
642658
177877
661611
21401
11479
3538
109170
2711
63835
105187
162600
29590
30027
3976
8291
7193
47528
661458
474162
24183
20970
101920
54830
20563
12019
186567
179792
248502
11170
170659
112235
93322
212819
20874
6498
94613
20998
91446
20835
20143
22223
28026
124214
95133
1030085
96523
583
70969
7938
92506
88758
9349
95761
170359
27188
67714
62826
66334
25446
38461
63850
101864
117087
78174
6088
15387
59859
268933
32479
276935
198461
96304
4188
88533
661652
46720
13657
116359
234768
124040
1836
20694
75901
91514
9344
64097
645845
188034
181013
20750
91186
59878
2503
321
17815
697819
647994
3921
902
665457
188159
175455
242121
42962
202415
93655
96938
96241
186755
66335
102032
180778
163633
2496
60148
20511
91104
643119
35651
5148
20199
80185
197576
9874
170017
20349
2599
107163
581929
131135
59907
104826
92791
106500
91921
21252
102551
29780
234637
88912
92975
22745
651739
295011
126137
9403
89715
83756
939679
775
687298
6274
354498
20373
62760
131505
906
101094
1022684
640822
22573
737274
89985
116556
66021
38463
136730
20798
280004
66737
3193
40290
45898
1706
101603
60368
21018
92128
36908
48520
81720
6040
63962
101951
8394
102261
997900
1099
110553
20365
426101
80204
2470
287187
59688
133196
112301
60438
637293
114483
7864
11157
10036
9573
26791
26197
108519
5446
4177
127788
687238
22500
20215
4945
11849
643341
175770
641470
37290
72914
78576
112242
22205
39827
732818
24987
5683
231215
23858
23051
12152
106031
637537
48445
3733
105021
23502
6481
20168
105464
79006
209246
1779
72499
20578
27714
349270
155865
243613
25988
17266
133471
62887
44806
6348
78572
2444
23907
3923
77252
87851
4488
137008
30934
907684
166761
20861
175523
166662
711199
150065
645848
51845
313481
678330
106894
59022
11309
45255
5572
88595
3912
108510
63836
257171
645507
20972
81524
111475
92776
188936
1037083
36480
6322
103945
26353
690504
65210
680455
69888
8938
741544
11011
31339
10573
1865
742493
81734
142965
209277
177356
642784
22433
2480
102311
1032923
75078
6299
31041
118508
642664
78978
118893
650456
11714
117181
20945
8762
710975
20033
108534
228904
673303
59953
87029
657916
302610
47124
6437
122395
154907
264750
33684
25715
2213
658221
19991
196486
128902
756725
1556
64040
10838
183729
4284
31434
20114
71079
428981
10984
1781
212420
67973
85962
749451
2689
18631
6540
107678
101492
105789
33386
106056
228175
196138
2056
120468
18366
27635
175298
20688
95968
13121
63682
60123
4557
686040
21513
1426
179
24347
1270
1494
94510
139514
80274
71127
11874
26781
78502
79160
101331
7710
47574
134082
2574
91344
642965
60922
37403
203053
175715
178457
697415
330763
1968
2812
9816
247255
4980
167992
17283
99715
40403
27083
20944
8165
10005
7668
93337
3200
207021
685568
24763
11929
176968
94458
37533
56087
101830
665484
159650
60166
118723
105288
422334
176912
45645
60449
11118
28174
212349
678971
20284
717436
356926
222178
175662
657920
73213
27245
3831
60778
91763
657425
111149
395029
644872
77139
202733
79558
649311
394393
643002
84589
123134
76472
20442
106688
4694
1892
921
11982
29728
103169
574104
7976
164681
73917
104375
680266
27109
698971
30923
20660
88534
231489
13164
2650
9054
2515
23676
90002
177101
62184
43993
210611
27110
37395
93559
694817
210381
37355
1037441
20425
134094
178978
33612
6465
329059
677602
17027
20749
29974
94145
118828
1773
1059772
17149
37029
133100
3008
138421
1059307
94915
90483
537
8209
636156
104703
159633
6402
1038038
95374
1087
735998
96
11964
94359
213412
147833
21083
33635
8247
68036
38291
95255
19997
20814
4730
108292
649255
125067
1095759
175409
103425
642984
88248
1069968
4083
91949
232782
815
236026
402
11878
193733
22532
37952
51
3326
6269
4279
93339
12573
106411
16692
45938
33032
90779
907033
104574
23896
20362
660454
141949
2346
662194
48558
105465
21950
1035
33566
294514
79606
8405
19888
38531
11395
8884
658459
8463
19957
95249
641073
1947
30082
695747
5220
12442
315036
75606
96354
1915
684437
77283
1252
998887
101489
83987
662507
174591
74031
20420
648907
637272
4977
272808
396204
36063
3225
73345
162760
117188
3919
32672
660534
93571
7060
102636
6623
27305
220985
138963
288699
46270
12150
658371
63440
103029
71112
653480
193986
91281
91762
14483
30025
6666
647070
76785
148896
151231
409103
90465
63528
102218
7893
233765
272498
124237
661409
562732
56366
17399
715155
657501
929
122951
793637
534076
4069
35753
1110376
62528
163664
63471
9414
88656
118717
2765
137523
1510
20311
21003
131024
25745
110899
71164
25143
108518
113629
12519
175688
28050
658111
23777
33625
191999
188071
92306
263089
33800
865470
65479
122810
636145
134129
93782
145275
276958
180583
108832
131599
64022
21567
215274
103278
5480
92218
93203
47566
48481
1933
9696
70719
55708
1883
37387
4075
4881
192814
20603
20946
102915
222918
108570
266722
20393
30174
94393
78575
21551
36085
16691
176613
95813
92604
122779
897666
60689
136695
96099
278
138517
276656
21013
63002
78805
40330
14784
89583
95035
8927
154862
2927
686106
63544
37530
22136
287783
2431
21037
47409
4800
1656
12306
95340
328016
20928
4877
105939
75084
649527
29989
9404
186741
9306
31720
4113
277946
84974
20649
264655
84865
90545
18501
242540
94566
82945
20317
1141
17062
11906
11371
1789
59853
228664
30604
6526
124882
106248
192303
67934
21087
104696
6337
657993
30091
1114267
201449
337820
20836
106024
61659
7752
20602
6753
13869
701576
63699
377804
16933
143987
174
118876
688098
38524
69787
5951
82336
7858
104181
82142
206141
7109
644578
664530
30111
184090
713699
132384
124022
6460
788716
26479
21076
94113
8197
122935
87875
75
99788
118680
8777
265358
444254
67623
4860
9854
283459
1066251
20580
59608
124055
147485
112266
648365
662350
20765
88448
178996
354501
106082
150386
4384
93377
137650
59225
21864
6939
89587
212412
1014821
18009
4942
38173
20262
94413
621245
11913
31686
662289
95474
23472
89200
95461
21959
164
1029195
32881
20674
221503
31544
106868
55879
23211
1078
178125
15715
169700
208370
435225
656695
221386
81860
49535
119047
11905
1870
20690
109545
92621
342103
187041
113684
3267
34348
10774
2602
112199
155940
100681
161632
5698
30126
23097
3971
32553
52201
91404
84350
92197
2993
698537
1003560
124925
83789
57699
758404
643238
406141
71244
96036
1011832
174451
68022
671145
106298
41357
81757
644707
101237
393269
91488
640550
95346
12858
18643
639946
16438
1107786
73188
454700
107354
26978
101795
6458
21608
1061371
365383
644088
29321
204259
29810
126340
11061
117742
6004
48360
60426
77897
88649
130877
18462
376
30345
7072
20273
1108018
23193
69799
683476
208126
160739
43150
126996
354308
1908
642503
19223
90995
174584
12933
33579
20012
692623
87909
657587
94267
177424
24449
177747
77745
75007
59662
1063520
86116
104560
22728
165989
67443
62192
97808
107546
3618
62624
25625
11844
89789
27682
92205
679964
21133
78713
124353
78624
234735
176950
49255
7862
2333
29082
46195
11887
224756
31302
95920
80282
101169
5462
72527
174423
26987
157230
33586
101971
2194
6536
29583
167608
87918
88806
29139
2095
644432
695819
77329
8046
60230
21194
273305
175804
2600
6524
167004
171963
644324
78445
30026
661831
70146
167980
3993
92258
3757
93302
9382
204416
278203
9369
137854
111939
312113
117981
92710
21502
20624
643033
98180
71132
17434
64073
96934
21565
24308
1584
77308
118777
87879
649184
307034
7700
607
640774
503156
113779
706780
92745
67860
30907
79337
24471
23000
60614
167881
83929
213965
660230
1011
45456
25730
1135
153527
96560
86185
3189
116986
72602
759097
1600
101623
24493
95489
155388
5197
137838
7799
10204
65501
197142
93219
1059736
1009462
32773
642482
100117
660164
4915
92734
6397
116468
228409
4480
616938
82092
18518
20996
6148
35429
4487
15716
38371
74722
62545
104128
30851
20916
175625
44427
188644
35588
12976
96311
20857
14974
6471
226627
85609
663104
657919
113890
137052
124360
2665
91287
49662
657677
20159
70233
62662
29829
3461
5862
2510
218666
438827
69934
73270
653360
97399
20641
82167
694399
995816
216868
52183
3606
18208
95218
63668
643474
301524
74645
11876
11403
20878
643241
114312
20423
241921
649608
132517
649813
638792
94239
27319
20622
3709
102244
138595
13517
9466
46617
188186
703763
102937
86093
640073
10053
27774
79195
1096524
93523
177072
651007
96966
1891
13320
175786
63819
79801
104299
100171
37609
19578
18924
54770
645
234678
72454
653537
82123
8775
86031
63983
111330
661746
223390
178596
8347
228813
122874
2779
2903
7624
109729
63461
118771
19735
229411
141926
177917
1363
57261
275050
649218
4244
11807
20058
72589
186152
62900
70610
9376
397215
192714
89432
27538
182421
234705
607557
174197
26673
85780
71193
68043
128617
173055
49750
677950
90162
244113
151036
68015
268562
182279
72592
22190
744733
85705
1071942
205655
37134
3558
188370
78411
5451
640351
641382
393245
15500
109003
90888
62638
28134
100836
36236
125437
21259
58956
777229
8250
37492
104555
138675
108513
77090
61464
4190
91967
82132
607515
114921
355591
107923
107535
170686
97240
122248
30376
471192
91274
660869
179791
11872
20466
86605
48511
27373
210989
131005
5044
20102
134887
97239
23214
741791
93823
90165
150036
735382
31406
56644
642787
33364
136731
199860
9015
59972
111310
1085146
9418
21179
411456
21202
82153
63968
169345
32110
176656
63615
176039
17317
71243
272845
38453
4854
3809
271281
25004
124310
170698
77307
646606
4898
26662
1004841
4787
371541
6861
81887
731966
189348
107910
29985
662567
20802
21136
341292
93686
33392
1735
660251
73355
337816
4020
23270
272443
18047
1822
640930
391
5892
95372
641858
89661
78650
11892
95475
84019
886197
97045
637276
20180
2499
24013
6369
27650
73021
1319
3458
73159
180165
1895
59507
273581
92684
222780
27454
336847
7200
673381
424689
83549
63416
28927
69816
91963
67438
315154
30059
24320
230013
20122
15793
107399
21057
167570
9326
199492
198030
11940
795991
272040
17190
17889
74810
8213
136596
1048
46049
267796
20336
77615
93502
271385
658214
20153
111351
1026495
96487
77716
62629
6018
51688
95480
99665
63513
4314
638727
178165
111533
138069
29276
645568
90861
62572
85449
82156
20165
125302
96803
7966
853240
166096
18894
114385
97443
224757
265154
178535
98096
694963
5617
155381
168424
44142
176636
187683
21916
90597
7606
25167
149338
175725
35719
62739
657336
212883
663496
168712
107817
91582
490791
85276
21243
373809
288
67947
72529
181449
686598
648321
28051
173120
138861
69766
117214
12194
27750
281906
169718
97019
176101
175797
789804
20115
138992
57761
32365
65478
684239
21109
3589
397194
342243
991775
126728
100182
30633
265283
112239
2658
33787
638632
45957
67752
2089
90516
30627
22064
16789
142623
167247
96387
71245
27004
93020
29664
18850
656697
211400
122876
71172
127072
95038
21080
23146
154085
63612
78602
84880
144624
79672
98006
55600
4997
111474
236232
13012
64758
33576
662164
79964
115873
17010
2692
804688
4399
213993
14182
4786
638587
101610
211375
172879
108368
2433
22338
77534
37949
93182
92130
644650
696189
294615
715450
637553
67446
38400
105045
25169
139157
371936
65733
4837
470848
131002
3057
20567
90863
33575
23375
4230
138684
20502
38379
2868
131586
693224
9494
684435
226567
17722
44469
27297
129268
103453
20270
1820
671062
515150
351754
69946
71140
643165
60298
20914
178513
639931
23272
661996
62517
214503
1522
72437
182327
264236
82009
72493
37148
726585
214187
77384
498917
21767
66987
698840
30215
1045021
100358
38030
17716
98088
9359
470198
212632
178634
778939
37967
17708
4051
27581
145650
204213
637304
137766
5009
5109
186285
1090
26443
11413
1292
97016
38294
127076
92764
11896
671628
210106
94555
10924
60540
81680
92962
96060
354125
1903
9271
97227
23070
143878
91507
87920
85279
99679
93172
961845
4268
84872
132279
85921
62722
104202
97094
81687
69798
78963
156502
62843
1348
4838
28974
113860
95294
166116
460
5114
93028
662219
100821
3930
209387
184995
269962
242039
651245
1004242
12443
95041
7256
8382
118534
1079206
20152
991920
108616
124908
60933
24700
11847
5162
96677
175640
230930
101946
288618
20105
60012
279881
218037
40844
269981
33601
208386
20642
36630
104689
42960
62199
697112
190352
21110
92796
37959
2731
646223
17268
126704
94207
268070
20585
146134
237777
64295
60165
3957
321917
22120
20167
9088
890918
72547
108085
63475
674660
220754
92534
37197
94953
157176
20431
728304
657323
19144
9390
117859
20763
177032
52318
30130
226603
4711
24585
89055
106869
23850
33553
137982
60585
94556
18555
92834
187595
271846
84884
203983
145245
4364
35492
42859
7182
22945
7205
352716
95627
661612
58562
647825
95004
114470
196330
1855
156038
9552
377608
17309
94511
77474
26365
1858
94254
46218
21180
13674
146937
642783
95827
35290
103059
209649
4886
1119831
94298
96572
217768
23338
90588
164266
88835
235805
21338
41696
645679
118882
104532
20770
4727
3616
200632
37482
4229
90080
84907
67925
1592
6326
653432
1087370
788010
125643
1010357
705155
177095
1143
2299
644827
115977
52306
92993
138518
3365
665765
71092
85529
743910
58246
126107
20803
101464
4870
236880
256847
115639
89597
370284
649315
8573
27179
60906
117132
7327
20385
188976
9800
1007581
202924
6489
170441
9393
22803
60296
26048
47112
641694
63585
20806
4803
118797
7524
76123
354203
76808
1247
47506
116527
1066844
255392
85274
67853
12647
652230
3667
193016
20013
60358
404396
117091
90978
92687
20697
122104
354625
85345
98174
145184
1018765
690161
87204
651150
36284
643836
20999
116583
22362
112232
95866
75008
97260
234681
28921
3974
189004
87996
6748
174838
93196
28617
6277
104600
106979
15242
222240
100762
21052
647043
127307
21349
37194
11355
64091
194079
3195
189343
12738
839
3926
640046
129
1040337
165421
656727
20424
62660
18176
546251
124730
36708
44751
63373
50773
53499
63890
36802
6539
185312
60353
20178
1636
226602
101656
196933
93933
173238
3549
74709
143656
251491
382374
72912
20888
160276
17380
137822
30568
33568
96891
176271
94755
25138
81453
725945
4243
27331
106660
35765
91411
7681
693867
706213
20924
97009
23720
20330
635970
426358
18065
678108
650653
333650
122891
96119
63411
104177
101887
71227
194
665179
78823
47611
38323
658202
84808
145689
1097176
63915
3410
25906
212872
6497
7560
188447
193008
26986
662614
657640
27947
20344
14466
62591
132622
10238
367947
78632
122688
197040
169
466894
246407
107977
10402
23320
134121
9956
1030432
10001
21016
170724
67823
60434
93753
80118
19081
643349
22464
179519
112234
241905
19943
30348
20034
80276
649525
197778
695597
75287
87761
5601
243282
651596
156605
3128
3388
347120
63529
5053
189363
20103
79800
91296
104864
1034251
37051
5769
139372
5651
94313
63923
18370
8142
92999
30303
20632
5172
2110
78618
6448
25496
81826
3071
668078
371165
17316
7959
6544
191445
7651
93992
118729
113726
59647
