683796
683352
181951
25362
249069
104649
365445
657449
78749
13127
20071
1239
96070
12243
202430
1101
5205
39102
222850
125298
29202
90535
104677
66338
73018
6400
53482
86199
3424
80114
32997
95413
330298
26084
102903
21068
992512
108489
69876
642782
494764
212767
51082
3491
57269
24522
729
469
53207
21159
80036
47751
20619
62903
25456
47848
20095
24732
4385
244526
179149
662634
4185
1071
1013628
71885
23117
30395
87936
883
252756
1587
234755
29772
660534
86114
213182
104908
38384
19578
38366
928
135395
69931
1210
693282
8919
362
80439
89639
21352
662158
238629
2196
2774
146463
18938
113652
99763
9954
1039106
645916
62601
66332
46866
646628
2485
8256
71193
243617
62927
90028
21306
644578
263711
4480
268336
3008
91958
187313
47794
77444
1036
5176
210612
33588
39922
58750
380617
126853
1494
648301
202
1190
219664
114921
122800
18858
20234
131465
112773
111308
516
78799
2500
281844
8856
82035
123869
190048
16609
143923
2834
92066
92788
12407
672567
3379
3855
887413
220678
111166
63994
2973
642989
104098
70578
78498
950
62726
18562
19241
420064
3433
20754
662157
24977
13024
62206
88764
2234
828202
376109
173055
20857
21289
14702
358831
266855
38388
96241
65862
20795
25845
77260
4050
864376
21814
51398
78046
10941
72950
212387
33851
118789
1013584
82325
92791
409108
75428
1729
64054
235805
78611
63442
196045
266820
39719
88604
4333
211515
20243
106596
665749
2759
694932
214808
91478
104956
700066
126137
3162
2720
368666
921270
105545
649621
3523
180720
7904
889
275
82109
160789
99752
266942
35660
112049
403
175715
94013
280435
115894
20586
20762
166277
660563
22571
661610
406925
96748
833
261900
20081
105775
26102
222224
30851
5826
30437
657377
684215
155503
21891
33781
2367
63715
55023
22788
648298
2427
108623
5135
20532
88254
574709
51624
21057
644602
28123
284844
658459
92962
2511
82837
58392
105996
8359
79456
291701
2708
125580
656535
186626
93598
35522
19462
866
94059
484655
6412
3832
1489
122906
155515
17943
84770
751972
2711
244806
11356
105
884
1583
3133
24665
642707
106354
23129
203272
642861
3673
88813
643719
27976
181262
21019
642305
1259
228920
662350
2559
642550
2344
143544
220918
104848
27685
155431
18613
649970
215254
230052
285228
60312
16848
176006
5862
222462
196507
31753
167621
89422
47496
21239
189569
722
3899
31080
116987
11858
266412
2328
43101
106976
38585
202747
18190
3101
93163
801
104347
146656
115240
146937
1047032
685071
783057
4541
18172
5872
35439
678999
90997
88559
52817
2525
5004
161269
68203
160374
180586
359219
82415
8879
153217
9239
3916
561703
1852
33886
1147
134082
805
642
21241
145300
62378
742
37255
60324
646255
650456
27543
272159
12892
139436
315876
567635
246382
1845
93020
122825
645525
185591
168595
95557
97346
37300
195537
29187
196
4
160845
37027
75043
37063
1009453
69794
21080
4821
3219
184301
141959
357530
72481
237501
657357
122910
254926
208847
75543
33669
36072
18213
71084
69787
292706
183403
132538
195779
807
358581
192673
123178
47617
3050
26352
279549
649243
4995
10851
25423
646667
267699
18105
91351
166737
916767
20044
185311
156906
110104
1047844
20024
67921
264974
96926
226567
660454
1013167
143912
20964
78636
2844
186534
1082222
71743
771032
27203
479
71649
196423
222785
70551
220702
222053
108601
88450
131027
212745
108617
20363
1495
17222
137363
53384
1034426
231851
92776
21
82053
7200
6375
125412
692623
712330
307085
62524
758404
140417
20011
3665
72639
90860
52304
77110
950752
3138
672244
63347
2962
30443
154085
1006696
91427
75697
240185
24201
640610
681365
92731
254561
110697
518634
72399
9862
326442
91763
101749
91525
39380
260832
4892
247951
160799
266809
354220
75799
684303
122093
124590
140613
24420
642536
636605
100179
102936
126756
199296
222158
235372
658388
17270
741974
11023
237120
59667
92009
107678
97925
231775
204259
69888
4921
97027
4049
112150
1011428
21576
1011763
203869
3650
9405
226991
216383
47763
90062
71125
280088
27004
68336
687
166594
280986
407779
26753
640614
647869
63828
17301
28895
907866
1679
27803
136734
2686
145727
181394
660234
269925
122779
51323
243857
96750
702512
450319
88556
660581
18792
482708
4904
684318
692780
54673
312265
38409
9344
41561
732340
4767
128675
37448
167
300374
81601
713508
409103
271591
129316
90018
157076
7843
65877
37408
20988
20306
468845
71119
359925
123485
22014
755371
71075
234692
98089
992401
3750
183955
136796
136958
373537
33632
96186
85879
646367
37014
510709
4814
138496
189025
303827
660238
288642
687376
3683
130317
1784
265499
39126
183642
8607
218501
1203
695747
802056
37398
131024
694078
289828
656634
261276
257765
72724
101860
1860
114387
47558
91268
1007994
728454
765244
311747
725875
164485
1048329
115909
583
396474
51821
186595
184755
231971
92811
57500
234488
702853
343346
233435
25872
122853
215841
437860
262881
129397
294904
677251
233482
692793
1243
4998
211511
319314
1356
100147
159927
126724
223576
90973
1311
187310
172978
148896
8335
135816
4935
71233
3941
22246
672652
3610
728998
414663
52758
74838
230114
373033
736780
3589
28179
3600
118647
831
283035
25715
197987
1289
87942
642539
172078
460019
99036
21788
174593
141790
662159
101847
69853
134569
11905
8809
129912
43743
210399
54527
33
231644
1012889
60540
108777
698535
643148
121913
365495
37661
170334
170155
739558
727794
46811
693198
125421
47860
298366
684219
18571
1574
119588
1043654
646684
645647
697830
145892
931757
124592
30374
284254
85327
135197
183927
231841
215270
70661
649225
692381
75044
179090
75183
265255
4942
79641
227445
217570
131799
219236
185904
745515
79927
122395
39551
677561
234505
74227
221675
678165
169196
794063
91349
62833
794193
9337
311092
167980
129402
4244
673215
110683
1001507
7439
134032
46
88678
4220
289190
184928
8969
70559
202789
335551
80175
242878
69546
162035
1224
695405
24395
223688
87405
118398
862133
20323
739631
170101
118443
108013
108796
102617
190345
226692
199945
197779
17283
676602
3306
129386
69320
102942
61796
162026
91641
123842
62354
16019
529741
97975
62923
3048
92714
19961
53137
192814
73402
472897
92212
182736
125752
997404
659549
132387
181086
393270
245000
745378
86295
415517
82460
79357
92639
202050
1022475
23840
689979
633
1368
86340
145011
29769
7376
186239
102389
177792
679090
134138
676429
258489
295011
168305
143828
188802
198478
60038
3948
282823
150063
158900
124908
151215
11879
292354
105327
226946
694116
334709
218037
2249
185843
114445
196234
149812
656695
649123
65170
92011
780142
400792
47570
96419
285863
102317
683618
222367
643702
47454
849785
679657
95919
395599
25520
27019
35290
634
345479
110194
698531
24456
1026799
5394
210700
228813
95605
671862
146941
251515
10049
124925
245683
5995
686673
314987
344428
77319
360505
164266
99646
23796
856803
331003
1108853
95895
177910
486880
190101
13772
101920
17342
21709
27053
21761
72708
649455
29673
656342
78451
36498
203842
413023
55143
513400
278192
579875
7840
714304
126287
661458
47435
101442
341247
684441
376276
713640
24198
73236
122057
645702
661951
205668
29823
96886
283992
114349
101639
86117
231216
6774
93634
653253
510901
638399
211105
67367
205053
721160
141531
158905
46617
122768
268498
123340
96350
357547
5455
143867
214319
297056
104181
124479
21660
484987
646130
328442
110099
150209
778604
826190
1084106
187998
132842
301608
6939
463216
306148
378243
27682
716316
21916
204949
106933
30519
97297
7503
122974
1004518
72498
1060667
269246
43689
57468
226650
133074
106804
94789
748795
229264
131334
99715
24739
175287
883573
90915
271961
62528
3076
1041473
100108
3583
27297
178447
56766
2026
380647
217601
85697
681360
250201
66013
160434
213206
24482
1057104
216432
4221
355575
117714
274072
188934
25372
22465
355471
684216
245365
135191
436005
87204
128910
116989
190610
713388
405971
326096
74829
360149
6447
102606
50554
62632
27538
184333
245175
92073
257654
100135
325276
56386
71153
30444
176637
59983
92745
679444
20455
226716
261568
226625
101831
132103
4852
232783
143842
251540
3061
9162
200977
70137
213889
160892
285974
235385
182076
117526
106990
4368
189387
117742
213776
274319
751890
66737
77321
330718
122769
8171
270023
229006
33826
142804
651485
107916
771331
51613
188738
60982
245113
206327
269114
886197
748616
84193
649232
46868
69807
680457
447408
500947
285171
210918
194880
5463
197773
503424
124432
33412
125475
221169
123742
889125
4718
345803
196614
243951
66391
218101
467539
161239
264758
145166
32575
943335
49800
993316
174628
79795
388318
234169
123134
1185
190527
21430
258852
84174
39064
522815
391659
1003391
254178
281659
230866
37403
280692
293527
30640
95551
14569
4735
678168
181087
15691
1114008
142836
191650
132779
37201
13584
352181
711590
260546
5009
662242
637477
71218
72485
101817
87294
733531
114111
1020704
107531
168749
319989
177753
148666
91979
17258
696110
212500
146551
641474
2661
773117
32110
20921
166763
22852
828194
91446
87522
4897
212728
101094
62068
11950
642838
212243
56964
202838
37798
410427
164218
24054
247893
646129
110087
87930
313757
702943
648308
173074
327157
307598
18204
66970
391046
172077
104196
228175
322106
388291
289782
717436
338382
535521
807472
12114
97587
1015239
699123
133826
4463
282418
647829
1027561
477613
166041
119042
293675
196406
271981
90212
57761
17391
462247
183419
233337
388243
33741
242301
248851
467673
24554
95337
352459
27554
747669
226683
226157
61023
151525
367705
768352
159814
100182
124040
460115
37057
95824
26666
597407
89635
306444
93201
1077021
656643
395370
718
748481
1983
758957
192356
788433
198646
357867
218913
30627
411993
11919
134883
185469
375774
287783
377804
295172
1010594
712124
455314
26856
4889
29149
307556
151709
269348
192965
74868
798581
60392
86260
222724
211101
374671
794659
183084
699925
178221
4955
80210
143712
690002
18841
219246
289474
97687
532722
397313
269840
887014
139157
89585
1085020
176217
107837
191994
280660
219813
38954
26087
133185
282491
715561
711483
224923
176039
348790
298337
359988
642478
362896
58922
271665
246477
356366
687570
146802
539692
174559
24491
778686
29708
600631
22021
83080
321782
368933
1021638
328122
307564
69934
168057
407839
371541
645456
223868
24184
665661
302194
330913
641717
107977
139851
230977
44004
202394
79689
202684
620268
61350
114470
60132
100658
108611
194460
644577
88958
450836
60166
658371
661664
224797
286663
10009
155186
577
228277
31842
78750
104445
6139
50368
984474
776847
672874
327747
767568
408834
162944
88797
642613
148855
679347
173252
226566
723613
127747
90117
90811
234344
218011
108785
323850
1010454
354511
287371
85658
192400
165534
130733
226872
849268
218155
5860
1096524
123221
283579
71685
93528
194075
686665
22590
221413
23631
248074
910048
3996
141899
3605
160416
443494
223637
270231
88005
37455
208327
687671
397652
199921
714495
339141
434242
252958
100881
949002
332855
1063971
279562
269323
647783
196483
638922
185452
257635
141435
192357
322069
646699
19033
224129
165895
706778
71961
36711
177302
21655
231364
30648
83377
71574
142883
85746
165400
253934
212841
142852
225229
484951
185654
37250
21604
214451
705834
115932
369172
26662
286855
194938
230652
86289
667483
88732
493468
190657
284596
270103
213326
3160
189835
123828
128785
298548
204378
166071
196559
688210
71248
6510
622595
345469
91443
92249
185290
145259
5154
288812
27033
146826
53526
855199
268936
88709
1066345
647639
692940
89985
214213
22033
361817
6393
305336
31453
207021
11835
173813
1032183
95
125067
155865
3020
156376
197951
39254
92359
103001
69847
125190
238858
655363
78603
84851
335776
218326
379241
50549
177764
229024
640936
45383
714928
463533
122710
92107
324940
306892
305846
93155
28206
379158
1104680
739817
309964
62619
60955
732815
293716
242486
225615
1040076
169421
678373
693176
170990
232851
91597
145618
746834
205655
200414
648907
63847
124843
221577
224343
100127
29195
122519
210072
10284
269273
179192
36654
9024
67667
29840
557078
289368
545837
652673
460300
831135
396761
237574
1043050
991906
439593
150278
202769
141746
152722
158754
255991
1250
160056
152953
97358
222704
230242
75228
379920
508727
644543
267941
194805
451802
130290
175373
72790
171049
181873
276543
71238
49651
220861
683924
727988
16235
37670
331895
224138
162040
376725
174682
262296
645172
137523
116948
161498
131395
279341
327522
40784
172826
255352
38417
257690
1006489
23947
702852
166183
856991
61629
164517
189157
364326
1008964
715559
640254
29280
274048
60556
208532
434429
566295
207128
57393
367947
5698
351322
151914
272522
730472
286657
747369
123941
370368
767659
382153
185972
244667
47409
781521
55872
615043
1132065
132923
200306
258733
63808
304263
87847
123297
696115
415138
129564
1002894
42962
451497
328345
231142
369405
166154
143837
169689
314517
252037
771116
238830
124416
714950
178898
681378
139618
489417
217277
217121
410501
314590
218928
325920
663131
342285
73334
754282
917613
216645
468642
493388
96274
675847
79635
187212
90383
292750
221937
714558
225929
205673
1018746
243053
712651
144624
30952
28514
478068
123040
217380
458823
3667
131388
33217
637333
151639
415700
134097
213891
3360
729517
25930
25933
957446
24372
16260
27302
661391
137244
9258
102376
1066844
65643
241807
59939
681760
389121
131859
88912
201743
3005
126037
115986
247255
60213
771012
3265
192696
216122
124273
689813
954
699473
267270
177951
164829
515150
157351
85052
51862
24536
728304
842703
279476
1107700
122510
1022511
203182
216585
789695
304887
163176
189536
164256
97015
701317
175975
101524
521623
17845
1015038
221022
291146
741544
174778
170448
700851
18147
40403
60278
72377
277758
407338
283326
330241
157654
773168
627175
30637
193227
305845
288323
14812
32475
240200
230635
118607
293139
681431
175138
40015
487011
26673
748674
30475
289821
102299
190198
350117
132658
277112
781213
262386
280059
510517
668245
811416
84856
657984
29697
188807
753687
232507
771325
348609
193859
7028
234189
154493
200416
319105
125778
8874
28187
315708
222602
233119
292313
774646
566331
132260
196053
160264
686674
59613
453821
829132
133389
285933
68031
489078
174556
214227
680246
129496
199596
215482
101772
18674
116951
533120
324522
841635
47112
247816
1012200
75068
107600
229188
692167
85449
788435
29789
683912
610314
207980
153647
75076
998605
86780
132101
400047
168372
713654
384623
60452
932876
263069
322099
884241
212623
78730
37845
278207
60553
103824
459972
1089811
204887
113813
231066
283284
690445
995816
695249
272332
90975
296583
303039
61732
122501
305962
734024
245367
26068
70596
130945
737353
29821
307548
715099
158196
695956
104236
10072
218967
1181
63092
7356
327707
193726
504291
183903
62602
64307
51827
311806
314979
27668
89986
23007
713825
830169
668343
377250
123302
127697
794695
86182
314653
264236
245019
191415
441510
644647
63819
170425
738706
36689
92573
879899
100873
327278
231078
773911
644398
466145
200869
777229
330447
139211
1006931
204597
639683
351229
354894
172120
715909
65993
146273
245401
344080
1767
95848
246869
546732
68292
242785
8423
174227
130557
214022
22457
7023
63025
162735
85568
92075
32451
657450
206548
65442
692939
303707
374335
122896
30951
698626
219028
51733
21499
260000
300498
141453
153218
35665
129898
135669
187278
205322
170097
646621
123921
58251
137766
313931
129268
1073621
72597
163440
429683
363397
673035
764813
167290
3452
380599
201878
117703
54836
131402
376082
117940
343060
407671
665744
30463
188113
535092
79778
230012
94755
205772
1009191
123220
27601
174604
68021
216345
715780
439571
44723
657347
82058
1031908
538223
303770
137008
684781
1013878
803270
431932
321176
165774
62064
342046
291721
197770
49647
176726
258711
263640
63465
41397
33467
36553
1123806
37781
144644
407702
37363
184080
897666
136261
317866
854412
653193
4018
686692
122716
214765
916468
376145
89541
114242
183446
206818
142797
1033467
1033692
274053
135003
104864
273798
678108
131138
267418
213244
1030085
12258
24610
168712
139616
710072
389468
198555
75144
872609
254400
475530
62612
222106
99981
191951
782264
100042
26639
169697
684289
130877
194737
228972
260161
158390
771722
103015
253858
173183
442153
447299
182105
1019953
108118
873954
283639
245242
74365
26887
84845
428810
93182
139409
286267
671134
9038
198751
789770
3796
134323
696875
183467
99217
798104
197780
303713
598655
6897
698537
6778
714813
66837
653414
486902
132645
402924
277072
248241
131655
688525
501850
713685
4231
711939
1099167
266892
685773
205246
158692
133024
715155
300631
265848
675807
216238
453823
325182
133848
971063
59648
275015
559748
658145
210334
308521
25878
268765
736282
185910
218836
63308
85586
198500
98202
182588
176169
56789
526762
159312
322222
283457
677177
39224
201344
212283
224919
172501
891084
311464
276935
187737
88749
155670
607515
203823
132118
272875
390128
23850
245539
43410
292264
52989
648249
882596
263224
211400
53885
156802
273405
169388
101883
97082
315049
794244
608286
100958
370284
103426
23698
90635
214373
233537
212571
429375
124792
235200
129292
218352
404961
216098
365857
91861
180486
135193
104730
278453
227826
176649
195216
919664
327748
201194
91740
41256
336787
396150
3909
102341
37908
38872
1038871
376619
486959
425796
124338
307930
602951
771180
25114
79232
50800
212517
311366
764160
353041
107492
383059
1047793
102873
145766
325697
837753
800497
736561
282433
230986
366775
84737
788215
1079769
91257
72722
308526
853448
455834
49377
837082
772765
224359
220958
411646
191706
185710
188544
133239
475327
324281
205066
259871
187330
453218
657475
733536
125069
268902
674232
786828
96225
178274
252139
133056
196921
218240
339302
227829
313546
172303
152950
328819
92421
173193
282702
858175
98812
327130
348321
86832
36885
296683
71091
674197
326356
377392
104431
284846
117896
405533
21823
10496
207832
478503
799902
674081
353632
261407
2964
435772
174276
151064
468157
74117
190378
731787
28513
180496
767245
675230
24083
671251
65863
5080
88558
124144
644640
1025970
525760
740743
1024721
671840
279786
433913
676110
90162
580133
245668
21527
694765
264833
122673
291140
74097
453801
282407
184314
212021
243693
278787
87244
243833
686811
199860
223770
130389
689589
1090958
850782
233765
752022
510723
145266
202152
218116
238199
278082
130838
741773
764403
47779
118231
1119831
107882
854329
285751
31038
88863
648375
435225
459505
200190
692946
663503
197927
276868
290956
831136
219489
279886
73694
203971
309282
477452
30980
305901
170462
138992
123980
131393
760118
267657
645727
139330
157012
220686
459007
334568
685527
148869
351754
646745
635299
334182
135576
280292
125267
124557
30747
453275
200394
126279
204895
726585
159537
787702
1071100
187324
4706
65423
225180
128992
224757
60860
192616
691093
135443
326595
202976
318071
938820
167379
529199
240316
36313
260670
207800
70233
198319
33519
57540
297384
294160
123093
736085
166664
657343
262248
859108
264705
256498
216284
227079
71921
203558
219009
301293
660251
333142
172719
216496
175125
295792
468956
256599
129613
448794
347445
46679
616252
103893
254337
127791
707198
275679
152326
269834
27849
258509
798255
522576
373833
9592
197843
224083
233938
463053
340841
221069
391094
340445
481250
7187
66421
231887
660639
197144
37967
973678
732826
251863
181212
341193
314595
728700
168805
224104
264743
408040
129497
532984
307941
96342
229364
282087
27647
124325
442744
181881
610310
175523
132922
283281
232346
422941
784912
382686
818815
74528
89755
695528
676936
769358
671034
59521
105386
146394
140471
155239
384660
382335
329497
300534
203539
1012347
233244
124224
107924
283537
391474
306724
267936
692659
47506
910675
345704
508599
212949
526411
154965
466664
345980
328795
126444
47510
666809
90323
5310
4110
64326
276555
1014206
435315
294474
129610
455381
805779
122843
255811
62530
128647
374569
232782
961845
140175
702530
274612
182037
775552
26543
17223
219760
1079206
658100
196933
400646
333166
319499
288969
735602
727861
201671
715615
126452
114495
183926
235458
262498
212401
263465
1305
406838
129736
201939
106865
233257
192412
74582
169559
409121
493021
248725
8938
641830
260562
208275
265552
704378
355818
129279
205059
658336
1015229
131825
640396
60597
1029195
485125
266406
384030
494330
641380
223158
274638
214799
304446
33895
702702
6394
134408
101044
282902
87959
214069
217498
242408
772494
995744
297518
696592
282309
994318
212814
166181
995708
1062110
61770
483093
600762
63668
130747
212636
194649
271784
352112
49662
686121
219507
447722
223296
196501
1631
29685
641867
145668
320148
129372
270395
83889
125383
139039
1001209
188619
1069947
273363
425408
676579
952479
103034
494452
176854
77029
1011640
70081
101974
766858
329529
175498
320751
429921
727690
338170
49775
60400
365114
660793
297343
1008039
455970
993075
160495
411216
236854
178148
90956
235267
270198
132935
378576
816135
145735
74794
135173
213003
24258
270679
45007
771513
1011369
1114680
319135
493751
221104
71092
457731
151295
195786
269310
213851
411455
163883
79558
36580
798745
172455
671265
270847
687801
187311
638263
145786
3461
268757
43876
93103
129266
137052
176595
410196
287100
27637
217580
560179
589517
146279
99665
27064
178233
88835
411640
930507
207799
71551
7490
108802
249625
174423
106812
348368
245338
131394
342497
248191
48606
712198
513204
678721
207979
974632
273541
27575
340838
772798
237300
346154
26414
170185
159780
230120
76785
297209
761578
71529
198041
140704
28908
318187
175396
935463
686561
518832
184555
300398
794671
268946
167563
265245
231745
97102
138054
131885
1086053
353712
130566
268026
184315
357662
172083
711129
123738
286960
658480
434617
380327
317720
198091
203782
138401
92163
683489
213475
288903
733471
660072
3085
184700
223935
49695
161717
145706
156875
657448
203825
152112
1111181
235601
169523
286797
173371
204490
858813
188886
2170
165454
135771
681946
263025
176640
727200
228076
562887
418070
159995
699488
91714
33472
1065055
491917
116170
217521
124428
233304
757823
706831
184124
354104
716955
908561
61712
676883
200555
92730
917025
206822
318726
203044
89950
675611
962893
222362
217261
122405
713699
474156
154506
153546
885857
139227
1115018
99276
318422
394340
425362
637226
230682
204487
217929
766884
278869
112147
950593
153390
87632
259846
213525
303799
477206
482719
928804
261282
295237
820997
191444
217230
26553
1018699
217727
22624
1064327
65406
125302
101038
352776
61519
201843
151063
244232
753311
70751
326494
48673
837521
335019
1053420
311277
290288
681735
241683
66476
184155
204703
85657
230481
439875
369540
731022
388882
276034
119778
277088
905914
163439
472140
204230
345169
772656
169499
143604
830147
178956
727828
234578
183472
88443
810476
219440
712410
169524
192986
132682
564108
176681
935331
228058
375763
188992
268701
256687
245063
706780
245363
117760
191690
213098
46656
486698
278815
81986
354289
203053
448738
197328
881129
257290
680045
122892
874122
210268
203408
174041
96594
672416
12757
46680
653473
172401
306785
172542
107535
389415
65023
250185
285047
168799
731312
152094
344321
522720
1120518
202748
29782
293687
209758
786938
204700
232744
179134
268777
176642
198705
743250
155500
394727
96208
414070
702236
225637
701504
312481
175154
145959
61905
167383
75783
490987
529959
696298
21935
173239
685289
726015
76945
87995
147459
555382
478861
282391
278001
1052212
222928
789405
205414
175130
75179
1068679
798419
88574
635150
325509
215816
827910
280238
155866
271423
128708
371184
221853
219280
29614
71374
697819
744389
224037
51340
232781
384833
1024624
351414
674091
690068
181115
228010
47205
255740
337067
181284
224670
227195
102374
195762
215964
521924
124137
238092
1035831
61074
44016
239459
351713
127861
431035
278859
1057428
97309
160697
834213
196489
262967
241415
515234
135351
118320
263049
664531
170108
291185
206959
87968
183122
340897
610026
677769
242221
621245
329779
170441
257481
268811
165799
1041717
274316
935515
214058
203999
665179
748086
434220
396719
92386
688344
218062
390031
243780
1101045
37374
182056
713281
813166
216195
212255
759477
219739
140047
48655
561748
166167
252056
427157
202744
296269
135290
66522
715525
312792
214299
184195
88776
331246
698119
1087068
29703
312079
90870
96204
221749
789825
136272
176831
57881
527456
204157
181388
194320
128899
24164
33135
31051
347245
57041
121814
87310
97789
288185
949723
420769
123409
183061
546251
122521
364371
264971
204566
204417
30766
231908
152553
711267
215098
261766
23035
259994
323408
327743
146823
213275
101434
738834
288880
674947
301940
261802
1038170
352971
21950
210538
440697
117518
212680
203962
874173
248613
486829
176100
9429
1012781
199358
278203
621586
342452
734591
389755
72488
362969
307299
84014
61595
258231
996499
168993
138931
189161
198738
891069
866081
51072
183619
144298
50550
205689
242327
59688
337320
231169
685219
228372
196671
689920
169109
301045
264972
92672
175562
96527
29618
382287
329344
327925
264401
210587
371163
667113
290780
391024
633923
31060
293781
26021
126441
907684
692911
615181
293782
66631
160059
103361
386869
473977
23869
186118
131599
60035
103583
49224
906069
122879
171418
740090
174220
649937
213189
74598
587389
185436
430547
134869
448095
52881
198398
177161
560600
648635
469362
219125
270596
203790
199801
187666
772608
223205
675431
706211
100743
189087
1065640
240436
26001
292133
159748
87524
237940
197493
468886
220720
260718
239016
47804
170114
295556
232413
130363
627480
25343
226799
335523
304481
215755
363116
166126
101069
410348
706815
259893
338876
1032280
71506
891823
71561
314567
238731
172717
943051
87093
86380
184877
255945
102984
64812
311519
356890
28535
234956
285151
409636
182953
206723
64113
100924
222551
208480
1016336
186348
293787
293398
276169
7367
759077
352507
270109
112129
636275
747781
395037
992151
259743
312885
464555
174352
295909
242220
132213
329234
446218
326097
60588
462858
294061
195281
665596
197789
103385
232867
440246
668264
91710
615353
274265
470082
553603
264910
301400
318353
928727
172936
370209
151250
213092
195734
339687
29931
306403
268207
175547
206271
357556
327148
641470
172002
195721
577395
690388
374937
598073
355204
33539
303886
343590
71429
173417
185875
227474
146770
284825
36870
166124
699491
242426
226916
815710
188318
312918
354711
467462
508339
232223
201164
158936
390730
359929
127717
321131
201888
18948
124678
74308
391315
642102
133095
679635
726228
136901
258242
28137
69953
413562
201217
177778
671107
312679
232734
270266
242065
289967
229441
303339
341613
493066
127737
231050
312732
132662
224802
704436
1023269
140945
675466
635560
783181
798616
865470
756
27844
352035
297213
124988
504822
279423
418440
60144
947943
176810
319258
326164
258484
33476
253814
87961
704798
1062458
235293
85426
49124
145006
29585
244293
179442
699563
570753
845826
244211
26232
49933
741239
213319
1058245
465125
601246
154600
229031
146007
130261
110699
634879
151092
308264
423051
2037
691790
281408
766817
206971
799296
177779
177739
49077
711199
985257
710370
128933
208493
175519
220742
508343
678407
863057
432874
258590
402315
65957
131449
205400
635595
66015
314873
97154
327140
705155
204415
828489
130669
580892
1053505
1093370
63030
365275
276917
202408
82181
334414
992730
301448
376261
350122
263104
291544
265508
1113946
1058810
82458
338400
306314
160893
817029
201517
415875
339697
349950
198908
261838
182162
194308
329704
270826
318167
3444
701108
398914
490480
255712
65666
98193
50692
24990
438972
240304
184401
247784
179050
81981
291249
1112790
9790
442642
496184
37546
434866
184887
97379
690391
671095
142337
88567
357029
497063
177336
95813
983046
660113
204955
320090
371143
226902
171626
517791
14602
463149
62373
1001920
528218
678599
217187
183629
311976
806528
168111
27754
566845
459721
681268
534864
324478
407225
243099
281379
126420
131271
183571
331851
745113
252647
56739
703961
335895
235006
376660
671879
788645
202572
223178
49304
412932
44142
29199
712484
97355
51062
213325
336215
222028
168943
686908
999357
129454
321712
199016
462669
460539
235597
731436
95620
60829
660523
768258
311710
469441
130113
125026
877443
687013
375914
704897
693329
705996
389011
470135
434640
86042
53445
57211
293482
777965
136398
216035
643577
138610
1036976
200536
263562
311992
184579
25330
227732
202874
108246
340510
247626
71488
59838
180680
199290
328166
277167
57974
273425
261781
1015745
54525
532577
279881
967904
228769
340353
751601
921427
647981
371165
23234
215817
25915
171482
202527
616053
85490
416637
339752
323972
960026
130378
68315
198459
582149
293903
390621
500265
712162
72411
811479
463945
53470
153926
136185
659383
133893
729382
71304
117559
101760
266325
217591
717556
295814
1165
129361
660320
686646
737845
52471
706617
936316
680837
428118
128702
243613
148859
700175
733136
87029
187595
142306
814940
166151
228551
98147
132622
90291
26162
670460
172383
219428
103479
239185
295956
781832
1118352
352785
446844
774774
62393
102610
341980
384871
693714
201995
738228
54830
275517
1025927
87810
216938
768297
829143
867398
441620
158794
359757
165971
311722
739466
15766
951210
176690
315661
304569
795463
152380
427176
217153
61820
727150
257679
692028
3420
295690
389687
72101
238925
657876
176456
367127
279050
318695
778924
714496
968674
398576
7088
385064
745847
13414
869219
246237
114317
203047
196448
315154
943243
312832
145010
340337
173030
671504
494285
523197
185454
62610
215766
5130
651691
478524
650993
853967
283484
673094
212904
92435
188168
54375
202815
29543
90858
467499
293694
1122918
409036
183663
77430
245540
438227
163739
257357
80592
386916
350978
177821
2174
670119
22107
231881
303463
1122545
252240
393687
26984
200191
435036
85838
441641
459385
198424
689829
133383
88721
130248
351106
712433
245383
554631
484201
979548
90845
971205
380268
103181
790956
135194
306890
1056975
839501
941272
1066670
38675
156039
615
692138
268571
776165
881267
358934
215660
245082
529808
51652
589775
792079
213095
96202
258540
107554
668251
70996
158509
455290
121806
639177
1119295
133824
296592
242880
373856
131826
184690
237286
227369
203901
194815
229771
219691
828068
1133230
308042
223783
505165
156110
1076369
531074
196261
294589
229413
339163
226983
5331
1046838
229274
747233
125985
330763
149631
255922
294149
21969
99853
226890
269349
223033
482529
55149
190365
156027
219458
188553
101177
227122
182596
451692
139627
274637
16268
393895
577052
390158
715136
125034
613864
679529
219747
269090
256925
367836
742663
185334
65535
11796
242101
237529
65501
283036
336111
305870
125251
1028434
150290
2974
385722
85713
244703
243260
142819
132942
655623
176388
678413
91756
172466
232216
256684
429091
354470
1079324
593582
640547
840847
629654
8209
360690
137033
21697
131309
857665
376107
434437
559752
690122
136596
498917
234955
82883
279078
175580
228355
100794
62760
339257
554048
339942
142329
169753
231489
416824
261926
89546
335877
398388
702723
149303
1104765
28906
436039
834007
780186
43934
247278
137570
426930
1068955
693541
273512
202996
147407
197158
202651
267474
319136
192748
692618
86625
195711
306611
271633
702134
151581
923232
102881
47592
437509
425760
387876
218377
113758
766855
265528
226420
451731
376911
236968
130084
977507
71970
176133
551458
333076
265154
169793
227677
257521
337697
273789
533670
75617
321742
634820
426874
1013642
199431
445305
855457
736092
878700
66903
1022385
527015
349201
310712
268903
311162
203095
733401
339712
908778
390828
376476
104066
432923
849678
50230
693784
67902
142793
101402
218539
370310
217323
542281
193986
974871
440232
428248
308606
1117955
457280
200587
341969
212434
240944
260409
313580
104526
183260
55805
269003
100043
895508
293636
560805
711853
54740
707226
91735
90243
619059
477990
276247
680531
607589
104468
162431
30499
75051
1088431
740991
451687
128705
202006
121953
359216
675509
172659
644157
100540
1014305
129703
100709
197665
12308
246895
394019
306794
503156
1041783
415588
223949
184293
692232
407713
156605
395379
198391
1080031
341959
326175
277159
169862
229337
221124
331689
293552
685972
198226
716982
161257
524802
229843
352052
217667
143062
398887
224193
202552
167008
196459
301933
714821
397442
1030432
395501
221116
745610
59549
14867
10039
596519
60053
527101
396047
205657
143890
656065
286843
182868
1082727
212257
740137
337816
433477
804365
229792
104200
146450
118230
248812
208077
289459
752616
130984
100280
273083
147934
357306
221976
114385
122220
159297
684384
731002
823852
900280
388070
87212
172074
735923
141968
255995
215429
166252
475156
855907
161714
213795
356926
542625
215381
281923
710975
91441
358784
87950
251813
865853
789010
324825
108206
222145
507971
203005
459052
235270
916754
210107
271727
939679
150510
129280
426910
430850
995966
667357
203048
671064
389026
174910
271328
219651
249509
687762
123978
297479
772097
27463
556935
24811
354377
1022259
186921
221936
182611
215258
433454
532127
126255
728744
435679
242461
286516
347944
337910
337842
263020
228945
259339
254211
355395
344534
729421
835195
147789
649251
260760
69532
297110
244818
1071228
257830
774989
168389
971857
866871
284046
232287
81858
179919
29732
744524
225623
669066
327677
376113
132755
124175
685552
29746
304443
736903
269839
815140
279388
135135
333176
677124
284381
663091
226104
302740
85743
835502
159407
319291
421410
714729
145662
358945
333955
745641
30500
782590
219147
492502
616889
709273
245304
487130
100414
658196
666953
865698
444547
214143
982385
747389
91104
60799
363762
125416
239368
734604
124435
364936
91317
104727
331603
218700
191423
350286
210477
135095
383345
178713
258431
32139
359591
184090
352000
374640
126372
983151
321724
855661
426876
130252
287768
322146
235565
167004
60686
273643
226417
805181
52578
186794
122778
777590
447621
712682
223680
279202
753804
102261
183306
212556
28827
59225
207792
371242
790985
260699
359118
166627
218319
48359
50074
800948
382447
169010
527416
88944
739778
309509
173196
85069
216445
30878
71543
1043330
160673
1003371
154907
525785
921509
191007
176101
456056
394834
598549
24866
182911
310442
286545
593167
214417
129265
726616
460673
733870
271164
133815
690689
679088
595439
64982
1026495
352209
319580
838876
744460
338043
229967
437320
166147
71763
267168
311889
92105
160331
33849
226369
1117936
123268
103697
860142
349958
172259
36474
92895
240470
202635
937509
407236
160140
132282
194709
125204
388822
345805
323381
478933
1133467
191948
27665
822453
245502
285463
259853
265998
513667
102078
200920
251525
231509
538544
513169
736447
186012
233413
301876
222652
858182
159362
413306
404914
291336
814653
771469
713693
463741
301534
133295
233543
152572
743481
330615
181341
166114
199876
191012
433464
264612
168332
343055
142697
320347
292232
127690
728571
439620
272476
715523
413170
460727
343173
425898
233484
173520
667330
293811
246956
123248
680009
599161
715131
355772
96800
103078
257171
574104
101180
492846
288019
161749
743442
472226
307889
53935
489992
220512
131306
131168
85148
221273
142984
853015
690879
201613
176884
691105
175315
148321
128905
244893
412266
592099
189833
923403
177080
66741
33487
260883
340244
282650
541723
36651
320729
178699
834294
187218
168401
275050
616577
188753
220778
39212
598574
60348
294645
736804
268499
557910
338711
168450
734990
236629
273058
174718
116888
392900
37561
2824
436593
411988
184036
191734
694085
891277
323859
147760
390417
177915
353209
801695
694349
3109
181141
125826
547163
190445
439243
124976
99656
670857
410824
342721
898704
212289
868690
325511
948552
769668
568447
174232
574143
247975
206345
1065810
2812
177828
241898
341696
494112
411205
492893
185696
104051
185689
605877
687322
293140
620490
637804
207411
162184
145342
707836
753828
181001
160270
219597
112145
73894
214329
126086
124642
279514
222550
213603
650815
162724
422719
803701
256914
675054
1000950
187044
13814
65594
373440
618598
184149
174008
187711
293497
692063
379530
814379
356924
310867
689990
166316
1039
251370
384602
243989
320762
692686
328334
1051073
641485
163630
749222
726186
252268
222074
285526
61438
503455
286569
165377
288857
216177
325410
542293
177584
241684
294051
414344
229130
183436
659633
235578
291914
301524
269076
591674
419288
200921
311511
381049
164884
67159
599466
72566
559957
263283
196853
651002
198070
93158
679617
324200
194999
332696
749137
942902
754897
685055
855428
813539
382188
263982
257843
925737
550419
218898
848892
354384
194446
206567
796901
627164
353674
777775
229781
49152
313604
1105403
44010
168248
1079896
6194
887060
192249
470198
90246
201485
352930
268730
554952
155693
360507
680646
72917
203058
690351
636178
83304
231467
584
318662
445514
321824
86440
30561
107503
248723
379589
219509
626720
492491
261951
285628
287733
1119714
404114
460807
23209
284785
366568
28552
713655
640167
201383
270851
187727
764661
441202
189500
246913
275881
1122020
188774
1124827
795991
122181
693768
194761
262150
383421
217173
1029168
345862
561801
192221
9564
342060
753415
867122
365383
435630
197967
329209
170498
541405
725945
421507
123699
229802
59647
207428
642235
188300
25924
314157
318380
253923
60019
25732
331026
104154
378554
327793
282735
820136
863408
70114
174492
316518
788259
235271
57802
1090065
234937
66593
64315
335536
135199
337932
205737
124409
636429
447626
62019
231991
790999
1009875
417486
364774
377527
411379
1087519
350073
549509
90679
281746
355949
1043643
145200
203536
193374
231936
287963
527252
684680
956804
54891
462533
254179
246349
194721
45011
252737
396211
227517
155762
323122
1052635
217221
135275
264616
