683352
25362
249069
104649
657449
78749
13127
20071
1239
96070
1101
5205
39102
222850
29202
90535
104677
73018
6400
86199
3424
32997
26084
102903
21068
108489
69876
642782
51082
3491
57269
24522
729
469
21159
20619
62903
47848
20095
24732
4385
179149
662634
4185
1071
71885
30395
87936
883
252756
1587
29772
660534
104908
38384
19578
38366
928
69931
1210
693282
8919
362
80439
89639
21352
662158
2196
2774
18938
9954
1039106
645916
62601
66332
46866
646628
2485
8256
71193
62927
90028
21306
644578
263711
4480
268336
3008
91958
47794
1036
210612
33588
39922
126853
1494
648301
202
1190
114921
122800
18858
20234
131465
112773
516
78799
2500
281844
8856
82035
123869
143923
2834
92788
12407
672567
220678
63994
2973
642989
104098
70578
78498
950
62726
18562
19241
3433
20754
662157
24977
13024
62206
2234
376109
173055
20857
21289
14702
266855
38388
96241
20795
25845
77260
4050
21814
78046
10941
212387
118789
1013584
82325
92791
64054
235805
78611
63442
196045
266820
88604
4333
211515
20243
106596
665749
2759
694932
104956
700066
126137
3162
2720
105545
3523
180720
7904
889
275
82109
160789
99752
266942
35660
112049
403
175715
94013
280435
20586
20762
166277
22571
661610
833
20081
105775
26102
30851
5826
657377
684215
21891
33781
2367
63715
55023
22788
648298
2427
108623
5135
20532
574709
21057
658459
92962
2511
82837
105996
8359
2708
93598
35522
19462
866
94059
484655
6412
1489
155515
17943
751972
2711
11356
105
884
1583
24665
106354
23129
203272
642861
3673
643719
27976
181262
21019
642305
1259
662350
2559
642550
25446
2344
5215
220918
104848
27685
155431
18613
649970
230052
60312
5862
222462
31753
47496
21239
722
3899
31080
116987
2328
106976
38585
202747
3101
801
104347
115240
146937
685071
4541
18172
5872
35439
678999
88559
2525
5004
642490
111217
82415
8879
9239
3916
561703
77722
5961
1852
1147
134082
515983
805
642
21241
742
37255
60324
646255
650456
27543
61543
12892
139436
6210
567635
1845
93020
2608
122825
645525
15143
168595
95557
97346
21125
37300
195537
196
4
115222
37027
75043
43612
37063
1009453
69794
21080
4821
3219
2810
357530
38461
72481
657357
122910
2642
254926
208847
3371
75543
33669
36072
104574
18213
4561
71084
69787
6048
292706
2294
132538
20278
807
10052
13698
10402
1104
26352
108552
649243
4995
10851
646667
62875
18105
663582
636561
166737
20044
185311
156906
110104
35545
20024
22853
21045
4707
96926
226567
660454
1013167
20964
78636
2844
2282
9734
4844
215078
9059
71743
27203
479
196423
222785
70551
16013
222053
108601
88450
79719
131027
212745
112221
108617
20363
1495
137363
1034426
92776
21
94026
7200
6375
125412
692623
62524
758404
20411
11303
20011
3477
104570
1226
3665
72639
90860
52304
77110
950752
78450
3138
95569
672244
63347
2962
154085
881
1006696
141957
75697
3557
111987
93659
24201
20029
92731
108324
139880
110697
5929
105451
18763
518634
72399
646347
521930
9862
91763
101749
111031
91525
104540
73963
78419
1244
4892
38374
160799
107817
2719
14878
75799
684303
122093
124590
9849
140613
24420
106972
642536
636605
47565
100179
102936
8228
126756
20813
658388
17270
660573
907
11023
237120
59667
92009
2423
107678
2734
4562
2205
1152
204259
4873
69888
76293
107683
30173
4921
9286
97027
4049
112150
1011428
3446
93527
21576
1011763
3650
9405
20836
9109
47763
71125
22938
27004
687
166594
280986
1886
407779
26753
20067
647869
642667
29579
17301
28895
2846
1679
8184
27803
11866
136734
793
2686
850
30363
4435
14371
120468
660234
269925
122779
20230
114324
96750
642877
6518
88556
22224
18792
1168
482708
4904
684318
100129
3168
312265
38409
107011
95958
37129
9344
41561
732340
63732
997937
4767
128675
167
72469
300374
713508
409103
2822
1232
22947
271591
90018
17928
18863
7843
21789
27836
37408
20988
12205
104683
20306
468845
2075
71119
10549
123485
6810
22014
1917
71075
154043
234692
20753
4440
95809
3750
419378
136796
136958
373537
33632
96186
85879
646367
78525
109022
118527
649234
2316
64097
2782
4814
2765
20868
77502
660238
687376
3683
130317
6475
1784
135632
1808
52863
340
1781
39126
183642
4751
104299
9389
8607
1203
695747
1179
93926
125673
802056
94348
30212
37398
131024
694078
22367
6269
95584
2982
21310
72724
32497
4894
15402
110744
25718
11608
645693
640017
1860
114387
91268
1007994
311747
30175
700
6479
725875
164485
1048329
22845
115909
583
150243
108543
51821
8438
85373
24033
107900
888
57500
12825
234488
642475
2422
17743
5203
702853
343346
93028
60085
28261
30020
7881
25872
122853
215841
2538
63441
106417
109657
46218
23127
643385
78510
129397
62754
30295
10362
2840
890
95218
660219
1243
7416
20870
636736
237683
1118
4998
104149
211511
95687
117500
1356
846
109988
6267
159927
223576
17334
93665
1541
20110
64017
1311
106984
5693
33869
636156
272845
148896
8335
27791
75287
93539
135816
4935
71233
3941
22246
2117
33783
26633
643279
672652
30291
3610
1490
728998
153702
60068
52758
74838
989
3589
28179
1731
4613
106500
693875
3600
11726
82220
118647
831
38315
64036
28938
25715
21883
1289
1707
27171
87942
21341
31781
642539
172078
174593
21086
8291
662159
69853
53222
11905
662970
20876
2953
186567
20178
4241
8809
111147
9305
15499
26781
117088
105766
129912
266843
29170
43743
32877
210399
919
54527
33
25098
93
92310
2515
60540
173002
78271
698535
50680
643148
37661
170334
3925
38518
170155
9440
95749
37171
47783
30292
26425
825
47860
138861
298366
97106
1271
100795
20635
684219
112235
6572
177276
230019
18571
1574
10418
1858
1182
59865
639961
6386
77327
992
646684
172974
4973
5926
6415
20150
20454
645647
17685
78676
697830
40404
209
124592
90080
30374
284254
17404
77607
85327
85345
2286
26520
1754
107559
1273
70661
649225
77935
692381
75044
1505
1507
27822
56925
5234
179090
75183
265255
1258
4942
79641
660221
217570
3112
21473
131799
22512
178457
3
643569
219236
185904
28559
79927
62624
21346
122395
7827
97413
4842
39551
4991
266503
677561
1710
118773
1265
12074
104903
2378
74227
221675
14466
678165
20737
112201
794063
91349
4909
80178
62833
167980
78650
2473
4244
673215
130299
63420
17263
30973
14484
104127
1001507
134032
46
118531
88678
8382
4220
480825
289190
9061
8969
33893
4783
202789
91651
660478
37030
30248
80175
647339
20280
209269
406
4418
13567
67923
113440
154326
38337
19997
155521
162035
2635
1224
640016
76204
104537
695405
104365
24395
8468
2499
105477
6013
59369
38246
167570
57914
154555
87405
118398
838
862133
13737
644920
20323
104539
674
35756
170101
9357
96987
79474
63568
6437
956
17287
108796
21139
20823
117346
106988
102617
63674
199945
197779
17283
676602
271289
3306
20848
69320
104582
102942
162026
91641
123842
951
77306
638817
33635
643724
20014
91972
169962
26791
677881
66715
6425
280407
1708
3695
11479
16019
78649
4406
118729
97975
177059
153277
8000
311
62336
3048
11923
100803
1910
19961
9450
25034
9348
70059
192814
649373
4279
3739
97119
73402
105192
1820
116906
106983
23072
20796
122914
94914
17202
12213
116497
354197
117130
125752
997404
30184
3538
181086
642663
3099
86295
82460
92639
1070
20104
1022475
649853
23840
689979
72526
222761
642746
633
1368
86340
40330
145011
84948
116
29769
37127
110220
70085
7376
880
101794
13043
57300
186239
102389
44005
13499
177792
107207
679090
676429
295011
645860
4958
168305
97010
143828
25683
3948
282823
1593
178876
150063
82068
158900
1246
124908
151215
113768
11879
79180
21051
510
477
255
105327
226946
694116
2574
106347
218037
642689
639962
44012
2249
114445
3482
1967
81880
15472
772
188465
674207
656695
63717
649123
4293
65170
92011
79813
62719
14777
96419
285863
2768
8026
2032
683618
1002218
542
77295
3594
2632
643702
47454
16332
17416
19951
679657
95919
658186
104131
25520
27019
4443
1069
16050
35290
11852
69856
634
697492
110194
698531
24456
5394
37956
95423
108439
8690
210700
228813
38487
85280
96585
662160
10049
124925
245683
5995
91448
11442
20256
686673
93513
2299
20802
77319
148291
360505
2732
63455
6622
164266
99646
402216
24340
23796
856803
133462
46720
673984
39546
37140
1041
17215
4864
645690
1108853
95895
266851
486880
668235
110677
190101
139068
29598
77934
35825
84538
28195
180467
9945
661399
101920
17342
21709
27053
21761
77591
72708
527
68024
1242
176623
649455
29673
92779
646083
947
656342
78451
9492
36498
118615
8497
94069
643183
55143
75567
105409
38541
8745
645121
9181
3119
705
38470
278192
63405
1252
7840
116365
20572
679086
33541
32235
714304
103
126287
116542
661458
29035
47435
10036
101442
17361
341247
2425
22550
3220
1034824
20579
20201
684441
207574
3533
9355
50539
37184
200695
104323
376276
3912
24198
6964
73236
122057
645702
111149
661951
61867
18750
29823
1381
790701
96886
283992
635830
114349
101639
95178
38308
96573
63672
231216
93823
349270
1024
66367
93634
104102
35016
701
653253
91992
4301
6540
16777
1354
93205
127076
4994
127360
37277
660488
178634
211105
29999
77959
6331
23273
231453
91938
158905
2497
46617
6399
122768
30082
29949
111482
96350
2057
6710
2250
107408
5455
95581
167685
143867
10031
214319
104181
6443
37152
20867
104555
2197
20863
21660
63885
927590
20686
78622
484987
13978
646130
91014
21137
6322
71
38428
1431
18287
110099
658527
8018
20153
1883
22755
115673
150209
113604
4531
8730
15346
60362
5056
29672
1084106
26032
6939
21040
30049
108563
20087
27682
716316
3231
21916
12365
101610
106933
21053
10843
42412
77275
513
4832
172747
3549
179121
902
101770
27792
97297
122974
3470
167590
34901
2483
72498
8924
17713
1060667
244830
31884
662115
62564
74619
177028
1879
226650
133074
14250
107770
106804
20784
115889
766605
272279
111523
12115
748795
229264
1107723
62842
99715
92604
24739
4805
175287
74645
2301
2049
122727
88985
271961
94614
62528
103155
591696
18914
69825
20031
84977
195079
19133
29397
677793
35896
133327
3583
20720
58653
27297
181159
35116
675
2026
21112
5182
73230
155191
85697
681360
48558
20077
250201
66013
213206
251218
104690
640862
24482
20486
106024
25591
93269
216432
94524
26574
4221
100778
79781
8315
21163
7918
117714
64104
8617
3872
33392
186563
2507
210694
162223
25372
22465
43
160868
2420
352575
355471
4689
684216
245365
88573
9149
87867
127364
62613
491
104314
21029
203
87204
110591
24020
116989
3564
117409
7962
195544
64593
38345
190610
713388
62006
642784
74829
3926
134967
102606
122797
77474
6756
6533
9027
62632
802
16438
57936
4112
11904
11331
643033
7509
27538
172933
62571
662416
105750
184333
126085
104434
64787
383
78382
649209
257654
29974
2761
3976
100740
33537
21297
7196
56386
19616
104698
71153
118853
30444
11377
62915
176637
93296
59983
139489
92745
104643
96928
296
637262
95411
20455
178495
20829
111520
4229
8177
226625
2349
195331
4852
20770
21065
143842
31427
105906
107399
793637
136945
65403
177456
649092
78907
20990
3061
9162
60320
70137
9893
62629
1834
661433
67931
1023
73060
4771
228572
4876
142965
5129
21472
604207
20663
101830
10598
18880
95344
111279
106990
454
4368
9402
20145
162600
170905
661408
3516
7730
117742
213776
106883
19943
63632
101463
665215
66737
651571
77321
1078
33690
154182
5156
8171
270023
105171
20326
105941
1811
229006
18679
33826
5847
651485
51613
2135
5858
20049
20522
279498
1450
105313
2548
20434
155792
20508
60982
47764
110010
20806
106577
1704
206327
195579
652230
886197
6625
748616
84193
1282
96710
10826
649232
14668
46868
107684
175594
2571
20390
114454
20193
11109
69807
57887
642509
164600
4300
210918
100677
194880
1149
21549
649315
21573
5037
5463
117365
95308
622419
209970
616
91921
20799
60243
9477
40488
125688
166662
78582
164636
221169
20216
104132
71195
889125
4718
83626
94739
196614
82158
59559
91005
77273
21304
66391
140350
16969
33032
23189
175773
661161
109457
164658
104104
80488
21097
5472
145166
105525
32575
20558
764510
56087
428981
2724
20288
20557
118703
75027
49800
15152
810
9040
27801
20933
80008
77
64200
79795
20457
122118
7559
77252
123134
2693
33717
24920
108500
7784
401876
1185
74738
21430
60226
27814
84174
645679
39064
49056
5495
154694
643172
22450
4623
66436
5892
94924
1837
22745
664092
106467
2303
9403
645505
20789
92996
17378
133936
640363
2673
33920
104696
37403
280692
316
29595
19916
63601
13593
293527
106404
95551
645631
434
14569
20977
94343
78400
118871
1828
60602
135397
27422
4735
2251
20401
678168
181087
24851
15691
4454
135453
3675
69841
867
164431
33129
636782
191650
132779
12366
20669
37201
661449
20654
1896
65842
175824
91291
640300
21301
63544
22828
58283
657913
20551
4149
25118
5009
51825
95611
373312
20364
87909
1021162
20675
637477
71218
72485
1058202
101817
160592
87294
733531
63138
645633
1059736
96915
16048
84866
114111
167699
8364
20941
33787
14269
2727
93864
71132
96592
81734
20937
11945
672259
21142
8476
28921
6524
108061
111352
177753
10156
21963
31313
101665
15585
21329
90522
78640
108161
136042
23785
43172
109545
20277
104857
17258
78813
17709
696110
108832
89770
6659
77613
212500
2232
23056
3971
2661
1657
132511
12881
5060
4872
5594
37012
32110
20921
28051
2575
20592
265293
47544
170698
177835
166763
3553
104534
181147
140631
86430
671628
4398
22852
193016
20539
21725
91446
2222
87522
384
4897
117323
229922
101094
62068
63481
63440
64758
11950
642838
19996
28925
222814
103452
12926
164218
79195
247893
646129
2446
110087
87930
20666
75026
887
313757
111155
640379
32
167815
2513
702943
6473
17154
17906
92929
242525
11916
2372
2898
202026
113744
648308
3405
661498
307598
661383
18204
20137
51781
30285
661937
172077
657591
6722
20410
21170
18634
104196
228175
4910
6640
78652
642787
642457
19808
717
33936
105465
17414
79383
1454
678965
717436
2470
807472
12114
21217
1015239
4463
97383
165998
1384
647829
1027561
167635
21460
39613
166041
2629
38269
11869
658187
293675
196406
33620
2527
22641
177990
120
96729
90212
122761
30907
57761
17391
46950
96918
6429
230013
183419
84449
101705
20746
4895
50599
85583
20409
118893
388243
33741
21017
58412
270806
6465
21202
71159
240849
11909
162105
78273
645583
63310
459539
2131
7708
66336
158585
94297
20892
24554
95337
47714
112163
108430
13635
747669
107224
85285
226683
226157
107575
110664
4730
61023
661448
323006
8591
6422
151525
117309
82334
367705
20327
659104
7961
100182
6676
178776
114327
94319
11697
124040
1853
37057
93419
5064
77812
661206
21312
23143
14415
671685
26666
180990
642499
25752
71076
9414
89635
109683
96767
1077021
3929
656643
718
104700
20750
4979
99790
1983
27109
72528
122924
2703
758957
134924
3889
2020
20010
20999
108697
96567
37353
8890
377
77244
15190
92812
92289
218913
25256
21957
30627
104704
45456
56141
11919
37314
1007432
175633
93930
375774
287783
78186
377804
30888
642501
136286
33831
455314
33591
12094
126107
82462
26856
4889
21300
29149
201469
106468
101619
20194
11795
1999
29997
638610
1041808
269348
4347
94705
46682
37315
52235
95622
30690
9324
192965
80042
22952
155184
21222
74868
649536
37344
668078
662073
731
12684
798581
11519
62575
9291
60392
20817
744
136951
222724
13771
6460
20494
1735
92132
92686
374671
20442
686664
641045
77330
2539
28961
21261
175784
699925
104844
3515
178221
184300
4955
138511
7621
30029
6018
4945
80210
60254
127822
6550
690002
18841
20513
219246
886
195547
106992
107811
6747
37313
20519
175751
51113
20902
100126
167764
11108
701577
160788
645140
726
310
642745
397313
21640
30174
151220
105413
1073472
8386
105014
106959
4908
139157
8197
89585
2569
4459
96285
1012
101532
1085020
38343
104533
69813
240741
50317
93937
38387
280660
6462
847
219813
181443
69879
1081386
67714
26087
21276
11822
85903
5175
136505
133185
187112
297710
649214
715561
94961
1063987
1270
711483
108510
3803
82157
3903
22409
20359
87758
18208
107485
664171
126709
82118
916
21282
171839
23395
176039
63291
39169
91503
307593
33876
642478
660965
530631
21451
104881
58922
126123
2576
59979
89745
1088
114984
105911
12976
646346
66334
687570
82472
21061
146802
37290
663799
104136
21014
24304
18065
8744
126034
736523
645643
218666
643161
21551
3403
15352
778686
92300
641848
105241
600631
83080
104163
167881
62828
171754
6654
5114
83987
20413
3408
6326
1021638
640404
270957
328122
307564
222450
20637
81568
63675
69934
168057
84176
656668
20664
20481
103969
407839
371541
865
104462
640364
646478
92521
2879
20505
348
645456
11931
6536
24184
94578
2472
833013
7166
20375
20345
14694
8682
1592
63923
132507
104543
78420
3080
96570
6385
4642
649240
905
50487
3727
8834
119047
452015
107977
108464
3840
117549
104375
39332
139851
104706
1059
269886
186755
2607
20141
44004
100453
7890
20587
61517
642713
80078
266819
8791
701424
79689
2599
620268
20055
61350
30643
114470
60132
227993
22566
18854
20507
13696
1362
100658
197574
108611
4630
18610
108221
194460
1160
644577
88958
39681
60166
4383
8540
1636
107260
658371
661664
1063070
239656
20483
640822
59846
77342
286663
25861
25906
22467
30338
10009
155186
693780
324178
62581
25051
94664
44980
105797
91346
64022
1316
80244
31800
874
20911
79072
104177
228277
97003
31842
65981
18798
6459
78750
4009
90542
6139
4925
38017
31413
20826
9211
37961
914
22573
93945
2683
647825
108982
3511
646046
96977
4242
10699
642529
248
6594
3234
101304
2852
1007
162944
43724
210697
97312
78757
77631
3459
88797
20092
77763
188071
63956
3490
642613
148855
122669
11868
679347
640046
661746
109670
2737
139469
226566
24064
20164
83818
83855
1018
317
127747
90117
92771
90811
21214
104703
166695
11586
31274
90869
398662
105105
16697
1814
2134
218011
108785
64077
98198
2710
38321
7858
105821
94693
9895
104128
4790
684316
5701
20035
74713
117935
21231
11834
21237
169
640934
17306
241
59878
91321
38372
21345
208974
85658
100841
4962
104634
67446
165534
20714
706
5044
130733
37068
117265
58489
4696
473799
660325
640858
5860
15195
1096524
226075
210690
658205
43019
60520
671653
25855
123221
138504
110002
3792
4905
6494
10053
85015
138567
62167
5177
105791
20928
6819
661421
72684
20369
4773
93528
1741
141854
5340
79243
1272
126133
22994
3883
686665
19519
65029
49791
43513
7915
11902
20205
6779
147147
92796
8943
20724
645869
18819
422
4106
657919
29059
180609
118768
221413
23631
157966
3996
6717
47556
47826
7878
11350
59485
20252
315907
160416
104293
16686
643250
94967
270231
3537
3375
657640
54813
11837
90545
88005
208327
4828
186778
687671
79808
77298
143850
4965
6211
21681
12111
714495
140633
20032
339141
85780
4553
21000
252958
47076
102915
5855
2121
88527
136695
106709
80238
1709
18370
100881
96711
155506
949002
38391
95064
60047
236583
151061
1063971
21116
69812
96360
269323
196483
105078
638922
664100
48853
94735
160838
96581
19223
21599
186775
3708
653429
30618
89583
1703
2265
96413
16129
11809
107270
19033
46525
4303
4728
33595
77748
276639
2161
20692
11009
104554
29504
290
33562
23816
36711
731966
155374
21655
6543
231364
30648
83377
1269
661996
12781
59970
82097
11849
271288
142883
123
85746
2503
2172
701371
38510
20582
108463
9378
22951
3478
91405
1997
2320
107560
24070
210038
3514
96919
105467
2809
13641
6309
177094
646289
218269
66342
15895
2603
27683
17825
90534
18684
37250
17714
24061
3973
21604
37954
7104
106968
91961
95252
214451
644567
6427
705834
20596
115932
11355
26662
276579
640399
37045
63945
31406
167712
3551
174638
73320
96119
31300
63838
167247
1688
2300
86289
645639
93404
1600
667483
13991
88732
78254
47706
72405
4763
4036
3789
640628
1008530
1001949
106432
20735
20303
190657
571
638808
84872
181171
3160
33860
82009
123828
172997
420043
53813
18619
109661
29552
18799
234689
8545
94199
22776
9358
166071
1167
643162
94409
62545
63979
33694
5237
20315
106495
196559
15577
662219
19583
133284
71248
145369
125849
6510
704607
664533
622595
2779
4235
1037570
5546
3217
93225
2480
15151
145259
108608
20603
5050
5048
77338
20781
2479
4082
4986
265308
2462
95655
18054
104938
3474
104689
4744
94164
4843
29565
78345
6287
53526
5702
94332
63977
21351
88709
1066345
280712
147552
175423
662614
89985
36333
87872
214213
4248
92717
8516
20076
20862
643683
22033
4879
361817
97108
231819
118673
176998
126608
7114
37352
22892
94728
20580
7886
20726
122763
178511
305336
660237
481204
7524
31453
207021
4648
1986
173813
1032183
285127
11870
662331
1011424
19722
95
125067
155865
656730
3555
7394
77993
174821
6902
186461
156376
94238
20078
118574
4305
642676
20422
95109
95010
63973
9331
134101
92359
209209
32690
89313
36283
8705
117483
121350
102879
237762
19854
37379
103001
657924
7135
16875
179072
1041416
56644
77979
14205
166656
29522
78603
20218
219529
245233
18924
188936
101933
175458
11933
997394
3229
54488
106247
109544
8480
20001
94504
30339
4738
95357
20910
110283
643094
94545
822
50549
265315
20589
209690
42129
672637
640936
72541
662155
82327
5671
123100
10007
38282
6753
296084
63055
366
714928
1014555
4860
63475
122710
78575
78446
646882
12293
167738
21143
92107
20231
91995
38381
177282
16378
306892
305846
644785
28206
21685
1049
1096010
15289
31592
11872
30833
21207
25127
690
74759
60443
248393
24740
104463
60955
638634
7577
70572
1499
732815
88452
293716
240882
33594
75097
74674
118778
23472
4194
63683
63427
4501
83102
12987
12950
225615
29570
169421
678373
636746
176213
2373
105793
693176
94825
658204
79309
170990
661611
21158
645673
85054
20368
232851
14029
429
20842
91597
12443
141876
20106
288
50223
20432
746834
205655
11850
4028
4258
7789
200414
25679
6404
648907
9236
26334
20835
3601
63847
20400
263692
21203
9383
1870
3900
447
182173
224343
100127
72527
2245
29195
133563
7799
87124
2582
10284
197040
179192
93857
6812
59764
51500
63426
36654
9024
118922
158965
93907
114465
28556
60913
112301
113679
67667
106
29977
81915
38390
29840
38472
155234
167287
33622
3307
196297
289368
8558
74803
652673
460300
375
165549
642645
1498
646193
103913
2247
27514
77217
104130
396761
101796
20385
96359
68030
24545
1044927
991906
101697
6457
29584
72524
1054190
439593
647663
4759
732816
8368
113732
251431
202769
110902
141746
152722
158754
642718
9330
6440
1250
278
35941
649283
90897
159669
99290
4372
153584
20657
36354
752362
662189
84871
14638
4777
75228
90607
379920
63531
5466
175713
16694
158592
644543
656716
113693
198732
106166
5788
1108018
96945
130290
4363
643376
21627
60317
54403
679387
96115
646231
30920
71238
100358
160870
643765
18117
727988
16235
11157
270785
6067
8202
7060
79272
1008
57575
86202
37670
10361
71564
77312
104747
95635
642710
101695
147006
848
1040337
79166
97188
210201
1706
27889
153310
166047
2689
174682
4216
3769
135094
29797
90129
210675
105464
1998
1996
94930
8178
20417
37973
1249
40844
24616
645172
137523
132891
62638
21115
116948
21343
31138
642672
161498
11910
1008561
3677
6838
96904
3641
26163
20518
52802
1267
172826
77139
255352
67439
84993
157840
169703
2965
1090
206751
1006489
1029296
2674
106534
20649
109407
267793
23947
23009
93567
10110
77819
2741
1751
646419
639902
3009
37515
23235
60563
97513
20972
105141
175666
702852
97391
118692
199492
1885
105733
4946
63471
164517
11542
658111
181324
118537
3790
1008964
124310
30032
715559
238209
710
96487
29280
71067
63547
1856
3651
1073128
62966
20429
434429
91327
147056
367947
90502
5698
4787
151914
1819
272522
21081
67434
226887
730472
214233
177076
6633
698840
60300
2244
35393
8839
3618
20602
3936
67755
37259
373031
87251
47409
30138
781521
103453
5183
118709
100409
99750
25097
2763
88654
639858
21877
96363
4007
11813
137982
20370
55879
104091
20774
200306
20466
258733
63808
72491
6265
1124
187669
20121
101661
136554
266505
92696
639471
20052
2227
123297
146359
397183
3927
80254
2105
660553
134165
696115
118787
415138
5792
803
102513
199208
42962
22464
82340
104320
237739
11823
11914
85292
53008
231142
123419
3422
92306
24052
42960
30078
38397
166154
115873
3305
95446
135120
77336
143837
931
169689
94185
6576
90851
22551
187277
17927
183729
460
17870
78395
20845
10
40025
2416
11900
91527
6578
277946
62792
86639
1156
676082
64116
21016
681378
16187
14823
4314
104542
47555
112192
139618
2054
126104
1750
1844
4259
4382
96561
2448
67925
217121
126827
645628
1005895
175711
24391
190367
7125
267663
20713
82142
27816
3869
862
272040
116606
71634
2363
115951
102395
354217
218928
645680
25556
73352
20748
21507
269981
20734
853240
754282
83929
917613
107567
104031
1097739
216645
184029
176933
68010
7146
94301
47546
165918
1114267
95738
646812
94550
642771
6007
51397
107405
141786
11845
159641
96274
105581
645120
297166
11167
72409
6384
1066251
73232
927
236619
642664
79635
187212
616938
30118
8083
72525
20780
54503
94246
90888
255392
3837
30165
118686
172979
1872
186771
155
1043368
2985
78280
2360
4861
87927
70153
94989
49687
181264
95051
20112
3450
118852
26742
205673
106932
104135
1018746
119724
665214
64102
20685
122900
15976
70143
21025
82945
1038962
643181
28232
95527
78606
991893
104841
646606
4833
12611
104133
144624
30952
3401
145249
28514
642503
123040
77291
217380
104244
3667
518
5446
62850
680363
6674
15715
126129
21250
107899
63962
706551
71359
20538
713320
637333
151639
36547
415700
337884
176905
4741
118534
213891
647043
60224
3360
79495
5451
21468
729517
37590
643165
57929
1294
27648
42946
37048
25930
92972
49535
11744
25933
4997
957446
91311
85529
107971
24372
16260
94659
8700
105934
35447
255075
95523
20239
20210
9468
27302
104407
182884
33494
25919
661391
20793
91261
117128
20083
461
9258
20976
17435
647872
663315
5848
16405
1319
95945
102376
7719
1066844
117224
35396
4364
102368
4324
939
4820
91287
18783
350
131710
105925
131859
2430
111330
20297
17027
88912
3005
176624
4898
991775
90000
23582
37347
5925
1228
6224
126037
30407
95908
160751
29305
95562
1171
3638
93596
116547
103193
107367
30242
4488
78411
229411
115986
247255
148763
10071
70413
60213
20733
223184
645490
3740
97218
134005
21192
3265
216122
30814
160728
689813
20687
100760
21013
224770
954
104134
234659
327060
267270
77352
2149
164829
77720
11286
515150
10004
14
73213
157351
68175
20639
222328
73158
20319
23496
641835
168002
27988
266594
11856
204928
20033
47553
23133
71109
110556
19999
9949
133536
85052
3221
79929
110393
95407
177390
19379
114089
107478
24536
728304
84996
20158
26353
279476
20266
9742
114504
642567
92267
17267
37120
737767
22048
15904
880810
69791
22671
2087
17480
17716
77322
12609
4121
20189
9304
89426
177006
70613
93310
1107700
69786
104553
27739
660678
61315
20554
1794
122510
661070
37334
113
37384
106648
1022511
93723
657993
122850
63413
103209
216585
6721
789695
20232
71460
78677
649527
8724
67766
48598
80185
176957
163176
26989
20034
1612
189536
164256
166705
105628
236902
21055
91410
9449
6599
3388
97015
182340
78286
234640
62228
108655
657587
21020
639567
19598
234683
106694
73005
231057
106214
3802
155524
692578
40878
26479
167694
105483
15900
2123
264206
656425
701317
21042
104532
5219
303625
175975
95079
93495
20373
20576
20168
101524
3834
87926
225402
62652
97114
19297
521623
17
11806
31253
17845
689971
1015038
4847
37132
4237
91172
112194
741544
101169
8490
97227
645568
234735
170448
7941
661924
170957
141
490791
7779
8043
64012
3918
160869
24775
28148
27038
174590
104019
32479
642652
212394
19724
23036
198858
24445
108901
27246
18733
244616
193863
130346
1733
18147
675483
101754
40403
21052
5453
30060
2312
84683
643560
30133
60278
14420
77598
63513
681728
93322
277758
4868
661360
303637
21186
106348
20157
8859
16049
696294
82026
23506
146934
157654
217686
14266
66987
800
88978
1813
1985
15743
82623
93278
23462
62729
20715
30637
662527
4856
104675
193227
662383
100270
30933
1261
305845
21047
14812
117388
97417
82140
78894
716446
63640
1601
693867
741385
43734
108834
47239
117359
78951
3978
71251
32639
60204
63987
90880
787053
175138
40015
3886
12579
26673
2307
276644
67934
6481
20672
96245
267786
21353
20358
62826
155517
21028
183844
137217
22888
638895
82156
91966
640047
108537
33864
240396
90511
11458
101603
38519
175710
148678
4851
37054
5108
1037572
649399
221756
37297
1958
262386
663016
280059
510517
4657
107928
288850
1418
77300
49688
20520
26377
27305
20394
1063308
2520
18519
638603
177293
2528
3473
5035
642480
1163
27644
42336
32502
646
84856
21632
5059
9473
71289
274921
657994
1056356
92506
105126
105206
105822
29697
89363
188807
5091
145279
64109
295326
107341
2775
112199
16940
91488
193859
208123
20644
7028
93375
200416
24778
33605
125778
8874
177428
222602
6830
85314
774646
37207
114086
222445
24803
566331
2685
656712
703683
23000
132260
91411
160264
686674
3195
59613
4184
72539
643278
2085
13449
267788
170621
21783
640928
51841
63585
133389
673641
60890
7651
72602
177788
62252
170674
118598
966
206388
106318
175792
1522
645576
54113
87892
646087
127284
20655
93377
122283
21350
96155
195851
642506
63896
77899
118585
91304
107192
680246
218567
6587
639869
3471
110182
354125
101772
18674
1044823
6651
23088
138525
87627
17295
20906
85351
677039
116951
89705
912
22874
94834
324522
77316
47112
11922
241905
6448
95839
61397
640973
70818
20717
16255
178452
78620
9800
17256
84907
60252
122111
11952
78779
104606
660940
2519
71204
107600
59934
713991
122736
680296
4913
28919
692167
644790
85449
788435
29789
78577
90589
13859
104686
221835
172961
1022568
266858
86058
88575
3332
207980
153647
75076
20567
659796
90074
667087
991740
998605
657336
71083
90780
335
400047
7856
252825
170008
189364
9142
29566
30113
7487
40290
20289
60452
8573
647754
171737
101929
90781
741978
89804
9233
145945
95877
276656
821
94241
101792
1417
91276
20631
123311
96582
91812
2814
50592
118717
246036
23406
82146
884241
1176
9021
9391
86581
66016
78730
57889
27562
9997
186485
20912
99484
30322
175614
62808
38298
25920
35594
278207
648927
266862
87857
2152
5480
70134
60553
4215
69818
140058
51938
103824
124901
459972
22402
38457
644314
77838
26380
3425
107902
3842
1089811
134096
113813
640978
170948
25791
231066
90691
995816
2306
9349
9212
63301
20066
719
90975
208886
119031
33623
64061
2557
1363
20954
30349
71038
90498
34030
9883
1351
303039
637281
134039
88347
62149
26110
38528
66372
926
16371
137947
67646
26391
30862
35585
3613
187356
357937
9961
124730
129331
661106
11963
692462
99129
20209
26068
1110376
91912
21062
77325
15430
26181
64092
130945
2702
28777
177405
73272
20391
29821
447745
658376
307548
158196
684437
9055
18112
157635
695956
63451
151072
101552
364
1624
82320
104236
108255
8099
4196
10072
46884
586677
6986
1097164
179378
164427
101955
4190
36802
89429
83089
27130
22731
6731
126096
1181
63092
44312
90
648866
331654
75045
1822
5636
7999
3980
640488
95872
649552
1102780
141534
39563
3691
75025
19347
63860
7356
1364
27259
191513
581929
130385
643011
26917
646301
25434
639877
649264
3882
8122
693890
511
92128
21989
62602
21513
94088
77237
51827
27104
643035
20299
99451
20228
203438
5433
91275
1020
142911
651721
660230
167739
243544
20128
136911
52183
4691
177794
23007
20888
645987
31299
713825
70061
94161
9573
643935
20439
30192
679392
127697
5138
740
98214
20658
794695
71631
4012
86182
3172
18249
30131
101902
3354
10621
643452
38015
314653
157822
75008
657295
264236
20346
21448
645523
33825
8216
85493
103278
101486
72995
72764
245019
11906
27258
191415
36005
644647
63819
47545
12254
15793
738706
30813
11955
2943
30238
21864
21117
6709
4848
1832
6289
644398
77294
200869
14541
104936
122109
777229
89951
4084
29954
234787
62689
62877
18088
234675
1006931
800977
16172
3824
1628
656427
1006026
204597
20064
84746
157814
7810
3991
21338
94513
95464
77340
137458
354894
112570
90585
41402
172120
1068
132966
48362
20227
122773
715909
98456
647927
17364
20291
65993
177013
104600
314096
63800
219819
4835
236209
19074
2835
20073
6410
1767
11908
48
95848
23108
30269
5764
154862
195384
4239
809
77279
20199
637244
8423
3493
61364
77320
158582
1806
1039398
266
253448
51945
174227
94503
38317
106268
1991
130557
2841
93556
22457
20660
131089
7023
28946
658104
11831
63025
668181
116496
38091
61390
143753
1892
91298
4284
106434
160176
8514
94168
20861
21032
14778
21056
108680
33767
29193
20013
13319
430361
303834
160814
244849
85568
77269
642097
644495
642564
827
18436
32451
111467
789
18028
657450
6725
919254
37355
175670
206548
4733
13600
229396
20018
45374
296785
2333
21315
162126
378449
4830
94613
257097
60611
93655
158807
30200
12306
9995
21934
71051
20159
33749
81495
63593
39132
469173
642581
172173
122896
655572
20335
191266
175611
30951
698626
219028
4563
9439
21219
2162
21499
660328
238761
260000
30341
72587
222843
29655
33568
18174
93958
88939
8153
78205
189495
1850
649608
193148
129898
5084
15365
209868
103843
33751
28491
6508
19531
1100096
60608
3546
35793
139
20075
139670
663021
205322
233596
7809
63312
178536
105914
234732
170097
20061
646621
123921
21782
58251
93373
33772
451
7975
137283
15708
450915
60495
80239
20330
8548
6025
189332
137766
137824
660571
166730
30923
37138
3957
72918
129268
72390
126741
691952
89752
126117
63745
114482
142963
63634
94190
108517
104308
59608
4188
106332
440890
72597
104039
115880
163440
1025627
99167
104307
95350
94451
20392
31
673035
280252
104095
236988
17086
143959
71141
8110
3452
27373
662257
216801
1015142
59486
37358
6382
11190
6761
15533
54836
131402
37177
178318
66331
343060
173152
6235
36628
30776
17855
218232
96373
153338
96376
106986
641694
665744
88736
649311
78063
4395
23314
6478
535092
79778
94755
678972
21127
205772
17737
3606
123220
20886
6310
2444
8633
63155
641837
196306
134129
20898
231657
68021
1953
592
20163
108603
712134
219445
5584
638614
72534
740772
101482
649132
715780
642549
186543
12682
59852
127388
32916
4764
26438
82058
6151
118694
115391
254723
16185
58568
639926
62756
21326
657551
137008
1013878
91942
97109
147354
20667
178772
101960
171758
8595
638192
38373
108441
94346
21940
431932
321176
11877
22532
19875
153914
165774
21340
20202
4928
5109
696594
1461
179343
85926
72547
13922
4875
197770
3548
649310
82161
1133
49647
23154
74718
96920
70130
25629
169107
94327
2700
354497
38557
176726
29590
2825
143059
3155
63465
18399
41397
44076
675594
99796
21153
5417
5148
97054
32056
151080
209454
20690
33467
122147
108612
658221
645868
110068
89800
36553
44427
37781
230483
2215
6472
695814
23429
708
9384
9531
105859
6780
96553
6647
37363
897666
43707
657253
97215
2555
1130
136261
643591
23187
661615
1025810
93332
8922
66501
20192
32031
41785
272833
118826
100171
26658
7887
160276
96120
18823
92616
3974
107558
71078
107898
107238
694961
2089
1871
20262
16289
63411
645686
5093
660227
75017
94537
2242
4018
1847
2847
4016
4719
686692
122716
172694
18025
59859
21161
20555
21033
1897
6257
916468
17715
23596
5889
376145
7876
40748
234720
41574
104655
106982
657966
118516
7752
172439
1595
766810
5423
18481
14349
20316
30788
20805
64425
174808
646686
30267
134061
142797
643420
121518
88672
80212
7205
62853
74518
39187
93302
61464
1033692
59600
8213
97009
101237
21254
3235
7630
9686
646063
127179
1070485
135003
657988
481
322922
623
75047
18302
6453
104864
189904
678108
825828
11011
94686
71164
1861
1947
145242
131138
20878
64125
747721
28207
22136
21179
1030085
707
17874
33585
12258
79910
4739
53616
8916
125459
80165
11273
125398
6635
639946
14291
168712
741573
710072
133492
1383
5494
313481
287959
198555
43964
322998
157707
2233
75144
143801
33654
1095805
90808
95432
20788
642537
20617
41815
7624
17264
22373
191951
5954
20381
63622
660229
63960
33705
220754
27487
672246
26639
681379
39937
49587
223580
23045
684289
11844
1530
672433
25811
18507
642585
66341
130877
22395
266758
657561
153530
20877
88534
175625
95315
1442
62312
1009462
33606
75003
653975
106245
59601
1064919
118785
60186
94079
9011
5201
78738
4757
26475
2153
829
103015
93511
20761
48511
642464
160848
125304
157664
20423
26562
14716
253858
648307
173183
74438
71240
266522
188438
5197
79267
442153
3848
202733
2213
67947
14086
20624
38357
234784
101727
19572
23566
1019953
21271
108118
95190
11913
644313
85963
56461
63752
126900
104856
706213
119030
64119
26887
33127
20643
159164
125701
1334
8310
93182
139409
640374
27763
9127
158
69821
101495
17282
97186
4588
104427
7872
148254
75060
97378
79215
9038
8893
9327
78369
72682
606760
642571
3796
28072
696875
434141
27035
278222
189467
118529
7924
1007584
94983
798104
644766
35520
70141
16007
22210
644688
107894
265265
303713
779996
6164
68033
116977
10634
25524
4877
226627
53653
6277
698537
81406
6778
4966
20697
714813
42997
653414
21174
105533
132645
313
21251
7830
5139
6485
3616
66500
20257
72650
21187
7818
112330
94579
141845
37487
37244
67919
607
101931
131002
193064
1835
96966
108493
101386
79412
122874
5390
20349
94721
18824
80250
94518
15230
93399
84144
14474
656050
51655
1848
15503
108392
128805
32176
104302
91954
248241
688525
186452
713685
172987
39450
2598
20501
197846
60513
210802
126976
77871
3015
82469
60333
67922
6701
237822
4801
20404
660345
95008
711939
738883
20333
3126
685773
97030
221848
205246
732
154828
45094
63543
21111
21280
4555
62806
646687
133024
642738
62142
95227
195093
715155
137513
93886
4351
116279
662417
3460
2095
274684
3480
27327
65959
4886
232018
529
31028
106718
89771
93706
96717
170880
1830
3709
421223
643146
160739
9353
325182
93510
1899
971063
17119
617
29343
20491
21018
65878
2900
10924
1030950
21781
30091
101624
9552
15807
639979
275015
175804
175688
658145
1006086
29503
63993
104306
14092
6474
9394
101946
165533
16115
202582
5630
1974
25878
20542
640636
651719
16889
4980
6658
644679
5513
8934
193049
11964
16060
185910
94230
63308
7282
16948
85586
21294
8186
20166
98202
182588
12194
645632
6643
6514
62873
696509
82336
28936
174616
167016
112901
6504
67980
208454
159312
322222
30786
270963
30386
29556
221516
39224
30426
129583
11884
172501
21286
4318
133195
35808
276935
22478
118706
79572
82342
81481
419827
36085
20758
91797
112392
101951
88749
653564
20856
84808
607515
13517
16099
4724
22104
137522
642783
5901
7347
92301
4930
706630
6424
178263
106713
224664
4723
86037
651596
7863
21182
203823
24700
77046
17399
764542
20051
21339
47073
641261
70147
38279
72474
41357
100176
2122
10305
23850
20020
71112
6040
21571
171133
43410
649286
20412
2903
6672
21039
94371
4800
52989
288216
92014
6223
16679
166655
104688
55356
2428
8394
167305
97524
94253
882596
62843
4113
27304
646670
263224
178530
27320
658657
22636
211400
74824
195585
20173
849
20874
73021
21079
156802
2931
30256
111200
101883
104697
20116
1187
37020
9571
6689
176953
71210
57431
16346
4717
95132
7811
4141
164364
164749
794244
29950
101249
640579
608286
20659
642963
100958
13492
370284
30066
81498
177474
21243
6529
60028
103426
14925
640781
101600
57407
8181
813
30151
164595
23698
43763
278200
75015
89251
230993
23214
11894
642965
95369
4177
89564
203851
104624
23976
4981
17720
656084
94401
5620
78453
65210
21164
53400
84421
129292
44659
116052
106418
90914
23353
12756
219915
91861
6861
21325
20712
175183
81720
27901
2046
4729
135193
6430
3402
234750
20546
907033
17062
108326
51268
69977
20945
79601
26335
8169
31434
177095
31219
6486
21050
663549
32823
8898
728
357976
21048
108477
770
114106
327748
122709
20616
660235
20089
645596
93594
62178
100427
302506
89200
37169
27332
77627
64028
644878
90974
336787
641780
4322
9264
638632
74863
4607
93470
331
16272
138060
3909
93393
75011
99797
89768
46232
3728
3358
20241
20114
102341
93074
162635
19620
91285
175597
643337
84610
5425
78388
3999
37908
20661
24048
657370
5086
130965
44521
126122
673305
86509
60211
17955
2682
1891
109500
38872
100779
85592
17087
37238
20914
9192
53608
11778
60051
486959
1764
105540
425796
165441
93249
8815
38549
124338
771180
358771
101623
96580
18898
25114
2510
72502
105663
79232
108461
21205
21408
71245
694064
180661
245509
20739
38362
20437
71096
764160
1649
108546
95829
640507
21275
107492
7751
93196
18887
688098
70091
142213
102873
270034
63528
37653
80298
75901
92974
96505
1019656
4153
837753
57886
81680
25945
32009
1083014
10650
20226
106143
8419
647065
211139
921
20420
57844
89732
75621
24707
282433
60285
665426
6395
81789
114396
20691
96688
101487
95040
95066
74810
408044
95825
4079
135905
108388
20891
84737
266501
839
142239
104012
47533
136034
96515
170320
3835
60277
17210
5806
7925
8158
37611
108516
4963
91257
38307
72722
7889
1015192
853448
69875
90075
837082
210676
20317
220135
43376
11694
20809
192714
109884
766576
87744
48764
94326
4147
9390
126089
30015
16637
220477
18463
6314
96796
21126
12257
751598
189348
1085146
191706
643016
643213
188544
101721
59931
50993
1868
146324
20101
324281
205066
102878
50322
101549
116313
20834
32085
6171
643341
39965
7606
36712
85337
110498
92975
643474
23896
276291
95734
36269
135693
125069
226602
21074
107858
638807
5776
71105
155144
81687
261432
655822
3056
72446
96225
272808
178274
94543
160876
14255
642794
55164
133056
218240
91777
116583
213
339302
94272
133106
20575
172303
3205
2449
660706
107331
4806
642731
1584
642369
17687
28220
176182
314220
138518
11948
131574
18366
14605
137707
173193
6000
3604
90890
7790
96056
208943
59132
45391
660164
89690
30963
16523
17778
173301
118704
1836
397154
21466
11763
127613
20025
566049
188570
30879
61491
22778
35752
86832
36885
80965
170599
21100
20605
29171
71091
26622
18994
653537
644898
7864
94470
662129
684217
133
126990
354501
19431
649184
674197
57883
1003560
6471
483185
21076
146251
77634
57924
17281
672555
234693
326356
78359
100037
115722
5549
647296
104216
19119
5273
33928
26847
11865
4778
94140
20458
160204
70131
146924
175739
152701
377392
127837
665304
21001
74793
110046
214558
91970
23734
23933
94214
21823
10496
207832
268
20063
33579
24190
82
92718
674081
38530
7608
92192
640292
20342
4570
77351
60306
151064
655619
224619
476460
20393
644827
21327
1889
60203
166648
27900
28513
164
650653
6274
18288
11238
101680
86263
649068
136091
661420
57809
94851
646714
182821
92572
65863
60873
104726
5080
84350
20772
171249
101267
5727
27339
110048
8141
20681
20271
208898
188460
88933
644640
2561
20126
23654
740743
1047838
50544
130010
12885
661957
684221
24312
20890
3399
671840
102327
117040
62402
104202
676110
90162
644786
63414
12704
644707
21589
1015992
208273
104705
29846
126094
61882
694765
264833
122673
9147
179887
158916
74097
83557
9951
3530
62190
184314
64032
114
155285
20844
23141
1016
89687
686811
12296
199860
73345
17321
9004
33507
2731
116945
642840
13121
97504
8640
22746
86185
426101
29681
130389
940
191334
689589
4989
96698
118286
188333
20722
88448
19988
17238
1010351
1090958
96060
90995
227987
30076
713734
96011
850782
20446
20618
5669
233765
1002514
115921
95673
124360
58978
75046
197742
12829
672595
7951
5039
186188
691070
234652
712001
4920
107901
82025
678971
28935
57904
202152
662164
20897
272846
5420
127857
5538
27583
29593
79672
23017
10573
96635
18277
238199
642631
92852
690485
645688
9935
117737
30126
4786
93892
28898
95167
693224
38173
19998
94353
310915
125048
59858
43230
8979
171313
94452
47779
643335
325243
118231
88579
20427
3394
1119831
107882
75024
100173
854329
94115
66349
31038
407868
100948
7081
88863
84542
20156
210968
226609
429902
663745
689969
648375
1106716
435225
226563
225217
9321
692946
3743
6558
78601
663503
47157
37339
18462
759096
133923
78587
653432
92853
33553
80015
721
63116
60083
58419
831136
38389
2405
71779
2076
4482
201435
9900
43935
180594
20441
182421
253984
9326
306193
28781
22088
11816
645629
661681
228517
71074
63924
20371
6466
226812
177219
309282
96654
676940
649910
15754
1010925
135385
5501
6196
38261
20944
160734
95600
37179
4285
81550
305901
189949
81959
3503
138992
104423
33465
123980
684833
131393
760118
259624
1050
159832
160766
37872
25016
8462
645727
3191
15640
31287
107848
29586
27760
657603
642805
52408
60449
376
20372
76261
28945
20901
678502
587114
118329
63507
148869
351754
70149
24493
247
159102
127816
88960
646745
660705
17105
20815
37128
7806
748427
30747
1402
90969
9070
47525
10223
131505
11944
20939
25083
5462
211284
62752
21511
151034
112196
200394
269952
270
107847
6702
27083
212038
586171
208621
42
639999
726585
159537
3813
787702
1071100
155828
92217
225180
189378
136850
18420
43361
128992
118816
4857
82465
92288
224757
60860
47543
21285
2983
21167
640820
72932
21209
11811
385
389
135443
873
95105
181011
7277
29497
47111
70548
106334
4916
96934
642749
763286
91402
20563
74715
14113
59499
14026
30217
77297
651602
101720
159184
35382
69222
172980
117181
20803
36313
1015
643985
44
116468
170325
47780
207800
70233
8789
23001
122218
4020
93081
1014821
38450
100117
24405
20107
101942
6974
1446
227
4617
125091
96708
1901
136589
123093
101699
8108
192967
94094
127694
3215
63325
4505
2194
6319
72574
287958
48100
30003
254435
264705
222206
162595
22833
106991
227079
71921
203558
301293
307592
660251
2302
78523
118814
30629
5558
30669
127347
9051
216496
133983
636747
445
93248
122889
5753
29592
175125
8933
176982
17275
468956
63529
64041
92523
1831
29063
14126
17828
71227
647070
30815
5042
68027
46679
112197
635519
44327
649137
33557
77305
30258
86177
33604
104809
11215
12140
660700
101612
27849
643623
45645
37183
51616
373833
59187
23814
60737
29500
197843
112180
60946
92804
1014857
674261
395994
73310
45720
60148
145245
463053
175726
3370
87231
301
16434
93536
74664
78865
644036
1056624
645595
247709
7187
90779
66421
20866
73385
660639
10111
18123
12619
37967
4034
732826
214187
88852
238929
134133
30809
112202
95785
1556
4781
9416
12465
194
20477
695908
1067230
1247
32736
75059
112195
373809
94751
78641
251863
93479
92122
11793
190313
4902
104343
92197
1908
82601
239536
314595
29601
97099
360090
43948
100652
642768
79536
73288
106115
49255
86093
7066
70007
1097176
6754
78042
3998
69833
408040
178560
9033
20620
28295
129497
307941
877463
1254
43951
2243
42859
108556
96342
143003
38463
60095
22362
677952
253421
215174
7193
104384
27245
20356
96694
6348
3190
37029
5654
17933
27647
124325
98868
9873
665765
91893
86906
21036
21465
181881
18264
83490
15745
2496
175523
2166
132922
28026
96
3568
127234
232346
651739
86605
18040
6519
784912
88414
220916
4421
685971
20981
3921
11857
3437
655610
60473
89755
643850
101777
2114
107427
26443
20180
30262
676936
656728
2891
689786
3237
59521
105386
63049
146394
90865
140471
64044
86296
83930
43826
79210
38371
3277
35711
382335
31475
415642
221379
118552
4326
246877
10589
266523
300534
104418
20310
20233
154611
107821
105420
20595
95033
3526
62127
20415
60160
107924
139438
62662
190277
154562
391474
37242
97164
226129
95979
100330
645694
32542
28310
21168
26624
113678
62063
56388
98098
65298
47506
707595
102460
21124
221192
104048
137045
83896
167984
181161
962
345704
4854
10984
222839
508599
78625
8587
36432
4694
16421
3908
116634
82414
640372
5582
106845
42981
24590
6636
134033
94605
227895
139388
74657
345980
4837
24691
640334
91944
21026
228570
126444
47510
67431
108497
666809
20638
18047
20811
20695
84914
672793
712038
25755
62585
85048
677876
3711
643684
30274
24308
139551
194861
95778
60426
4110
20783
645612
234747
72504
186762
126291
30705
60199
20984
243378
110904
30000
88471
1014206
82022
7005
9494
96927
17309
81288
71178
44270
1979
21103
687525
455381
38806
643274
122843
729998
90310
188455
210987
134035
60958
154450
92127
20012
266707
232782
3046
74722
20007
104538
649236
695525
25460
961845
10014
13857
42980
2240
72519
9436
95623
5160
31332
702530
274612
11364
78445
18244
92004
26480
236869
26543
6669
51767
25030
95694
17223
21562
80058
6956
94665
106688
160858
1079206
27774
27226
27521
175643
759687
196933
68051
160539
133059
642492
23347
74689
118297
4393
4949
1440
727861
11601
77262
715615
75081
106977
23030
663010
695911
118554
3558
6381
63743
5987
111057
17259
660492
115945
9267
92098
235458
67860
115931
95030
77304
87951
4307
71131
6680
12858
88597
71221
647057
992397
18337
95090
1305
202807
33164
4144
95579
26764
20300
266712
192368
92792
1487
137988
1056445
9206
12152
38555
89766
117458
34
95248
129736
101356
7893
101521
95522
2223
95142
78887
94043
29574
64295
175833
94714
11977
192412
74582
95713
35771
28923
49530
409121
642547
21133
10404
72544
257652
35332
99312
1013678
44979
8938
97138
5550
6215
75020
661922
660089
20689
2013
279177
639
129279
95433
148275
255877
699295
320049
105291
137970
134121
3774
3457
1585
658336
17053
131825
30230
681392
104350
30344
96692
9377
124214
1029195
25844
116527
73079
146021
20905
643690
17268
735981
77530
29955
106496
644775
94666
1773
7861
144597
86355
25649
643049
38340
82165
22214
3934
180566
5952
354498
266406
69793
139464
63939
38524
20997
1263
641380
22717
19995
219443
107273
8463
35377
653080
214799
304446
6128
63359
60179
33895
73217
6898
8154
20916
30432
1014855
680446
647594
89763
4388
35380
75009
674086
51828
100
4077
176662
87959
6147
12933
20566
187974
37247
21590
4798
88660
92005
696592
80293
176255
200517
47643
97043
17993
81926
104410
166181
995708
37601
271219
21212
21234
655577
48367
1037083
93933
62900
600762
661612
29851
63668
20534
130747
64117
212636
234685
96716
29402
94465
659969
22433
49662
228212
71201
33615
10242
23955
101872
49795
11935
4081
219507
103036
91284
62526
11842
447722
93364
110674
223296
6237
13657
44599
196375
1631
29685
72590
208988
84534
70121
9356
27714
77498
272448
646369
85356
118479
33586
6456
134981
132384
486
91537
15131
71602
133618
25229
8146
61120
137040
129372
100419
21284
110863
689858
5837
662437
4304
171696
9320
9382
1925
83889
62518
125383
165989
71216
396
656667
175662
9359
117577
1001209
20353
36755
94354
30893
36267
38352
3136
1069947
106234
113726
101744
16096
642544
103382
4062
646681
105595
158983
62815
46648
136727
107284
177875
97483
7588
66565
676579
271231
180605
329077
653360
44935
51826
164464
71283
266827
84865
98188
30209
30967
130338
1011640
9840
70081
29447
14752
643015
657601
674219
147802
122531
444254
379946
105288
72515
30854
145652
5707
93632
1905
2490
78039
660175
26850
69391
727690
11484
10677
107855
111126
4711
679964
70719
49955
9284
44106
7895
88590
81899
1057407
18878
1841
92687
660793
6054
122130
124941
97269
87996
98120
993075
58097
1033213
160495
9867
109283
105960
20281
25733
44292
640500
88656
647103
371211
664530
118748
90956
1937
20935
73305
135700
1089732
6563
23683
7717
155527
659455
132935
93624
75078
71166
92618
378576
82454
31994
96988
74794
9947
106082
213003
93959
270679
38416
133080
23011
833912
182913
6506
77331
72487
11921
1114680
4838
96629
96891
221104
37959
4900
20140
41696
405
71092
194852
457731
106868
151295
9015
247468
213851
96401
27985
21146
105789
247417
3578
30303
63712
12295
20484
175789
148650
53906
43687
60456
93843
643002
79558
36580
86798
1503
59968
5668
128804
29292
94171
62192
7574
116750
179295
101816
647062
71213
288933
95652
205212
21240
687801
20160
858
101585
234699
111480
57994
81463
3461
137084
63453
3757
59675
200788
641866
123218
30040
105456
30250
4944
42553
97001
188595
35678
186553
129266
1863
60708
137052
1672
133076
660216
21008
180524
93965
85870
107726
1018614
410196
9925
10788
420124
27637
93497
3788
149666
164612
71060
47549
189346
20985
378523
8376
64089
247410
208622
435250
140678
8426
146279
20249
21070
99665
270003
13467
84576
104125
209449
282364
178233
5587
38786
647598
88835
411640
264203
844
84107
74504
127172
247430
6704
22223
97260
24553
642998
686029
7109
95019
7938
207799
737274
27268
174423
21646
74773
648421
106812
82451
72914
674420
92707
155423
16087
131394
3359
40451
9335
118865
138673
655569
178614
513204
77785
207979
22747
4332
2318
107541
134990
97434
18941
79768
96983
4784
9804
812385
772798
222864
47537
26414
20708
37194
95404
124948
76785
241921
245293
1012808
636792
180597
30199
30799
647994
20694
662287
25157
104028
36750
5800
243993
71529
20989
62522
95860
29217
42257
25802
234777
47611
10001
28908
642961
17152
94347
20880
138377
85286
186469
64122
20041
10552
71267
184555
101779
21073
29577
164604
662552
155328
98768
6458
639960
67331
268946
93326
27157
92030
65584
22027
13904
645630
234698
122080
91296
191305
124055
94252
20058
287957
20142
138054
26164
37587
646661
80674
33707
131885
18972
1086053
110899
94844
3326
153296
77418
107822
113629
649349
24810
4456
6216
14448
108081
13953
160769
136904
69940
191388
12413
38525
190140
106411
177429
271225
13707
118909
91988
6321
211689
448071
3950
6482
20978
180328
84976
20207
20048
1257
231215
20337
721572
659991
95358
90636
1695
237650
653216
74737
347330
101489
172649
23418
89748
20609
658480
88618
380327
61716
18812
141833
198091
47488
20843
122684
2058
1037441
122507
20295
30053
4075
170368
20384
992307
138401
637295
107098
96775
193733
72467
186750
37051
237438
457697
71121
27247
27732
660072
55708
38272
206
643559
25099
86439
419356
164549
64043
113759
224692
3085
154663
770457
5666
38462
29978
704665
84957
22422
686421
92375
20925
177322
62755
87963
3831
95355
223935
49695
178507
73384
78181
287951
132509
5695
248502
646631
657448
694286
660236
131135
5875
13846
107905
22424
15648
42252
169523
6673
137989
9466
4236
204490
188886
72716
20220
59924
15208
135771
681946
105021
60099
38322
176640
727200
13804
9606
12399
17636
9168
438913
22538
737534
86138
663311
60322
37074
1063520
94996
7985
173315
4799
124700
90562
97112
37955
1374
647672
5459
33472
397565
491917
116170
86893
135195
20190
38320
39464
660570
154686
51967
677982
645627
21185
88506
8470
757823
208449
78320
71079
20543
21248
94113
100337
5791
129959
2118
78059
128792
37948
96262
654900
130577
2433
4749
14297
4959
33581
645689
89111
126132
4996
21447
71179
61712
375999
10283
676883
76698
30168
21181
175709
200555
92730
917025
11371
92548
244113
96914
17920
50561
13417
78682
4212
89950
962893
1029159
104170
174681
175746
189260
222362
663013
15716
646223
217261
205592
216183
1135
96099
1061557
20118
20184
122405
111353
713699
6299
249676
75019
30222
91024
1763
13
1112
146333
154506
60296
78055
7459
48481
30301
885857
139227
29562
18501
3577
4102
138370
60499
13503
93239
77480
21578
8006
637092
23502
63850
638790
118918
230682
33132
90929
766884
22820
118582
3887
27233
72422
238058
54095
71219
1121294
25784
111396
112147
12951
230589
8103
193023
950593
110588
123462
48423
94636
177051
153390
87632
59941
27323
66370
93284
8849
259846
97240
27336
141380
4342
20274
660451
20111
28964
303799
39062
274786
90484
27885
65
48300
2185
477206
89816
100159
649210
1833
95447
8229
1218
699729
195244
10060
69798
114303
93405
73203
85555
1793
115866
32122
191444
21064
79102
209878
104645
43558
209853
42957
10170
97284
72653
6665
3458
5674
101575
278945
17214
19629
11219
181188
643473
1018699
265268
76595
91535
29660
64055
657486
71090
637240
22624
17127
660225
649217
765202
125589
93974
5824
14413
76206
642671
25497
176952
125302
6219
114447
21235
8644
116162
78618
352776
61519
20881
22831
319604
153648
20765
92000
29312
201843
18009
645617
74672
38294
5027
138991
62432
1878
164581
95164
2099
88689
96424
117132
166328
63870
1664
30646
83681
70751
118828
82016
3098
3938
20119
46195
94695
10419
95016
103169
95740
918666
105492
4785
104228
68015
219035
102792
173118
4885
29831
38395
20668
101672
63181
83789
106978
660224
1118122
126092
290288
646249
314
5146
209509
25143
23112
114468
25319
312340
1044010
681735
85675
82195
6626
153553
47436
184155
7682
85657
4052
639350
8276
672393
124614
6455
661987
101510
4961
61653
90516
18625
44090
91186
15763
62584
6539
20896
1846
685140
92257
276034
167905
119778
104501
108431
264905
104093
30887
94324
21109
60603
3768
20961
29599
20529
4254
110641
146927
110043
228115
84949
127056
11932
126087
14069
204230
170992
47770
134052
28942
3414
440380
1895
209808
31298
139482
91125
85812
21394
94903
7141
225493
2868
221503
50573
32949
174796
749451
7851
126847
81454
734445
6405
99769
5739
74538
60331
2126
3742
495605
106031
231137
727828
18514
1189
23044
78568
91990
88443
37188
743910
70018
84862
124372
53923
211922
94738
260605
4834
166023
77276
31816
30160
5934
11309
77150
333685
155476
27890
119021
118624
37062
19659
264202
52180
149308
63353
20673
673962
13146
3901
199165
115096
176681
24206
133753
228058
114070
17317
20600
93764
9609
234786
53441
60649
133849
33670
13959
134848
88533
4323
95220
164220
53944
105618
59
100140
93209
256687
174451
97016
245063
88758
22471
20502
231362
105429
27416
706780
7086
88649
648872
74682
2884
153699
5734
117760
122791
692472
5951
31252
63989
20723
30336
28223
661431
94720
249814
3208
59022
211274
167956
170017
55905
67973
578902
60260
9067
17821
178488
18176
137058
167799
10125
78488
63682
671019
104494
9115
652267
7993
655576
81986
106989
15558
12023
171465
11205
37775
1043838
658590
680310
72517
82123
273581
68043
195841
108817
208966
734473
23720
203053
7891
20129
23669
60930
29747
680045
144989
11814
24514
13012
177262
17307
874122
78647
25
100468
3025
162138
176466
110370
655767
4265
3438
95237
49425
11026
12710
12092
9956
102905
89911
135408
20709
141697
23887
13955
221990
117214
647073
51238
23888
96594
82052
90861
19957
55812
271365
21171
62293
17246
89720
1060918
4154
275744
653473
172401
172913
29815
174665
1712
87913
38360
38301
124057
418952
107535
122493
73378
92552
65023
15806
714282
1789
3352
6749
63986
285047
672473
296702
93344
281906
82102
188447
731312
152094
7959
522720
19642
99
107910
59723
5673
3506
10002
408
30547
95097
104830
175712
23047
4776
701576
94298
79690
71116
30120
95172
278215
103931
7805
191999
38459
31535
90221
731847
20996
128758
643041
786938
21274
55184
643548
179134
20626
81703
4272
1014
8077
84756
55802
6693
408572
50155
70133
223799
1528
94019
731412
114525
71135
686598
47438
16054
1070001
155500
176950
96268
11622
8222
90863
5851
245527
67849
137924
29948
89625
4234
642908
97520
305455
7994
29971
8660
85347
137385
31270
122126
106092
11794
126911
49750
178479
21004
94505
61905
210989
96542
126808
107760
9145
187686
12729
21935
637039
685289
83549
21096
107322
110466
1078239
37598
3071
55600
84835
118741
645728
156689
25408
422537
135785
25159
642628
167680
82144
7867
126195
86501
59963
60061
142358
1059772
1893
43055
77482
642803
640825
478861
197093
82306
133962
96529
1052212
81054
305515
179719
154255
111389
52579
205414
5608
47878
643201
96072
4316
175130
314229
75179
226698
94080
245717
3856
4174
94303
17292
212632
3645
94397
92799
71148
88574
18807
78332
16812
94372
23276
16333
8886
827910
111505
90501
174944
21305
7877
70021
2208
8952
18555
25988
22681
9990
59999
124956
77274
80073
111534
30024
71127
71117
17211
219280
111634
638587
5103
11886
997900
740117
175786
640510
697819
19821
8226
494735
45957
39160
644353
92993
51832
7731
60900
20578
122753
252753
410423
691175
32732
21671
19993
145002
115917
154697
78061
663029
6225
17422
22079
643151
214110
3959
21003
36323
105668
713047
283520
8677
100768
89579
640524
77534
41553
131400
266885
4809
12442
573209
60341
4653
23676
20165
91989
63279
105861
224670
122688
20263
8047
13703
659965
2669
646846
19754
21180
62929
182176
227195
102374
20490
177213
5134
94287
660226
209971
92843
35463
4727
270355
20854
101496
16515
156859
3194
92085
95159
76002
124137
251576
37595
164664
70144
44016
661650
85982
745633
108570
110103
2558
98099
645817
107311
291515
45255
345883
24042
20998
134094
62517
81533
5026
3602
66357
278859
646408
27329
113845
364508
18266
38259
1057428
107392
8517
234756
97309
112242
177414
30107
704606
60504
92638
59834
6345
160697
132531
8405
104837
105262
87394
45005
11843
105754
658296
81826
4557
262967
69460
1666
135351
708998
38523
640353
4222
31339
231360
664531
3427
291185
18664
110936
9240
406019
64240
265270
3770
77266
9250
20610
78624
18894
621245
47636
14568
77603
82393
884110
21030
45154
231363
237419
71093
176912
18871
170441
658706
13233
257481
92600
26125
78759
104129
79562
89454
7389
657332
6511
165799
1014584
1041717
106103
37059
408752
935515
54528
2820
222429
179455
473703
71173
75879
20396
47526
662176
644745
7735
1081077
18339
20084
21821
214058
2664
203999
63571
210877
22270
91760
665179
64029
748086
150141
82113
8267
396719
6137
218062
37046
2044
101857
32183
663496
4947
30289
200363
20324
112737
639371
1101045
37374
35682
106653
771322
647854
75781
94074
67
115971
1202
145958
3233
29992
17956
216195
222688
80076
93604
20270
48717
94209
645634
660548
9166
637260
73368
2346
3621
89032
5490
127387
687528
94692
1054
20362
48655
656631
640328
991920
561748
166167
427157
73050
37952
93705
254667
23425
4839
11175
62824
66522
639681
126994
214299
118678
699464
91341
62921
6328
73244
188441
184195
247511
396184
175772
145275
3573
331246
104373
90165
77329
188186
48071
104126
63943
21293
84022
698119
69858
1922
12574
1656
258385
93561
6341
91412
90870
96204
182813
659800
221749
186684
44751
103388
126130
11875
176831
158709
71069
20325
18304
1818
191233
108437
88410
78628
672384
175794
155746
96106
160
63700
1413
70604
19270
647789
4903
194320
172879
31965
91894
662426
71095
94311
60778
226661
28217
202924
24164
133752
32881
71194
63609
4972
92262
36597
9028
71242
57041
127548
58
649368
656720
204561
28086
212536
91775
684435
43850
35719
97789
204161
2031
92119
130974
78118
23338
7831
64071
7712
78148
154539
672864
1057881
22500
97094
51516
22803
59568
27308
104304
662116
90495
100153
37148
4024
172602
18034
1005208
21503
24173
4667
36670
106056
26225
546251
38249
18248
196295
69834
104510
148597
98092
101916
1188
27659
21175
6706
77335
6627
63964
648784
15626
11401
192010
72549
37306
649
3519
29989
643498
148695
645684
23035
273583
71206
90489
24163
8658
1052
17180
127103
118541
26
130224
146823
715450
20721
100681
125371
4927
128926
678341
3844
158901
75606
1073107
88588
90894
7256
641858
20632
164831
26983
8424
645489
241682
84970
60123
21147
133038
1038170
30948
131359
210603
18008
202290
7883
89792
671588
22847
92287
3508
67443
4796
13109
18689
17148
96572
84140
65857
95289
167931
7885
104171
873057
754127
138773
21950
37619
97028
47554
38252
127238
645526
42759
20464
103449
72462
248613
191964
904
178529
643587
26073
20290
9429
100187
199358
20636
16188
420322
53632
3017
213768
20082
11961
278203
95060
263345
31027
176578
266750
92644
71243
658001
91361
62547
406141
679484
70148
72488
191995
22577
639677
2147
17125
122837
307299
657921
140680
170939
402225
268886
84014
17396
72589
638611
169738
20487
61595
1063
26503
8727
7873
38486
25395
22267
62676
5496
20729
176187
231428
7718
60353
57361
228904
77459
63315
22142
177256
8689
108318
40494
2495
866081
6603
20183
37219
30260
24710
116678
67823
217824
63959
2506
78805
144298
3230
78645
148644
4880
50550
187157
10236
192303
649453
63729
269289
52503
1141
126494
52311
32697
59688
72434
110159
89647
32553
175626
95314
17304
167855
9508
11706
78639
101528
4813
63678
93927
2388
1074
14523
106885
301045
29674
649411
107920
175679
107672
114657
13886
23858
29618
170991
642880
94145
2602
129081
7820
327925
8454
80170
341292
3139
107075
8448
371163
3955
106521
20177
16598
42959
667113
266881
17722
642453
94362
633923
84767
27527
62361
1580
212187
132750
21321
6544
182327
18710
412634
167977
21296
156
907684
136089
63588
70975
139234
112236
860474
122929
231330
38064
7869
170598
136900
91985
191445
27331
21213
220362
52345
657916
692724
101867
307599
2667
1099
79374
574300
27210
91603
688078
98174
60434
314826
294514
307597
2993
70139
23869
42274
642653
28129
18552
131599
9844
73001
91009
82154
100747
21136
249460
20549
