683352
249069
657449
20071
1239
96070
1101
5205
39102
90535
104677
6400
3424
32997
26084
102903
642782
3491
729
469
21159
62903
20095
24732
179149
662634
4185
1071
30395
883
252756
1587
29772
38384
928
69931
1210
362
80439
89639
662158
2196
2774
18938
9954
1039106
645916
62601
66332
646628
2485
8256
71193
62927
21306
263711
4480
268336
3008
91958
47794
1036
210612
1494
1190
114921
122800
18858
20234
112773
516
78799
2500
8856
82035
143923
2834
672567
2973
642989
104098
70578
950
62726
18562
3433
20754
24977
13024
62206
2234
173055
20857
21289
14702
266855
38388
96241
20795
25845
77260
4050
118789
1013584
82325
78611
63442
88604
4333
665749
2759
694932
104956
126137
3162
2720
3523
7904
889
275
82109
160789
35660
403
175715
280435
20586
20762
661610
833
20081
26102
5826
657377
684215
21891
2367
55023
648298
108623
5135
20532
21057
658459
2511
2708
19462
866
94059
1489
17943
2711
11356
105
884
106354
23129
642861
3673
643719
27976
21019
1259
662350
2559
642550
2344
104848
27685
155431
18613
230052
47496
21239
722
3899
31080
106976
38585
3101
801
115240
146937
685071
4541
18172
5872
678999
2525
5004
642490
8879
9239
3916
1147
515983
805
642
21241
742
37255
60324
646255
650456
27543
61543
12892
6210
1845
2608
122825
15143
97346
21125
37300
195537
196
4
37027
37063
1009453
69794
21080
4821
3219
2810
357530
72481
657357
254926
3371
75543
33669
36072
4561
71084
69787
132538
20278
807
10052
26352
649243
10851
646667
62875
18105
663582
20044
185311
110104
35545
20024
21045
4707
96926
1013167
20964
78636
2844
2282
9734
4844
215078
27203
479
222785
16013
108601
79719
131027
108617
20363
1495
137363
21
94026
6375
692623
758404
20411
11303
20011
3477
1226
3665
72639
77110
78450
672244
63347
2962
154085
881
3557
93659
24201
20029
92731
110697
5929
18763
518634
72399
521930
91525
104540
73963
1244
4892
38374
2719
75799
684303
122093
9849
24420
642536
102936
126756
20813
17270
660573
907
92009
2423
107678
4562
1152
69888
30173
4921
9286
4049
1011428
3446
1011763
9405
20836
9109
47763
27004
687
166594
280986
1886
20067
647869
642667
29579
17301
2846
1679
8184
27803
11866
793
2686
850
30363
4435
14371
660234
122779
96750
642877
6518
18792
1168
482708
4904
684318
3168
38409
107011
37129
9344
41561
732340
63732
997937
4767
128675
167
72469
409103
2822
1232
18863
21789
27836
20988
104683
20306
2075
71119
10549
6810
22014
71075
234692
20753
3750
419378
373537
33632
96186
646367
78525
649234
2316
2782
4814
20868
660238
3683
6475
1784
135632
1808
52863
340
1781
4751
104299
9389
8607
1203
695747
1179
93926
802056
30212
37398
131024
694078
22367
6269
95584
2982
21310
32497
4894
110744
645693
640017
1860
114387
91268
1007994
30175
700
6479
1048329
51821
24033
107900
888
57500
12825
2422
5203
702853
343346
60085
7881
122853
2538
109657
46218
23127
643385
30295
890
95218
660219
1243
7416
20870
636736
237683
1118
104149
846
109988
6267
159927
20110
64017
1311
106984
5693
636156
8335
93539
4935
3941
2117
33783
643279
672652
30291
1490
728998
153702
989
3589
28179
4613
106500
693875
3600
11726
831
38315
28938
25715
1707
27171
87942
21341
642539
172078
8291
662159
69853
11905
20876
2953
20178
4241
8809
9305
15499
26781
105766
129912
29170
32877
919
33
25098
93
60540
698535
50680
37661
170155
9440
95749
37171
825
298366
1271
20635
684219
112235
18571
1574
10418
1858
1182
639961
6386
77327
992
646684
5926
6415
20150
645647
17685
697830
209
124592
30374
17404
77607
85327
2286
107559
1273
70661
77935
75044
1507
5234
75183
1258
4942
79641
660221
3112
21473
131799
22512
3
643569
28559
79927
62624
122395
7827
97413
4842
4991
266503
677561
1265
12074
2378
14466
678165
20737
112201
62833
167980
2473
4244
17263
30973
104127
1001507
134032
46
88678
4220
480825
9061
8969
33893
4783
202789
30248
80175
20280
209269
406
4418
13567
113440
38337
19997
155521
162035
1224
640016
104537
695405
104365
24395
8468
2499
105477
6013
59369
38246
167570
57914
118398
838
13737
644920
20323
104539
674
9357
96987
6437
956
17287
108796
21139
106988
102617
63674
197779
17283
676602
3306
20848
69320
104582
162026
123842
951
77306
638817
33635
20014
26791
6425
280407
1708
3695
11479
78649
4406
118729
153277
8000
311
3048
11923
1910
9450
9348
4279
3739
1820
106983
23072
122914
94914
12213
117130
3099
82460
1070
20104
649853
23840
72526
1368
86340
40330
84948
116
29769
37127
7376
880
102389
44005
13499
177792
679090
676429
295011
645860
4958
97010
25683
3948
282823
1593
178876
158900
1246
124908
113768
11879
79180
510
255
105327
694116
106347
218037
642689
44012
2249
114445
3482
1967
15472
772
63717
649123
4293
65170
92011
79813
62719
14777
2032
1002218
542
77295
2632
643702
47454
17416
19951
679657
104131
25520
27019
4443
1069
16050
35290
11852
69856
634
110194
5394
37956
108439
38487
85280
662160
5995
91448
20256
686673
2299
77319
360505
2732
6622
402216
673984
39546
37140
1041
95895
266851
29598
35825
28195
661399
101920
17342
21709
27053
527
68024
1242
649455
947
656342
78451
9492
8497
94069
643183
75567
38541
8745
645121
3119
705
278192
1252
20572
679086
33541
714304
103
10036
101442
17361
2425
3220
20201
3533
9355
50539
37184
200695
376276
3912
24198
6964
73236
122057
645702
661951
61867
18750
96886
635830
114349
101639
38308
63672
231216
93823
349270
1024
35016
701
653253
4301
6540
16777
1354
4994
37277
6331
91938
2497
96350
6710
107408
5455
95581
167685
10031
214319
104181
37152
20867
104555
2197
20863
21660
20686
78622
646130
21137
6322
71
38428
1431
18287
20153
1883
22755
115673
8730
60362
5056
29672
30049
108563
20087
27682
716316
3231
21916
12365
10843
42412
77275
513
3549
179121
902
101770
27792
97297
167590
34901
8924
17713
31884
14250
20784
1107723
62842
99715
92604
24739
2301
2049
88985
94614
18914
84977
195079
35896
3583
20720
27297
675
2026
21112
5182
155191
48558
20077
66013
251218
104690
640862
20486
25591
93269
94524
4221
100778
79781
7918
64104
8617
3872
33392
186563
2507
162223
43
2420
355471
684216
88573
9149
87867
491
21029
203
110591
24020
116989
3564
7962
3926
102606
77474
6756
6533
9027
62632
802
57936
4112
11904
11331
643033
172933
62571
662416
105750
184333
126085
64787
383
649209
29974
3976
100740
104698
71153
30444
62915
176637
93296
92745
296
637262
20455
20829
111520
4229
8177
226625
195331
4852
21065
143842
31427
107399
65403
177456
649092
20990
3061
9162
70137
62629
1834
67931
1023
73060
4771
5129
21472
20663
101830
10598
18880
95344
106990
454
4368
9402
20145
661408
3516
7730
117742
213776
106883
19943
63632
665215
651571
77321
1078
5156
1811
18679
33826
651485
2135
20049
20522
279498
1450
2548
20434
20508
47764
20806
1704
195579
748616
84193
1282
96710
10826
649232
46868
107684
175594
20390
69807
642509
194880
1149
21549
649315
5037
5463
622419
616
91921
20799
60243
125688
166662
78582
164636
221169
20216
104132
71195
889125
4718
83626
94739
196614
77273
21304
23189
21097
5472
20558
764510
2724
20288
20557
75027
15152
810
27801
20933
77
20457
77252
123134
2693
33717
7784
401876
1185
74738
21430
27814
645679
643172
4623
94924
1837
22745
664092
9403
645505
20789
92996
133936
640363
2673
33920
104696
37403
316
29595
63601
13593
645631
14569
20977
94343
1828
60602
4735
2251
20401
678168
181087
15691
3675
867
33129
636782
132779
12366
37201
20654
1896
91291
640300
63544
58283
657913
20551
4149
25118
51825
95611
20364
71218
72485
101817
63138
1059736
16048
84866
114111
8364
20941
33787
14269
2727
71132
11945
21142
8476
111352
21963
15585
21329
90522
78640
20277
17258
17709
696110
108832
6659
77613
2232
3971
2661
1657
4872
5594
32110
20921
20592
265293
47544
104534
181147
86430
4398
193016
21725
91446
2222
87522
384
4897
101094
63481
63440
642838
28925
222814
12926
79195
646129
87930
20666
75026
887
640379
32
167815
702943
6473
11916
2898
202026
648308
3405
661498
20137
172077
6722
20410
21170
18634
104196
228175
4910
78652
642457
717
33936
1454
678965
717436
2470
807472
12114
21217
4463
1384
647829
2629
11869
33620
96729
90212
122761
30907
17391
46950
96918
6429
230013
84449
20746
4895
50599
85583
20409
118893
388243
33741
21017
270806
6465
21202
11909
78273
645583
2131
7708
94297
20892
112163
107224
85285
226683
110664
4730
61023
661448
323006
8591
6422
82334
20327
7961
100182
6676
114327
1853
37057
93419
21312
14415
26666
642499
71076
9414
1077021
718
104700
20750
4979
1983
27109
758957
20010
20999
96567
37353
92812
25256
21957
104704
11919
37314
1007432
93930
287783
30888
642501
455314
33591
12094
126107
82462
26856
4889
29149
201469
101619
11795
1999
29997
638610
1041808
269348
4347
46682
37315
95622
9324
192965
21222
649536
37344
731
12684
9291
60392
20817
744
222724
13771
6460
20494
1735
374671
20442
686664
77330
28961
21261
3515
4955
138511
7621
30029
6018
4945
6550
690002
18841
20513
886
195547
106992
20519
20902
100126
11108
701577
160788
726
310
21640
30174
1073472
8386
105014
106959
4908
8197
89585
4459
1012
38343
104533
69813
50317
93937
38387
6462
847
21276
11822
133185
187112
297710
649214
1063987
108510
3803
3903
22409
87758
18208
107485
21282
33876
642478
2576
59979
1088
114984
66334
82472
21061
37290
104136
18065
736523
218666
643161
3403
778686
92300
641848
83080
167881
62828
6654
5114
83987
20413
3408
1021638
81568
168057
656668
20481
407839
865
104462
640364
646478
92521
2879
20505
348
645456
11931
6536
24184
94578
7166
20375
20345
14694
8682
1592
63923
104543
6385
4642
649240
905
50487
3727
8834
107977
108464
3840
39332
1059
2607
20141
44004
7890
61517
642713
80078
266819
8791
701424
79689
2599
20055
114470
22566
18854
20507
13696
108611
4630
18610
108221
194460
1160
644577
4383
658371
661664
1063070
20483
59846
77342
22467
10009
155186
324178
94664
44980
91346
64022
1316
874
20911
79072
97003
31842
6459
90542
6139
38017
31413
9211
37961
914
22573
93945
3511
646046
96977
4242
248
6594
1007
43724
78757
3459
88797
20092
642613
11868
679347
24064
20164
1018
317
90811
21214
104703
31274
1814
2134
108785
2710
105821
9895
104128
4790
684316
5701
20035
21231
11834
21237
169
640934
241
59878
21345
208974
85658
4962
706
5044
37068
4696
473799
660325
640858
5860
658205
43019
3792
4905
6494
62167
105791
20928
6819
661421
20369
4773
93528
1741
5340
79243
1272
126133
22994
3883
43513
7915
11902
20205
6779
92796
20724
18819
4106
657919
23631
3996
6717
47556
60132
7878
11350
20252
315907
160416
104293
16686
643250
3537
657640
54813
11837
90545
4828
186778
77298
143850
4965
21681
714495
85780
252958
136695
1709
18370
100881
96711
155506
95064
69812
96360
196483
638922
94735
160838
19223
21599
3708
89583
1703
16129
11809
107270
4303
4728
2161
20692
11009
104554
29504
290
6543
30648
83377
1269
661996
59970
82097
11849
123
85746
93020
2172
38510
108463
9378
3478
1997
107560
24070
3514
96919
105467
2809
13641
646289
66342
15895
27683
17825
90534
37250
17714
24061
3973
21604
37954
91961
95252
644567
20596
11355
640399
63945
3551
96119
63838
1688
2300
1600
667483
88732
640628
20303
190657
84872
33860
82009
123828
172997
18619
234689
94199
9358
1167
643162
33694
5237
20315
15577
662219
125849
6510
704607
664533
4235
1037570
3217
93225
145259
108608
20603
5048
77338
20781
4082
4986
2462
95655
18054
104689
4744
94164
4843
6287
5702
21351
88709
280712
175423
89985
4248
20076
22033
4879
231819
126608
37352
22892
94728
20580
7886
20726
122763
305336
660237
481204
31453
1032183
11870
662331
19722
95
656730
3555
186461
94238
4305
20422
95109
95010
8705
37379
103001
657924
16875
1041416
166656
78603
20218
245233
188936
101933
11933
8480
4738
95357
20910
643094
94545
217570
822
42129
672637
82327
10007
38282
6753
63055
366
714928
1014555
4860
63475
122710
78446
21143
20231
91995
38381
306892
644785
28206
21685
1049
1096010
25127
690
248393
60955
638634
7577
1499
732815
88452
293716
75097
118778
23472
4194
63683
63427
4501
83102
12987
12950
29570
658204
79309
661611
645673
85054
20368
14029
643724
20106
288
50223
20432
4028
4258
7789
6404
6640
26334
20835
21203
9383
1870
3900
447
100127
72527
2245
133563
10284
197040
179192
93857
6812
59764
36654
9024
118922
114465
60913
112301
113679
67667
29977
81915
38390
155234
289368
8558
652673
375
642645
1498
646193
103913
77217
104130
396761
96359
68030
1044927
991906
101697
6457
72524
4759
732816
8368
141746
158754
642718
6440
1250
649283
90897
4372
752362
662189
84871
4777
75228
90607
379920
63531
5466
16694
644543
656716
5788
96945
21627
60317
100803
679387
646231
30920
643765
18117
16235
270785
8202
79272
1008
37670
101695
178634
1040337
79166
153310
2689
3769
1996
20417
1249
40844
24616
645172
132891
62638
116948
21343
31138
642672
11910
1008561
3677
6838
96904
26163
20518
1267
169703
2965
1090
206751
106534
20649
267793
23947
93567
646419
639902
3009
20972
175666
702852
1885
105733
4946
63471
181324
118537
3790
124310
710
96487
29280
71067
63547
1856
3651
1073128
62966
20429
91327
5698
4787
151914
1819
21081
67434
177076
2244
3618
37259
87251
47409
781521
103453
99750
25097
639858
96363
4007
11813
137982
20370
24456
55879
646083
104091
200306
1124
266505
639471
20052
2227
3927
2105
660553
696115
803
102513
199208
82340
104320
11823
11914
30078
77336
143837
94185
6576
82837
22551
17927
183729
20845
2416
11900
21016
681378
4314
47555
1750
4259
4382
96561
20826
2448
1005895
24391
20713
82142
3869
862
71634
2363
102395
354217
269981
20734
853240
83929
107567
104031
1097739
94301
1114267
646812
642771
107405
11845
159641
1066251
73232
927
642664
79635
66436
20780
90888
3837
118686
172979
70153
49687
3450
205673
106932
104135
1018746
119724
665214
122900
1038962
643181
28232
78606
991893
4833
104133
144624
30952
28514
123040
62850
6674
15715
126129
21250
107899
63962
20538
637333
151639
36547
337884
4741
60224
3360
5451
37590
1294
37048
92972
49535
25933
4997
85529
24372
16260
105934
20210
104407
661391
20793
20083
9258
1319
95945
1066844
117224
35396
4324
939
4820
18783
105925
131859
991775
23582
5925
1228
126037
160751
95562
1171
3638
107367
30242
4488
134082
247255
10071
70413
645490
3740
689813
100760
21013
224770
954
104134
234659
77352
164829
77720
11286
515150
10004
73213
68175
222328
73158
11856
20033
23133
71109
19999
85052
3221
107478
24536
728304
84996
26353
279476
9742
92267
17267
880810
69791
2087
17716
20189
9304
177006
70613
93310
1107700
69786
660678
1794
661070
37334
106648
1022511
93723
122850
103209
216585
6721
789695
20232
71460
78677
649527
8724
48598
176957
26989
1612
3305
236902
3388
21020
234683
106694
3802
26479
264206
656425
701317
104532
20168
19297
17
11806
17845
689971
1015038
4847
37132
112194
741544
101169
234735
661924
170957
28148
27038
104019
23036
198858
18147
40403
21052
2312
84683
643560
30133
63513
93322
277758
4868
303637
87926
20157
8859
82026
23506
217686
29673
66987
800
88978
1813
1985
662527
4856
104675
193227
100270
30933
1261
305845
14812
63640
43734
71251
60204
63987
90880
3886
12579
6481
20672
62826
155517
183844
22888
82156
33831
640047
33864
240396
101603
175710
4851
37054
1037572
37297
1958
280059
4657
107928
288850
1418
20520
27305
20394
18519
3473
642480
1163
27644
646
84856
21632
274921
1056356
105206
188807
295326
2775
112199
16940
7028
24778
33605
8874
222602
774646
24803
703683
160264
59613
643278
13449
21783
640928
51841
63585
133389
673641
7651
72602
966
1522
87892
680246
6587
3471
18674
1044823
6651
87627
17295
85351
677039
912
77316
47112
11922
241905
6448
61397
640973
70818
16255
78620
17256
84907
60252
78779
2519
71204
107600
59934
680296
692167
644790
788435
78577
90589
104686
266858
153647
20567
998605
657336
335
252825
29566
7487
60452
8573
647754
741978
821
101792
91276
50592
1176
9021
9391
66016
78730
57889
27562
20912
99484
175614
278207
266862
2152
103824
77838
3425
107902
3842
1089811
20554
995816
9349
20066
719
90975
33623
64061
2557
71038
9883
1351
926
26391
30862
647043
3613
124730
11963
692462
1110376
21062
77325
20391
29821
447745
307548
684437
18112
157635
63451
151072
104236
8099
4196
10072
46884
4190
36802
27130
1181
90
331654
75045
7999
640488
75025
63860
7356
1364
27259
581929
649264
3882
92128
21513
51827
643035
20228
91275
142911
660230
243544
52183
177794
23007
645987
713825
30192
127697
5138
740
20658
4012
86182
3172
18249
101902
10621
75008
645523
33825
8216
103278
101486
72764
245019
11906
191415
644647
63819
47545
11955
2943
21864
4848
1832
644398
77294
777229
89951
4084
234787
18088
234675
1006931
16172
204597
20064
3991
95464
77340
1068
20227
122773
715909
177013
314096
219819
19074
2835
6410
1767
11908
48
95848
154862
195384
4239
809
77279
637244
8423
1006489
3493
77320
158582
1039398
130557
22457
7023
668181
143753
1892
91298
8514
21032
108680
33767
71885
20013
303834
160814
77269
827
18436
111467
18028
657450
37355
206548
4733
13600
20018
2333
21315
60611
9995
71051
20159
63593
642581
172173
122896
175611
30951
21499
660328
72587
88939
1850
649608
15365
28491
139
20075
18684
20061
33772
451
8548
137766
660571
30923
129268
126741
89752
126117
63745
142963
63634
59608
4188
7104
104039
115880
163440
20392
673035
280252
71141
8110
6761
15533
37177
36628
30776
17855
218232
106986
641694
665744
649311
78063
23314
79778
678972
21127
17737
3606
123220
2444
134129
20898
108603
219445
5584
638614
72534
740772
101482
715780
642549
59852
82058
62756
1013878
91942
97109
147354
171758
8595
21940
22532
19875
153914
5109
1461
72547
197770
649310
82161
49647
23154
25629
94327
29590
748795
2825
3155
41397
32056
122147
36553
37781
23429
9531
6780
134967
96553
37363
97215
136261
643591
1025810
100171
7887
3974
107558
71078
107898
226650
694961
1871
645686
5093
660227
2242
4018
1847
4719
686692
172694
21033
1897
23596
5889
106982
766810
5423
18481
30788
643420
88672
62853
74518
61464
1033692
8213
322922
192814
678108
825828
71164
1030085
707
17874
660454
4739
741573
710072
287959
198555
2233
75144
95432
41815
17264
20381
63622
660229
220754
26639
681379
117935
66341
266758
88534
175625
62312
1009462
33606
78738
2153
829
103015
93511
20761
642464
125304
173183
74438
71240
442153
3848
2213
38357
234784
101727
19572
23566
1019953
21271
108118
644313
104856
20643
159164
110087
93182
158
69821
101495
75060
97378
9038
78369
3796
28072
434141
27035
7924
1007584
94983
644766
35520
70141
21068
644688
303713
10634
25524
4877
698537
6778
21174
105533
132645
21251
5139
66500
20257
72650
21187
112330
94579
607
131002
108493
101386
122874
20349
80250
94518
84144
656050
1848
713685
3015
82469
60333
4801
660345
738883
20333
3126
685773
221848
732
45094
63543
4555
646687
642738
62142
715155
186771
93886
4351
2095
3480
65959
4886
232018
529
31028
89771
96717
643146
325182
1899
17119
2900
1030950
21781
9552
175804
175688
1006086
63993
72498
9394
16115
5630
1974
640636
4980
644679
193049
185910
16948
21294
20166
182588
12194
62873
696509
82336
112901
6504
67980
30386
29556
129583
11884
4318
22478
82342
36085
20758
112392
101951
653564
84808
4724
137522
7347
4930
706630
671628
4723
203823
21339
641261
38279
2122
23850
71112
43410
649286
20412
21039
52989
104688
55356
8394
167305
62843
4113
27320
211400
195585
156802
2931
30256
271591
101883
104697
1187
176953
71210
57431
16346
4141
640579
20659
100958
370284
103426
101600
57407
813
75015
230993
642965
4177
23976
94401
65210
53400
116052
106418
219915
91861
27901
2046
135193
3402
17062
51268
79601
26335
31219
663549
8898
357976
21048
108477
770
114106
20616
660235
20089
645596
27332
64028
154555
644878
638632
662073
75011
46232
3728
93074
162635
643337
84610
5425
78388
3999
37908
24048
5086
44521
126122
673305
60211
9192
11778
425796
101623
25114
79232
21408
71245
180661
245509
38362
764160
1649
108546
95829
688098
270034
63528
92974
57886
81680
25945
32009
106143
647065
211139
57844
89732
665426
20691
96688
74810
95825
4079
84737
266501
839
142239
104012
7925
37611
108516
4963
91257
7889
69875
59983
837082
11694
20809
192714
48764
94326
189348
1085146
643213
188544
101721
50993
324281
102878
643341
7606
36712
643474
95734
36269
107858
30322
261432
96225
272808
94543
160876
642794
218240
339302
94272
4806
1584
314220
131574
173193
3604
45391
660164
30963
173301
21466
566049
30879
61491
36885
21100
29171
71091
653537
684217
19431
649184
1003560
21076
17281
5549
5273
11865
4778
94140
20458
175739
21001
74793
110046
23734
23933
21823
10496
33579
24190
674081
640292
4570
20393
644827
60203
28513
6274
661420
646714
104726
84350
101267
110048
8141
20271
188460
88933
23654
740743
661957
684221
3399
104202
676110
90162
644786
12704
1015992
104705
61882
694765
264833
122673
9147
74097
83557
3530
23141
1016
686811
199860
13121
8640
22746
86185
426101
29681
4989
96698
118286
17238
1090958
90995
227987
1002514
124360
672595
234652
712001
107901
678971
5420
23017
645688
9935
30126
4786
93892
693224
125048
643335
325243
3394
1119831
107882
75024
649225
100173
31038
429902
663745
648375
435225
226563
9321
78601
663503
37339
18462
653432
60083
58419
2076
4482
180594
9326
22088
11816
645629
661681
71074
63924
20371
6466
96654
676940
620268
160734
138992
104423
131393
645727
15640
31287
27760
60449
28945
587114
118329
63507
646745
660705
17105
9070
47525
11944
5462
126853
200394
212038
42
726585
159537
3813
787702
86639
18420
43361
21655
47543
640820
389
873
70548
96934
20563
30217
77297
172980
20803
36313
1015
643985
44
116468
170325
47780
4020
93081
100117
101942
6974
123093
101699
8108
192967
3215
63325
2194
6319
72574
287958
254435
106991
307592
660251
30629
96585
30669
9051
122889
17275
71227
5042
68027
46679
112197
635519
649137
77305
86177
11215
660700
27849
37183
51616
373833
60737
29500
197843
1014857
145245
3370
93536
78865
644036
66421
20866
660639
10111
180990
18123
37967
732826
214187
134133
30809
4781
9416
20477
1067230
1247
112195
373809
94751
78641
92122
4902
92197
1908
314595
97099
642768
86093
3998
69833
178560
129497
30851
143003
38463
60095
22362
104384
27647
9873
665765
21465
91992
83490
71359
113693
175523
28026
96
3568
232346
86605
784912
88414
220916
4421
20637
3921
11857
3437
60473
307598
680363
89755
2114
107427
20180
676936
212745
656728
105386
63049
90865
140471
83930
38371
3277
31475
4326
20595
3526
62127
20415
62662
391474
97164
226129
645694
32542
113678
98098
137045
83896
345704
4854
78625
4694
92696
3908
640372
227895
139388
24691
640334
126444
20638
8228
60426
4110
72504
186762
126291
20984
110904
662614
1014206
7005
17309
81288
71178
95337
455381
38806
20012
3046
104538
649236
25460
2240
72519
5160
78445
25030
21562
106688
1079206
27774
175643
759687
642492
74689
118297
4393
4949
727861
77262
106977
92359
63743
5987
660492
92098
235458
115931
77304
87951
71131
88597
71221
1305
62528
33164
4144
95579
9206
117458
101521
95142
60312
192412
74582
409121
257652
1013678
8938
75020
661922
2013
639
320049
134121
3457
131825
681392
1029195
146021
735981
29955
94666
22214
69793
63939
38524
1263
107273
35377
653080
60179
6898
75009
100
4077
176662
87959
6147
47860
4798
88660
92005
696592
176255
17993
166181
995708
48367
1037083
93933
62900
661612
29851
63668
64117
29402
94465
49662
23955
4081
103036
93364
110674
1631
208988
27714
272448
118479
33586
132384
91537
71602
25229
61120
129372
100419
662437
4304
9382
83889
62518
125383
165989
36755
36267
38352
642544
4062
646681
62815
7588
66565
180605
44935
29193
9840
70081
29447
444254
95178
93632
26850
727690
11484
679964
49955
226566
18878
1841
660793
6054
87996
58097
640500
371211
71166
82454
31994
96988
74794
9947
213003
133080
77331
11921
4838
96891
41696
71092
194852
27985
3578
30303
20484
175789
148650
60456
79558
36580
86798
1503
5668
29292
257654
155865
71213
95652
687801
22395
101585
3461
59675
30250
97001
35678
186553
1863
60708
137052
660216
93965
107726
1018614
410196
9925
93497
3788
71060
47549
20985
435250
140678
146279
20249
21070
104125
178233
264203
127172
22223
97260
95019
737274
21646
74773
82451
674420
92707
155423
3359
22747
4332
2318
18941
812385
222864
26414
76785
245293
1012808
647994
25157
36750
97108
5800
71529
20989
62522
95860
25802
28908
17152
20880
155328
639960
65584
22027
13904
191305
124055
94252
138054
26164
37587
18972
1086053
110899
94844
113629
4456
6216
160769
69940
190140
84976
20207
1257
231215
347330
23418
89748
3601
61716
47488
20843
1037441
122507
20295
992307
138401
107098
186750
37051
457697
71121
660072
419356
32575
64043
3085
82158
84957
686421
87963
73384
78181
132509
248502
657448
660236
131135
107905
137989
135771
27083
727200
13804
22538
737534
86138
663311
60322
1063520
94996
7985
4799
90562
1374
660570
51967
94113
100337
2118
96262
2433
4959
33581
21447
71179
61712
375999
10283
676883
17920
50561
13417
97513
89950
1029159
141854
216183
1061557
20184
122405
111353
713699
6299
75019
91024
13
1112
60296
7459
885857
139227
63025
3577
4102
13503
93239
23502
638790
118918
230682
3887
27233
1121294
112147
110588
59941
27323
66370
20274
660451
20111
28964
39062
65
2185
649210
1833
8229
1218
699729
69798
73203
85555
1793
115866
191444
209878
97284
3458
111480
643473
265268
76595
29660
660225
649217
765202
93974
5824
642671
176952
114447
8644
116162
78618
20881
153648
1878
164581
96424
166328
63870
1664
83681
46195
10419
22224
219035
4885
20668
89690
83789
1118122
126092
290288
114468
312340
47436
7682
85657
672393
6455
661987
4961
44090
15763
62584
6539
167905
119778
108431
104093
30887
60603
20961
110043
127056
14069
170992
28942
3414
1895
94903
749451
734445
99769
74538
2126
3742
23044
78568
91990
37188
743910
53923
94738
260605
4834
5009
264202
3901
176681
114070
17317
60649
88533
4323
164220
100140
22471
231362
706780
7086
88649
648872
5734
122791
5951
31252
23796
3208
211274
578902
60260
178488
18176
21286
652267
81986
1043838
658590
82123
273581
195841
108817
203053
20129
60930
680045
11814
874122
78647
3025
162138
35439
110370
655767
4265
3438
95237
11026
102905
89911
600631
117214
647073
23888
96594
82052
17246
1060918
275744
29999
38301
107535
92552
65023
1789
63986
285047
672473
281906
188447
152094
59723
3506
104830
4776
701576
30120
90221
731847
786938
4272
55802
1528
731412
114525
1070001
130945
176950
96268
90863
67849
4234
97520
85347
267663
49750
21004
61905
126808
107760
21935
637039
37598
3071
55600
84835
645728
126195
86501
142358
43055
77482
82306
1052212
305515
111389
52579
20539
47878
4316
175130
75179
3856
4174
18807
16812
174944
2208
8952
25988
71127
111634
175786
790701
697819
19821
8226
494735
39160
644353
51832
60900
122753
21671
145002
6225
643151
3959
21003
713047
60341
4653
91989
63279
122688
227195
102374
177213
5134
660226
4727
270355
16515
343060
37595
164664
44016
27538
745633
108570
110103
7193
345883
24042
62517
3602
278859
91287
27329
107392
97309
112242
177414
30107
60504
6345
160697
8405
69460
135351
708998
640353
4222
31339
664531
291185
8043
9240
406019
64240
3770
5495
78624
47636
884110
21030
45154
71093
112150
170441
658706
92600
104129
79562
6511
1041717
54528
2820
222429
71173
7735
20084
21821
665179
8267
101857
112737
639371
37374
35682
106653
67
94209
660548
94692
656631
73050
37952
62824
639681
214299
62921
6328
73244
90165
77329
48071
104126
21293
84022
698119
1922
258385
91412
182813
659800
221749
44751
20325
4215
88410
175794
155746
647789
4903
31965
91894
662426
71095
300534
32881
63609
92262
36597
656720
28086
212536
684435
43850
2031
130974
7712
78148
672864
1057881
97094
27308
662116
37148
4024
172602
139670
44659
1005208
21503
36670
26225
69834
104510
6706
648784
11401
192010
37306
23035
273583
26
715450
125371
158901
75606
90894
60123
21147
1038170
7883
3508
17148
96572
65857
104171
754127
138773
38252
645526
103449
72462
9429
199358
420322
3017
278203
263345
176578
92644
71243
72488
191995
639677
2147
170939
402225
72589
59499
8689
20183
30260
144298
148644
4880
187157
7856
192303
59688
521623
110159
95314
9508
78639
4813
63678
1074
14523
649411
107672
114657
94145
341292
3139
107075
642453
94362
633923
62361
1580
6544
18710
412634
907684
70975
112236
26087
191445
27331
220362
307599
574300
27210
688078
98174
60434
307597
2993
23869
18552
131599
88595
11960
587389
62540
1839
19560
430547
8571
3225
648635
91941
24434
21015
426134
92669
177039
202261
71181
27358
97144
3821
47918
82721
4238
402817
33015
62677
177753
86058
21347
1010223
20968
994762
47804
1010
170114
5675
229006
644645
232413
12572
643065
2773
3656
101845
30604
202299
33032
4320
10808
97175
98198
101795
645621
3492
51892
419499
645502
16829
30134
37312
11321
87093
66380
64754
649204
194440
19923
95663
48947
8171
95743
269998
145655
28535
234956
235227
11988
160560
82110
60229
117323
93315
100924
39126
158651
94376
759077
807041
112129
747781
138986
35812
106945
2385
230564
157176
29761
303724
1887
102579
26029
693867
749275
67623
101677
95323
181263
60368
20334
218201
177101
1107786
112292
665596
84580
168595
94531
1006176
156906
660223
3500
14262
176976
14483
154445
649130
640556
84291
5570
11981
21273
678163
99035
86087
185912
215775
71140
61922
21352
206271
1275
63736
212420
8447
643694
32166
172002
38264
328
103451
28959
25709
557531
18364
690388
272086
69863
49493
96709
85568
121553
59597
8506
55121
71238
1065702
9004
63878
97389
21043
699491
18795
42991
126125
94915
20021
110105
17303
87231
77889
52260
88480
90873
554920
125687
77308
66217
93977
89885
645598
1113706
94714
95508
24212
8719
47434
278981
133095
3960
28137
907982
190320
413562
488
107571
33537
95533
125316
662289
1932
59946
341613
22816
3660
231050
62788
709159
1023269
96850
107563
9362
2246
22705
21211
105939
635970
672370
27881
122797
90921
167803
675628
154950
124112
655630
75082
7418
73259
117144
20069
4240
17905
285863
182324
73441
4636
26213
262006
16889
699563
60345
3207
765755
30127
22460
49933
748336
1038038
53319
71185
83924
154600
229031
138722
8046
640056
4311
2037
154694
20924
799296
122891
80289
38511
567317
104832
780140
90914
643447
93713
91949
56386
74868
145542
87915
86031
1082937
533
122974
314873
106317
184314
29439
16531
3862
884279
705155
29663
100486
175816
6665
22669
713508
2815
8665
63030
296084
122759
72937
91447
480
124214
291544
79458
1001949
202315
84735
1084
57911
29600
339697
94618
3744
59903
24555
345162
14785
98193
89855
80008
81981
62744
1112790
224536
94453
71138
648034
97055
1015239
3227
104541
3864
189343
21078
69902
3962
1661
177336
18371
95813
68307
91411
514
1227
118293
99166
104169
143935
22657
2237
60585
94550
14602
127362
528218
17725
217187
13119
102327
29195
191569
9366
93232
1030118
95004
227806
1411
81453
674264
681268
90087
35738
8549
9393
687221
222240
176939
703961
25562
32941
101884
1061600
19888
223178
730472
259817
44142
137316
51062
19270
44370
89468
7409
21930
93559
3647
30102
149988
3024
3777
460539
97383
649273
375774
93803
660523
197778
4384
115332
29823
78650
272443
4850
211537
658376
25917
52318
6751
3128
85757
104552
1018765
155524
108495
4312
95776
177219
475544
167214
113751
17293
659104
69799
78263
329059
649321
112168
71488
59838
180680
657619
328166
63886
191793
643467
151258
90046
114462
186285
91582
4669
647981
371165
90543
91467
62572
21224
17936
643836
268090
6490
85490
67754
136992
49800
175814
4964
130378
8131
167217
445263
68315
10967
22463
712162
22658
153926
74779
43743
659383
1251
94755
108983
408026
63871
3581
110676
3543
78608
409552
93651
81673
88451
30883
155184
128702
104024
23132
878291
700175
26216
693780
98082
3774
131005
77326
187595
93650
77254
95941
649248
649260
814940
108465
678976
132622
86900
4915
47076
662172
143878
131148
102610
30040
211598
54830
87810
778939
1027561
673350
262984
60358
101921
635672
695819
226654
28051
115939
240982
4193
63618
93634
344033
85897
29146
89890
48360
132517
18625
20971
367127
59507
714496
89002
196045
2678
646634
72512
100166
206334
641835
33601
80606
315154
25075
145010
60061
23016
4088
1797
62610
29664
95491
5130
104092
51843
108534
108735
650993
3064
189524
93195
4225
64034
3034
674207
696189
204250
55143
30664
106956
114464
4791
660326
5504
23866
21252
91520
95866
644650
81330
73402
643024
228664
681946
2174
1034251
3106
35911
68255
22107
393687
26984
200191
663104
5869
71224
175669
94018
607557
108541
77240
7813
67438
11395
100761
112161
101856
643177
167844
4754
73279
159184
90845
80282
44427
6349
660965
112232
39194
155835
8941
839501
64066
71120
77523
38675
214233
88965
84874
133492
96342
73018
692138
3211
110896
7294
75017
90536
6130
472211
9381
862133
24109
20059
101864
79695
33914
244773
271846
74031
700575
133824
50579
622595
94846
60528
8686
4409
660101
712128
12258
108414
402251
251491
90891
112227
3923
420043
7689
29840
264705
94528
104702
122872
236311
85609
35451
36358
1081297
4993
21158
149631
186756
102376
223033
62890
93692
234697
146168
649813
6148
20474
94489
27110
77283
18277
125034
3542
679529
262190
214058
20480
24896
17316
645626
11796
126134
116167
156516
92374
102787
4819
727988
229307
3779
186704
65407
37649
9401
9161
125251
22486
91977
88586
2974
686183
142819
655623
2394
178164
9740
689962
638930
126141
354470
205538
10110
231142
102661
593582
640547
301607
8209
21697
131309
77287
23106
40088
3652
690122
656344
498917
56348
164517
104434
10699
100794
62760
3935
169753
231489
11850
75069
661978
24164
60423
59486
641506
663896
1104765
177424
23521
33481
21754
1867
21868
209514
94184
1068955
112155
1004461
3005
157654
303799
649220
100125
75093
4926
94084
91449
58778
104542
202176
8319
62544
113758
112156
1810
1066345
451731
95602
17434
160677
131659
365710
94803
84811
78576
265154
64854
4366
1097164
80042
166763
426874
1796
70096
140669
4951
22465
71101
736092
72437
181962
62613
71183
83895
1069343
43687
4309
8956
82702
44029
662194
133842
33916
88527
35651
4772
102522
237690
37939
1022883
71244
104846
85373
106972
81540
71098
132260
665843
98458
5204
1208
10571
94013
1148
97391
63983
5422
643374
130997
226602
23193
20728
75051
15209
5960
269886
649255
35331
27558
649250
60493
223430
202006
82945
104029
121953
657503
644120
101039
29641
4865
108485
410382
100489
20589
85592
62844
503156
86295
23904
101237
7970
156605
43371
9375
62917
670121
696294
685972
28097
8918
8701
100384
638192
110641
226946
118294
167008
63461
1030432
36742
1843
127857
687238
701578
85228
10039
186759
62847
143890
122737
656065
3967
642504
740137
337816
227687
13697
161227
118230
112192
78676
20233
406835
773752
126211
177809
130984
108567
68124
111351
31756
114385
2600
167635
1715
124665
21551
28966
4987
129084
35522
234731
11830
65868
4075
63372
84758
166021
397313
710975
68388
87950
134924
26921
661994
35765
95627
178589
177225
679480
178126
108206
92906
69866
29810
24839
939679
21072
129280
89888
112221
101790
219651
29697
77222
184439
123978
684656
101719
114313
24588
27463
16637
108561
24811
74770
80274
112455
70
23966
36675
96113
25166
237777
57751
122843
154869
9306
58701
221835
228945
381699
37037
3851
31483
15355
649251
125589
9077
64041
3969
774989
3597
127581
29679
196425
29732
21120
92219
29746
93553
73311
677124
69816
3648
107923
85743
101217
4321
644311
154506
82167
100414
2850
666953
4139
24816
26595
645507
1072137
124435
5175
638419
126112
8186
63181
107261
88585
107636
95318
104774
670437
11882
99646
48587
158585
13691
271289
103059
664091
22728
734791
93694
38320
57840
657370
205066
21706
52578
145168
8713
94207
33472
20798
102261
40121
112683
207792
196481
112702
94255
112300
71212
138963
18810
64005
216445
51723
17762
154907
127652
95285
77264
176101
66333
17299
3460
17640
27659
62878
649526
130385
1026495
84865
3474
149304
2701
237413
3097
8433
89634
667551
166147
33849
163501
244830
171054
663963
649215
24794
36474
9177
145206
198390
142189
1065019
7737
206141
20203
288001
9088
307540
1539
211108
89524
212189
305901
679777
30031
200920
118525
233413
301876
642530
678158
278457
649221
91994
189786
77322
176991
71211
207918
117939
16187
19790
743481
1175
59836
17399
792
66737
100165
643349
94953
187293
63911
643238
1087816
292635
5998
75076
94229
667330
21468
63092
123248
90002
122806
71106
26868
90508
93856
29449
180583
23898
21111
80210
489992
4369
26948
92621
175315
20185
27750
93596
245683
88559
26443
78759
145166
165783
127492
689957
3505
60233
736804
36711
11167
122929
2107
699925
116888
747721
18943
697492
4122
51046
1038581
2660
24585
678162
891277
1011812
4788
223935
1007583
353209
126375
801695
716
230964
58412
134141
19144
60186
94584
568447
86324
179455
207800
4804
127155
114443
30867
24554
204884
640774
30199
649266
3747
91507
4725
28963
104216
658388
2699
38316
647927
33584
12619
21654
160270
663021
222550
111080
103906
234488
20808
182368
24514
100176
4526
63827
3946
63699
656639
95576
65594
4779
93329
54836
3335
167589
12954
356924
678361
269952
175747
1289
31199
71169
167578
640936
163630
20351
640351
10874
37722
94161
81481
138717
542293
62739
89313
106979
94031
100871
1015292
167985
301524
84023
37055
79955
43685
672136
1032923
102937
3156
95187
167863
94414
115865
685055
60982
58251
132759
7275
2817
176235
78613
137483
11792
192249
108502
9011
100049
79606
660526
20397
18113
71909
35814
161439
1119714
7135
114461
142623
713655
190352
87920
175652
9041
795991
21814
8122
117307
155500
713024
224664
342060
3904
91404
66391
3154
175624
107476
37244
404396
691965
3807
39551
22947
60455
663849
94393
59647
671019
23022
238209
47435
122845
130577
111436
327793
169952
169757
83213
168800
637855
38472
39827
638849
642964
301293
28904
92472
8157
250441
85963
3138
18799
50773
656712
51599
92127
95761
242978
226567
71018
90679
653
29662
96154
1064790
1256
1036235
693888
98231
52296
3365
23030
