683352
25362
249069
104649
657449
78749
13127
20071
1239
96070
202430
1101
5205
39102
222850
125298
29202
90535
104677
66338
73018
6400
86199
3424
32997
26084
102903
21068
108489
69876
642782
212767
51082
3491
57269
24522
729
469
21159
80036
20619
62903
47848
20095
24732
4385
244526
179149
662634
4185
1071
1013628
71885
30395
87936
883
252756
1587
234755
29772
660534
104908
38384
19578
38366
928
135395
69931
1210
693282
8919
362
80439
89639
21352
662158
2196
2774
146463
18938
9954
1039106
645916
62601
66332
46866
646628
2485
8256
71193
62927
90028
21306
644578
263711
4480
268336
3008
91958
47794
1036
210612
33588
39922
126853
1494
648301
202
1190
219664
114921
122800
18858
20234
131465
112773
516
78799
2500
281844
8856
82035
123869
143923
2834
92066
92788
12407
672567
3855
220678
63994
2973
642989
104098
70578
78498
950
62726
18562
19241
3433
20754
662157
24977
13024
62206
88764
2234
376109
173055
20857
21289
14702
358831
266855
38388
96241
20795
25845
77260
4050
21814
78046
10941
212387
118789
1013584
82325
92791
1729
64054
235805
78611
63442
196045
266820
39719
88604
4333
211515
20243
106596
665749
2759
694932
104956
700066
126137
3162
2720
921270
105545
3523
180720
7904
889
275
82109
160789
99752
266942
35660
112049
403
175715
94013
280435
20586
20762
166277
660563
22571
661610
406925
833
20081
105775
26102
222224
30851
5826
657377
684215
155503
21891
33781
2367
63715
55023
22788
648298
2427
108623
5135
20532
88254
574709
21057
28123
658459
92962
2511
82837
105996
8359
2708
93598
35522
19462
866
94059
484655
6412
1489
155515
17943
751972
2711
11356
105
884
1583
24665
642707
106354
23129
203272
642861
3673
88813
643719
27976
181262
1259
662350
2559
642550
2344
143544
220918
104848
27685
155431
18613
649970
215254
230052
60312
5862
222462
31753
47496
21239
722
3899
31080
116987
106976
38585
202747
18190
3101
115240
146937
685071
4541
18172
5872
35439
678999
90997
88559
52817
2525
68203
160374
180586
359219
82415
8879
3916
561703
1852
1147
134082
805
642
21241
145300
37255
60324
646255
650456
27543
272159
12892
139436
315876
567635
1845
93020
122825
645525
168595
95557
97346
195537
29187
196
4
160845
37027
75043
37063
1009453
69794
21080
4821
3219
72481
237501
657357
122910
254926
208847
75543
33669
36072
18213
71084
69787
292706
132538
195779
807
26352
649243
4995
10851
646667
18105
166737
185311
156906
110104
20024
96926
226567
660454
1013167
20964
78636
2844
71743
27203
196423
222785
70551
222053
108601
88450
131027
212745
108617
20363
1495
137363
1034426
92776
21
7200
6375
125412
692623
307085
62524
758404
20011
3665
72639
90860
52304
77110
950752
3138
672244
63347
2962
30443
154085
75697
24201
640610
681365
110697
72399
9862
91763
101749
91525
39380
4892
160799
354220
75799
684303
122093
124590
140613
24420
642536
636605
100179
102936
126756
222158
658388
17270
741974
11023
237120
59667
204259
69888
4921
97027
4049
112150
1011428
21576
1011763
3650
9405
90062
27004
687
166594
280986
407779
26753
17301
28895
1679
136734
660234
269925
122779
51323
96750
702512
88556
18792
482708
4904
684318
312265
38409
9344
41561
732340
4767
128675
167
300374
713508
409103
271591
90018
7843
65877
37408
468845
71119
359925
123485
22014
71075
234692
992401
3750
136796
136958
373537
96186
85879
646367
510709
189025
660238
687376
3683
130317
1784
39126
183642
8607
1203
695747
802056
37398
131024
694078
289828
656634
261276
72724
1860
114387
47558
91268
1007994
765244
311747
725875
164485
1048329
115909
583
51821
57500
234488
702853
343346
233435
122853
215841
129397
1243
4998
211511
1356
100147
159927
126724
223576
1311
187310
8335
135816
4935
71233
3941
22246
672652
3610
728998
52758
74838
230114
28179
3600
118647
25715
197987
1289
87942
642539
172078
174593
662159
101847
134569
11905
8809
129912
43743
210399
33
1012889
60540
698535
643148
121913
37661
170334
170155
46811
47860
298366
684219
18571
1574
119588
1043654
646684
645647
697830
124592
284254
85327
183927
70661
649225
692381
75044
179090
75183
265255
4942
79641
227445
217570
131799
219236
185904
79927
122395
39551
677561
74227
221675
678165
794063
91349
62833
794193
9337
167980
4244
673215
1001507
7439
134032
46
4220
289190
8969
202789
335551
80175
242878
162035
1224
695405
24395
87405
862133
20323
170101
108796
102617
199945
197779
17283
676602
3306
129386
69320
102942
162026
91641
123842
62354
16019
97975
62923
3048
19961
192814
125752
997404
181086
86295
82460
79357
92639
1022475
23840
689979
633
86340
145011
29769
7376
186239
102389
177792
679090
676429
295011
168305
143828
188802
3948
282823
150063
158900
151215
11879
105327
226946
694116
218037
2249
114445
196234
656695
649123
65170
92011
400792
47570
96419
285863
683618
643702
47454
849785
679657
95919
25520
27019
35290
634
110194
698531
24456
5394
210700
228813
95605
251515
10049
124925
5995
686673
77319
360505
2732
164266
23796
856803
331003
1108853
95895
177910
486880
101920
17342
21709
27053
21761
72708
649455
29673
78451
36498
203842
278192
7840
714304
126287
661458
47435
101442
341247
684441
376276
24198
73236
122057
645702
661951
29823
96886
283992
114349
86117
231216
211105
158905
46617
122768
96350
357547
5455
143867
214319
104181
484987
646130
110099
150209
778604
1084106
187998
301608
6939
27682
716316
21916
106933
97297
7503
122974
72498
1060667
43689
226650
133074
106804
748795
229264
131334
99715
24739
175287
883573
271961
62528
3076
3583
27297
178447
2026
85697
681360
250201
66013
160434
213206
24482
216432
4221
117714
188934
25372
22465
355471
245365
436005
87204
128910
3564
190610
713388
405971
74829
6447
102606
62632
27538
184333
245175
257654
100135
56386
71153
30444
176637
59983
92745
679444
20455
226625
101831
132103
4852
232783
143842
251540
3061
9162
200977
70137
160892
182076
106990
117742
213776
66737
122769
8171
270023
229006
33826
651485
107916
51613
188738
60982
245113
206327
748616
84193
649232
46868
69807
285171
210918
194880
5463
124432
125475
221169
123742
889125
4718
196614
243951
66391
161239
145166
32575
49800
79795
123134
1185
21430
84174
522815
391659
1003391
254178
37403
280692
293527
14569
678168
181087
15691
142836
191650
132779
5009
637477
71218
72485
63138
1020704
168749
177753
17258
696110
212500
641474
2661
773117
32110
20921
166763
22852
91446
87522
4897
212728
101094
62068
642838
56964
37798
164218
24054
247893
646129
110087
87930
313757
702943
648308
307598
18204
391046
104196
228175
322106
717436
807472
12114
1015239
133826
647829
1027561
166041
293675
196406
90212
57761
17391
183419
388243
33741
24554
95337
747669
226683
226157
61023
151525
367705
100182
37057
95824
597407
89635
1077021
656643
718
1983
758957
134924
192356
198646
218913
375774
287783
712124
455314
26856
4889
29149
151709
269348
192965
74868
798581
60392
222724
374671
183084
699925
178221
4955
143712
690002
18841
219246
397313
269840
139157
89585
1085020
280660
219813
1081386
26087
133185
715561
711483
176039
307593
642478
58922
146802
778686
29708
600631
83080
368933
328122
307564
69934
168057
656668
407839
371541
645456
24184
665661
107977
139851
44004
79689
620268
61350
114470
60132
100658
108611
194460
644577
88958
450836
60166
658371
661664
224797
286663
10009
155186
228277
31842
78750
6139
984474
776847
408834
162944
88797
148855
679347
173252
127747
90117
90811
218011
108785
287371
91321
85658
165534
130733
226872
5860
1096524
123221
71685
93528
194075
686665
22590
221413
23631
248074
910048
3996
160416
270231
657640
88005
208327
687671
199921
339141
252958
100881
949002
1063971
279562
269323
196483
638922
19033
224129
21655
231364
30648
83377
142883
85746
21604
214451
705834
26662
194938
86289
667483
88732
190657
213326
3160
189835
123828
196559
71248
6510
622595
345469
92249
185290
145259
53526
855199
268936
88709
1066345
89985
214213
22033
361817
305336
31453
207021
173813
1032183
95
125067
155865
156376
197951
39254
103001
78603
379241
50549
640936
45383
714928
122710
92107
306892
305846
28206
1104680
739817
62619
60955
732815
293716
169421
678373
176213
693176
170990
232851
91597
746834
205655
200414
63847
221577
224343
100127
210072
10284
179192
36654
9024
29840
289368
652673
460300
831135
396761
991906
439593
202769
141746
152722
158754
1250
649283
97358
222704
75228
379920
508727
644543
267941
194805
181873
71238
49651
727988
16235
37670
162040
376725
174682
645172
137523
116948
161498
327522
172826
255352
38417
1006489
23947
702852
166183
856991
61629
164517
364326
1008964
715559
640254
29280
274048
434429
367947
5698
351322
151914
272522
730472
370368
47409
781521
615043
200306
258733
63808
123297
696115
415138
129564
42962
231142
166154
143837
124416
714950
681378
139618
217121
218928
342285
754282
917613
216645
468642
96274
675847
187212
292750
714558
225929
205673
1018746
243053
144624
30952
28514
123040
217380
637333
151639
415700
134097
213891
729517
25930
25933
957446
24372
27302
661391
137244
9258
102376
1066844
65643
59939
131859
88912
3005
126037
115986
247255
60213
771012
216122
689813
954
699473
267270
164829
515150
157351
85052
51862
24536
728304
279476
1107700
122510
1022511
216585
789695
304887
163176
189536
164256
97015
175975
101524
17845
1015038
741544
170448
18147
40403
60278
277758
157654
773168
30637
193227
305845
14812
240200
230635
293139
175138
40015
26673
748674
781213
262386
280059
510517
668245
84856
29697
188807
753687
193859
7028
200416
8874
28187
222602
292313
774646
566331
132260
196053
160264
686674
59613
133389
174556
680246
101772
18674
116951
324522
841635
47112
107600
692167
85449
788435
29789
207980
153647
75076
400047
60452
322099
884241
78730
278207
60553
103824
459972
1089811
113813
995816
90975
303039
734024
26068
130945
737353
307548
158196
695956
101552
104236
10072
218967
1181
63092
7356
62602
51827
23007
713825
127697
794695
86182
314653
264236
245019
191415
441510
644647
63819
738706
100873
327278
231078
773911
644398
466145
200869
204597
639683
354894
172120
65993
344080
1767
95848
246869
8423
174227
130557
214022
22457
7023
63025
85568
32451
657450
206548
692939
178862
303707
30951
219028
51733
21499
260000
153218
129898
135669
205322
170097
646621
123921
58251
137766
129268
72597
163440
429683
673035
764813
3452
743518
54836
131402
343060
665744
535092
79778
230012
205772
1009191
123220
174604
68021
715780
44723
657347
82058
538223
137008
684781
1013878
21940
431932
321176
165774
342046
291721
197770
49647
176726
258711
63465
41397
33467
36553
37781
37363
184080
897666
136261
317866
653193
4018
686692
122716
916468
114242
142797
1033692
101237
273798
678108
131138
1030085
12258
168712
198555
75144
872609
254400
222106
191951
100042
684289
130877
260161
158390
103015
253858
173183
442153
1019953
108118
26887
84845
286267
671134
9038
696875
798104
303713
598655
698537
6778
714813
653414
132645
402924
90810
277072
248241
131655
688525
713685
4231
711939
1099167
685773
205246
133024
715155
4351
216238
453823
325182
971063
275015
658145
210334
268765
736282
185910
218836
63308
85586
198500
182588
176169
322222
201344
172501
276935
88749
607515
203823
764542
23850
43410
52989
882596
211400
156802
101883
794244
608286
100958
370284
103426
23698
429375
124792
218352
216098
91861
135193
327748
201194
41256
336787
3909
102341
37908
38872
486959
425796
124338
307930
771180
25114
79232
311366
764160
107492
1047793
102873
837753
736561
282433
84737
1079769
91257
72722
308526
853448
49377
837082
411646
191706
188544
324281
187330
657475
125069
96225
178274
196921
218240
339302
172303
328819
173193
86832
36885
71091
674197
106895
326356
377392
104431
284846
21823
674081
74117
28513
767245
65863
5080
88558
644640
525760
740743
671840
279786
676110
580133
21527
694765
264833
122673
74097
184314
243693
686811
199860
130389
191334
689589
1090958
850782
233765
145266
202152
218116
130838
764403
47779
118231
1119831
107882
854329
31038
648375
435225
692946
276868
831136
110601
279886
203971
309282
477452
170462
189949
138992
123980
131393
760118
267657
645727
157012
148869
351754
646745
635299
334182
30747
453275
126279
726585
159537
787702
1071100
187324
225180
128992
224757
60860
135443
938820
529199
36313
207800
70233
198319
123093
264705
256498
227079
71921
203558
301293
660251
30629
216496
175125
295792
229536
468956
129613
448794
46679
275679
27849
258509
51616
373833
197843
463053
340445
7187
66421
660639
197144
37967
251863
314595
224104
264743
408040
129497
307941
96342
253421
27647
124325
181881
175523
132922
232346
784912
74528
89755
695528
676936
59521
105386
140471
382335
124224
107924
139438
391474
267936
47506
137045
345704
508599
345980
24691
328795
126444
47510
666809
1014206
122843
232782
961845
702530
274612
26543
17223
1079206
658100
196933
333166
319499
727861
715615
235458
1305
129736
192412
74582
409121
8938
260562
704378
355818
129279
658336
131825
640396
60597
1029195
266406
641380
223158
214799
304446
33895
134408
101044
176662
282902
772494
696592
282309
212814
166181
995708
600762
130747
212636
194649
49662
219507
447722
223296
1631
29685
145668
320148
129372
270395
83889
125383
1001209
425408
676579
176854
77029
1011640
70081
320751
727690
60400
660793
993075
160495
90956
270198
132935
378576
74794
135173
213003
24258
270679
1114680
221104
457731
151295
269310
213851
411455
29292
687801
3461
223716
268757
129266
137052
180524
176595
410196
27637
217580
146279
99665
27064
178233
88835
411640
930507
91586
207799
174423
106812
131394
3359
178614
513204
207979
974632
772798
237300
26414
76785
761578
128687
71529
28908
686561
184555
268946
167563
138054
131885
353712
130566
123738
658480
380327
317720
198091
138401
733471
660072
3085
184700
49695
161717
145706
657448
169523
204490
188886
165454
135771
681946
176640
727200
124700
33472
1065055
491917
116170
124428
757823
706831
676883
200555
92730
917025
206822
203044
89950
675611
962893
222362
217261
122405
713699
154506
885857
139227
394340
766884
112147
950593
87632
259846
303799
477206
295237
820997
191444
1018699
22624
1064327
125302
101038
352776
201843
151063
244232
70751
48673
290288
681735
184155
204703
85657
731022
276034
119778
163439
204230
178956
727828
183472
88443
219440
192986
132682
176681
228058
256687
245063
706780
117760
671019
278815
81986
203053
680045
122892
874122
176466
96594
672416
653473
172401
306785
107535
122493
389415
65023
285047
731312
152094
522720
1120518
786938
204700
179134
155500
414070
312481
145959
61905
167383
173239
685289
726015
76945
87995
478861
197093
1052212
205414
175130
75179
798419
88574
635150
827910
221853
219280
71374
697819
232781
674091
690068
337067
224670
227195
102374
521924
124137
44016
1057428
97309
160697
262967
515234
135351
118320
664531
291185
206959
183122
610026
242221
621245
84839
170441
165799
1041717
935515
214058
203999
665179
748086
218062
1101045
37374
713281
216195
140047
48655
561748
166167
427157
51695
202744
715525
214299
184195
331246
698119
1087068
29703
90870
96204
221749
789825
136272
176831
194320
24164
31051
57041
97789
204161
288185
546251
122521
231908
261766
23035
327743
146823
1038170
21950
212680
248613
9429
199358
278203
389755
72488
362969
307299
84014
18839
168993
866081
51072
183619
144298
50550
242327
59688
685219
301045
96527
29618
329344
327925
264401
371163
667113
633923
26021
907684
692911
615181
96947
386869
131599
60035
122879
74598
587389
185436
430547
177161
648635
219125
270596
87524
197493
468886
220720
260718
239016
47804
170114
232413
130363
25343
226799
215755
166126
1032280
71561
238731
943051
87093
311519
28535
234956
409636
182953
100924
222551
208480
1016336
186348
7367
759077
747781
259743
174352
242220
329234
177101
665596
197789
103385
615353
553603
172936
206271
327148
641470
172002
690388
355204
343590
166124
699491
226916
508339
390730
127717
18948
124678
74308
133095
726228
136901
28137
413562
671107
312679
303339
341613
231050
704436
1023269
140945
865470
124988
60144
33476
253814
87961
235293
145006
334709
699563
49933
1058245
465125
601246
154600
229031
146007
130261
110699
151092
423051
799296
177739
92662
49077
711199
985257
175519
220742
863057
258590
402315
131449
205400
314873
201449
327140
705155
204415
130669
63030
276917
202408
82181
992730
301448
350122
263104
291544
265508
794659
201517
415875
339697
3444
65666
24990
81981
1112790
9790
442642
37546
184887
97055
690391
671095
142337
177336
95813
983046
660113
204955
320090
14602
62373
528218
217187
183629
806528
168111
27754
681268
281379
131271
183571
331851
745113
703961
671879
202572
223178
44142
51062
213325
336215
999357
460539
235597
660523
768258
469441
125026
877443
106931
470135
293482
777965
643577
138610
184579
340510
59838
180680
328166
277167
279881
228769
751601
647981
371165
25915
171482
202527
378246
616053
85490
242462
323972
960026
130378
68315
198459
293903
712162
811479
463945
153926
659383
133893
729382
71304
117559
101760
217591
1165
129361
706617
128702
243613
148859
700175
733136
87029
187595
814940
228551
98147
132622
90291
26162
219428
103479
781832
138435
62393
102610
341980
201995
54830
87810
768297
158794
359757
176690
257679
3420
389687
238925
657876
176456
367127
279050
318695
714496
968674
7088
745847
13414
869219
237150
203047
196448
315154
943243
145010
340337
62610
5130
478524
650993
212904
188168
29543
90858
1122918
283639
257357
80592
2174
22107
1122545
252240
393687
26984
200191
435036
198424
689829
133383
88721
130248
712433
247150
484201
979548
90845
380268
306890
1056975
839501
38675
881267
215660
529808
51652
2170
70996
158509
639177
133824
131826
184690
203901
194815
828068
1133230
127545
308042
5331
125985
171048
330763
255922
294149
21969
23742
99853
226890
223033
55149
188553
101177
227122
182596
451692
139627
274637
393895
288699
715136
125034
679529
219747
256925
11796
237529
186704
198077
125251
2974
85713
244703
142819
655623
232216
429091
354470
593582
640547
8209
360690
21697
131309
200771
857665
434437
690122
249599
498917
279078
339942
169753
231489
89546
702723
149303
1104765
28906
23521
780186
1068955
202996
86625
151581
923232
47592
58778
425760
77354
218377
113758
451731
977507
265154
257521
426874
1013642
445305
736092
66903
349201
339712
908778
390828
104066
314987
693784
67902
142793
217323
193986
308606
1117955
104526
55805
100043
293636
54740
91735
200324
276247
680531
153700
218886
75051
1088431
740991
128705
202006
121953
172659
644157
100540
129703
503156
156605
395379
198391
1080031
670121
685972
716982
217667
224193
167008
196459
395501
221116
745610
59549
38456
14867
10039
60053
143890
656065
286843
182868
740137
433477
229792
118230
752616
130984
88827
100280
114385
731002
87212
255995
166252
855907
161714
356926
215381
281923
358784
87950
865853
789010
108206
203005
235270
210107
271727
939679
150510
129280
430850
219651
687762
123978
380376
772097
27463
1022259
186921
126255
337842
228945
835195
649251
216686
1071228
774989
866871
232287
92349
744524
225623
669066
376113
124175
685552
269839
135135
333176
186122
677124
302740
85743
333955
492502
709273
100414
666953
865698
214143
747389
91104
124435
364936
91317
104727
123340
210477
135095
251842
32139
359591
184090
694582
983151
855661
130252
167004
273643
186794
122778
279202
102261
183306
28827
207792
790985
198705
50074
88944
1043330
160673
28998
154907
191007
176101
598549
286545
129265
460673
733870
271164
133815
406778
595439
64982
1026495
352209
278000
744460
338043
149304
166147
92105
33849
1117936
123268
36474
240470
132282
194709
125204
388822
260221
245502
285463
200920
251525
513169
736447
186012
301876
291336
248052
713693
152572
743481
142697
65318
728571
343173
127791
425898
233484
173520
667330
680009
355772
96800
103078
257171
574104
101180
307889
489992
185288
85148
142984
853015
176884
175315
412266
592099
189833
923403
177080
33487
35110
541723
36651
320729
168401
275050
294645
736804
168450
116888
37561
184036
86000
694085
891277
323859
147760
177915
353209
801695
181141
125826
190445
124976
410824
898704
325511
568447
206345
1065810
2812
177828
293140
207411
162184
707836
160270
219597
112145
141744
228404
222550
570753
650815
256914
675054
1000950
187044
