683352
25362
249069
104649
657449
13127
20071
1239
96070
1101
5205
39102
222850
29202
90535
104677
73018
6400
3424
32997
26084
102903
21068
108489
69876
642782
3491
57269
24522
729
469
21159
20619
62903
47848
20095
24732
179149
662634
4185
1071
71885
30395
87936
883
252756
1587
29772
660534
104908
38384
19578
38366
928
69931
1210
693282
8919
362
80439
89639
21352
662158
2196
2774
18938
9954
1039106
645916
62601
66332
646628
2485
8256
71193
62927
90028
21306
644578
263711
4480
268336
3008
91958
47794
1036
210612
33588
39922
126853
1494
648301
202
1190
114921
122800
18858
20234
131465
112773
516
78799
2500
281844
8856
82035
123869
143923
2834
92788
12407
672567
63994
2973
642989
104098
70578
950
62726
18562
19241
3433
20754
662157
24977
13024
62206
2234
173055
20857
21289
14702
266855
38388
96241
20795
25845
77260
4050
21814
78046
10941
212387
118789
1013584
82325
92791
64054
235805
78611
63442
196045
88604
4333
211515
20243
106596
665749
2759
694932
104956
700066
126137
3162
2720
105545
3523
7904
889
275
82109
160789
99752
266942
35660
403
175715
94013
280435
20586
20762
166277
661610
833
20081
105775
26102
30851
5826
657377
684215
21891
33781
2367
63715
55023
22788
648298
2427
108623
5135
20532
574709
21057
658459
2511
82837
8359
2708
93598
35522
19462
866
94059
6412
1489
155515
17943
751972
2711
11356
105
884
1583
106354
23129
642861
3673
643719
27976
181262
21019
642305
1259
662350
2559
642550
2344
5215
220918
104848
27685
155431
18613
649970
230052
60312
5862
47496
21239
722
3899
31080
116987
2328
106976
38585
3101
801
115240
146937
685071
4541
18172
5872
35439
678999
88559
2525
5004
642490
111217
82415
8879
9239
3916
77722
5961
1852
1147
134082
515983
805
642
21241
742
37255
60324
646255
650456
27543
61543
12892
139436
6210
567635
1845
93020
2608
122825
15143
168595
95557
97346
37300
195537
196
4
37027
75043
43612
37063
1009453
69794
21080
4821
3219
2810
357530
72481
657357
122910
254926
3371
75543
33669
36072
18213
71084
69787
6048
132538
20278
807
10052
13698
26352
649243
4995
10851
646667
62875
18105
663582
636561
166737
20044
185311
156906
110104
20024
96926
226567
660454
1013167
20964
78636
2844
2282
9734
215078
27203
479
196423
222785
70551
222053
108601
88450
79719
131027
212745
108617
20363
1495
137363
1034426
92776
21
94026
7200
6375
125412
692623
62524
758404
20411
11303
20011
3477
1226
3665
72639
52304
77110
3138
672244
63347
2962
154085
141957
75697
93659
24201
92731
110697
18763
518634
72399
646347
9862
91763
101749
91525
1244
4892
38374
160799
75799
684303
122093
124590
9849
140613
24420
106972
642536
636605
102936
126756
658388
17270
92009
107678
204259
69888
76293
30173
4921
4049
112150
1011428
1011763
3650
9405
47763
71125
27004
687
166594
280986
407779
26753
647869
17301
28895
1679
27803
136734
2686
30363
660234
269925
122779
96750
642877
88556
22224
18792
482708
4904
684318
3168
38409
37129
9344
41561
732340
63732
997937
4767
128675
167
72469
713508
409103
22947
271591
90018
18863
7843
27836
37408
20988
20306
71119
10549
123485
22014
71075
234692
4440
3750
136958
373537
33632
96186
85879
646367
118527
4814
660238
3683
130317
1784
135632
1781
39126
183642
4751
104299
9389
8607
1203
695747
802056
94348
37398
131024
694078
22367
72724
32497
25718
645693
640017
1860
114387
91268
1007994
30175
725875
164485
1048329
22845
115909
583
108543
51821
85373
24033
57500
234488
702853
343346
93028
25872
122853
46218
23127
129397
62754
30295
1243
636736
4998
211511
1356
159927
1541
1311
5693
33869
636156
272845
8335
75287
4935
71233
3941
22246
33783
26633
672652
3610
1490
728998
60068
52758
74838
3589
28179
1731
3600
82220
118647
831
25715
21883
1289
87942
642539
172078
174593
662159
69853
11905
2953
186567
8809
26781
129912
266843
43743
210399
54527
33
92310
60540
698535
50680
643148
37661
170334
38518
170155
47860
298366
684219
230019
18571
1574
1858
646684
645647
17685
697830
124592
30374
85327
1273
70661
649225
692381
75044
56925
179090
75183
4942
79641
217570
131799
178457
3
219236
185904
79927
62624
122395
39551
266503
677561
12074
74227
678165
112201
794063
91349
62833
167980
4244
17263
1001507
134032
46
88678
4220
8969
202789
80175
162035
1224
76204
695405
24395
57914
87405
118398
862133
20323
170101
96987
63568
108796
102617
199945
197779
17283
676602
3306
69320
102942
162026
123842
16019
177059
3048
100803
9348
192814
4279
3739
73402
116906
12213
125752
997404
3099
86295
82460
92639
1022475
649853
23840
689979
633
1368
86340
29769
70085
7376
186239
102389
177792
679090
676429
295011
4958
168305
97010
143828
25683
3948
282823
150063
158900
124908
151215
11879
105327
226946
694116
218037
2249
114445
3482
674207
656695
649123
4293
65170
92011
79813
96419
285863
683618
643702
47454
679657
25520
27019
16050
35290
634
110194
698531
24456
5394
210700
96585
10049
124925
245683
5995
686673
77319
360505
2732
164266
99646
23796
856803
39546
1108853
95895
486880
668235
139068
101920
17342
21709
27053
21761
649455
29673
656342
78451
643183
55143
278192
7840
714304
126287
661458
47435
101442
341247
684441
207574
376276
24198
73236
122057
645702
661951
29823
790701
96886
114349
101639
231216
1024
93634
701
653253
178634
211105
158905
96350
5455
214319
104181
104555
21660
646130
110099
1084106
6939
27682
716316
21916
106933
21053
97297
122974
72498
1060667
62564
226650
133074
106804
748795
229264
99715
24739
88985
271961
62528
103155
35896
3583
27297
2026
85697
48558
250201
66013
213206
24482
4221
79781
33392
162223
25372
22465
43
355471
684216
88573
87204
116989
3564
190610
713388
74829
134967
102606
122797
62632
4112
27538
662416
184333
126085
257654
56386
71153
30444
176637
59983
92745
20455
226625
4852
143842
649092
3061
9162
70137
73060
604207
106990
4368
9402
117742
213776
101463
665215
66737
77321
8171
229006
33826
651485
20049
60982
206327
886197
748616
84193
96710
649232
46868
69807
100677
194880
21573
5463
221169
889125
4718
196614
77273
66391
33032
175773
80488
145166
32575
49800
64200
79795
123134
1185
21430
84174
39064
1837
645505
37403
293527
95551
14569
135397
4735
678168
181087
15691
135453
191650
132779
37201
58283
5009
637477
71218
72485
101817
87294
733531
63138
114111
177753
15585
104857
17258
696110
212500
2661
32110
20921
166763
91446
87522
4897
101094
62068
11950
642838
19996
164218
247893
646129
110087
87930
313757
702943
2898
202026
648308
3405
307598
172077
104196
228175
717436
807472
12114
1015239
4463
97383
647829
1027561
166041
11869
293675
196406
96729
90212
122761
57761
17391
85583
388243
33741
270806
459539
94297
24554
95337
747669
226683
226157
110664
61023
661448
8591
151525
100182
124040
37057
26666
89635
1077021
3929
656643
718
99790
1983
758957
134924
37353
21957
30627
11919
375774
287783
455314
26856
4889
29149
1999
269348
30690
192965
80042
155184
74868
798581
60392
20817
222724
374671
699925
4955
80210
127822
690002
18841
219246
160788
397313
139157
89585
1085020
69879
26087
5175
133185
297710
715561
18208
176039
307593
642478
58922
687570
146802
126034
3403
778686
600631
83080
104163
1021638
328122
307564
69934
168057
656668
407839
104462
92521
645456
24184
7166
50487
107977
269886
44004
80078
701424
79689
620268
61350
114470
60132
100658
108611
194460
644577
88958
60166
658371
661664
59846
10009
155186
104177
228277
31842
6139
10699
101304
162944
43724
88797
642613
679347
226566
90117
92771
90811
108785
98198
94693
91321
85658
165534
58489
640858
5860
226075
123221
72684
93528
3883
686665
221413
23631
3996
160416
270231
657640
88005
687671
143850
714495
339141
252958
106709
100881
151061
1063971
69812
269323
196483
638922
664100
19033
36711
21655
231364
30648
83377
142883
85746
96919
37250
21604
705834
26662
174638
86289
667483
88732
78254
3789
1001949
190657
123828
29552
18799
166071
196559
71248
6510
622595
15151
145259
53526
88709
1066345
89985
4248
22033
361817
231819
22892
122763
305336
31453
207021
173813
1032183
95
125067
155865
94238
642676
95010
134101
92359
103001
1041416
29522
78603
672637
640936
714928
122710
92107
306892
28206
1096010
60955
7577
732815
293716
83102
225615
169421
176213
693176
658204
170990
746834
205655
200414
648907
63847
182173
224343
100127
29195
10284
179192
36654
9024
67667
29840
289368
652673
103913
396761
991906
1054190
439593
732816
8368
202769
141746
152722
158754
1250
75228
90607
379920
644543
130290
71238
727988
16235
37670
104747
1040337
174682
4216
645172
137523
116948
161498
1008561
172826
255352
169703
1006489
23947
702852
164517
181324
1008964
124310
715559
29280
367947
5698
151914
272522
730472
47409
781521
103453
137982
200306
63808
2227
123297
397183
696115
42962
231142
123419
143837
169689
86639
681378
217121
267663
218928
754282
917613
216645
79635
187212
205673
1018746
665214
122900
643181
28232
144624
30952
28514
123040
217380
637333
151639
415700
3360
729517
1294
25930
25933
24372
16260
27302
661391
9258
16405
102376
1066844
131859
88912
3005
991775
126037
30407
115986
247255
60213
223184
3265
216122
689813
954
164829
515150
10004
157351
222328
204928
85052
24536
728304
279476
9742
1107700
1022511
103209
216585
789695
48598
163176
189536
97015
73005
701317
175975
101524
521623
17845
1015038
37132
741544
101169
170957
28148
27038
18147
40403
60278
277758
157654
30637
193227
100270
305845
14812
26673
183844
262386
280059
84856
29697
188807
145279
7028
24778
33605
125778
8874
222602
774646
114086
566331
23000
132260
160264
686674
59613
133389
206388
195851
680246
101772
18674
87627
677039
116951
324522
47112
78779
71204
107600
692167
85449
788435
153647
75076
998605
60452
647754
741978
884241
78730
25920
278207
87857
60553
103824
459972
26380
1089811
113813
170948
231066
995816
90975
35585
26068
130945
29821
447745
307548
158196
151072
101552
104236
10072
1181
63092
7356
130385
92128
62602
94088
51827
23007
713825
70061
127697
794695
86182
101902
10621
314653
75008
264236
245019
191415
644647
63819
738706
644398
200869
777229
1006931
800977
204597
354894
715909
65993
1767
95848
8423
174227
130557
22457
131089
7023
63025
143753
85568
827
657450
206548
45374
296785
122896
191266
30951
698626
219028
21499
29655
189495
129898
103843
139670
205322
170097
646621
123921
21782
58251
450915
137766
660571
129268
142963
59608
163440
673035
280252
17086
3452
54836
131402
343060
665744
535092
79778
94755
123220
68021
715780
127388
26438
82058
137008
1013878
21940
431932
19875
153914
165774
197770
49647
176726
63465
41397
33467
36553
37781
6780
37363
897666
136261
160276
4018
686692
59859
916468
376145
657966
134061
142797
88672
1033692
101237
135003
104864
189904
678108
145242
131138
747721
1030085
12258
710072
198555
75144
95432
26639
681379
130877
266758
103015
253858
173183
442153
202733
1019953
108118
26887
93182
75060
9038
3796
696875
189467
798104
303713
698537
6778
714813
132645
131002
248241
688525
713685
711939
685773
205246
133024
715155
4351
27327
325182
101624
275015
658145
16889
193049
185910
16948
85586
98202
182588
12194
696509
159312
322222
39224
11884
172501
276935
36085
101951
88749
84808
607515
203823
764542
23850
43410
52989
167305
882596
263224
211400
156802
101883
176953
794244
608286
100958
370284
103426
57407
23698
129292
91861
135193
327748
336787
638632
3909
102341
162635
37908
24048
130965
86509
486959
425796
771180
25114
79232
180661
764160
1649
107492
688098
70091
102873
75901
837753
25945
57844
408044
95825
84737
91257
837082
87744
191706
188544
50993
324281
205066
7606
125069
655822
96225
178274
218240
339302
131574
173193
45391
660164
17778
61491
86832
36885
71091
674197
483185
377392
23734
23933
21823
10496
674081
7608
151064
28513
86263
104726
84350
644640
740743
671840
676110
90162
694765
264833
122673
74097
184314
23141
686811
199860
22746
86185
130389
118286
1090958
233765
124360
12829
5039
202152
238199
690485
125048
59858
47779
1119831
107882
100173
31038
88863
663745
689969
648375
435225
692946
663503
60083
831136
63924
122716
226812
309282
305901
138992
33465
131393
760118
159832
645727
587114
148869
646745
30747
200394
269952
726585
159537
787702
1071100
225180
60860
14113
36313
170325
207800
70233
100117
123093
218913
264705
203558
301293
307592
660251
30629
9051
216496
122889
468956
46679
635519
27849
51616
373833
29500
197843
92804
87231
7187
66421
96274
660639
18123
37967
732826
88852
238929
251863
314595
97099
86093
408040
129497
307941
96342
253421
27647
124325
181881
175523
132922
232346
784912
220916
376109
89755
676936
59521
105386
140471
382335
4326
300534
107924
139438
391474
47506
137045
345704
508599
36432
640372
24691
126444
677876
4110
1014206
7005
71178
455381
122843
961845
702530
274612
1079206
27774
759687
118297
727861
715615
111057
235458
1305
202807
192368
129736
326356
192412
74582
409121
8938
129279
320049
658336
131825
1029195
116527
17268
735981
214799
304446
60179
680446
35380
87959
696592
166181
995708
600762
63668
130747
49662
71201
49795
219507
447722
1631
29685
72590
208988
129372
678373
83889
125383
165989
1001209
1069947
158983
676579
1011640
70081
29447
147802
145652
727690
11484
70719
660793
993075
58097
25733
90956
23683
132935
71166
378576
74794
213003
270679
182913
1114680
221104
41696
71092
457731
151295
43687
79558
36580
29292
687801
3461
188595
129266
137052
410196
146279
99665
178233
88835
411640
127172
97260
207799
174423
106812
16087
131394
178614
513204
207979
772798
26414
76785
1012808
647994
71529
28908
164604
268946
191305
138054
131885
1086053
347330
658480
198091
4075
138401
660072
164549
3085
704665
223935
49695
657448
169523
4236
204490
188886
135771
681946
176640
727200
173315
124700
33472
491917
654900
130577
61712
676883
200555
92730
917025
244113
13417
78682
89950
962893
222362
217261
1061557
122405
713699
154506
7459
885857
139227
230682
766884
112147
950593
87632
59941
303799
477206
69798
191444
97284
1018699
22624
352776
61519
201843
30646
70751
219035
290288
681735
184155
85657
62584
119778
228115
204230
2126
727828
23044
88443
743910
176681
228058
17317
256687
245063
706780
671019
81986
171465
203053
680045
144989
13012
874122
176466
96594
107535
122493
65023
285047
281906
152094
522720
79690
786938
179134
55802
223799
155500
61905
187686
21935
685289
1078239
3071
142358
478861
82306
1052212
47878
175130
75179
212632
88574
174944
59999
219280
697819
131400
224670
227195
102374
270355
44016
745633
24042
278859
1057428
97309
160697
262967
135351
664531
291185
621245
237419
170441
658706
257481
165799
1041717
935515
179455
214058
203999
665179
748086
396719
218062
1101045
37374
35682
771322
222688
687528
48655
561748
427157
37952
66522
214299
184195
145275
331246
698119
96204
221749
176831
19270
647789
194320
31965
71095
24164
36597
57041
204161
672864
106056
546251
192010
23035
146823
125371
3844
1038170
754127
9429
199358
278203
176578
92644
72488
191995
639677
307299
84014
169738
61595
25395
144298
50550
59688
301045
29618
170991
94145
129081
7820
327925
371163
3955
667113
633923
182327
907684
70975
23869
131599
587389
430547
684556
177161
648635
283992
7044
215720
87524
197493
994762
47804
170114
232413
226799
187117
215755
71561
943051
205538
87093
64754
194440
311519
28535
234956
409636
182953
22852
100924
186348
759077
807041
112129
747781
138986
157176
29761
174352
60588
177101
665596
103385
3500
615353
126049
21929
28967
215775
206271
212420
172002
690388
49493
121553
398246
699491
127717
152938
164262
133095
28137
413562
307555
123469
59946
341613
22816
231050
1023269
865470
96556
253814
145006
699563
765755
49933
465125
154600
229031
130261
110699
278209
151092
2037
799296
711199
175519
131449
145542
314873
303196
201449
16531
705155
93123
204415
130669
63030
122759
91447
276917
202408
263104
78926
291544
202315
339697
687376
3444
98193
67853
81981
1112790
9790
442642
71138
97055
690391
177336
95813
983046
660113
60585
14602
62373
528218
217187
681268
331851
745113
703961
32941
671879
223178
44142
51062
88857
213325
336215
89468
460539
660523
768258
4384
68390
69799
147182
71488
72450
59838
180680
328166
279881
151258
90046
72698
81447
91582
647981
371165
25915
171482
268090
85490
130378
167217
68315
10967
198459
22463
293903
712162
312265
811479
153926
220436
659383
108983
128702
700175
187595
814940
132622
781832
473456
260615
188443
102610
341980
693714
54830
87810
158794
635672
202870
3420
176456
367127
318695
714496
89002
132760
968674
7088
73108
266944
237150
566846
206334
315154
943243
145010
340337
24547
62610
29664
95491
5130
650993
3064
212904
3034
29543
74440
1122918
228664
2174
14644
102768
68255
22107
393687
26984
200191
175669
689829
88721
229810
90845
6349
30392
546
839501
38675
394393
692138
684548
215660
529808
70996
79695
639177
133824
762467
731593
79704
131826
203901
203272
5331
36358
125985
330763
11912
149631
21969
23742
223033
62890
146168
274637
288699
715136
125034
183541
679529
219747
262190
11796
229307
186704
125251
2974
85713
41751
142819
655623
354470
593582
640547
8209
21697
245516
131309
91725
690122
136596
498917
56348
100794
62760
169753
231489
88521
75069
149303
1104765
23521
33481
21754
1068955
147407
1004461
284254
695779
86625
64302
69844
923232
97097
58778
387876
202176
113758
451731
860
265154
64854
426874
1013642
445305
736092
46438
339712
908778
693784
161288
142793
217323
1022883
84898
1117955
764294
100043
106726
680531
72597
182928
75051
128705
202006
121953
644120
172659
129703
156227
503156
156605
395379
670121
685972
8701
217667
131302
118294
167008
196459
1030432
59549
38456
10039
413964
60053
124807
143890
656065
286843
740137
337816
229792
161227
118230
406835
126211
752616
130984
114385
468845
124665
28966
293128
166021
356926
281923
710975
87950
865853
84205
108206
29810
210107
939679
216494
129280
430850
73121
219651
687762
123978
380376
772097
27463
24811
186921
23802
57751
228945
381699
37037
649251
774989
284046
29732
669066
124175
29746
269839
406933
135135
333176
677124
85743
644311
21607
100414
666953
26595
124435
191423
670437
135095
13691
100039
24046
184090
694582
88682
167004
273643
52578
186794
673215
102261
207792
800948
200405
216445
154907
176101
598549
733870
1026495
352209
122927
713868
149304
700684
166147
267168
92105
33849
163501
663963
36474
240470
132282
172204
77501
35666
285463
212189
200920
412738
510517
513169
693476
186012
233413
301876
177307
686113
743481
233977
187293
124338
1087816
29619
233484
667330
123248
103078
489992
185288
85148
853015
175315
66506
189833
165783
36651
320729
58133
168401
275050
294645
736804
116888
37561
757823
282296
192980
891277
353209
801695
694349
568447
148691
174232
114443
2812
123399
264914
28963
667830
30454
215073
162184
205421
160270
228404
222550
3150
650815
675054
65594
618598
573
356924
641485
163630
181872
61438
10874
249561
542293
177584
62739
100871
1783
301524
219125
218969
679617
102937
167863
685055
132759
206567
1079896
78613
137483
6194
192249
470198
678827
690351
584
285628
287733
161439
1119714
142623
366568
135443
713655
201383
190352
188774
664741
84974
795991
342060
365383
663849
59647
25732
327793
142833
83213
161055
1090065
64315
28904
218975
231991
1009875
71018
90679
216868
217221
