683352
25362
249069
104649
657449
78749
13127
20071
1239
96070
202430
1101
5205
39102
222850
125298
29202
90535
104677
66338
73018
6400
86199
3424
32997
26084
102903
21068
108489
69876
642782
212767
51082
3491
57269
24522
729
469
21159
80036
20619
62903
47848
20095
24732
4385
244526
179149
662634
4185
1071
1013628
71885
30395
87936
883
252756
1587
234755
29772
660534
104908
38384
19578
38366
928
135395
69931
1210
693282
8919
362
80439
89639
21352
662158
2196
2774
146463
18938
9954
1039106
645916
62601
66332
46866
646628
2485
8256
71193
62927
90028
21306
644578
263711
4480
268336
3008
91958
47794
1036
210612
33588
39922
126853
1494
648301
202
1190
219664
114921
122800
18858
20234
131465
112773
516
78799
2500
281844
8856
82035
123869
143923
2834
92066
92788
12407
672567
3855
220678
63994
2973
642989
104098
70578
78498
950
62726
18562
19241
3433
20754
662157
24977
13024
62206
88764
2234
376109
173055
20857
21289
14702
358831
266855
38388
96241
20795
25845
77260
4050
21814
78046
10941
212387
118789
1013584
82325
92791
1729
64054
235805
78611
63442
196045
266820
39719
88604
4333
211515
20243
106596
665749
2759
694932
104956
700066
126137
3162
2720
921270
105545
3523
180720
7904
889
275
82109
160789
99752
266942
35660
112049
403
175715
94013
280435
20586
20762
166277
660563
22571
661610
406925
833
20081
105775
26102
222224
30851
5826
657377
684215
155503
21891
33781
2367
63715
55023
22788
648298
2427
108623
5135
20532
88254
574709
21057
28123
658459
92962
2511
82837
105996
8359
2708
93598
35522
19462
866
94059
484655
6412
1489
155515
17943
751972
2711
11356
105
884
1583
24665
642707
106354
23129
203272
642861
3673
88813
643719
27976
181262
21019
642305
1259
662350
2559
642550
25446
2344
143544
220918
104848
27685
155431
18613
649970
215254
230052
60312
5862
222462
31753
47496
21239
722
3899
31080
116987
2328
43101
106976
38585
202747
18190
3101
801
104347
115240
146937
685071
4541
18172
5872
35439
678999
90997
88559
52817
2525
5004
642490
68203
160374
180586
111217
359219
82415
8879
9239
3916
561703
1852
1147
134082
805
642
21241
145300
742
37255
60324
646255
650456
27543
272159
61543
12892
139436
6210
315876
567635
1845
93020
2608
122825
645525
15143
168595
95557
97346
37300
195537
29187
196
4
160845
37027
75043
37063
1009453
69794
21080
4821
3219
2810
357530
72481
237501
657357
122910
254926
208847
3371
75543
33669
36072
18213
71084
69787
292706
132538
195779
807
10052
13698
26352
649243
4995
10851
646667
62875
18105
91351
166737
20044
185311
156906
110104
20024
67921
96926
226567
660454
1013167
20964
78636
2844
9734
71743
27203
479
196423
222785
70551
222053
108601
88450
131027
212745
108617
20363
1495
137363
1034426
92776
21
94026
7200
6375
125412
692623
307085
62524
758404
11303
20011
3477
3665
72639
90860
52304
77110
950752
3138
95569
672244
63347
2962
30443
154085
1006696
141957
75697
93659
24201
640610
681365
92731
110697
518634
72399
9862
91763
101749
91525
39380
1244
4892
38374
160799
354220
75799
684303
122093
124590
140613
24420
642536
636605
100179
102936
126756
222158
658388
17270
741974
11023
237120
59667
92009
107678
204259
69888
76293
30173
4921
97027
4049
112150
1011428
93527
21576
1011763
3650
657974
9405
47763
90062
71125
27004
687
166594
280986
407779
26753
647869
17301
28895
1679
27803
136734
30363
660234
269925
122779
51323
96750
702512
642877
88556
22224
18792
482708
4904
684318
312265
38409
9344
41561
732340
4767
128675
167
72469
300374
713508
409103
271591
90018
18863
7843
65877
37408
20988
20306
468845
71119
359925
123485
22014
71075
234692
992401
4440
3750
136796
136958
373537
33632
96186
85879
646367
118527
510709
4814
189025
660238
687376
3683
130317
1784
39126
183642
4751
104299
8607
1203
695747
802056
37398
131024
694078
289828
22367
656634
261276
72724
25718
1860
114387
47558
91268
1007994
765244
311747
741537
725875
164485
1048329
115909
583
150243
51821
186595
57500
234488
702853
343346
93028
233435
25872
122853
215841
46218
23127
129397
30295
1243
4998
211511
1356
100147
159927
126724
223576
1311
187310
272845
148896
8335
135816
4935
71233
3941
22246
33783
672652
3610
728998
153702
60068
52758
74838
230114
3589
28179
1731
3600
118647
831
25715
197987
1289
87942
642539
172078
174593
662159
101847
69853
134569
11905
8809
26781
129912
43743
210399
54527
33
1012889
60540
698535
50680
643148
121913
37661
170334
170155
46811
47860
298366
684219
230019
18571
1574
119588
1858
1043654
646684
645647
697830
124592
30374
284254
85327
183927
215270
70661
649225
692381
75044
56925
179090
75183
265255
4942
79641
227445
217570
131799
219236
185904
79927
62624
122395
39551
266503
677561
74227
221675
678165
112201
794063
91349
62833
794193
9337
167980
4244
673215
17263
1001507
7439
134032
46
88678
4220
289190
8969
202789
335551
80175
242878
162035
1224
695405
24395
87405
3341
118398
862133
20323
170101
108013
63568
108796
102617
199945
197779
17283
676602
3306
129386
69320
102942
162026
91641
123842
62354
16019
97975
62923
3048
242310
100803
19961
9348
192814
4279
3739
73402
92212
125752
997404
181086
86295
82460
79357
92639
1022475
649853
23840
689979
633
1368
86340
145011
29769
7376
101794
186239
102389
177792
679090
676429
295011
4958
168305
143828
188802
3948
282823
150063
158900
124908
151215
11879
105327
226946
694116
218037
2249
114445
196234
656695
649123
65170
92011
400792
47570
96419
285863
683618
180024
643702
47454
849785
679657
95919
25520
27019
35290
634
110194
698531
24456
5394
210700
228813
95605
96585
251515
10049
124925
245683
5995
686673
77319
360505
2732
164266
99646
23796
856803
331003
1108853
95895
177910
486880
668235
190101
139068
101920
17342
21709
27053
21761
72708
649455
29673
656342
78451
36498
203842
643183
55143
278192
7840
714304
126287
661458
47435
101442
341247
684441
207574
376276
24198
73236
122057
645702
661951
29823
790701
96886
283992
114349
101639
86117
231216
1024
93634
653253
178634
211105
158905
46617
122768
96350
357547
5455
143867
214319
104181
21660
484987
646130
110099
150209
778604
1084106
187998
301608
6939
27682
716316
21916
106933
21053
97297
7503
122974
72498
1060667
96571
43689
226650
133074
106804
714046
748795
229264
131334
99715
24739
175287
883573
271961
62528
3076
3583
27297
178447
2026
85697
681360
250201
66013
160434
213206
24482
216432
4221
117714
188934
162223
25372
22465
355471
684216
245365
127364
436005
87204
128910
116989
3564
190610
713388
405971
74829
6447
102606
122797
62632
27538
662416
184333
245175
257654
100135
56386
71153
30444
176637
59983
92745
679444
20455
226625
101831
132103
4852
232783
143842
251540
3061
9162
200977
70137
160892
604207
182076
106990
4368
117742
213776
101463
665215
66737
77321
122769
8171
270023
229006
33826
651485
107916
51613
188738
127074
20049
60982
245113
206327
886197
748616
84193
96710
649232
46868
69807
285171
210918
194880
63348
5463
124432
125475
221169
123742
889125
4718
345803
196614
243951
66391
33032
161239
80488
145166
32575
49800
79795
123134
1185
21430
84174
39064
522815
391659
1003391
254178
37403
280692
293527
95551
14569
135397
4735
678168
181087
15691
164431
142836
191650
132779
37201
13584
5009
637477
71218
72485
101817
87294
733531
63138
114111
1020704
43284
168749
177753
15585
43172
17258
696110
212500
641474
2661
773117
32110
20921
166763
22852
91446
87522
4897
212728
101094
62068
147379
11950
642838
37798
164218
24054
247893
646129
110087
87930
313757
702943
202026
648308
307598
18204
391046
172077
104196
228175
322106
717436
807472
12114
1015239
133826
4463
97383
647829
1027561
166041
11869
293675
196406
90212
57761
17391
183419
388243
33741
24554
95337
747669
226683
92238
226157
61023
151525
367705
100182
124040
37057
95824
26666
597407
89635
1077021
3929
656643
395370
718
99790
1983
758957
134924
192356
198646
218913
21957
30627
11919
375774
287783
377804
712124
455314
26856
4889
29149
151709
269348
30690
192965
80042
155184
74868
798581
60392
222724
374671
183084
100095
699925
178221
4955
80210
143712
690002
18841
52222
219246
397313
269840
139157
89585
1085020
280660
219813
69879
38954
1081386
26087
5175
136505
133185
715561
711483
87691
176039
307593
642478
58922
146802
3403
778686
29708
600631
83080
104163
368933
1021638
328122
307564
69934
168057
656668
103969
407839
371541
104462
645456
24184
665661
165449
139851
218792
44004
80078
701424
79689
620268
61350
30643
114470
60132
100658
108611
194460
644577
88958
450836
60166
658371
661664
224797
286663
10009
155186
228277
31842
78750
6139
984474
776847
10699
101304
408834
162944
43724
88797
642613
148855
679347
173252
226566
127747
90117
92771
90811
218011
108785
287371
85658
165534
130733
58489
226872
218155
5860
1096524
123221
71685
72684
93528
194075
243460
686665
22590
221413
23631
248074
910048
3996
3605
160416
270231
657640
88005
37455
208327
687671
199921
714495
339141
252958
100881
949002
1063971
279562
269323
647783
196483
638922
322069
653429
30618
96413
19033
224129
36711
21655
231364
30648
83377
142883
85746
37250
21604
214451
705834
115932
26662
194938
86289
667483
88732
78254
190657
213326
3160
33860
189835
123828
166071
94409
196559
71248
145369
6510
622595
345469
92249
185290
145259
53526
855199
268936
88709
1066345
89985
214213
22033
361817
231819
122763
305336
31453
207021
11835
173813
1032183
95
125067
155865
156376
197951
95010
39254
92359
103001
1041416
29522
78603
379241
50549
672637
640936
45383
714928
122710
92107
306892
305846
28206
1096010
1104680
739817
62619
60955
95603
7577
732815
293716
240882
225615
169421
678373
176213
693176
170990
232851
91597
746834
205655
200414
648907
63847
221577
182173
224343
100127
29195
210072
10284
179192
36654
9024
67667
29840
289368
652673
460300
831135
396761
991906
439593
732816
8368
202769
141746
152722
158754
1250
649283
97358
222704
75228
379920
508727
138974
158592
644543
267941
194805
130290
181873
71238
49651
727988
16235
37670
104747
162040
210201
376725
174682
4216
645172
137523
116948
161498
1008561
327522
172826
255352
38417
169703
1006489
23947
702852
166183
856991
61629
164517
189157
181324
1008964
715559
640254
29280
274048
434429
61136
367947
5698
351322
151914
272522
730472
370368
47409
781521
60359
615043
142845
137982
200306
258733
63808
2227
123297
397183
696115
415138
129564
42962
231142
123419
166154
143837
124416
714950
681378
139618
145219
217121
267663
218928
342285
754282
917613
216645
468642
141786
96274
675847
79635
187212
292750
714558
225929
205673
1018746
243053
122900
643181
28232
144624
30952
28514
123040
217380
3667
123127
637333
151639
415700
134097
213891
3360
729517
1294
25930
25933
957446
24372
16260
27302
661391
137244
9258
102376
1066844
65643
59939
131859
88912
3005
126037
115986
247255
60213
771012
3265
216122
689813
954
699473
267270
164829
515150
157351
85052
51862
24536
728304
279476
1107700
122510
1022511
103209
216585
789695
48598
304887
163176
189536
164256
97015
40878
701317
175975
101524
521623
17845
1015038
37132
741544
102766
170448
28148
27038
18147
40403
60278
277758
157654
773168
30637
193227
100270
305845
14812
240200
230635
293139
175138
40015
26673
686636
748674
183844
781213
262386
280059
510517
668245
84856
643088
29697
188807
753687
193859
7028
154493
200416
33605
125778
8874
28187
222602
292313
774646
566331
132260
196053
160264
686674
59613
133389
174556
680246
129496
101772
18674
87627
677039
116951
324522
841635
47112
78779
107600
692167
85449
788435
29789
207980
153647
75076
998605
400047
60452
647754
322099
884241
212623
78730
278207
60553
103824
124901
459972
26380
1089811
113813
995816
90975
303039
382098
734024
245367
26068
130945
737353
29821
307548
158196
695956
101552
104236
10072
218967
1181
63092
7356
62602
77237
51827
23007
713825
127697
794695
86182
101902
314653
75008
264236
245019
4659
191415
441510
644647
63819
738706
100873
327278
231078
773911
644398
466145
200869
777229
1006931
204597
639683
354894
172120
715909
65993
344080
1767
95848
246869
8423
174227
130557
214022
22457
131089
7023
63025
116496
85568
827
32451
657450
206548
45374
65442
296785
692939
178862
303707
122896
30951
698626
219028
51733
21499
260000
153218
129898
103843
135669
205322
233596
12134
170097
646621
123921
21782
58251
450915
137766
660571
129268
72597
163440
429683
673035
280252
764813
17086
85676
50193
3452
54836
131402
117940
343060
173152
665744
535092
79778
230012
94755
205772
1009191
123220
174604
68021
715780
127388
44723
657347
26438
82058
538223
137008
684781
1013878
21940
431932
321176
153914
165774
342046
291721
197770
49647
354497
176726
258711
63465
41397
33467
36553
180954
37781
661501
37363
184080
897666
136261
317866
653193
4018
4016
686692
122716
59859
916468
376145
89541
114242
142797
1033692
101237
135003
104864
189904
273798
678108
131138
1030085
12258
79910
24610
168712
198555
75144
655644
872609
254400
222106
191951
100042
26639
681379
684289
130877
266758
260161
158390
1064919
103015
253858
173183
442153
55438
1019953
108118
26887
84845
93182
139409
286267
671134
75060
9038
3796
134323
696875
798104
197780
35518
303713
598655
698537
6778
714813
653414
274948
132645
402924
131002
79028
277072
248241
131655
688525
713685
4231
711939
1099167
266892
685773
205246
133024
715155
4351
216238
453823
196157
325182
971063
275015
658145
210334
25878
268765
16889
736282
185910
218836
63308
85586
198500
98202
182588
12194
176169
56789
159312
322222
39224
201344
172501
276935
36085
88749
84808
607515
203823
17399
764542
23850
43410
52989
167305
882596
211400
156802
101883
176953
794244
608286
100958
370284
103426
194031
23698
231821
429375
124792
30822
129292
218352
216098
91861
180486
175183
135193
327748
201194
41256
336787
3909
102341
162635
37908
130965
38872
486959
425796
124338
307930
771180
25114
79232
311366
764160
1649
107492
1047793
102873
837753
57844
736561
282433
33619
408044
95825
84737
22074
1079769
91257
72722
308526
853448
49377
837082
411646
236626
191706
188544
50993
324281
205066
32085
187330
7606
657475
125069
5776
655822
96225
178274
196921
218240
339302
172303
328819
131574
173193
45391
17778
86832
36885
71091
674197
126192
326356
377392
104431
284846
21823
10496
207832
674081
7608
151064
74117
28513
767245
65863
104726
5080
84350
88558
124144
644640
525760
740743
671840
279786
676110
90162
580133
21527
694765
264833
122673
74097
184314
243693
686811
199860
223770
22746
130389
191334
689589
118286
1090958
850782
233765
124360
12829
145266
5039
537995
202152
218116
238199
690485
130838
210332
764403
125048
47779
118231
1119831
107882
100173
854329
31038
88863
648375
435225
225217
692946
663503
276868
831136
110601
279886
63924
203971
226812
309282
477452
305901
170462
189949
138992
123980
131393
760118
267657
645727
157012
685527
148869
351754
646745
635299
334182
30747
453275
200394
269952
126279
726585
159537
787702
1071100
187324
225180
128992
224757
60860
135443
938820
529199
36313
207800
70233
198319
100117
123093
166664
264705
256498
227079
71921
203558
219009
301293
184703
660251
9051
216496
175125
295792
229536
468956
129613
448794
46679
635519
258742
127791
275679
27849
258509
51616
373833
9592
197843
463053
87231
340445
7187
66421
660639
197144
37967
732826
251863
314595
224104
264743
408040
129497
307941
96342
253421
27647
124325
181881
175523
132922
232346
784912
74528
89755
695528
676936
59521
105386
140471
382335
415642
300534
124224
107924
139438
283537
391474
267936
47506
345704
508599
36432
345980
24691
328795
126444
47510
666809
4110
420517
1014206
7005
455381
122843
232782
961845
702530
274612
26543
17223
1079206
658100
196933
333166
319499
307937
735602
727861
715615
111057
235458
1305
192368
129736
192412
74582
409121
99312
8938
260562
704378
355818
129279
320049
658336
131825
640396
60597
1029195
17268
735981
266406
641380
223158
214799
304446
60179
33895
134408
101044
176662
282902
87959
772494
297518
696592
282309
212814
166181
995708
600762
63668
130747
212636
194649
49662
219507
447722
223296
1631
29685
72590
145668
320148
129372
270395
83889
125383
165989
1001209
1069947
425408
676579
176854
77029
1011640
70081
145652
320751
727690
60400
660793
993075
160495
90956
270198
132935
712675
378576
74794
135173
213003
24258
270679
1114680
221104
71092
457731
151295
269310
213851
411455
79558
36580
29292
687801
3461
268757
188595
129266
137052
30977
180524
176595
410196
27637
217580
146279
99665
27064
178233
88835
411640
930507
97260
91586
207799
174423
106812
245338
16087
131394
48606
513204
207979
974632
772798
237300
26414
76785
1012808
761578
647994
128687
71529
28908
686561
184555
164604
268946
167563
138054
131885
353712
130566
666
123738
713049
658480
380327
317720
198091
138401
733471
660072
164549
113759
3085
184700
223935
49695
161717
145706
47494
657448
13187
169523
173371
204490
188886
165454
135771
681946
176640
727200
124700
33472
1065055
491917
116170
124428
757823
706831
167434
654900
130577
61712
676883
200555
92730
917025
206822
13417
203044
89950
675611
962893
78969
222362
217261
122405
713699
154506
885857
139227
394340
637092
230682
766884
112147
950593
153390
87632
59941
259846
179805
303799
477206
295237
820997
69798
191444
1018699
22624
1064327
294270
125302
101038
352776
61519
201843
151063
244232
70751
48673
219035
290288
681735
184155
204703
85657
731022
276034
119778
163439
204230
2126
727828
183472
23044
88443
219440
206258
192986
132682
151090
176681
228058
256687
245063
706780
117760
671019
278815
81986
171465
181957
200880
203053
680045
144989
13012
122892
874122
176466
96594
672416
46680
653473
172401
306785
107535
122493
389415
65023
1004186
285047
281906
731312
152094
716649
522720
342068
1120518
79690
209758
786938
204700
179134
55802
198705
686598
155500
414070
312481
145959
61905
167383
75783
187686
21935
173239
685289
726015
76945
3071
87995
478861
197093
82306
1052212
25499
205414
47878
175130
75179
798419
88574
635150
827910
174944
221853
219280
71374
697819
232781
283520
674091
690068
131400
337067
224670
227195
102374
270355
521924
342845
124137
44016
24042
187219
278859
1057428
97309
160697
262967
515234
135351
118320
664531
84932
291185
206959
183122
610026
242221
621245
84839
170441
658706
257481
165799
1041717
935515
214058
203999
665179
748086
88949
396719
218062
1101045
37374
35682
713281
216195
222688
2170
140047
48655
561748
166167
427157
51695
37952
202744
66522
715525
214299
184195
331246
698119
1087068
29703
96204
221749
789825
136272
176831
647789
194320
71095
91434
24164
33135
31051
57041
87310
97789
204161
288185
672864
546251
122521
231908
192010
261766
23035
327743
146823
301940
278672
1038170
21950
212680
203962
248613
486829
9429
199358
278203
176578
92644
389755
72488
362969
191995
307299
84014
61595
25395
18839
168993
866081
165946
51072
183619
144298
50550
242327
59688
685219
301045
96527
29618
329344
327925
264401
1022095
371163
667113
633923
26021
907684
692911
615181
96947
66631
160059
386869
23869
131599
60035
122879
74598
587389
185436
430547
684556
177161
274369
648635
219125
270596
245807
241897
87524
197493
468886
220720
260718
239016
994762
47804
170114
232413
130363
25343
226799
215755
166126
1032280
71561
238731
943051
205538
87093
64812
311519
28535
234956
409636
182953
100924
222551
208480
1016336
186348
7367
759077
807041
112129
747781
138986
236182
259743
157176
174352
242220
329234
60588
177101
665596
197789
103385
615353
553603
172936
151250
175547
206271
212420
327148
641470
172002
690388
355204
343590
323988
166124
699491
226916
467462
508339
390730
127717
145949
18948
152938
164262
124678
74308
133095
323490
726228
136901
28137
413562
177778
671107
312679
681531
307555
303339
341613
22816
231050
704436
1023269
140945
865470
125683
124988
60144
33476
253814
87961
235293
145006
334709
179442
699563
570753
49933
1058245
465125
601246
154600
229031
146007
130261
110699
278209
151092
423051
2037
281408
799296
131900
177739
49077
711199
985257
