82052
3779
67499
18054
171876
48226
129799
77304
2999
40013
111634
78919
52609
196570
16485
133083
27033
29679
1099
22528
69527
401876
5171
79870
660469
117595
20420
337749
646713
140327
8264
126521
6740
277758
24860
48731
92091
95261
927589
22051
7189
677733
78645
16405
3034
22464
1066170
880810
82721
107941
736936
844566
531974
134093
96358
212868
1120518
640512
253820
108815
91793
620
59683
181866
667454
187626
140635
150075
18382
95549
136634
173301
238209
11414
685908
276659
594082
3610
2378
216767
92616
643586
279054
524593
117397
55905
138507
181383
722031
52302
148273
348949
179050
3365
97256
798819
77935
209460
51704
88871
41615
108349
1771
131135
2251
379976
738706
5245
766858
112286
339232
87791
2049
63723
186458
102320
265293
20392
7216
84823
44378
186921
255922
834
6932
118598
815734
12958
135736
104891
216518
272668
314220
95826
6504
20290
636205
7336
22568
49412
19991
420322
7367
37598
88985
4041
2531
101584
441585
36789
124022
219596
37154
71176
91964
18153
162266
21386
214524
124325
62904
181470
644781
212136
236963
164681
139950
223427
2592
39045
272179
695295
639469
9402
12933
27644
146007
701935
18034
14086
227978
637553
25734
220587
13567
420905
96304
7382
641382
4868
1117929
686756
69794
100058
55797
115964
104098
92262
37722
878749
758043
106478
634794
79115
2116
115658
1065955
337292
37262
20287
26906
104352
360763
104317
72064
118537
3695
77250
201686
220669
29215
653975
42511
122928
1707
31768
671067
104567
20941
8141
232045
47552
183436
336855
4996
492502
86116
377742
3906
214210
21170
136153
7848
60778
123248
229856
992927
657592
1002622
155432
239760
233012
314144
648912
47889
1097739
616
20824
8598
118909
22681
244055
4077
20449
36584
689978
5203
40609
673381
26553
268964
220389
63531
15442
103003
135649
7737
105866
776491
227122
354197
20316
7046
29588
428781
57190
14748
671862
332496
1656
194446
177835
20429
170383
283426
620027
12306
48039
998887
38104
96679
18208
208621
106050
344428
38442
189890
49086
407868
94437
171476
11243
300347
999523
103867
260398
568447
253806
145944
82100
62805
7876
85437
95143
4799
665423
83895
38309
138582
78239
716979
11127
29183
167256
92212
694325
377804
115484
94631
21250
657734
146446
43819
308757
131962
1006489
678402
26586
92126
104868
205508
137982
121483
20199
95206
712530
237786
22406
310919
15499
4084
673636
18049
13661
91018
180854
145652
45462
96934
81947
22641
676579
196116
182884
137216
39208
168002
11522
93081
78181
329058
4856
802
196435
1906
390702
114316
127548
65327
228820
34565
171078
1821
107971
30022
206667
1908
70559
137052
249578
445160
2444
78632
20855
122180
273643
1246
189837
24456
823
8837
884
538544
641866
135657
6760
71182
761
100165
103440
1004171
668235
10637
92686
97208
330104
94079
65524
8454
226604
190140
272854
29782
37523
6977
677798
69844
5175
119258
9686
111104
16421
24703
167816
513
222791
410418
658336
12521
67997
71267
72924
178587
77916
84576
111467
125641
62572
11806
262678
221241
194385
648771
491917
169989
94451
5211
101727
667830
129959
235994
21772
159637
663745
279881
11940
13886
20124
312301
269334
20644
658435
40995
106590
22643
38868
660223
175835
248494
102984
28038
222804
128882
5947
139726
7383
282871
5457
26365
122121
104365
123468
7651
763286
81899
37268
160724
8700
54080
16333
69129
49800
678888
88827
38098
440981
135486
37563
15805
219132
4732
685543
212809
62815
105634
20320
85355
107255
21147
96051
25974
108809
60513
12979
23064
7959
637240
660225
468642
4385
764294
181147
289417
38489
1788
176936
82128
36920
17827
86169
717235
649311
95013
185910
270353
67745
109003
2355
78338
20800
93694
118531
17
100166
108363
80913
1770
138579
19914
177809
29519
94024
236579
4872
122706
29974
271095
262967
642458
657253
166658
37410
133785
680289
107212
167746
339697
96106
70656
8805
65655
218848
53889
136273
70972
74652
119047
338257
78590
12128
9945
28734
24814
140060
178807
4703
100365
64130
224131
275
177538
103891
21346
38399
69398
143968
287248
226683
145078
23752
162126
2423
130188
37478
83154
279
504502
82113
136785
109342
79558
124807
138863
43217
21313
62593
200297
58375
119084
14408
234653
189084
611589
9095
125302
91571
65439
176007
108218
125778
205322
224195
170115
63450
21058
30907
85283
33406
647094
278945
911590
116503
97140
235168
280835
27634
28242
663541
99711
109713
106541
78652
21284
6919
20143
215174
189091
113564
22713
21199
72550
167699
90683
107033
154841
663702
10516
258188
20403
28215
236445
669511
26308
754960
71222
40
147006
654778
338327
52172
159927
231989
184321
685527
2122
73710
266718
84245
75864
2768
125924
128636
3925
143566
4427
64061
205867
201029
112077
772494
383
226690
283537
106464
121984
179715
114944
16659
109929
71119
27463
2529
61509
21319
41091
22198
1518
3950
418468
45094
219125
188153
644836
695276
355364
255877
125335
4194
645502
96151
272846
133255
93944
97335
108477
245401
112237
22823
440246
693499
280401
74687
104869
6675
86236
300801
30663
11253
109311
37522
37577
53723
662428
1068156
11878
4188
660561
661771
212284
78476
2892
651772
62710
21681
170432
22022
343165
703683
20722
61120
139278
661650
25733
264757
99760
177910
58097
152482
31583
69793
100705
108510
131715
20902
171722
2753
84514
289782
85312
37368
170862
658004
237779
953279
284342
127234
3162
27163
189332
109449
278931
30983
837082
29722
69771
81370
70593
839501
2234
687528
117458
455081
222438
1086
99762
23640
663016
144360
50155
93400
183093
31986
659970
177264
11952
237969
4363
135199
647921
57531
110918
103918
67031
885720
118840
88248
245989
294676
117543
950593
35868
95691
23760
95979
87530
248295
127613
135400
2868
92783
425760
105773
55170
680164
349194
37026
29757
84865
170101
188031
36517
24693
60230
122133
124062
387867
642475
209586
133838
95687
6024
29508
96123
8195
63591
27084
254169
105073
95765
660185
104921
43246
635560
9381
92996
107718
91767
81498
59618
35752
192732
209871
284046
20655
3499
81495
22552
133902
868418
205283
5370
162637
93892
113845
270766
38516
178742
76023
85051
23435
713486
747097
158651
445
525092
137988
104624
9429
272086
202313
39017
108533
2735
248519
456777
222550
16270
24493
275550
232083
176916
245531
5934
70013
1785
161611
306222
1010351
1046252
96845
115233
222542
167957
1008236
203869
23094
645689
21032
699547
257001
46060
279050
20380
237785
345704
8488
105783
106063
189362
91915
53694
17743
645690
182425
640466
643697
693900
226758
31393
359219
62348
9936
26830
197742
80439
97311
663236
20241
107808
2595
113767
79412
642804
116606
103945
914928
2666
692911
31880
214992
201083
766442
205818
663010
208884
360335
727215
118970
175980
123399
243890
143954
270779
54043
9355
106155
62651
108908
187168
155985
125459
56385
102078
218613
116610
177930
23109
393269
1774
246195
663172
93152
8099
139618
74674
24554
109572
78679
80606
31313
17202
3290
647869
477206
124416
474064
263018
752813
63878
35383
187167
107045
70
684217
165542
27225
70130
33037
176490
59021
643765
33670
25962
645644
3397
636733
28187
66472
7220
132509
224343
6216
37335
12632
235320
124963
21782
22227
93958
125462
663166
8941
658764
25200
28905
93843
2556
592099
210399
7503
79813
29525
60467
104861
679683
172578
68255
136901
99715
5546
100145
243993
24318
168441
203438
213891
109283
29140
40278
97352
101625
801500
75235
149304
10351
94666
109452
79307
23311
97451
25397
59485
37312
927590
28086
20090
307403
87868
64714
105178
140421
50082
222513
104542
14737
315621
117212
86073
108519
9096
222815
170569
171691
97492
111333
30292
20032
106932
10831
136671
90580
275859
649743
196
90518
10234
51379
1824
60517
696318
89755
108776
51616
269501
69818
154594
88835
72465
115246
731593
241595
160727
187445
18727
93596
29971
154615
561698
60524
217895
229300
256553
1867
71289
91014
958
63227
57690
519207
15405
106508
230616
97285
21488
696578
159772
215994
216092
114455
118458
216984
211689
177238
9915
1809
92920
247952
162724
54995
3048
18788
159808
192214
224751
20249
88669
14947
371165
106496
148158
126001
434469
225630
11747
62544
21673
1087370
297367
11866
619749
34536
10525
725826
230660
204239
61529
226972
647083
707275
93076
1002637
663223
445389
4901
30043
58032
395994
96850
644322
68028
226129
607262
77329
93523
4873
265498
327060
838
71779
30066
286134
97312
105960
7553
14203
2732
28808
167601
121179
104167
11196
47430
175804
700737
29452
93929
110104
110601
80276
3319
143279
222695
78417
198251
65245
2673
111893
149959
1045021
1064136
72896
107910
58770
108063
13219
403919
27308
146406
708
235129
262093
120706
252938
281906
70633
170072
426043
360729
96090
47355
9324
1010589
75287
112424
90870
68049
67960
66005
30314
35418
96729
97447
140199
64004
117549
94366
729537
381817
702530
286516
741944
117666
1048703
252986
9569
38508
17358
285720
106986
523080
657976
22490
66592
82334
649696
143723
4764
242221
689589
82475
658459
6814
111008
179288
2009
680045
237009
93052
679991
26723
13480
171330
744733
135445
93225
103001
640017
44585
998046
96988
644645
160592
104982
235554
1063133
141838
37398
50573
105189
64116
8701
5134
137066
59981
30669
48511
46296
107270
107858
62792
93771
212243
177102
662073
167525
86892
14233
92779
105760
211031
6211
107944
104446
642
336919
643303
20029
294966
809365
105739
106064
92921
352972
390
457563
861838
1890
661813
6115
79440
87968
777101
236340
134824
11280
17725
15813
280932
77030
53964
222275
86798
177890
253421
6046
100344
53632
20504
105345
717
12967
18683
884199
19875
645618
75045
115761
382047
93589
713678
209251
2539
350379
279579
26373
689848
101661
280435
108496
77489
1426
4768
106574
17231
638906
35280
118625
95350
68287
4275
234624
3321
93916
7751
23858
202549
657594
210408
3136
177753
82159
265302
348450
6550
269955
1029
1011428
305133
27210
170968
28922
45359
890
139416
125999
38464
11095
59032
640488
657459
135725
268836
665215
188454
89281
159858
440119
75161
2820
90176
78320
183935
131374
173318
134887
79087
712538
17507
174616
262752
118658
97473
269913
17874
16411
153558
109429
285078
4622
126291
31060
16616
2517
6147
158712
114426
30969
171661
6748
181177
196282
329061
73273
13762
2579
74862
122165
165631
572537
230983
133526
84932
658796
8193
640376
1085492
20139
37701
94346
643385
93976
65437
111688
285353
172277
59620
100265
65724
135440
5929
2508
145238
661505
170155
677692
276674
75015
109341
423051
257286
61595
640385
145587
145482
108258
245264
28059
187969
20566
46509
108635
238019
677827
156587
675054
72519
106388
19725
17024
8882
110923
7815
11289
120960
713734
292486
90863
222422
900462
482708
30948
9442
117895
43781
228211
7734
260221
3025
85599
2775
242970
698041
231065
230974
14146
238707
592448
171748
638095
661496
289775
640364
647619
150819
329062
117171
28137
63414
39443
800066
63030
107906
14352
10621
108355
73215
193000
645489
96565
88965
77316
108688
208932
174808
92304
135778
36612
149862
4441
11187
217601
102879
238260
863457
22544
79423
427495
52758
218377
680246
20140
78523
22322
20487
25372
644657
25501
100930
179056
66367
142883
201473
30119
98108
6499
613185
105754
63683
680837
44793
129703
80107
83735
65731
664987
65666
218792
305845
335922
163791
204230
1037677
230587
116824
95533
8716
3540
7357
1911
218969
59661
340897
133850
21529
651719
91982
566331
107223
692302
108926
683785
28950
1394
154248
222716
649534
62563
100197
354449
181404
709682
84909
33787
268562
366649
122924
56018
109244
110765
30958
176831
75543
62561
59550
87861
167679
33129
774646
1122602
63619
109809
214223
247733
40334
237321
112570
1037782
230917
55350
89248
50253
118789
429170
79695
20557
192982
248542
111482
689990
20707
116413
110683
140213
7814
2624
590042
108572
126133
142623
16019
643420
408495
20804
825828
23011
648243
30376
257290
37252
295326
18597
65733
245113
526759
995807
232567
51768
20075
93353
145949
83446
11998
486795
113440
1062865
28185
65024
873667
8719
77139
87394
187683
101971
106233
173813
440380
21470
3178
1952
264952
642880
178523
117737
64118
132853
341846
79836
8522
410419
76042
662406
127844
3206
279078
226453
200117
186679
201095
173343
20687
108513
107919
2552
282180
714304
636798
67750
422334
9542
114022
377835
26503
15503
35545
12756
68125
184995
94720
26059
155875
647049
271633
90257
180805
71140
820374
1340
191885
192001
175688
78302
739817
642509
22583
185473
1071100
11897
8696
642515
6472
21207
278395
651720
7905
97188
8006
3809
97547
28936
90065
374335
416116
228496
91379
187299
14457
33876
364291
78787
274683
664915
18572
26334
177915
202996
223788
108198
397706
215410
69533
1060263
118694
144926
137883
104705
71201
602958
47566
210992
185591
172145
655767
400273
29843
749453
19792
159304
140740
5753
92552
249661
212949
62833
748550
95404
649135
197481
7726
171217
44175
752390
159641
685344
26238
90001
271155
86117
77545
32176
75014
238049
4902
12987
106596
665844
114287
673126
236084
10272
60254
150480
3444
78185
631
154693
70405
38486
205864
215841
205711
11026
88585
139525
108669
278980
29675
256
428269
181410
892
83549
546133
38351
96697
96754
12659
38845
94781
79929
3106
90787
63987
325602
171484
28927
116
95093
167609
213878
110920
109675
178106
96504
254337
103212
686421
171313
183542
1556
7677
78633
3577
66154
47848
16812
95935
87910
13649
20808
328731
504993
2473
10598
2062
272813
269984
252628
45276
4623
9123
684433
25769
77855
17485
136716
109584
175417
30687
9177
655781
4312
172173
288330
36712
67947
693562
71236
79054
754790
71197
60306
183891
77265
216183
35447
121607
135253
1239
172556
635685
90664
91968
30084
87262
81687
3613
97460
64345
33177
96143
141454
934589
3198
930268
42999
224585
75178
108095
107036
1780
39480
20577
160867
223021
42721
667047
305258
110442
63958
20260
773763
219935
150122
674407
42129
21281
728700
663311
256014
684219
373032
2558
48862
796901
30465
100771
66924
268801
302194
47812
133124
105097
24190
105638
96360
210336
70690
686840
20869
689445
619062
212229
42805
20422
273967
272294
70091
186092
657692
270368
280206
195331
221715
70413
79153
686888
176473
323988
25342
135825
118578
340729
23492
35019
42659
181236
188333
37049
91278
136859
37156
643849
44076
660484
88765
20256
22977
8863
170095
106147
20881
84317
107669
242150
21163
76848
59453
139135
25409
47030
204081
62199
1815
209690
5688
637125
328795
78357
28044
21062
11892
88934
126818
640381
684194
15694
173200
645488
58006
36742
357343
5468
181448
999357
93072
139223
100117
15601
663162
124237
676892
27611
684239
8715
657091
64035
20494
983551
131859
36908
107681
687762
20414
23208
40596
126438
702702
159297
144335
105385
4152
118606
11350
5281
216567
95771
12388
165550
146275
104268
77311
33449
420774
88819
4742
46157
123181
93419
330763
313
92421
72490
20433
20946
661355
29397
354384
187157
268997
277705
111265
78188
21179
19305
75881
22480
661938
672650
108257
20426
21014
169349
186542
47565
216381
76396
160769
88598
19722
1279
20049
35911
141446
44012
5156
668181
271370
38275
18195
436735
841034
7613
118750
189956
65713
103739
74638
781888
137027
198123
20156
4783
92197
73195
641485
12604
643177
1092019
276037
47655
38448
4848
963064
167022
5100
86185
156906
657449
645607
108379
288921
20061
35777
11891
240154
3402
250289
126334
67795
29440
68336
26525
275796
117267
885857
82313
87744
60958
33795
23112
27226
86491
208872
14366
81268
194071
27581
29586
63279
149723
4082
23802
230359
146318
297292
759687
252506
277289
125336
224122
95231
1062110
105897
124425
255787
689969
44315
15807
30111
224815
222328
823164
157670
113690
48947
177254
60095
1896
36946
756394
172143
91298
20815
107563
742764
110314
101829
211569
146320
98351
419089
22234
154266
78544
105565
122106
119610
20145
21134
393001
78314
20110
574300
21237
31965
93962
27872
84449
78076
660480
139418
154
17154
277118
73894
114974
37030
130078
486959
695216
143828
643165
394393
173118
20890
107928
200929
93934
71600
136397
438972
155670
665556
31565
676904
43507
341640
232346
264201
112152
337536
406141
645576
233435
30264
885865
3962
240568
135347
91518
79014
12353
112573
109227
26030
93514
63991
14113
289229
4161
63231
983371
157120
118929
438086
103059
367947
1122517
44823
98089
29235
17834
667367
173971
172933
33927
283523
28238
51762
187568
137523
655943
178548
82414
4691
82068
162026
133102
106134
765755
149940
679028
105560
649240
8077
78855
78419
92961
113745
695399
680869
140005
64032
170933
15352
67980
20624
252398
186459
29170
20097
96980
461721
8558
45893
77994
21268
125586
72400
642840
95679
222644
90875
130009
75419
37318
4933
67724
752490
7718
76747
87857
167768
10495
92211
1104278
215504
363217
221714
5693
72724
91603
241980
93085
129454
19347
31842
179447
114315
29097
156376
191379
41090
88590
4244
779040
292519
180720
28566
79909
586186
218048
66011
202684
327435
160844
1921
210959
17210
215007
43416
79585
30098
123069
153268
78783
7530
646063
7603
171963
222781
71104
83059
105536
198084
173773
325514
32666
4190
18477
153579
2100
26125
2227
228813
257216
190216
23012
691159
1944
672268
270377
147727
266524
106257
72915
125985
177240
86182
9808
171744
118969
712536
101633
227481
332696
234578
160495
219035
180645
177297
37608
891277
19359
233404
104466
281078
94747
62760
206723
141943
108924
41179
751972
29769
154530
51183
560594
11229
12194
175773
134052
122802
217185
354901
264202
194027
18972
397198
215756
5001
465854
17492
5234
76123
175818
78446
681293
77
20961
66593
122881
179242
714743
119020
178956
63882
222339
656649
23198
53549
141415
17284
207832
222444
658432
281346
1086310
224692
21193
113712
84619
674306
698111
655559
139530
5085
19741
112330
411455
72472
7878
152649
167902
208123
23306
106344
195092
95082
732847
2982
221447
1814
352035
9432
68241
106286
690730
9983
104774
4937
65693
2318
98098
6674
73217
69834
80886
643241
261467
681247
93414
3150
1835
2572
154698
97750
62063
109023
26887
16597
643585
106551
18302
14041
20132
658117
1024433
244112
235579
1042088
8128
160540
96589
20253
30344
190301
87930
157742
78521
102395
31364
99679
22771
367052
118497
90484
753122
305831
218759
16136
63959
4826
57809
143753
24300
95344
81953
195579
20714
42515
542293
290469
6289
28805
98072
230672
995135
74689
37403
128165
445263
179210
646289
37600
157350
61522
23769
3099
38554
20574
11915
154499
83367
728014
750032
322922
13109
77150
644324
157833
192980
287722
21576
177030
312340
75009
187473
109918
62595
1013878
446980
661430
234635
148254
187341
94444
70059
681379
4892
287842
7356
60739
186682
259744
96996
673300
101708
315625
119584
12
19515
91511
267345
223196
116525
73120
21232
205060
275105
85444
2170
9212
193462
131182
425860
33874
4153
84377
663013
468240
93966
19916
3862
226625
21801
291184
269269
14767
23758
20192
59970
59934
9198
200623
204855
37463
525181
153310
124792
66359
45237
105626
102802
672333
106989
27693
82007
150154
181017
266722
232582
25552
1006954
208848
63428
108785
24818
677220
1087816
75943
1018669
66334
663549
217802
313012
34454
111494
127912
408791
243404
21144
32414
666831
147759
10669
22409
276920
731234
656628
318596
50531
73261
11955
685387
219492
649236
219929
101942
1079896
223171
2622
174418
23073
644364
13771
37793
59941
1530
279476
16523
241095
10984
63504
657336
172438
606816
184198
110274
62619
336471
137271
8762
235838
92085
274960
91720
28065
93935
101305
477740
167634
397174
90515
15320
77779
93445
104093
82132
113647
79635
24553
94237
203894
46124
100757
45998
1982
9857
260450
413437
109059
2629
125643
441510
229739
4792
1289
26973
217120
73236
2458
13059
573
218668
18619
236901
91172
64754
26207
188300
202515
92237
180326
337
28227
21700
2782
47529
71218
15208
63383
311481
647062
106485
92797
234698
187428
741777
208677
162794
107892
660714
6157
13407
5434
223759
139048
78625
155525
249286
113579
643576
12114
109376
143509
44558
17564
357530
56088
137380
110629
30392
17837
92324
116365
99705
234633
251431
1311
82053
3553
159818
145978
237222
676097
8909
106337
116615
130247
106500
39507
725543
86920
153971
327148
677971
226571
717295
106976
208998
728563
242106
118879
20692
188450
145245
21239
111793
9900
380268
662042
637262
205797
9117
7161
125608
78780
73246
91990
1033458
359077
110133
16321
180242
643719
105539
646436
86537
22507
219271
26433
53401
8256
9104
88764
23051
257325
235560
4759
79920
236506
1047032
89650
145274
644827
136797
106018
663879
146483
38105
106318
5430
238590
129962
287630
88380
73073
686150
20932
681268
11684
92093
116715
111259
106513
11921
2295
4745
138069
731126
170409
638634
642701
21507
26056
201689
660454
12366
69320
74142
241958
343590
307375
642446
383876
20106
98093
683010
36754
2745
72409
118692
104581
106238
91865
4086
266501
711116
109191
92964
660463
642624
189231
20507
20104
404396
82298
8000
747745
693891
148465
232507
646669
29579
13133
658747
38467
68005
379920
176079
60578
6414
665457
642098
102787
4383
5015
587931
841143
112576
164813
6391
87487
157855
253736
172439
20425
656700
10125
2353
21249
14183
99798
170093
729661
174637
395776
85982
278800
76401
653457
977507
3072
202495
7999
172950
314606
37949
103420
1056549
77575
97419
205732
175138
90938
884241
72587
878367
2149
649513
71185
357867
677790
146849
518450
95553
59118
408572
131923
201212
272383
226636
117308
141927
95252
247475
673021
252992
1056358
63513
665422
202884
95030
633937
71471
175965
788157
110002
313481
115224
411646
18266
32557
109535
37071
330718
114468
138773
202261
93854
222785
177739
668245
752517
195595
82473
6522
785623
106419
22661
88450
27358
177438
63478
108841
29543
13
24803
154725
105492
1014206
363116
178054
7781
220285
100
277026
258456
18802
44361
675523
3225
76097
96585
208874
59568
108517
660026
94590
326525
131682
20407
218386
62459
661070
124198
7841
11913
278207
20254
137822
10009
136751
116527
172759
668111
95508
1243
620268
179540
15141
749137
95477
275634
27056
94481
647783
44074
126342
35565
212351
87918
25416
167289
208726
109194
8399
3690
293569
59637
6223
11114
90597
170902
208118
688571
186750
37529
11876
179184
92066
124790
6680
81467
857547
643033
319796
93187
71072
124479
254332
20263
221733
32067
105146
439243
97181
661420
177286
329072
216826
234683
336835
155506
549509
559957
965977
11693
170598
103666
87864
266767
43125
90764
63684
72359
20643
257830
217045
335861
109964
20197
102878
65662
181440
7752
649094
125722
239185
36785
395379
648034
90927
371143
18684
81406
86093
69852
63451
283999
20679
390443
391659
247710
390343
112669
31274
20866
3573
176642
105951
79388
62863
5923
100816
114326
150175
77277
20929
62422
84980
22136
481824
147166
230132
67741
5340
80165
301235
448322
642784
153590
238395
130385
143127
234707
16009
44046
26826
338464
640530
135094
8394
157176
997509
823852
115939
72916
11568
22527
23695
69887
5129
198060
905
63425
196662
10146
131309
11856
644574
692138
22989
266845
107288
109776
2767
72377
712675
60472
56034
145641
211502
422797
107882
178533
6453
314955
63351
108453
13611
57893
100392
212680
31172
966
14420
84089
100307
1118352
178584
658706
56597
8918
95424
3471
712157
12676
32451
45269
104030
39459
205003
104274
181263
81980
216585
109422
4052
809452
259883
664445
812
109813
104409
308606
171180
20427
54728
637333
107319
94362
642649
97322
190313
192997
48041
58489
33487
672472
23197
20423
113844
9239
63888
276637
341388
44236
37216
23553
46602
650262
33868
344607
23229
243378
251282
371936
38699
45185
23293
693224
33556
206016
77529
665567
115726
21565
178647
716693
115415
6523
60615
61716
9350
153703
188790
638113
126732
101440
20619
227828
251287
208691
729232
91943
107211
37991
14074
323931
354483
133034
60909
1574
106569
92317
219400
482186
20502
27215
221906
33015
244098
60103
115627
109151
227619
140089
1580
130418
18641
84758
649244
25486
3808
84859
111015
30092
716941
10625
137865
21248
2584
104694
101854
11241
160830
30942
75046
671772
169423
67048
187310
10415
4921
695566
693893
649510
154189
2431
132760
46823
193064
109589
647825
108159
365495
674081
20168
3921
27332
728139
46723
197951
93521
45155
54462
175644
80982
95347
1862
90285
14484
160765
3974
105263
25229
59838
147885
1169
678158
35509
101482
65535
153538
51026
27666
1097713
221719
59894
61001
640631
200741
47763
104537
27650
109016
53011
1224
95527
110704
13889
78042
108281
202305
48793
3516
88218
21345
163851
11750
205232
337676
629
101028
17375
132117
35756
104412
29960
266750
95949
454961
236809
49592
5901
21771
525760
643138
42583
115198
4722
97235
112185
139436
77506
92029
31757
63331
644902
422183
74664
5617
20055
457136
1250
464812
35288
697490
21033
401044
87029
118291
94456
7983
17606
165461
161796
86396
92009
15426
210686
101869
114845
455157
14297
183822
254066
645600
98096
6819
73400
82149
2344
228839
149995
4785
195841
8405
33724
53937
8423
660942
58251
16859
24527
699422
177220
728738
101847
1090958
189004
66436
2058
734445
63752
111263
106027
127247
93906
90751
662400
344876
46380
70034
27493
887
60647
543134
3900
668471
53107
10072
37952
162265
79505
48360
693186
85963
146168
2613
18249
184090
215137
662950
90511
294679
156039
245339
434935
20567
23000
178628
62842
25424
97397
186595
705950
243161
5062
414268
1031817
647073
234713
28021
29666
170686
61423
325086
49587
21677
15655
30120
92959
106796
105219
37579
94378
343910
3570
630
124347
92617
30234
646301
72086
1733
126559
11824
89313
108158
96938
127362
110721
95627
285370
410394
17521
238605
218814
4771
856639
68199
90964
198879
649585
21789
684216
643677
93801
238926
87866
36130
212412
4459
12180
174727
430850
106416
107014
1068955
38484
375714
60608
36480
646638
231225
162040
252206
64820
210068
88545
173369
8018
110744
87852
59225
60565
127387
660523
133611
24277
20771
309327
8010
13712
79626
58309
1099557
234650
264971
60676
48732
26764
147153
162305
81240
375857
1021162
25800
417855
456974
18527
91446
713683
295298
698840
126107
105337
274921
477
397774
63379
105532
78359
82040
216784
842
160837
101701
79215
175771
4877
1066668
223805
2625
30075
94058
51709
11868
1182
44314
658364
135375
198646
82250
4578
191409
210518
142833
10871
21205
26520
23701
107796
280692
30069
30698
59884
96518
434141
134982
5436
177124
122118
69079
21413
10430
5709
4725
37029
677775
69423
76368
643193
656668
160679
372927
645631
91633
94698
87926
55879
383872
3137
254944
37429
122854
37468
265255
30769
235679
262288
109769
1103693
201449
18009
96115
60182
60035
32539
242401
95214
692049
190054
21452
657571
100928
167738
696074
147968
697739
151818
6804
64941
638930
44084
118736
37338
115229
30320
82833
17258
20743
28895
131127
50971
111018
84107
711939
619
430464
55474
104790
88660
696592
589517
28971
133583
113942
106140
140020
19813
85062
301399
21143
191064
111158
1339
60277
458925
419649
466894
271981
221991
91484
645
31767
289276
695188
39893
60279
149339
445415
6093
11988
210218
55595
187251
124417
50800
245365
245644
137513
643032
20945
60123
119416
1003560
91870
4767
9852
50544
21002
88043
285091
36646
17399
104451
157654
20490
100874
170835
18441
17453
347307
124040
97373
197817
177724
194964
323381
74756
26414
8682
29797
67667
300397
111228
239302
115002
5442
130311
125878
129348
6753
111569
224119
105126
9351
125589
459721
4191
4864
427157
1109769
4708
1819
84196
299715
151473
657591
21637
70839
21891
39152
1077021
4313
19642
3496
644446
974871
174681
642974
352575
77599
21883
1039106
27749
319499
23914
97376
46682
107637
294243
61543
2172
29998
93758
131752
1601
25460
158862
195033
88682
38279
27218
148260
638610
18508
21240
7611
94751
124976
94188
209985
17955
276645
84246
87959
23129
8727
96907
22685
45383
123978
49889
673253
107189
397208
118536
7822
132518
104137
1946
32464
218833
17738
220946
41256
303868
391474
30952
63699
42985
88556
30377
18036
101730
231054
3384
96452
24588
656367
648464
1003599
972329
20065
128654
638828
104163
82081
102379
37046
179815
111384
216754
91972
21254
104045
237642
16684
134117
82165
109122
124338
695774
29846
26521
62668
20418
131505
410196
267362
219053
820997
1005208
5794
32244
96902
166774
109356
1009778
873277
118516
187262
154773
2044
82157
21503
678433
119021
107822
177686
156
705293
3916
176386
640016
122779
22094
112328
101177
2607
18436
70021
18858
31995
117742
109254
827661
56663
47436
56318
2504
667826
687913
85377
772915
423506
290288
225929
105884
146924
244887
237739
92310
72574
67966
643128
7397
252433
91125
198895
661410
111876
354323
11904
932
1089811
137738
1019760
360634
20548
661532
137928
112230
277334
241981
686174
144920
104388
225802
6921
78009
10405
242182
22361
69305
434792
27004
30125
133731
1011516
59611
95312
673648
25353
527073
353496
96136
27991
184791
218232
645526
107684
242382
108888
257535
92288
205298
85222
20378
26633
296258
72954
137611
107237
93936
20810
459505
141876
108204
394261
327748
90522
218396
192013
122667
6536
160431
102389
68198
720002
79860
94921
236683
171367
105386
62900
688188
104207
49990
210676
121782
7435
135095
16260
125692
66708
104628
684323
88106
116172
186468
66144
641
37012
671620
188604
359929
639333
208570
288850
237394
30953
31181
221254
91995
76040
76645
93364
113748
138577
63116
95274
110185
59999
200414
8495
84845
109087
136989
1097178
218381
200355
657720
96775
93772
68388
23385
90934
218191
189483
711571
212962
302887
164815
24222
213334
188733
2114
6594
50322
231330
149698
212888
20026
19573
242461
895
118805
37996
101902
134092
1050951
667095
42772
2743
207800
542894
63971
228061
645456
176417
107767
248958
49933
647142
232216
236252
89735
21251
151592
47811
106894
189536
78497
131826
75799
2232
647047
2346
681493
677829
89816
229516
265386
21196
14844
64132
101568
27320
30131
210491
2689
162456
192105
714042
208974
47162
45438
329234
108582
132658
741395
111738
89452
3152
2843
122496
351790
74097
680984
80036
655964
65445
38825
69820
118644
1059605
634
150168
8957
6489
69746
754282
39719
37126
44142
351159
228769
244616
322106
1218
291204
24304
61178
94391
655648
831
82378
138548
73694
117268
216537
647296
110227
480202
11586
60271
179154
153217
174778
182672
15716
341803
62555
104792
48613
102220
41141
746024
138679
5206
9875
2453
188168
178154
170580
23945
99731
92946
166273
8561
450069
788023
172855
180735
1256
113796
991775
221886
75582
78750
95163
98213
97346
111889
676084
101749
450940
715584
20803
20754
36547
645805
129372
679964
191075
76508
172993
186755
401675
130072
97316
6124
37117
169654
165601
104133
3752
58622
447944
728056
7729
85718
15212
20228
1866
25906
1987
197772
312679
93665
80233
74621
93358
685136
51080
186348
111528
17380
22566
679086
27588
164391
208716
109657
172153
310494
50993
683099
260732
20176
15129
127688
21453
343396
216383
77757
3333
187711
164262
72592
47545
84807
134973
118826
97269
296084
110045
106349
24215
3975
237501
58967
340444
58086
210675
646129
103702
92774
307272
71178
38312
205865
21849
20006
60605
291365
336477
158820
74722
76735
665291
20985
88362
8177
236135
205772
76517
88822
95212
78845
249069
354894
25434
9742
915137
84358
26944
211788
30379
118592
52459
82094
63672
2812
21827
106657
50979
5055
92623
195281
170667
758200
16829
109887
1064327
91605
155955
11303
235419
22323
6393
82326
62340
18277
20844
202530
229130
220009
186563
155202
87290
654819
1387
110588
63815
20880
24164
83644
40168
64240
714889
11084
21066
14948
24464
208849
20165
18217
179163
133669
139191
645593
4588
245000
145156
3864
8549
827910
154593
12188
126085
66477
191423
45154
94823
294915
237342
224770
3718
1049406
63956
63939
26958
658791
345803
87900
11827
107293
10238
95418
40226
15440
11761
169662
92938
2197
20667
106960
224
137363
182501
6751
35697
37938
54503
255327
61820
80148
107057
28904
745216
2052
71503
133038
219978
191126
71169
78643
110046
87241
44522
54089
104623
1007433
640337
138373
1242
72238
646788
694827
30979
351229
160416
249572
36686
16895
233543
130329
33860
685140
647079
61507
28827
727988
20095
11534
69941
30212
2331
212456
441202
673420
91540
28197
8540
855949
93304
16515
217380
57273
5341
196483
223930
140000
196345
111076
313361
637160
202763
706630
202
112520
94210
189491
165533
361369
47202
264051
88656
3506
100819
245850
671095
72429
104808
130499
63540
85302
243725
468424
77894
197140
92480
24372
93921
205581
43546
44589
441591
267148
95480
278869
253844
4499
360161
203402
12764
285724
43883
4855
107006
58715
101679
182736
287424
117190
23320
6974
92605
20832
27803
94645
796022
10439
113759
60322
33916
502274
83761
329079
5060
201088
22223
215547
62167
114454
20205
73060
685055
399520
664374
111320
665258
8290
227806
21171
18562
78605
16799
6420
131108
22183
398954
25787
474827
162628
182763
42959
256498
527
78395
201441
201465
9579
6325
1883
7946
125539
265257
21191
186578
38091
92080
273816
6222
112405
39984
154488
738883
105656
91113
30420
215149
30587
675483
492846
125416
90655
673679
142826
20634
80821
231427
12459
91323
14182
240115
1030950
270372
130308
563670
167863
154226
521607
215572
4563
50590
182359
123498
85218
44427
37487
718
39613
11334
23036
148492
21335
329720
109115
23154
11867
110671
462793
94198
210787
193791
90781
21139
178998
186792
775552
170900
136460
76881
24688
36708
172913
247430
63724
62977
38366
177589
700175
639955
91294
2499
86908
47136
978939
644032
645727
809616
27204
93307
243053
38301
683746
96359
172800
126607
636626
133109
69853
11009
87660
1083444
17956
310118
278650
711992
20279
86567
26574
211392
1901
23232
68830
155422
39859
63506
78117
522720
128767
917025
106998
92155
93141
105357
62986
128540
187198
88563
104990
130383
36498
92666
243887
84915
12921
22636
63657
60873
210877
79896
4332
27643
17889
18045
231453
196372
5511
275046
883683
104092
682333
642626
236619
171871
22059
36750
543247
64071
6019
43696
117130
170992
101578
3924
60632
44976
166677
26986
116678
640386
155703
494285
582149
350998
255835
153753
682810
6375
57914
11845
20674
106507
95304
353540
205066
45705
171482
591
103448
62613
37197
328819
643758
37353
2395
93848
175423
97186
100192
37167
638251
88978
4805
2243
22698
1869
311992
110655
66741
42989
5133
59649
20024
57211
8183
3993
91930
655770
205299
28975
1232
20158
114986
101933
177094
176947
237331
29869
19008
2476
2640
318264
198555
134095
30138
684656
2020
135944
8420
307648
115284
925737
131761
21525
23650
38532
238830
87663
235397
645116
100656
96590
277316
992397
157074
15975
304843
74737
13492
18620
157605
62190
84808
28809
657425
22704
6425
76475
9903
668173
218956
24547
90810
25965
79276
38395
235246
1081009
13978
767568
687181
17780
294707
4651
92067
234786
713024
678976
148244
2185
77385
9017
303913
678399
61451
26336
14624
77278
60362
93330
32872
27327
106557
249753
188736
93815
33271
30435
1034426
324200
90560
164357
667802
2510
107847
419378
51810
93756
82142
94953
2806
91116
87212
40112
155520
182136
1041110
107558
470615
116371
154463
658497
23271
8632
221476
2878
675072
219325
51827
35711
413796
399161
139131
643848
343104
6754
19425
177708
223707
69841
101850
4970
368578
881267
86114
291750
145580
11794
91246
32697
209244
6009
110459
44909
8202
231000
85930
1026
747389
35682
2850
177951
208992
656730
10305
106991
96969
738824
134995
247792
269417
10060
107258
75694
94241
213603
93299
135397
13859
64041
234849
431579
342287
653432
289368
31128
539
108843
63455
139627
646123
137037
32375
643799
646049
108562
814379
77370
6056
104472
679129
60434
173327
1071
63597
196341
153276
649186
8364
92217
27970
100153
46846
89920
747532
29733
134057
842513
41119
11793
96107
706004
255043
6521
245304
138088
146979
20935
175742
958897
202089
30887
21176
79601
38396
197665
104642
154437
141854
172602
6302
96553
11768
111479
731847
678383
111599
79511
1624
1431
7416
25811
203439
817604
7474
71117
270999
62938
105730
150839
67782
399198
102791
71206
154618
735923
3538
122093
735896
9782
21004
643558
147802
104953
201807
3015
13449
5690
243991
151527
240364
27583
41927
132922
2445
643825
187324
378019
29953
20068
384045
236730
16880
94430
370284
354248
661762
27455
188539
4556
72484
94084
139212
118685
20293
8435
106014
9143
20676
250220
324733
266871
20979
713547
77784
168080
157155
22815
43948
4746
92219
2297
89550
177675
649200
206350
60486
655566
71194
62564
3744
275015
122495
670579
6284
87689
222985
993311
524274
190172
15152
741974
202718
60331
140611
91400
282643
188574
364386
93891
397712
124890
14649
241476
29676
786441
116923
406933
108296
1850
35423
704606
30356
93366
61315
77789
483
192162
116220
128850
26896
94102
789705
296306
303768
23901
63503
22776
77716
100263
62746
642745
177824
107535
94036
148646
20675
9376
22828
151302
122704
2810
336215
47323
213969
10895
136749
6518
209269
715155
381499
308521
20721
37492
4834
167819
22185
174584
85360
17890
74600
20637
338837
7866
33207
507063
11070
586317
69934
42981
23216
70911
78627
20130
311739
402251
244023
202663
142836
21010
185550
71075
95930
95652
124360
56914
170907
82254
150082
11803
43952
208500
269840
196287
114641
91954
101960
287768
61556
163881
37670
60708
139227
66418
38368
59673
29193
176957
159995
307540
71173
989
20923
152719
39631
823606
639926
47049
152728
72442
15777
175778
226627
3625
202789
24737
177373
1681
26708
2619
361310
20388
91104
70923
21608
60584
1104942
219126
20825
89839
297518
111486
187635
178542
709175
21567
109812
5071
167980
71490
60023
661242
95777
198267
142845
3730
60483
93651
77910
139401
236251
229417
617151
272455
20736
5869
157132
130574
650265
76431
7865
20998
232092
25263
136850
636294
112163
3116
43482
642504
19462
88470
4776
77523
7825
357993
97513
70978
22959
105756
238888
104965
49687
106214
62271
11871
272838
310462
664531
101331
325861
108623
90082
158764
5842
642782
22469
68036
178399
38258
243042
762521
3571
637039
29709
11996
681052
9862
95942
111283
22014
2815
645673
853240
156038
140636
673303
221164
89800
71232
143134
113583
162595
170779
785006
71374
87853
273750
28064
274311
71081
183818
124650
673266
20713
59764
131740
38373
153186
320938
309859
20120
636605
109605
55703
97119
296026
30404
36433
38308
290637
20536
117934
105918
18155
2916
682907
3233
18342
642663
5940
258222
268522
103895
67607
1081297
142787
462537
13052
198121
100330
104202
444254
30067
87906
94831
60265
1118
39937
329063
6323
49688
54340
180046
36651
492314
220400
19817
180740
136723
99796
20597
229396
45842
11167
184330
89277
109749
41165
774619
687347
95863
647789
3399
781700
42856
7135
8856
107786
100673
100464
20445
75006
75483
29449
24170
178573
68315
646231
124050
278195
85568
25879
96138
9378
2660
6274
106890
175462
645402
200280
230553
150249
21469
693476
22476
37168
21162
701774
82458
51397
100337
9267
22558
25075
26810
59853
109243
6390
640930
25610
314229
263569
314405
25804
228627
20576
7228
50293
6780
283284
38289
67571
111177
642536
83929
108556
208386
226751
96681
49642
43256
643925
22997
712484
701125
168682
40641
71953
18280
52306
82181
89783
29664
11401
35830
24811
107636
885819
60919
232376
12781
3616
41246
110455
17125
188458
665196
709099
184314
257489
11816
43351
68262
598549
56527
135123
191163
55518
386479
11828
86809
9318
167944
63535
646742
67934
21706
164527
93362
106700
154600
429091
1064749
175806
8392
126748
396687
233460
257653
85584
97170
1578
30988
39546
199373
64302
137966
167987
215341
15051
138026
453823
205212
71631
138584
3404
5465
6000
65210
1041473
20180
1012200
135230
62629
3004
684218
38152
74713
290
121355
138963
686561
20296
1248
170995
635702
118794
124901
3887
22562
28925
176612
12400
208773
89450
5424
1808
275548
32406
62603
349748
95128
682422
405488
126065
78611
8385
853448
222841
124590
31896
21343
182061
2328
47076
110389
170829
305466
270198
93092
28004
308150
257652
136167
210318
399375
20551
114521
996901
85612
175599
7896
109394
1070219
589775
93389
95978
513658
643201
11331
263562
684221
48981
31419
90619
137829
1006783
30265
24052
664264
262404
142804
192657
38347
4809
421290
295096
97504
15101
96072
153322
78254
38304
28564
71071
60699
147559
91287
153573
165971
322539
660168
5252
143103
200087
662970
20147
4989
866332
1036
72682
43850
104462
682444
237026
3594
273421
11961
219747
72974
281408
307807
372024
646725
97516
2686
75150
88589
115858
77501
172558
128685
14069
20141
727200
132457
63471
171256
108085
104414
95767
205258
693896
35151
135809
106092
26271
124387
101215
649608
5459
79356
38123
1077225
695859
99728
20257
307937
154493
639273
59309
20601
175707
112858
184036
19016
157638
123284
41770
109656
94742
6614
47494
21050
164610
84490
157064
69780
220671
44860
26195
381824
478068
134159
92528
1058245
207979
88374
20610
196486
40213
67854
71529
383847
182640
74950
44281
687291
125994
77889
104463
5169
642661
2727
733539
105696
20284
645848
243303
520729
55222
229365
479
267733
14029
38081
84628
9873
410411
107257
22970
64437
104533
9088
81681
732815
124014
693714
176655
27690
30920
398145
122765
97221
125134
214022
35251
46525
713868
178509
62139
104586
113751
10640
677804
14502
106104
25433
108955
197292
38400
95481
30225
639677
452260
16371
69489
213525
322998
43395
67754
392924
96404
670696
1189
37872
128750
11608
206996
657397
24751
7034
772097
1319
642453
355382
26203
106422
35009
134081
143346
45391
314979
116583
39075
73191
414274
215874
7777
228692
263741
115414
238191
56470
209757
135658
20924
110896
478781
107476
118911
758957
208407
26673
50617
210188
104455
194039
68272
125391
122513
15215
289705
98174
29491
410
669066
21623
22003
106317
1022059
41696
373208
3949
688529
80558
1704
8050
20411
134830
93351
163539
646824
95008
20859
199478
69294
28079
38806
14638
171546
1015074
657598
806528
97177
266334
642631
29104
217040
1045622
22936
1022568
91340
261781
43037
712166
230982
12579
74823
95634
762348
147088
110789
85373
1040107
209798
8221
557836
70135
1016684
168846
93718
136505
235245
659786
25785
27064
5108
81705
663496
94194
651727
155675
105885
234477
57416
90018
8489
121033
181001
646655
93673
2223
58653
115398
27017
747233
20401
60076
7975
21003
169747
218707
460255
80578
171117
87983
586
93932
111294
878
644100
688247
66387
35738
217184
88853
66176
4900
18587
334568
23692
646352
40569
21559
476936
670160
266875
43361
67873
210603
17212
238903
209428
22588
489072
77777
39142
109613
240969
4985
18389
73076
303234
82826
143987
105600
27655
97330
124857
115933
72849
307596
13525
106831
141376
215267
226119
340389
740455
208295
663652
5928
252657
9424
133798
260165
105964
21106
301608
6927
13746
167748
26440
140350
164464
23270
104870
284
94466
649321
170602
26068
110023
110333
96529
139437
45433
69778
148816
112000
67948
2282
162035
885548
178887
30208
228206
83629
7475
313569
58119
83509
131376
30480
103422
10678
406737
204288
267381
3967
66360
95398
90895
113753
208943
4645
37355
44980
408026
37591
89661
455381
137138
2632
78612
118521
813
328006
11977
73402
657604
33135
29951
115758
89579
105661
91374
443421
20455
4876
20456
202938
103952
212378
9716
255612
105351
105285
10841
102767
107369
197171
24555
27682
154332
111436
32416
29389
100958
210262
115916
178478
285147
64668
1059953
75076
64028
112706
69485
465341
1294
123216
44470
125752
155872
7282
145425
134979
134466
651485
1503
105967
148157
696567
6384
28638
637836
105988
21037
231448
260742
849
70010
204703
116518
216445
107894
875346
79637
21259
680365
20335
232446
109748
33239
35916
55538
92669
762491
181261
111936
1040337
185311
218122
63303
163176
217731
124071
132626
126401
231722
251886
236346
248736
339152
226552
4625
180423
114026
690161
111603
177591
643850
96120
104258
415428
55252
4118
38382
375774
87899
237193
180397
18610
24878
353905
21959
20641
90856
7770
465842
90312
101648
63481
80079
179391
136616
8234
294061
142973
49879
108045
47842
71587
105784
104130
102341
1858
268946
36294
259884
104703
602781
25704
23805
81518
15529
12467
204487
175650
105150
833912
640875
131665
48291
104778
80000
77474
20412
95829
142
661785
179697
178528
171287
127807
1061557
222780
187313
63366
19403
412505
77305
111291
93213
138519
188445
79216
173561
77330
23244
69532
649319
75617
72537
20990
94347
125094
63242
190187
215960
241680
1019953
516
9734
16594
418440
9650
108064
21192
111507
707363
707326
63465
148022
249823
9798
516688
731021
96649
778604
30134
215282
40767
1102281
809454
89986
70922
66016
54971
117066
5427
94531
82124
46049
696532
255357
59
8451
242978
78245
255876
1527
345883
94935
763393
24064
64089
151233
3626
339752
324180
222761
8232
648445
181477
153277
2105
126827
1127852
20149
39095
5651
246193
60579
116934
200085
101608
30236
151501
242127
390663
123619
30070
247150
40032
90998
50539
104532
60936
17504
12380
222796
88724
110523
201749
379881
267172
146968
106351
167304
39512
29601
60449
93859
672677
69799
30822
193018
141416
23700
96577
662356
88797
30370
60353
135368
644541
723613
177848
19697
360505
52121
104012
1160
95860
104126
414
5123
142364
20408
93049
63983
5994
154505
9291
91405
133965
7938
21073
524485
70122
180165
111987
30260
389011
200778
660236
12401
175611
11355
734977
77259
409121
8953
684380
87658
488937
199144
159316
34348
311160
77882
342243
176977
2759
1073480
44312
163405
9925
644775
178148
20900
655369
71227
223576
656298
177162
692963
206300
110674
48501
205421
104554
145987
278197
110936
100609
3856
105480
655644
201448
62662
108714
1102663
77217
62501
95828
69604
194
29596
25915
75248
38434
44616
311345
196371
1128
88110
125026
95364
55
26123
107290
96033
237651
417558
2554
69935
215113
66403
534115
139709
735024
385308
216732
30444
267092
98475
60686
3667
74507
113704
2615
46717
190453
698500
395258
203157
21328
62602
155529
702230
760907
647339
994753
97227
74842
33082
596761
2605
37184
523696
10331
646846
340445
11258
28960
85286
103913
101795
103361
643441
253982
79795
27247
677947
206751
59653
419
327
4918
55539
883538
32497
118700
94161
702943
106367
30258
33541
692763
3171
8798
64097
95307
107060
3425
7049
1013678
88975
72533
456923
35698
50909
24536
5681
109705
44141
263666
21188
272653
82538
81573
111831
122753
237419
132863
661234
167649
373057
83846
41605
248
192269
21640
217149
187580
1073206
166201
406923
260900
105880
59967
175814
344733
140862
113833
1045
173695
11925
94981
70019
301406
16461
293525
20266
90589
218149
214239
104645
59828
660533
20181
667828
186684
226115
27816
64800
100801
12491
252887
96150
16516
66064
4286
80249
1018655
696236
244142
51238
662035
27614
6624
96965
131485
44767
60602
269906
10276
1999
122914
21258
92883
78090
132933
118527
124186
55356
95510
741732
640388
68033
73245
187431
20270
296320
171997
107262
153840
690705
138901
59855
178443
157160
89002
136951
638905
13657
27976
185744
177071
95133
2693
65929
126867
206177
89804
1037083
37250
234716
30787
672595
64066
77295
1059632
146339
92192
95772
122699
107080
77871
11523
6210
53187
161556
132674
35957
24990
769911
716818
764813
228945
208327
83776
145242
205892
106360
642676
663023
419938
134149
99033
269255
103893
75070
302606
117271
134062
866204
680461
197991
19164
184746
122095
62982
126369
54633
5734
29082
3460
118647
208622
664741
260718
1837
108481
164355
155388
32391
52180
103457
658374
488
139863
90637
50571
714495
687112
223746
5026
264436
143009
17229
396184
190537
15793
92240
109362
160526
694711
18139
63400
210611
183376
87942
49789
140352
192831
177456
93004
293978
82034
22090
53965
20367
186121
686692
97388
20645
62495
78904
40872
21325
639471
5588
382332
107410
174415
659895
251880
20491
82217
56222
423780
233264
2442
38493
187044
58661
21243
67921
189868
635970
13406
1472
265315
59674
99167
124282
149194
2304
89583
192748
4048
102595
61276
104641
114387
532045
167972
141800
89622
29780
38597
107541
9943
214829
8773
675795
22821
72602
61446
324234
291201
36721
160748
23487
60696
93301
43698
101515
26940
7000
37520
5982
616938
3792
93893
118976
81994
49124
645807
123724
66756
3212
118568
43604
112730
657988
11088
189303
686466
191090
30175
662172
221605
945401
230692
116852
231908
21169
132118
131787
648315
242065
109188
3112
13097
124273
118293
90862
272370
429873
276496
278151
106862
227
49633
115217
377725
67929
278000
37152
297634
5024
397260
192315
124908
94692
27684
72516
676740
104038
568990
384778
110916
105636
38284
294888
22176
80082
36701
273242
21089
79392
6943
20618
170879
935
100485
60104
240444
3816
169761
737541
108042
252056
97153
192353
124404
15382
175226
84898
180766
110367
92949
93890
11740
607
226828
95551
29832
513194
44327
1022095
2658
254245
33736
77861
745113
172969
3606
88740
75518
78441
7904
77627
658219
244572
39489
413802
93074
4925
4183
107716
187600
106688
18105
24161
343095
1089446
20971
62736
92368
65355
171378
16030
15119
46390
137434
672464
202050
187277
6257
187843
704378
47528
205265
204884
237777
3659
24995
135697
3834
20448
35396
4824
2126
137458
25256
47556
140737
92735
91988
3030
73563
17583
109998
51174
4843
343346
43597
5578
671504
177344
357507
174598
39782
79934
11190
105827
6440
19567
111014
274637
164884
2263
598095
96472
210004
108392
845009
165178
105903
118486
106166
105192
20275
37406
17953
17148
198424
69863
332527
13488
138462
101792
271037
24384
21572
9990
21060
78385
108541
64037
164581
24445
297371
176976
736447
88595
63291
646681
3543
1022862
88672
104502
88494
197799
178829
991401
136789
171919
23868
62578
59536
93604
93492
3971
208430
169420
27053
101559
646628
52740
11721
97553
5839
207792
263686
92834
203674
144264
25097
233254
1842
783974
93360
662053
397539
3564
219
20082
400208
407236
21941
156356
82042
116972
662558
190657
60143
1124223
72422
373309
87875
663790
27165
446215
96285
45408
83108
295099
21200
89976
98368
11658
204895
19620
875496
211231
209369
236480
166727
175805
96699
649569
653950
29772
24705
78197
116540
31899
137265
713475
111995
22556
153719
228262
93290
114167
133312
202315
644353
1191
6830
135478
95681
79808
96698
18270
93270
39062
674220
9508
105727
344272
115816
20854
97028
5584
149293
73844
153337
712136
206895
280961
32344
5913
104568
301293
216534
101867
1011640
88612
28535
16789
270072
172960
552
170701
3415
142315
640936
274369
97111
665117
92733
201164
85697
7576
993066
14033
31887
177214
1119831
25166
2087
6139
246355
219230
126340
31549
95482
653386
3208
20470
43762
110244
117044
16186
15637
639858
20704
38527
60423
48567
94231
2360
992776
274635
673304
30107
7805
332591
9408
665100
653080
42952
187891
245864
24732
6128
36781
99323
118491
20127
238840
74868
139379
23473
130965
77402
240396
182327
9928
52122
696637
63962
69888
16149
90499
106245
860474
94114
86322
332101
922052
79641
20077
177654
651586
154478
567317
172914
51246
114675
22829
661654
22938
681698
132369
168800
18420
197919
247931
11825
49203
213847
496108
186239
103305
759077
3681
111760
24666
189904
300530
288276
155376
177322
94359
79309
71159
103824
741385
7689
1057242
456535
122759
181637
24678
31753
49245
297209
167728
124023
32066
86832
368957
1499
228904
208478
663316
24049
78169
90940
266830
676114
8419
96489
21016
25114
20511
274991
241971
112455
208280
389645
89663
17708
150121
220404
688078
3221
407839
105008
1060667
73197
33627
2117
643143
731312
147485
668232
57879
29845
62871
246567
1037441
243641
296621
656686
255811
128861
269226
166772
1180
101680
50561
126724
81807
4956
282418
20877
140655
92624
141109
130747
951
240692
28268
453622
222145
108644
104344
2475
78250
356
1026559
115818
22942
50939
663713
10751
254189
74773
142965
146704
1081312
21768
235920
180693
37860
685568
108498
74518
221711
93087
175125
77906
37052
1102875
43106
704074
170441
681392
97655
692785
169965
70865
100056
68267
181840
649248
63498
668092
610026
92532
16189
70947
104570
72512
678944
118552
33570
208069
205414
184661
351435
139620
173525
662155
649489
207042
166003
160869
237004
77339
48717
180260
629658
214575
30473
649221
130877
137047
126312
116724
22511
648895
109300
93509
1046562
62519
105990
714710
150386
93339
64579
104683
867398
15557
234033
18928
182295
240263
26706
167379
46364
17466
8121
100433
338382
37820
105533
140487
11809
648346
182279
211439
673305
107546
112015
335105
174846
3811
4874
86202
662194
645630
789010
639
100491
106327
30244
200006
887060
306611
651012
89639
96015
13574
33476
48645
51574
242614
92300
890924
107900
187528
236766
125085
103943
22874
9553
1116611
79019
18994
203262
8167
107283
223365
281384
79057
118812
78823
51683
72399
205889
153299
77883
256562
17440
19888
280040
104253
174227
2757
649220
105257
311349
315415
4091
58456
832084
37021
5579
62772
5818
20372
71962
748693
1104
236869
665413
172984
213412
644411
1059904
236566
160452
17933
77486
111167
649527
225607
207111
20839
47517
123282
139851
25767
6704
272606
1167
354104
680458
118083
94279
77765
206
566846
63307
186714
30275
699295
127581
78029
160821
332716
2835
170389
660481
42298
265446
27417
15977
147830
123270
457731
91270
180597
51268
660965
62074
4230
3438
20204
154728
6572
112308
35804
18833
166047
60213
661277
11458
644774
171090
188318
20294
237949
38338
9345
60890
16984
163286
921
218802
30414
70154
745693
216
2024
673962
14699
26316
4289
644115
181489
136916
91411
117913
535467
882596
354336
118617
24816
12269
22865
171465
155307
276566
439545
657603
92222
38326
28083
5446
93178
659813
662116
653473
125067
62610
323370
274063
650131
110542
100652
643146
20672
121814
231078
21009
27812
712228
103108
196459
248218
338261
245525
998605
657503
25635
57933
189577
120772
95816
28923
695200
13669
105522
137608
180985
22393
97178
13910
28179
677488
10636
23991
25658
639945
149301
18040
5776
239108
11917
126828
94844
122080
103445
83987
61717
306003
293336
256564
181467
197977
35660
52153
19870
10569
179320
635672
55114
813539
148580
13701
61464
135647
30719
450840
77675
418299
338885
92098
278200
178125
170726
62377
4285
228517
202725
264331
151176
605
46824
2422
3470
126185
470198
60499
17301
110950
195221
217121
673
115479
753667
355613
80227
40712
242413
341943
31228
17762
9558
11962
19486
226567
65153
274316
646661
8997
138968
16610
81720
13991
214037
134290
202535
66630
48010
103189
274958
53441
3013
676940
27323
694635
278586
130010
642628
105792
43186
170993
151397
105110
18952
3969
43616
2466
301045
1100096
68037
77959
101472
679132
301534
12875
16561
10181
13121
674395
20391
178688
21074
1065019
704111
114070
173055
94468
46177
96551
37596
4677
59907
62925
712462
641553
102627
315608
963691
19583
109881
731822
2374
1006086
247662
119201
1091
73021
9394
2367
4251
553818
78757
673961
77300
132750
203901
62244
242579
264193
305515
1679
265307
461550
230019
771722
81901
93621
122761
1448
646365
46192
38352
640144
957
92974
91377
6576
1351
13696
101892
47706
38421
15646
77848
102218
27888
93303
3628
11909
188267
736092
31650
657622
460019
41662
107110
100352
2123
110975
79927
6466
108434
684905
23744
49791
60431
93407
105980
82680
38216
158068
17119
2151
20977
381152
109390
153258
283992
276476
49873
18469
10691
789179
657575
66342
124625
49088
99813
4435
78105
10746
236582
10729
156498
408569
231061
67748
60096
794193
115401
246869
665143
343060
91478
20558
42714
270693
674168
79738
13145
256187
20159
207163
108373
160508
108651
75781
125472
1085839
167626
148671
37055
397199
355605
9790
202576
26315
692945
114303
106639
191517
210918
21072
31156
23675
92841
188680
267941
758980
8575
354582
112182
160979
61653
63770
1602
4421
671205
8859
74851
185714
303834
238839
24201
400792
236770
5470
112658
95376
687793
62310
196852
131655
115931
92216
87515
62256
52428
166695
19994
297217
263675
37640
54821
170600
270030
24645
741947
25364
66531
645595
160870
95493
446655
104302
230109
33776
72932
22859
112148
90532
93150
79422
63571
116509
60422
6710
16096
41532
80212
316
95743
105566
23147
11912
88448
307954
198070
9491
21137
63649
219010
263508
301666
25203
97015
281366
105241
137588
106961
649415
64201
94873
175741
137045
151438
532722
1047711
8705
224030
254029
1021381
237888
38318
740743
329071
209970
96073
72417
125520
198975
175598
82058
183465
203986
702193
237544
686907
185179
96119
432257
55167
248241
662025
648370
17291
96710
83213
21015
187531
63353
129400
47472
102792
110841
355227
2879
158154
235755
210201
26863
487835
37378
20000
267802
1010001
60224
105961
9947
177282
658510
38294
466377
91118
25499
8969
857
648562
123026
132420
60049
212457
43135
17927
677973
6559
1064912
104691
728183
758087
100779
104336
99035
104323
75063
142094
94272
25524
717753
21327
32908
26167
345348
194740
42349
1843
679736
25870
111647
30764
661399
308197
173115
696129
229031
285771
197849
102797
56964
105070
124581
176255
640563
351682
243555
38996
1054166
2933
118525
7315
1048717
156456
27501
76898
106013
110832
20587
22519
23276
101966
692626
140715
18472
77607
235260
24378
117981
20274
112341
150008
63844
52665
8458
5872
646812
91504
21114
243714
351754
101386
24226
88776
40121
3912
106298
19119
1105403
22752
177340
288857
12572
111155
89758
33664
413936
1022803
234745
1958
216790
375625
116961
703034
3765
1038581
179186
139147
10038
202870
406890
121396
96023
1068
173002
7056
11651
197847
211335
84914
15213
25048
138220
94153
65105
476786
137028
345261
38412
26730
56141
53617
154557
6847
64275
31544
324239
217580
10100
79690
93273
21340
158390
663342
831136
93205
220984
61305
104524
211568
7080
218319
3277
14178
320992
11993
60845
104951
600631
329815
325511
14138
1040115
643941
77499
174377
60236
340401
55790
379241
232773
17749
51366
138595
660049
24686
146251
13749
7110
177792
221169
178666
345639
659939
2779
123963
131109
872609
692678
70596
38047
25049
177253
17068
8938
380376
744
190099
147586
340538
109061
105355
59589
6493
194320
17137
20387
1028472
105635
659455
21129
323873
195162
210271
105551
693723
293973
47635
26214
993004
105946
91725
44063
158
640372
100787
150017
148666
93058
43769
105544
21055
6486
79508
659761
81941
38070
42260
25802
20915
52391
37619
33600
220167
695268
106717
99769
77951
159832
295773
142810
51604
155500
89815
15543
1254
2904
95557
338954
717546
695795
23781
252368
393262
111731
1307
94032
683796
166705
789687
69953
2744
727794
215898
108546
71107
311869
145999
170044
104343
30363
146356
126130
749798
7993
106129
131776
33864
166044
132802
154868
32136
100970
46210
20912
142330
251985
203058
7310
2524
171046
15159
106612
108701
2780
89934
22521
379158
73106
1190
747669
184551
10800
91247
2352
67956
19560
148184
37906
181455
21538
191970
17855
6380
136665
338732
1081614
202807
66018
108248
60202
4547
6738
247675
26624
761657
122709
11053
143062
128455
101860
311081
138727
20323
29992
142358
48868
26482
79880
29595
77492
1541
96291
6544
89575
340521
25051
84948
9353
5747
84877
93776
189706
193859
20067
187502
368
276555
198858
23759
172423
248439
77354
18982
20364
176169
651184
44119
92128
111396
992
183812
367361
657448
3156
21275
22020
709191
855661
7877
109942
58176
278215
37956
174436
146000
25
169236
94054
89770
657370
96543
671062
495605
341613
44670
217344
1427
118589
566049
111253
233936
4898
77237
60564
1065
7140
810
345262
112261
7964
29603
68155
4562
176196
4420
203647
9181
133074
52307
662160
9917
1033692
36315
14724
108493
252260
95436
689562
4610
111496
118300
101721
122163
167
72473
93520
5755
1056720
58133
11902
236626
20069
94807
20552
15575
389755
696138
154450
5048
59739
154720
94774
1002218
166023
94026
113758
109547
228295
677960
40534
32773
640935
15755
28509
31339
538223
37188
13543
144207
111909
850543
8276
27889
85449
1004399
91061
249460
100794
97503
636156
54550
383786
20479
109253
251579
133955
93813
271418
170489
658361
123846
217879
106592
97353
176546
151529
18649
554306
2594
66541
1143
90572
214312
613864
10713
146333
213851
243893
7710
24707
93243
180289
12411
107744
7735
877790
17886
638622
191305
1115788
5721
268026
136738
197642
492809
678964
8547
45216
222457
41160
165989
33593
32692
30011
660488
5530
2772
126440
110676
4293
82320
110919
304786
1592
21001
1015069
7574
181475
154367
6617
18922
9421
95746
109514
91295
146359
18287
90991
58013
643985
11383
22851
236664
93952
94144
174809
96490
141936
662526
81524
1039296
240200
44210
105296
103919
177015
135023
43906
172120
38348
95264
574104
78155
45028
5662
366775
105985
79036
175623
78616
167614
218973
1065810
650395
186704
140302
80254
311258
280273
96459
228883
78093
69074
307564
108130
278390
91037
640328
1712
168332
816064
1857
642979
10634
104573
87925
38391
116872
260566
195093
60321
21573
141866
310931
25159
79904
20694
9386
87275
12738
85846
159629
208444
197500
644892
11945
42183
11601
5675
8934
711460
181578
559748
108109
38393
94664
63977
147527
672652
85361
716446
401991
2603
101909
116560
146832
86958
152751
146656
355310
95524
78125
13323
90265
222867
272436
124438
101620
94753
678362
651725
126136
223397
60320
108723
78981
33361
78377
77411
184175
135666
1031274
684847
60611
82316
6447
300161
32659
86757
694847
640513
90510
378168
434894
106201
26709
20731
18613
210196
3867
143896
683824
14568
234815
141534
135690
288815
110043
105782
351060
6647
231216
218355
686693
21811
95296
124702
44815
80128
181140
104169
144643
78060
29959
131902
1014821
105857
664103
151064
712142
8871
97354
145954
742248
278258
244830
51046
140680
42562
110501
658509
1065640
182568
889079
811964
57674
30299
5472
10941
79077
1101
82611
270762
63089
108280
70137
132282
26000
178175
74544
67927
93028
9371
679090
84140
686106
238550
94233
105655
9844
4897
104883
63621
194052
59484
17722
91958
88874
642369
10594
101624
1029195
272828
33623
899894
173725
95866
785208
8994
105067
112013
37479
6457
112232
143133
234767
104431
94721
94564
75376
670437
3973
176950
89567
92168
649215
109916
59968
28460
643349
188447
105193
69251
139415
42350
601139
94542
104230
1048714
93373
196414
36505
268
1063520
104902
30024
160737
177719
20012
70011
219963
27083
21635
676362
110989
402890
157230
112007
90632
44295
79329
785922
95700
63444
94992
177198
676874
233596
98099
77898
18689
95543
139487
648386
1084931
80658
176595
63714
172972
310398
8147
76486
638399
12542
6252
9486
1038055
269961
4711
6348
71875
20482
215936
110050
20371
60360
210038
62669
2927
186631
43344
336129
58902
150019
6215
6369
5464
1095566
26532
75022
355012
20443
108221
106153
36978
33662
107829
44975
8442
669846
651200
91319
71551
38271
344538
1216
644980
33111
29522
1305
71429
20621
515611
180119
8893
20486
153571
55157
126104
11872
57886
50421
415158
110306
20322
122732
306455
184062
90609
21222
104601
260605
186473
124415
18799
40174
701317
387876
94301
15253
337067
179212
188544
644157
3076
106550
149988
116268
1067955
85967
696413
271002
77327
33201
64013
96202
676118
93903
166177
85056
78677
17127
95920
30001
18333
117683
307737
71060
124686
658380
111264
11973
28708
124208
690002
104107
71224
187686
139623
30374
204303
38561
112740
78141
75086
716649
167799
86284
91475
20836
57872
78061
100095
123764
106576
133275
62748
94154
12015
229544
63931
241113
10672
649114
97310
94871
185926
80185
117354
397599
265106
4321
136900
82429
10341
87503
55016
1063373
94434
660477
174682
44599
278587
8508
583
105743
124331
66346
73250
92816
218183
643341
30547
29247
686881
235178
10788
985257
216989
39072
7464
95142
659965
288463
178447
26391
11931
9423
10856
94941
6612
205044
104047
104686
88003
91435
38343
215660
22880
67015
105845
32126
105925
711886
1001209
107959
96068
684318
3388
40828
67729
93690
6634
333166
25531
164686
108396
23572
64055
212189
7229
235896
647773
78760
994088
115374
385722
22618
135698
681352
295
266752
790701
7893
3832
171001
107764
284600
212066
428649
92472
1023099
85732
88668
95735
229806
22626
764601
42629
96678
96715
169995
82462
30128
95478
339942
36665
100462
24271
83581
156963
5130
92738
278192
172936
662030
86273
277855
231050
1035476
297240
651193
103067
19989
153190
110465
138973
17416
167276
2439
106084
126847
487
304376
116084
90691
207237
4688
107621
141949
177248
178124
63302
238758
85375
107052
95712
84866
384493
286217
17946
394145
178511
173014
111147
694338
208564
136958
60963
48058
104964
20014
712
9236
95314
27019
93269
64823
228921
8640
212590
4965
94492
21025
1677
37057
101760
217026
102585
93945
77679
229987
108679
174
158743
694278
646479
63440
167384
110583
4944
87502
323623
26767
117158
33356
5185
112049
27180
112737
24662
3057
8913
171302
131449
123936
104492
3463
1123756
5103
60368
242384
221756
9884
105750
71153
3683
170554
22817
60850
79573
104693
109099
228709
114437
3579
71711
77539
143984
147373
670824
294270
13906
154691
87994
135729
155413
20822
649970
768199
11219
14376
197860
185856
5039
176698
27958
123922
106266
415346
740999
130156
371156
20520
110911
91762
90516
687937
78008
855907
100992
93361
153121
1696
635810
118768
24183
10542
176578
180278
239493
269962
67922
1022511
235108
20546
112042
134482
58470
75606
219197
107409
90002
33894
533450
101524
1240
108470
111194
27659
418072
81552
214187
105197
49385
162635
21000
71543
3739
677689
10821
77395
349539
642753
991906
19714
105140
70098
8592
123942
21934
161714
124925
25355
95300
33347
206817
77625
20059
676512
696210
7984
141821
175975
29907
176888
59832
142035
133093
118729
31858
431397
9280
96296
38043
169957
255592
133947
231040
35126
110974
209808
678870
640379
11860
170662
101564
14543
63461
169434
83010
63017
444884
62526
234700
1009462
63836
118510
241
74040
408
124664
89585
20611
92633
255935
118634
40082
167881
4062
252958
76597
684340
101959
31199
107957
11400
78639
21123
95821
160843
465263
108697
103957
40494
112733
1334
2764
20044
