94199
1998
9951
678217
143850
43850
664092
144298
14415
719
1440
74619
11905
11839
9349
9161
69487
2939
638828
92783
2721
674264
20762
77743
11458
645727
354470
2312
91358
11866
643278
3371
663104
178233
5010
94014
698500
177792
108477
77785
105821
59568
20658
5753
644785
94891
191793
94453
1585
22573
25098
16889
8644
3515
104130
6453
3742
177456
686878
1059772
7651
11768
997
81826
658187
4993
268336
1704
93448
1351
8952
1715
257653
657644
96551
37036
67440
2815
662437
1141
373809
107905
7294
43935
644645
9411
19989
59894
810
1822
77502
23947
132645
96350
266862
105434
72547
62850
77482
107011
33800
6717
529
135193
688956
17252
704
3008
160416
29583
192249
39922
106986
1160
660229
2539
66016
1997
3671
107900
74664
4814
97309
47780
78604
37781
20458
17435
21041
885875
114465
37290
92521
14702
6319
7416
17920
21087
4117
266510
642305
93315
102315
24810
9258
131152
18918
94164
40121
188460
185311
81533
486
95877
319604
73270
20623
88620
104537
26087
646046
69977
75026
4248
146168
20661
112199
77308
94248
146021
192010
884279
24109
5978
3526
280059
54859
1363
422151
63427
465
25562
33705
104848
25550
5201
71092
5447
11321
370284
78606
2846
919
825
105
37177
4986
47613
17275
173193
715450
13804
20049
646966
78451
94888
360505
94664
643161
3790
2348
176637
104202
643213
681378
48598
1273
137058
1983
93937
1504
657978
8874
646255
21327
656706
102805
92940
642503
1010223
172173
645987
348
660326
9356
195547
658219
104228
106140
153702
1115788
518634
62613
107261
27976
59675
6819
10066
8216
226650
7574
93823
92029
20395
92262
105395
21466
11061
20733
112737
14438
96119
6761
663327
20284
1897
131659
89690
661987
93539
20928
5037
43734
642763
1112
640822
167985
88733
115889
86058
63969
2982
106318
21161
181787
69888
14605
107906
9849
280407
4886
20320
108462
5818
96977
107324
11884
2123
18136
5100
3656
20965
101574
178126
66341
29146
21026
8607
20132
78504
83102
17762
22210
177013
662426
616
72512
678481
203595
676602
3375
989
76595
51829
94695
91915
101267
3811
5423
21248
59853
126137
20011
4926
515983
13697
5060
21935
17317
5501
37358
6385
3005
177039
93557
88506
642539
8682
643719
20732
197770
5000
78649
642838
664169
51967
7885
1007432
5608
4372
10314
95829
22828
85007
95308
58902
106301
135771
25524
6526
175804
15152
366
104622
9368
20502
5463
169
31298
1834
12574
14638
662970
107427
4727
36547
36005
20251
208974
111352
110194
26989
20432
6312
106432
77935
31965
7970
100795
58622
226683
25099
67934
94579
8856
1059
81568
10277
79272
108439
30887
5466
96424
101639
106990
689813
4177
78014
375
94452
662416
4020
365710
3438
3900
1967
81330
37063
61867
697819
773752
33612
226563
994762
9004
64091
30604
593582
87810
3459
667551
106496
108617
1239
28935
106648
106534
37057
177001
7494
699563
87942
11484
706213
81849
78632
16129
2147
96710
26850
656425
30234
20631
25157
62524
301
236344
114464
117859
5838
648562
5570
101699
143935
73217
35896
648784
661498
78308
105663
21565
4480
646711
89752
112236
63411
686693
8859
3708
78259
63819
20071
75020
4244
92011
178473
21468
234956
30357
20060
642549
222814
4887
15611
17283
68010
183844
122891
376
17263
20962
18505
38466
349340
33455
6375
357976
2741
2605
3427
17127
658706
33698
3777
1243
59608
17396
847
264193
1179
66332
645595
38290
92031
11900
13593
124956
111080
177006
5048
1107723
122109
20392
125034
44029
20365
3651
145010
8573
677561
20134
557531
84872
74794
5234
20051
230013
481204
646661
95480
105206
85351
85897
18008
6328
4515
104132
20491
125383
23991
660573
15716
218232
5851
104532
166328
92300
73384
81757
63454
47574
1030950
21231
6147
645688
13503
77254
23631
95418
17685
6728
25114
93841
7789
23718
22755
167746
4725
8394
648307
645647
71240
9573
645845
21293
49978
98768
8141
106959
94343
54528
122673
435225
94543
21706
96717
1247
701317
93310
37954
1010562
93232
644543
94255
155685
156516
666953
681392
11931
4729
101237
63116
315154
20090
114657
1007433
3080
174838
69807
434141
11852
690122
104564
108546
732340
4110
90534
184314
101771
5550
11804
78601
63414
23139
5446
20018
9366
37037
86295
110103
116986
33684
1185
77306
110948
375774
78865
14246
172974
31339
32553
15353
136911
70613
83626
94000
2552
93936
11879
96928
69833
672136
21165
104540
71210
38391
59838
112168
928
37194
82098
20921
9398
91958
646478
11809
20968
5366
20570
85658
90046
36544
196364
122126
17270
660101
7200
20075
2407
63387
646083
78577
4174
94710
20737
91411
66217
7700
227195
21137
658001
402251
13417
2850
35720
1023269
672336
4806
62575
35439
7826
645607
2313
126106
60585
122057
80439
24514
9331
33620
199490
104301
645618
427230
89461
155431
4783
20178
759097
62843
78241
116556
266501
2641
107331
4141
3546
5538
107075
20865
3461
14795
82142
675628
91977
173055
2761
642998
2117
167585
648308
1642
7347
109729
31027
17125
100226
88534
693222
71204
158582
95602
640379
8879
402817
356533
63568
126291
6488
160264
665765
68027
1020
1886
833
60955
78603
63640
905
175725
5091
186620
78607
189348
110393
77294
14820
661448
177809
126134
107977
18249
699729
79558
4843
885
2757
37595
2208
22746
660235
21321
26958
642631
29907
31287
105659
23888
57914
672137
134075
9015
152094
20420
4399
96686
20185
278203
592
89564
61517
94225
9552
200788
20781
21251
74773
18850
29230
29728
64013
8448
89732
643385
38412
29574
181324
211537
1850
95825
188458
23022
13644
93713
30024
166656
578661
33690
95491
287958
93552
90
18465
19887
81540
106247
82306
94043
101824
12258
4834
622595
1014555
30080
72434
108392
2161
974212
112773
94207
3046
97055
92359
713685
8689
57863
656697
516
479
20400
2576
648375
694078
63838
21325
85228
179134
6536
143001
75011
143837
643473
645629
20111
12306
219035
3267
10699
33752
1006176
93965
12682
235458
27053
20555
661611
100489
59834
222850
79695
107282
640399
692724
103059
3996
58786
85490
73355
436432
661996
189346
80157
644784
421223
20721
71245
114385
640300
4541
645472
373537
21341
665596
65170
28509
57840
74868
27034
651719
4368
218240
100270
88013
4979
20932
6440
74674
956
24794
6457
78474
1275
38303
419356
1708
85609
106105
5273
11945
100771
13657
9162
642547
106354
374671
3156
13955
105822
97094
16930
114426
26624
142358
1025810
995807
101656
16515
1510
91582
4495
124908
11854
123
726
29447
21877
94531
660508
29584
28026
100159
106143
1030432
2118
234731
71153
62517
65594
93857
220362
310915
127697
77269
30153
642689
62545
66391
63668
51832
644178
62752
167694
228056
1043838
640503
87093
17301
98098
166655
37705
6540
310
21640
33132
777229
123869
29149
197775
3162
1587
107285
907684
67767
2719
8000
59611
101882
30225
241905
24312
20619
88649
77414
8177
37487
80308
7730
55879
6633
154600
1102663
110043
62
78059
15352
138504
228277
160270
20362
21963
30242
101721
2844
20898
17640
3492
645643
88965
657603
16598
116977
84514
54830
170560
72524
7962
4711
37653
2613
642501
1538
82153
156802
29238
21599
6474
104956
24434
2511
2925
14483
20971
37054
657449
760118
11747
932
136653
30175
21324
95064
19722
78420
18523
131799
83377
4851
113647
63827
11939
734791
9284
30930
69876
107567
23858
9377
78263
1901
800
122147
103449
20126
3618
918
75044
21222
4263
21239
66342
4880
186762
95176
14433
3709
134967
166594
82420
658371
3493
21180
15640
4757
37068
71179
303834
13666
4771
674207
21013
37609
80310
72519
75076
32166
196
30799
4007
20231
8202
714304
643462
765567
30374
85746
167826
694399
1831
4833
108363
11940
20052
21868
3950
6674
226566
1012808
80821
8617
95252
102032
167847
33625
85780
4778
70134
20996
63440
10
28179
734445
27635
179783
104434
71191
732815
87892
79606
1009453
107255
22014
2349
97346
21183
118773
28148
2076
18480
660325
6395
47070
44016
640328
95446
9873
642771
94327
18887
2153
39563
15558
5872
69787
20989
2569
94735
40844
710072
162223
15533
62824
276423
95458
234756
88677
4828
638922
2707
60254
61507
53319
6539
489992
137978
96529
5858
63331
8969
60345
63672
9239
9900
3154
17053
643041
118747
108388
1706
931
5468
21012
8696
165783
33626
33575
884110
6473
1528
790701
690
95655
108206
789
14352
23318
26575
190140
20336
6048
22367
646634
699491
82157
4949
44076
63615
18552
51046
167570
104675
38264
2363
20232
11849
84144
420900
33129
104919
658387
640353
337884
313757
8686
4242
69816
30248
106040
3191
660216
71221
228491
94414
1707
645134
21020
122825
101486
21559
371165
122667
30933
235227
77603
1933
151080
38337
2632
8516
179
66436
281906
91172
92310
29202
20012
80282
728304
37305
69766
23072
638930
63585
110588
11795
30813
7109
59521
126085
69798
49406
20954
7799
25909
64567
234664
1175
1490
4305
63455
649217
63481
42336
33600
673305
78625
105533
91476
63426
2891
2450
5172
222550
20363
192967
92552
79160
12825
44005
1539
71212
656651
79689
668255
92087
5960
1038962
38374
16099
21224
75097
645621
160870
638790
38555
9840
3231
230682
74672
21965
234631
200920
10634
3673
88588
49800
3480
176613
327793
7856
96188
642475
660965
642556
510
134094
23497
3450
92009
865
642671
176991
21093
11921
21068
19132
130945
713508
24896
1122517
802056
80906
20575
225104
758957
8514
647070
28921
20637
643177
11108
64083
21045
643033
24977
9508
122759
9145
71138
80488
660227
4903
114921
77278
93694
110291
20110
116547
102261
3410
38467
85286
695819
178513
6651
133095
95860
1256
6824
66350
111634
20877
262006
78730
60243
6654
126340
20902
60260
23298
49425
9383
20585
74770
60068
639921
168057
20885
88797
108942
587114
644650
8335
51840
77979
33849
154663
22745
1218
131024
104373
721
731412
2779
118585
106279
109988
20878
314229
75017
92764
27881
6485
665457
93864
681946
1092
7292
2226
8495
748336
28137
227806
13121
112242
140612
26438
30131
11796
30345
95167
4049
28072
77784
78107
62744
54813
77593
103451
107718
27329
1813
234683
116693
7895
20393
107913
312340
41815
44252
45154
60358
362
88471
4235
63896
115880
1985
28923
1041808
77295
72716
657332
8319
78502
5434
885857
21214
245339
73060
79232
649853
70413
78236
93478
445263
24391
29280
21206
82022
793643
7577
67741
36553
18147
304446
638632
15365
71218
78613
660501
84835
698537
38559
25520
4756
70149
21382
3901
78779
103871
106351
3638
112559
186459
3677
10866
197040
17933
87627
31884
377962
37590
101039
82462
20875
51892
687
77299
4144
63531
37952
100678
21112
646651
27659
101611
29675
637510
38472
105045
27849
5024
657377
58
642536
328166
90498
166746
1880
73246
21430
60204
21072
9177
9954
39208
3017
6137
125251
5422
108541
110068
79813
24033
69866
127852
643151
37379
646
21660
2196
22788
87867
1114267
105386
21167
130577
71174
87231
1005208
46525
1580
54390
35451
3744
178450
38463
102937
35377
658204
24803
92523
21408
94967
23933
71267
122910
640973
657920
39748
212291
135400
6492
6594
107882
114470
145259
231364
36654
94326
133536
32502
89800
29139
12472
4272
166730
640006
2658
642794
642861
122761
3211
74713
672370
16060
722
26781
97993
2318
20990
37242
21567
96243
94518
558
57911
62668
455381
131394
96060
649939
2673
104541
1210
107902
27320
660089
646670
672595
112188
661223
113833
347160
202884
125371
37012
38317
3457
12019
50561
1069968
33618
37334
102915
4799
49642
266718
126122
20129
22888
3695
35522
139436
2286
104407
1847
1063971
1332
20912
20163
3870
64012
105664
1845
33577
28617
102522
255
16804
118537
155328
72937
107672
104133
687221
26887
105070
175688
11960
108318
1494
96567
642753
4617
63986
25118
105797
656704
170698
20116
643274
91995
92999
21033
274786
656084
676936
35651
178702
649283
176681
77846
642490
103015
4977
37049
63002
12366
20836
35656
90511
95611
637220
15745
74566
528218
11401
30629
4733
20648
640862
684215
247
662466
188936
2538
7961
2303
7086
452
78537
6310
650653
1895
7975
7884
1039296
122889
11695
126117
90873
15402
37152
33037
11857
131027
55905
1015038
26414
662073
97240
20741
18876
194320
7327
8893
108680
4904
5693
223580
4836
680616
21123
202315
137052
789695
1015992
79992
649530
94166
127284
2205
104706
11778
154449
3837
17936
10110
1057407
4565
373833
342103
186520
21032
4927
647049
9061
3370
90931
103913
196481
75287
94613
198858
7806
1135
82460
7880
84538
122974
4784
113440
2242
234689
182421
166767
764864
114462
28514
167217
132509
36712
381938
850
96489
7125
4463
85015
88480
108570
4879
265283
106334
20177
21039
127307
1104
172987
87959
69786
20118
20845
8571
4854
108441
494
20782
96515
219236
146483
24920
25434
8497
607
10242
83213
104893
7864
92128
48360
653528
30097
100486
20228
812
109397
77312
77627
63871
3220
92143
94234
133226
678361
177225
175794
383
105937
62068
694064
20001
92119
2483
7878
107392
27233
91186
80066
94188
82469
44521
62336
82163
17828
26443
91467
1152
62875
266503
98082
97325
13641
21940
13127
18113
38476
61023
31453
1815
38409
64055
173200
100125
94903
226603
20066
11461
264206
96561
86274
9255
336
21238
101719
667330
3908
3365
62603
108519
646812
60423
12738
11896
12573
24456
20635
2385
63878
23683
75051
858
673961
10496
643684
639902
278207
663315
114070
77276
154611
4294
686664
4744
93644
110052
92776
69863
22669
96262
1703
1016
1171
153
6130
5620
93583
101916
97416
70141
71107
174593
59657
1015292
69823
21076
12114
148275
64066
96553
4740
128805
63968
20772
63461
265314
10032
92374
21185
107898
663016
79412
92237
3340
91484
59
7731
192814
231142
37520
64097
1574
72498
36675
96363
1541
340
81986
161288
20306
60296
92534
101931
114445
20314
4877
642613
645848
63520
755826
234785
99788
2675
23536
717
20554
1794
20621
1380
71166
9390
167305
660219
11215
101094
20551
24545
649204
6462
19347
684833
691965
122872
660226
22417
287187
245019
100182
2817
61882
6407
60085
645583
521623
226129
207918
70131
1858
6381
106946
9109
2221
1001507
9353
637039
19241
288850
39121
20587
112155
100127
21052
324178
104019
118707
645693
23272
207
256687
7779
190657
642564
20874
11822
80175
4730
36433
644100
642964
17149
411
20719
5487
18481
677790
4703
86406
122763
71171
20679
127492
712162
85285
84140
101857
27104
106217
89469
117265
263345
71216
20353
60737
9800
248502
1063520
107079
109449
92106
103388
1666
1097164
18691
21513
7854
15155
108502
1057881
28559
74657
33627
2810
186647
101884
93631
155746
111271
1007584
1096010
139157
47555
418952
108464
33579
689455
116989
537
5889
49535
101796
101727
135717
175786
78757
20978
694026
1037570
77264
96360
234770
7023
64017
77275
20323
4922
60229
93977
57889
265265
78463
28136
20724
18371
104350
21655
20656
172933
363294
20351
1311
646193
65
865853
21136
1259
93974
20891
52578
657964
105186
4815
167803
3929
112901
78411
3540
87951
90087
37029
26164
211598
70151
20055
73311
183681
5824
642504
106434
11280
9261
108901
22658
3414
234746
20125
51843
269046
101568
1084
3946
2841
2105
101705
656716
245293
105228
740
649025
2031
24445
3437
4741
90880
3853
11552
21243
281565
692167
8558
97260
212038
3976
1070219
104342
30322
6932
72420
175772
38321
111263
118398
172439
1073128
12257
57933
136589
77336
146924
660942
8898
104329
123306
7807
82334
38246
189054
1767
21067
19724
11834
20104
95743
182279
660221
118662
27543
11865
50487
32941
906
146802
108118
641837
84923
93364
4830
3842
21008
677912
350
21047
28942
22364
86605
772
93213
7487
81498
59610
219747
91449
696189
3948
75013
112150
6486
7518
98180
759077
86031
63453
4324
1014
122130
85280
5987
107683
60504
20270
4928
5035
59852
802
213776
3177
21302
3206
30288
118634
60148
90888
72592
16933
6956
93296
111520
36711
116540
176953
1048714
189786
1915
127234
36358
105754
2689
657988
123921
109983
6505
79801
170052
645526
117130
94052
17815
20806
25844
108490
645728
146492
55802
22816
20520
2683
19808
30256
19999
187293
420043
160
8110
78647
1246
10843
19462
647043
49721
20394
20358
1083014
30315
303724
83789
2975
18863
14182
90515
10589
10060
55114
172979
663745
23777
108459
1937
61712
89890
100881
24686
35331
662331
24420
31028
132990
33825
126250
21065
20106
96775
57856
23035
3015
640047
17404
252753
100779
131135
2739
170339
20201
637276
83490
4046
638610
167980
91777
4566
101790
645576
643183
133492
122053
33582
27947
160788
99790
37398
40156
12094
7841
4972
714928
65584
32542
20083
186759
23030
21064
1968
106080
118805
27558
23502
431481
21005
3479
3869
170992
643569
20522
21058
20160
640515
1071
20013
20643
123978
640046
106500
88533
20748
21226
645860
104504
644920
390
642667
647869
136945
175624
3899
3840
102389
8447
21271
57893
831
82945
114327
4634
645578
105741
303713
20735
85743
96948
60520
45267
24493
21447
222780
8217
5702
5874
20281
22892
3514
9389
1107
6704
234716
11919
4010
20266
2089
21102
100652
156
97138
2528
2834
59968
430850
95142
641843
8435
95749
4870
15976
300534
20350
26984
13737
259817
3500
3221
46
6529
94982
205538
96186
8154
636746
23669
1069343
101795
1837
8184
29679
30250
91402
237822
19821
9212
124590
513
104136
3152
181147
97465
85697
2487
110695
649225
30952
38806
101552
3120
141926
71090
143923
98193
106988
658214
12892
20636
2166
142609
10419
43921
209246
95533
150065
134049
20666
1294
97016
645507
419499
738706
79072
30917
269952
3660
77265
104131
62547
17152
90221
186466
57575
28945
1227
118626
63992
79870
6689
4194
176255
14484
638895
68307
18562
29971
14250
105662
105429
20879
252825
17416
649522
56388
73402
643765
20945
488413
75662
4421
38250
75093
39790
175697
130312
63605
206
27336
70233
4791
52318
111126
124435
66529
642718
97391
212745
7822
7709
167855
32009
125994
11913
107408
71885
23097
686421
24013
171090
21241
4958
290
20443
191995
266
76698
63979
939
95346
94489
131393
71634
79009
177362
91537
191650
20153
1631
28459
873
70061
660477
1202
5175
30948
2584
707803
9320
661142
30033
2497
19951
641848
101902
305466
4456
2763
11088
639999
108513
209690
6683
78025
94015
60076
271846
1252
4553
20710
216
106609
19371
42759
3363
21014
1935
1130
646139
96224
136843
90162
649536
5171
1461
16008
63675
88585
992
38343
97469
96204
77942
733484
5197
4688
77297
646774
880810
167640
1763
20168
661654
126853
2603
10402
125404
693714
93893
642770
4106
674420
105338
71131
6510
60499
17190
104908
998605
5472
1384
20257
149988
20439
95110
17238
59507
99641
10039
35765
862133
4393
29449
4139
175739
20081
637293
831136
1163
180605
118527
685773
22512
1011763
30107
211922
710975
639931
4989
3727
59969
31427
39546
143893
6094
97312
640820
57082
4653
1868
10542
4178
20941
146134
33595
99817
107558
63049
21114
5936
645807
71109
211515
78572
1101045
150064
83924
649552
27084
96268
2099
4881
27921
887
20674
71591
209
20796
78608
7182
3219
102103
642495
94019
842792
222206
94504
8870
8029
140019
234769
100760
72650
20255
38365
149240
496846
274921
642880
176101
657336
79210
1011640
4965
77
3691
265301
21693
1042088
82007
96154
63684
71173
764294
94660
5156
38585
38319
741791
254926
2686
1110376
170598
644679
141746
123281
278215
93636
621245
175710
668078
20758
107228
415425
660251
21131
657913
12933
9492
20457
123093
78342
150036
175622
167226
90874
188166
137766
287783
100924
643011
94465
656639
23816
14823
287959
3998
1011832
30113
20322
136261
71460
23742
100045
20204
6274
54
94238
30669
134981
91259
962893
972594
192022
155191
649251
67973
133563
6418
77468
189524
60061
95600
679090
94267
480825
660168
7805
1450
20442
92707
3394
44689
3573
106885
203
71224
1672
90483
1148
6277
1731
73378
61716
79745
60426
104554
96688
69531
92796
643442
664533
72682
106983
6622
60331
107899
33606
126104
175611
22898
155184
138054
62184
21338
155369
16421
647057
116906
7735
18028
238209
104542
48071
15763
5996
29136
94739
4562
1839
1118
122853
188441
90851
94348
95315
1236
106323
115939
79215
93523
616938
1819
81680
663849
87921
122929
701359
13600
22486
90995
391474
85926
3429
240395
3807
6386
740137
22190
36
23418
4258
77474
17456
684548
37616
2416
659787
67923
1865
3980
22362
10552
694827
92155
77260
673641
78271
4316
147182
179478
63923
1999
68186
457697
175751
167658
369202
110370
160876
69921
47647
182588
209868
4555
73917
686040
23314
92906
26595
20334
38496
11841
123134
175523
6018
37908
94924
713024
5671
264202
78034
155423
186533
4322
20405
138375
93553
665215
9211
107760
21304
131005
18858
167863
643030
267168
164664
94958
9465
6459
75027
1793
47076
20841
273643
3402
11882
4586
698119
660230
92938
60258
1101
391
20356
136961
128675
21344
199208
765202
2131
28904
110674
13449
21934
48603
26073
167326
2317
88076
104623
24064
42274
236094
192303
4238
57407
55143
4320
4885
174197
5862
95576
23001
63430
23659
646063
187171
633
92791
47918
660463
444254
93843
2227
643002
77714
18463
787702
20799
20529
649
110591
17821
20543
741573
20262
6331
15151
357530
771180
653564
27019
335
104102
11963
177414
171748
153258
79800
21
108504
3862
138511
202299
118876
75043
37454
66336
87294
641506
186521
25166
105951
100337
186545
239536
68011
82702
3748
671685
285863
31274
3740
6731
195579
684217
7141
770
92126
118656
110492
94914
29193
86657
17905
278200
6722
26479
6314
173183
98214
6067
18445
86340
346109
105960
71194
680363
9854
20868
173301
4124
21815
14784
157120
82837
20793
20167
210750
122880
20988
3553
104642
27647
144624
116368
38373
19943
23331
712536
270785
40088
266189
170048
20349
91372
151402
929
30341
644745
530
74689
641834
164218
643694
189260
29850
260605
234698
107098
63451
16616
20881
186571
345704
687100
115941
66374
4363
686696
177005
82623
118615
5086
115865
1040337
20241
128806
63732
105730
17292
105684
168800
1038170
200437
59934
104693
641835
110902
20414
153310
274
5826
4942
794695
59486
176578
75219
105467
12296
47714
213993
36354
24449
20558
116888
166646
20693
6410
97098
122843
162944
21286
68194
353905
77329
59836
60611
355471
110677
33654
76293
166763
27817
96056
2503
939679
30875
205421
314873
3192
99646
89804
214233
96983
3813
5451
152701
35393
9348
265284
118293
38017
143003
7718
13441
21143
1075315
93219
106532
38302
95132
114111
1507
67583
114443
143753
266712
75621
6279
111534
3597
195520
9867
252756
62522
159184
102661
226567
155529
110449
30854
38269
228061
677770
4973
726585
21263
104125
21233
28223
20423
93169
232773
307599
30192
126123
20335
101883
60608
108493
4739
91944
210992
21561
84350
106315
20788
1249
96115
29994
105477
67931
1032183
356924
21350
1836
3516
25988
709
678827
51268
8476
108431
15500
20235
156605
30637
180375
21627
96698
20933
76204
107716
20910
6964
29567
131309
642509
214299
88604
118789
19995
657606
5558
651183
45391
20546
662160
62754
186771
9804
75799
247474
9335
80239
85903
94298
91961
72409
21452
82113
2085
660345
39551
14029
645121
70405
93407
20800
226157
106181
4728
655630
486959
77812
3882
103425
595440
59597
118778
138595
96952
3923
701578
69931
2835
18841
20166
5093
20278
160678
30049
93596
6718
75324
2425
114326
644348
6779
171465
20290
12954
94026
1878
49688
29815
77720
47860
137316
234732
30967
33920
162664
95357
134129
73
90779
62498
175644
751972
447745
62760
28925
38314
148671
97028
1015
425796
58251
99484
17490
274826
175625
76785
29663
644345
7918
649130
966
188457
402
13574
245063
24739
197091
30022
30000
248393
27760
104320
804688
93241
69856
96729
220754
1010199
86093
6514
889
116678
220477
5181
657450
33662
228115
223033
21199
265275
14436
37344
130557
175130
694116
2722
5701
136926
267786
320560
138727
50773
104921
266855
643836
637244
6448
136716
644796
21116
73259
640510
1013727
1068
323006
170715
618448
4225
191305
20058
884
72525
991893
715615
95355
642647
95340
83557
7904
20145
88678
4775
31781
82131
27890
84193
3403
95461
164600
215078
179775
684437
640781
663229
1119714
59963
8927
1038038
20370
73200
126141
78636
208273
63471
1069947
116592
112362
174423
419378
124614
95344
224664
95681
21709
147407
805
186239
20605
703961
3197
63030
4229
42043
993075
77684
2302
20610
58778
208898
1076285
79243
5205
798665
21212
157833
188447
527
53653
20981
33326
195841
51827
10668
2870
77989
886
21124
20311
35560
111927
137989
17724
141854
39827
1049
93307
199478
5457
24403
63674
79102
473456
228728
2095
86430
4925
172078
23850
20144
662194
52758
2622
64054
90845
127837
30286
1530
4188
645679
75060
21781
126976
38453
46613
1842
133824
113779
196459
92192
643337
35447
212189
1664
642745
674
660454
657640
95734
40330
326699
8209
7818
30395
642738
13696
514
6487
6815
146333
82049
5798
33646
11191
36618
8099
36597
77615
1046
166021
513169
186
1060918
94753
167905
155432
661458
95785
7193
82009
849
37352
662526
104167
661420
6180
263711
7256
2837
71148
263089
132759
106804
118759
73272
1006489
155521
807
80298
147532
20317
20851
21144
21018
65478
219915
7376
1024240
650993
158434
8839
649214
6415
83756
28971
343346
19620
30444
653
9416
789001
71
1069
954
29732
82340
33783
222724
106499
4860
222200
21441
62844
73092
101856
93549
30180
17825
73305
26662
206548
195331
5394
232018
94523
175726
38355
42257
122507
30301
178526
23007
11831
20194
210690
123462
126741
1667
663582
63544
10831
2563
11853
22747
2114
30134
320049
117132
162138
21273
2433
793
712128
104365
8549
117314
4817
25152
364508
77262
147637
11632
119778
33015
668740
186383
20916
95789
645869
106418
20709
84996
95872
44370
1930
1251
62571
9291
8362
59979
122493
6479
84920
3061
101845
638624
671643
24778
157106
20273
3388
1018614
6465
150063
134924
4935
164
211274
69754
642787
20935
640524
20939
662634
31434
195384
3736
106688
21725
20206
29601
23129
8665
342060
821
661951
30053
376276
14305
678965
113
644688
226602
406019
85315
63945
11942
714496
30815
