164658
72653
130566
94199
1998
9951
204925
5444
105141
109924
678217
96085
106319
59589
643143
143850
43850
65323
664092
433059
144298
100449
14415
711939
190453
900423
20510
719
22161
1440
82040
15083
74619
657346
11905
179047
92375
11839
9349
9161
192023
153839
320729
124787
69487
771798
2939
3200
638828
92783
91405
2690
218549
2721
643553
674264
20762
105424
639569
77743
11458
645727
354470
5620
208773
92289
133982
735382
2312
38393
208142
91358
24387
96175
11866
643278
204918
215547
146246
343746
287364
3371
663104
336847
126401
178233
26753
5010
105839
94014
106477
106812
97344
43964
93960
79808
38845
17310
668245
643441
83799
698500
703
177792
205570
323490
108477
142361
276639
62252
77785
59022
105821
65062
25878
4893
28000
675463
111706
59568
298236
20658
105564
162637
5753
644785
94891
143691
110512
191793
1009898
55708
94453
191193
1585
22573
25098
678373
89734
16889
204490
255794
176884
8644
30708
94151
123221
6545
93052
3515
104130
64953
104322
6453
642498
3742
12189
177456
654482
78290
76790
142379
643049
1027298
115873
92106
188333
62130
686878
1091164
91282
31046
37238
1059772
137361
7651
11768
176415
997
5636
61438
81826
658187
4016
216328
645
4993
268336
727308
107421
130747
1704
78602
8044
244010
115944
92627
131902
63977
93448
19882
1351
31753
231853
8952
319618
1715
115656
222648
77861
257653
31451
358022
112534
172207
243725
13872
122513
8521
32888
657644
36410
96551
9940
37036
104640
98035
137227
408571
798581
12729
69843
67440
2815
131740
116525
72338
645868
640805
662437
1141
12940
181782
373809
129643
107905
111185
7294
43935
1787
1248
644645
9411
19989
4422
655644
37284
195974
59894
180620
810
1822
77502
23947
101667
132645
96350
38126
266862
1027595
105434
72547
133009
75697
594235
677972
134122
413437
62850
13664
77482
107011
85686
3330
158820
101668
33800
6717
276426
93835
209533
72553
78080
930507
92921
223296
174444
71069
40116
529
404
181381
52428
44181
135193
95768
688956
17252
76119
79071
702512
704
3008
6740
170359
160416
19957
104795
104432
116945
29583
192249
39922
106986
93371
9893
266520
1160
179221
92730
110871
698527
660229
2539
37619
66016
1997
948460
9798
3671
165328
36741
107900
182675
783620
74664
130311
40510
4814
97309
63416
30893
47780
301390
70587
189786
78604
178744
102766
37781
272441
20458
37948
108301
308757
274243
46159
17435
158965
1064327
21041
885875
1007581
143765
94346
119584
117715
62006
178839
114465
243555
29522
234331
37290
92521
14702
236770
355204
94720
11175
151092
27184
6319
977507
137469
5955
102456
77322
7416
17920
133826
171927
21087
100036
172994
4117
266510
179904
131086
642305
827179
59832
156605
108319
93315
149742
94321
211888
169523
102315
223396
4565
676064
108526
109283
24810
678888
173371
157664
9258
131152
97528
1057061
18918
94164
223624
40121
191266
339272
75059
92841
178707
220918
20435
12519
17959
188460
63537
22022
55797
105080
185311
60872
31937
97017
81533
268782
110420
486
144204
12056
172143
368504
109608
106869
63484
641825
206714
37337
95877
319604
139459
149338
73270
3554
20623
236583
88620
104537
22456
37996
31686
251369
33618
81887
26087
646046
69977
75026
3563
341327
4248
59901
146168
20661
112199
77308
94248
146021
84168
192010
293903
884279
24109
5719
22602
110776
5978
182821
214288
109874
27302
63800
59417
82084
3526
33037
87405
234436
280059
105951
54859
110909
706617
1363
95738
204202
422151
704665
63427
93728
465
25562
78589
33705
47510
1448
15223
204229
175415
30827
104848
25550
12564
5201
661224
20946
71092
118717
38868
104431
390443
5447
7803
11321
94097
693745
370284
33593
78606
2846
678235
125768
7099
28050
2228
86331
172874
919
20783
263741
640494
642273
106447
209115
726015
2819
92941
934045
89878
77817
825
105
37177
165474
4986
47613
173252
151231
768258
120069
744460
3784
3463
96516
17275
21451
173193
140345
28880
715450
13804
20049
646966
138517
23357
78451
94888
360505
111318
89277
94664
643161
3790
95436
2348
176637
104202
3645
17378
95569
643213
61390
681378
48598
38516
74031
77917
64031
63399
180634
537995
185302
91734
137265
153603
1273
137058
1983
30043
93937
1504
212051
94989
648396
657978
8874
31282
35382
354308
646255
21327
656706
677744
731702
31275
677713
102805
228009
16577
415700
92940
811479
642503
38396
161026
1010223
124902
211689
255323
172173
17849
645987
268249
107006
126795
136179
33677
348
58738
89680
20597
343701
20524
106857
253089
660326
106519
64823
15648
4254
9356
118596
195547
26852
658219
17172
178643
104228
106140
153702
1115788
644774
518634
62613
20601
107261
27976
4009
60950
59675
6819
7634
10066
210303
26865
1097638
8216
91673
78064
238137
143955
226650
31762
672568
637535
7574
14254
92639
676925
297400
93823
92029
85812
9017
187
20395
92262
644735
72463
100762
63848
25856
118760
692911
177726
21208
105395
175633
89636
21466
11061
20733
112737
14438
242160
230584
172741
637667
96119
105980
6761
663327
20284
1897
22422
209449
272343
276247
647863
647296
131659
106356
89690
661987
790999
198457
93539
135669
15535
122810
167715
982757
21256
188443
787758
60985
88254
20928
5037
43734
642763
181176
1112
147885
8647
640822
693476
167985
146620
94823
229897
88733
72477
8592
165856
5137
115889
106248
145300
198424
661615
294615
3685
218244
86058
63969
2982
106318
21161
110002
77370
30420
97030
87961
181787
23151
189212
69888
58922
14605
107906
9849
136494
124057
280407
210207
4886
20320
108462
91488
5818
96977
20287
357861
107324
85846
223390
11884
75783
30525
4782
2123
1070219
228061
18136
72724
78058
1095759
109297
96677
180720
73153
79554
5100
175519
93444
78057
171691
3656
20965
101574
178126
252938
72529
153703
80059
66341
36341
29146
270044
107322
21026
71187
283999
227111
8607
20132
643218
93369
78504
229855
105691
2772
9181
140013
49404
83102
214989
17762
22210
177013
259280
382374
50966
532237
204161
662426
616
23172
72512
1103
10571
172774
231523
678481
686174
70012
164262
203595
105884
12535
772589
642733
272843
79006
687853
644972
676602
237860
33510
3375
989
121851
307543
76595
51829
79984
94695
51255
59980
1012889
91915
20612
118868
12058
107325
16631
101267
3811
104386
77875
172921
21393
648763
39889
5423
231675
21248
29136
59853
46940
662400
395866
56861
10155
126137
20011
4926
515983
13697
211003
217865
5060
21935
17317
22406
5501
37358
106184
6385
62178
252157
125619
104415
177666
139234
30325
3005
21085
357993
104535
177039
132961
80082
137835
114337
226816
93557
88506
382335
642539
210196
126302
123815
272492
163025
8682
21245
643719
10070
63930
108274
25882
20732
5673
649373
197770
20135
14337
126636
5000
124839
187438
265498
78649
116368
76615
105719
642838
664169
24405
51967
12165
123932
2796
158807
111766
25397
7885
146842
1017481
210089
1007432
5608
215174
4372
352757
264460
10314
152719
85056
16919
95829
22828
89841
27487
96011
254929
85007
694063
95308
339942
13314
92572
107727
609611
58902
38460
106301
56575
143801
695200
44204
22727
95577
646691
252627
135771
77351
210617
25524
240741
158102
6526
196268
175804
15152
366
24666
26903
104622
9368
95407
90997
33592
175670
20502
30480
214451
276291
101180
5463
169
412266
6325
31298
1834
78135
695814
12574
101679
14638
25004
138898
110157
662970
175226
52855
77314
106950
100168
661099
42184
166717
47423
408752
151064
178776
106106
20336
78594
107427
4727
146968
36547
221413
36005
20251
208974
111352
8313
110194
63905
70059
649604
246291
199355
26989
20432
641675
235246
6312
106432
77935
31965
257097
7970
10156
2044
100795
16164
1780
77952
58622
100184
757789
186545
93513
110668
226683
135469
25099
67934
489943
2088
88374
251028
94579
8856
745847
395994
74308
661204
106237
1059
102391
81568
650815
59959
110373
90889
20376
10277
122864
20590
247403
79272
108439
421249
429917
30887
5466
92274
141963
96424
105977
210106
23239
101639
640046
636948
106990
689813
130733
60160
1362
4177
162040
78014
375
24499
96401
5794
1073333
98874
79860
94452
642719
81705
662416
86981
4020
875371
141929
205783
365710
33764
3438
3900
103448
126937
1967
645676
81330
413702
37063
73386
61867
697819
93784
7146
773752
122483
33612
23818
680020
385308
52939
226563
644678
994762
135736
4353
9004
689099
64091
30604
662155
593582
21695
87810
3459
29945
1037245
707228
667551
106496
108617
23803
413179
22522
83630
1239
3696
28935
106648
188168
106534
37057
177001
303768
222688
96030
7494
120044
97112
699563
87942
692807
341049
95059
9083
655964
11484
706213
1023722
5509
81849
108352
78632
51688
16129
112559
106406
228922
153644
2147
29140
25430
164256
1055450
96710
26850
18086
656425
22498
106325
30234
118617
303196
84974
20631
406778
244135
67795
79800
128992
1117936
992178
336787
25157
62524
143658
5518
307648
301
6986
236344
133196
643138
4153
114464
72197
117859
106620
5838
20310
648562
5570
101699
6694
143935
123405
159118
73217
35896
153558
21280
648784
661498
78308
251579
90666
245846
105663
21565
4480
103914
16033
105956
177684
646711
122736
89752
232781
4257
96522
112236
22675
63411
686693
8859
823
3708
78259
63819
20071
75020
30833
197789
4244
91336
92011
672060
6999
170604
77237
178473
168179
1010925
108331
800857
82318
19792
21468
234956
30357
686106
212874
187164
1038914
20060
63349
95673
26377
197526
7690
147532
642549
222814
4887
278217
15611
116509
17283
93299
238776
68010
33554
183844
122891
649205
9091
38292
19573
266884
376
59953
43463
150510
17263
20962
196053
133955
2506
248508
197140
18505
38466
46015
349340
741230
33455
38965
6375
80139
357976
677719
122218
27655
26073
553603
2741
2605
7910
390630
62653
695217
107998
126494
88869
221733
3427
183419
741974
17127
666131
658706
33698
236963
106295
3777
1243
59608
17396
122680
847
285983
491917
21594
201435
264193
77860
257216
1179
172132
66332
645595
73091
38290
92031
201843
11900
69869
209985
13593
124956
111080
177006
6569
5048
178266
1107723
352776
122109
20392
125034
44029
78476
7843
175690
20365
105978
3651
210701
145010
8573
115304
51906
677561
20134
557531
707803
84872
86320
74794
5234
107509
850661
62269
162628
169952
187612
20051
671991
230013
481204
646661
95480
105206
20243
136156
160843
85351
85897
18008
6328
736561
42086
640826
4515
137688
228559
104132
19996
158390
32539
109896
109670
20491
2733
102285
11996
4770
98143
100260
21615
125383
99674
188555
23991
21439
21257
662419
660573
706086
95465
15716
215572
60497
218232
5851
72983
104532
166328
92300
73384
586
202916
81757
248942
63454
47574
112328
228883
1030950
116400
18624
795991
21131
35986
2706
21231
29082
6147
93477
140202
219126
767245
645688
77926
13503
77254
23631
104334
18840
95418
182928
75007
59377
17685
6728
48423
18846
43115
25114
215270
93841
7789
29994
7603
408044
23718
22755
167746
110816
93834
8698
109776
114437
360916
4725
223225
222764
8394
662257
211909
43604
466894
60136
648307
196295
107289
90978
508339
645647
89760
212220
1073497
105967
27580
278945
38412
71240
121518
85675
237869
88863
32659
9573
122660
645845
21293
69964
658438
38324
93298
247752
11803
55790
105645
49978
6555
98768
222748
78024
179792
22647
256
265281
236232
94636
176921
110283
1081614
8141
216686
27179
106959
686027
94343
89477
707836
54528
122673
95049
435225
94543
21706
93061
2097
96717
226689
1247
701317
96930
226703
390702
93310
37954
78776
28998
1010562
94047
117398
93232
141075
644543
851212
94255
677876
155685
414366
226609
219095
149767
156516
51226
168363
441
679482
666953
681392
640631
110863
28044
177926
104237
11931
232782
4729
864116
8113
38394
172082
107501
101237
410393
46438
699033
25480
63116
1032868
315154
193008
74817
191513
519165
20090
114657
642770
237855
1007433
133752
4203
3080
698609
373320
106302
174838
104936
69807
434141
106280
11852
690122
104564
101181
108546
732340
4110
176854
691814
233458
90534
170017
161030
11050
184314
671653
101771
5550
11466
658362
225634
11804
24860
14716
670966
143302
34778
60161
78601
63414
23139
5446
393272
657257
20018
85963
9366
109470
6736
88958
13881
170384
37037
21285
86295
371936
110103
174591
1080031
220964
136731
116986
45913
69527
33684
26934
21194
1185
95675
690705
174590
77306
94338
190610
107015
60435
676892
11420
124461
110948
166664
26030
174556
375774
78865
14246
135179
106181
695276
21450
172974
96996
220981
31339
32553
15353
6662
71455
27652
9104
272279
657253
157294
136911
27690
70613
83626
94000
2552
93936
216238
2781
38128
7765
88574
11879
11294
180165
678943
96928
704111
175865
228741
177803
27511
266639
14146
141900
69833
672136
279562
82149
679729
21165
85493
104540
71210
179443
38391
59838
112168
51269
928
111474
156542
18288
109929
11005
100838
37194
82461
82098
277167
20921
9398
91958
4966
123991
138378
104886
2277
55958
646478
11809
234523
205215
20968
193673
1047793
13145
5366
255075
6284
20570
106890
57994
85658
16859
90046
435354
246102
89839
36544
33135
93284
252153
111606
92239
92066
196364
663315
122126
4440
166252
135816
19735
663030
68193
32394
167619
8720
138508
17270
660101
96407
511098
671359
417779
33279
62172
7200
106556
27304
20075
2407
30705
63387
175824
646083
137958
161611
78577
4174
38556
94710
20737
248262
385722
163354
2055
158983
91411
28433
5888
66217
276034
11450
7700
117913
227195
38453
88187
21137
36668
226627
658001
402251
224751
179448
13417
2850
84539
108886
135693
35720
94853
1023269
20459
672336
644890
694264
4806
153311
62575
35439
644424
7826
17956
645607
96308
2313
94932
126106
197780
229046
95345
39072
159543
60585
1015192
11851
122057
6685
80439
167731
40488
24514
3234
107312
9331
272436
100325
247952
315837
108975
33620
48981
199490
104301
132726
863057
645618
427230
114803
189386
89461
155431
161863
4783
20178
126527
17290
2020
759097
62843
176263
21328
78241
133991
690479
116556
111223
3520
266501
2641
107331
649513
20938
9628
4141
3546
96165
5538
107075
25535
469441
643011
106513
111005
87386
87124
490636
20865
10525
3461
14795
425898
117966
1073480
316823
82142
106239
188595
675628
91977
173240
155830
173055
166865
175595
185391
229990
2761
642998
221503
2117
167585
88689
51072
109362
7875
177875
648308
243177
1642
7347
109729
97354
694300
14724
25138
121177
106180
31027
157657
17125
100226
88534
790606
16236
311747
693222
71204
158582
38497
43065
96419
95602
640379
340878
8879
273421
402817
56223
356533
208668
7710
109060
63568
126291
146343
106146
95316
6488
417869
72476
12979
19856
160264
238189
665765
68027
1020
1886
833
60955
106064
78603
63640
47643
905
48865
22297
47136
175725
155181
5091
93532
186620
59605
78607
22626
189348
681171
229739
110393
77294
31285
392724
25926
195544
923232
639869
202993
14820
661448
177809
126134
78352
242407
672611
37594
25420
93827
173117
305466
107977
20937
886197
196373
1126683
68023
71045
523696
18249
699729
9026
186538
79558
197919
4843
885
2757
642628
78262
37595
163664
18683
2208
186714
14074
223415
93372
22746
82088
660235
9337
21321
150433
26958
59691
679131
642631
934589
29907
104266
106576
31287
138037
886809
105659
23888
27908
57914
672137
134075
9015
152094
13331
20420
4399
96686
197480
20185
170097
180391
278203
20632
106200
189864
70570
592
7943
11952
89564
61517
37492
94225
60874
184155
9552
200788
110083
96084
648552
59935
168401
20781
21251
97186
74773
49688
18850
29230
29728
64013
88680
2081
96492
8448
926917
65479
177057
93404
75572
89732
22724
108519
643385
29574
181324
77433
28021
150175
211537
104842
30038
1850
95825
63198
22583
78630
188458
37222
94634
43467
210060
39731
80107
74718
84601
23022
101675
13644
72660
93713
153987
30024
117428
51780
44599
810141
166656
155494
578661
95128
33690
95491
92837
419
218826
645690
953426
287958
93552
90
18465
19845
108062
659991
107566
1084106
658111
115208
241774
70982
19887
1071508
106592
81540
106247
221470
66418
82306
94043
101824
135486
712124
72528
812521
106735
12258
92575
4834
231081
622595
662000
195556
1014555
154075
486995
106086
30080
213851
17386
72434
99033
78486
35473
46465
108392
4621
8587
2161
243303
201449
974212
14230
213206
115796
112773
94207
3046
97055
92359
713685
8689
57863
656697
139418
516
479
642097
228709
22590
9854
20400
2576
648375
14258
28960
37585
53414
694078
585
64107
63838
21325
85228
596182
179134
21337
74741
133828
1021248
6536
175662
162232
135626
143001
75011
63765
93297
143837
643473
94206
96534
645629
20111
12306
219035
96094
3267
10699
33752
1006176
93965
12682
235458
73005
175821
178417
128792
27053
1783
10397
20555
643505
645633
121179
661611
85718
14737
100489
546953
59834
94797
222850
79695
107282
640399
138061
692724
103059
3996
997113
109003
58786
22064
638919
133992
91386
85490
106264
10680
186685
275287
77421
73355
436432
661996
218190
189346
641013
80157
330463
46049
73206
644784
26586
421223
360013
137824
20721
104114
828346
71245
114385
88210
640300
649602
145729
4541
28523
645472
179805
373537
21341
665596
65170
28509
139379
145985
96681
57840
74868
27034
651719
4368
703034
78878
218240
1071228
100270
209924
92801
88013
44890
4979
104347
20932
6440
74674
1114322
765244
4484
276566
764403
956
135095
24794
6457
41832
754897
266943
78474
61454
705495
2564
7475
22142
1275
38303
213423
419356
129361
206614
1708
85609
106105
642351
214210
5273
168749
115098
167759
11945
673679
881946
20025
78550
96413
54787
442856
100771
13657
9162
114422
642547
4816
106354
374671
3156
210703
106481
207979
98213
13955
96550
10238
686561
663229
105822
30169
84913
97094
473456
167931
159823
227306
63885
20980
16930
16659
114426
400956
26624
97106
142358
72614
464971
1025810
105299
38483
995807
11111
101656
172340
105877
16515
883538
809365
1510
71624
657886
47770
91582
4495
124908
97119
534360
92596
43356
11854
123
726
29447
179656
65842
95814
21877
170452
1109067
351754
201448
827661
90976
94531
94202
51211
657592
125298
660508
240882
29584
28026
100159
106143
68065
371279
4873
93804
1030432
112322
1090082
2118
110911
84619
609633
234731
117181
147096
660280
71153
222918
398246
208543
85645
151246
62517
65594
93857
8458
686984
148374
220362
310915
47506
127697
77269
30153
100129
642689
62545
154395
66391
22962
665258
11240
63668
77894
107492
106689
51832
104630
63673
672463
78581
644178
360157
62752
167694
109555
228056
1043838
83915
349366
398546
640503
151069
87093
64619
17301
37906
29827
98214
98098
166655
37705
21522
439833
6540
79055
160
276944
96706
260161
21470
310
110561
21640
125564
88682
33132
777229
123869
29149
197775
272498
17321
3162
660273
1587
1335
110027
107285
907684
173046
67767
2719
8000
175975
644314
650076
59611
108809
67926
74707
20169
144288
21950
20900
101882
2267
30225
14896
17137
254066
726524
241905
24312
20619
88649
490021
77414
211556
197237
99650
21268
8177
37487
189328
80308
7730
775072
55879
2670
150695
636798
6633
172993
154600
640921
104007
1102663
110043
240956
62
229130
1809
179250
115924
176196
17223
78059
20479
15352
138504
21305
228277
11523
21299
30953
160270
20362
109935
21963
128239
114879
85575
94759
126016
30242
64132
686037
142946
202530
101721
2844
20898
91041
17640
3492
160825
250183
645643
105576
228115
51733
94089
132676
88965
22989
677777
104350
657603
16598
187413
78557
19381
116977
209997
84514
122526
639925
89943
54830
81596
170560
256562
72524
43926
206753
7962
123251
105773
258509
4711
37653
2613
271379
642501
106479
1538
660218
82153
30231
156802
29238
21599
6474
646648
20096
84628
160592
656704
44979
54503
104956
24434
213167
2511
189675
7159
983371
17010
2925
12939
14483
30977
20971
37054
657449
640768
760118
211375
210982
63378
11747
932
657594
136653
10053
33930
158196
101552
30175
21324
95064
181644
19722
188124
258733
58661
78420
326941
18523
277199
217571
273535
11023
90561
6638
125584
105059
131799
8477
83377
38627
4851
113647
63827
11939
734791
32031
9284
77760
30930
32978
69876
107567
23858
1024377
247947
116552
9377
78263
1901
112520
800
106278
122147
1118125
230016
103449
777965
20126
190159
178788
3618
229911
23240
27267
122702
220009
918
75044
21222
57071
4263
181140
157679
21239
27138
66342
69774
6551
4880
186762
4034
55594
95176
368933
14433
116326
3709
12313
134967
166594
82420
493406
38305
54026
658371
3493
58653
4216
656031
134156
3404
474162
21180
15640
4757
37068
33718
106451
71179
138003
413964
303834
230634
398662
13666
4771
267786
106015
16868
28777
69586
94335
234736
674207
86116
21013
94331
36423
207111
21374
37609
177828
80310
102416
6068
72519
77346
75076
32166
196
223770
30799
4007
265308
133902
106545
20231
8202
714304
142836
37268
13491
236869
133766
248437
643462
47611
1456
223123
91929
155522
765567
30374
85746
167826
694399
1831
4833
108363
11940
4807
20052
651013
21868
284602
3950
16493
114674
657599
6674
15813
142813
226566
116467
44543
84775
1010351
222362
1012808
80821
29825
8617
95252
67344
935
102032
44470
30267
167847
441510
113913
17380
33625
207411
36700
104037
9478
85780
106962
4778
70134
313172
264198
20996
137508
63440
210988
350073
160740
107309
22952
10
60922
107262
28179
734445
27635
179783
497722
1862
104434
178978
71191
732815
87892
17035
79606
1009453
176623
341640
107255
38492
248544
22014
251370
270596
96524
2349
434409
20992
82453
97346
20747
265358
48862
665484
64016
1803
21183
48616
30489
107786
11267
174769
151506
118773
28148
2076
18480
676141
660325
106349
87906
6395
803850
47070
167321
77473
166663
44016
640328
7882
48731
95060
1020476
136941
95446
104900
83686
9873
642771
94327
83812
5486
18887
69879
60438
678398
2153
129349
39563
62839
15558
4191
5872
69787
20989
260165
2569
10945
178505
9343
108334
94735
22524
40844
765562
710072
162223
231145
114837
229987
87220
63382
15533
212680
62824
276423
214143
97085
46074
95458
175819
104629
672271
18118
8161
234756
3909
88677
8579
122936
4828
116617
223034
5147
641834
104996
3456
88437
638922
2707
107303
60254
11127
16244
135837
61507
35709
93377
53319
109390
29525
222339
25754
6539
489992
137978
123923
141697
96529
22003
45528
93502
97139
183752
53723
807655
5858
110242
142883
63331
140621
111688
8969
60345
129495
57374
109111
63672
9239
178161
1092526
422885
9900
3154
17053
643041
118747
108388
112262
77457
4753
1706
180729
931
5468
21012
8696
165783
33626
33575
347120
163405
414715
45005
13821
884110
28016
6473
85978
1528
226289
193733
72754
102797
108626
137630
209277
96921
790701
141451
395029
20426
690
47563
95655
18824
100179
60227
23953
195779
208449
37156
132251
108206
22267
1019760
275796
92787
1034182
70969
18013
59916
1379
1056371
789
108437
14352
219566
23318
328605
21297
26575
84762
108549
212022
190140
39473
6048
104325
671554
19883
22367
97417
63316
74803
642979
646634
758354
642683
2628
137988
274005
699491
200771
82157
108109
10678
58391
4949
44076
38173
77789
229906
63615
102636
77981
121578
208782
234165
18552
7919
51046
26940
167570
104675
646297
148509
38264
21960
412738
2363
50170
45155
20232
546448
125094
172490
11849
84144
219546
147606
420900
1089187
9121
24163
18286
664344
178529
94121
104231
33129
60964
104919
220218
658387
640353
68021
337884
47822
252043
313757
252918
8686
235178
4242
69816
30248
4863
37197
106040
92238
106505
2526
3191
660216
5095
125060
136721
71221
228491
118489
3730
105973
115903
116542
251985
191259
637220
94414
1707
645134
678985
21020
176917
38346
122825
108714
101486
21559
71640
371165
18925
62819
159793
287158
122667
30933
94930
235227
134092
77603
14644
43395
1933
151080
7085
74808
38337
73256
52122
175812
115639
20832
182188
17364
2632
77501
8516
111057
179
66436
115761
281906
91172
92310
29202
20012
47523
175644
82488
80282
728304
68056
138367
31889
118507
238058
37305
69766
23072
4308
138974
638930
63585
677981
219990
110588
11795
102754
13004
30813
7109
59521
126085
69798
122709
127803
90482
49406
715613
11855
20954
916794
1036670
10229
7799
105802
25909
81495
96564
64567
234664
67902
1175
342468
1490
4305
660265
63455
38108
12097
649217
125994
63481
305
42336
48828
33600
117088
673305
13974
78625
105533
91476
13941
81880
118714
63426
2891
2450
5172
222550
20568
6079
22820
249599
767237
96239
20363
192967
92552
94354
79160
179378
690504
39048
12825
677793
16475
133257
89726
713546
44005
1047914
94631
158572
110209
73373
116447
60213
1539
153840
201935
38217
38291
71212
75490
656651
79689
66338
106008
668255
140501
92087
94705
5960
1038962
38374
96549
717188
16099
113789
7733
644830
21224
29779
75097
9997
238605
21040
145652
94267
166772
645621
160870
22364
638790
38555
9840
20525
29491
73191
3231
491890
1114269
230682
74672
60411
94506
21965
12659
126287
234631
200920
241451
10634
72597
212408
232953
109799
43681
49088
67210
3673
10366
88588
91316
49800
79194
272045
87658
138111
3480
126909
114454
176613
327793
218886
7856
96188
642475
280740
195135
210376
167957
660965
186576
226626
403668
53412
642556
252041
510
93140
642098
134094
23497
271068
208966
1791
235118
3450
92009
51752
1785
865
642671
203157
176991
6176
22424
21093
58517
11921
85148
21068
178423
19132
130945
61595
103881
713508
160275
24896
25930
107379
245429
130353
212442
20569
1122517
105539
802056
80906
111501
1366
64357
118502
20575
225104
51640
193148
188180
187591
679779
758957
38416
62567
57738
8514
647070
28921
20637
88575
643177
104318
153293
95216
169694
11108
270935
21912
64083
5532
21045
643033
24977
110918
9508
33869
122759
9145
11219
110838
212428
71138
268936
80488
660227
4903
73440
167928
114921
45957
77278
9202
93694
110291
2572
103256
20110
177293
58730
693186
116547
102261
97235
107097
3410
38467
914508
105702
26197
163849
88736
85286
105775
127747
650311
695819
178513
6651
133095
53573
21024
95454
95860
128320
107274
90860
1256
6824
307559
66350
383929
100658
241897
111634
20877
262006
26425
20639
17670
78730
105483
23252
60243
6654
20319
126340
7080
105841
20902
631101
87943
84961
60260
41579
7181
167289
657614
23298
49425
649226
9383
211585
33380
245324
20585
74770
2489
1010001
79637
62992
1064919
24770
235877
60068
24026
118853
222551
62501
94944
93585
639921
168057
20885
93337
165421
707786
88960
105876
80015
88797
12710
108942
587114
644650
330382
1011660
8335
5931
51840
410411
155969
77979
740455
33849
154663
22745
36701
1218
131024
20786
658318
55095
774606
695795
223576
1003
104373
654864
126732
134076
721
94259
731412
222798
196468
267092
2779
118585
100146
187380
106279
167304
109988
20878
532045
96571
1020953
314229
75017
92764
27881
899
6485
79057
105735
164427
737767
81843
217580
106166
38367
112587
77250
665457
93864
95348
681946
1092
287957
7292
54680
2226
8050
8495
69222
748336
3161
93203
28137
21277
193209
227806
60236
51830
13121
76808
167247
78357
20020
112242
109336
140612
26438
30131
105752
8167
11796
115882
30345
269943
14198
445305
184029
95167
4049
96970
28072
71118
167833
52201
31415
95175
431818
13053
103270
77784
209534
78107
62744
54813
170484
1000950
136329
92541
77593
103451
110672
107718
177877
27329
134919
20827
1813
4803
133141
234683
329077
644814
116693
246752
7895
647067
20393
107913
22831
64055
189380
312340
41815
175751
44252
45154
163913
647750
107288
60358
362
118685
88471
4235
264479
6521
21196
24310
63896
9704
64093
115880
227978
226916
1985
435394
68272
188368
87941
106257
28923
278931
105575
1041808
15863
77295
152032
60490
72716
657332
8319
445123
13938
78502
83878
5434
885857
21214
134044
245339
73060
79232
649853
65290
680651
279278
5795
70413
78236
678344
93478
732985
445263
108351
24391
29280
657333
143559
21206
6953
82636
82022
3063
793643
61500
265289
118639
7577
124702
89579
94986
67741
410418
644157
78539
47659
349201
36553
71233
18147
100124
119041
100799
122676
94718
155872
304446
28895
202082
638632
15365
71218
78613
67890
660501
646332
637260
205307
84835
698537
38559
25520
1085020
170877
4756
70149
21382
178717
60344
3901
284778
643508
969462
695570
94508
13363
78779
103871
106351
3638
186459
464355
3677
24904
10866
197040
17933
639979
87627
31884
21349
137963
80678
23466
126094
117556
686388
14567
377962
177405
13876
37590
101039
86564
94210
289417
82462
20875
30285
51892
42308
2389
687
647058
196306
77299
4144
187600
400792
247662
153145
1044940
92760
116944
238929
93013
94024
63531
37952
33569
4208
137296
100678
82165
21112
646651
13340
27659
97369
101611
106579
29675
637510
435583
109509
38472
60035
105045
27849
5024
101760
657377
58
642536
328166
403181
143896
150567
90498
166746
93293
18426
1880
272388
73246
11193
58166
21430
100717
139469
60204
79572
125074
21072
9177
93796
9954
320090
222843
39208
3017
171117
110501
6432
6137
678502
125251
5422
651195
108541
8085
110068
79813
24033
69866
73108
20149
127852
643151
37379
134088
103921
646
14153
108472
21660
2196
43299
22788
87867
12400
1114267
133565
12257
92610
105386
110101
21167
130577
644115
71174
27890
93741
87231
441922
1005208
151086
20193
46525
37357
1580
54390
329344
222817
89831
273423
116883
35451
1062526
51082
308174
3744
191273
78409
288045
1064749
178450
38463
64137
426358
102937
35377
1021162
658204
81517
24803
130248
79964
92523
21408
94967
23933
131586
71267
122910
7559
109918
137292
640973
657920
39748
118794
106009
662408
212291
135400
261464
139152
6492
6594
123980
107882
91912
176096
114470
145259
25034
44723
231364
111960
709273
89791
235739
117888
311869
883683
36654
224104
157456
94326
91775
133536
32502
229829
167252
181871
2787
716979
642969
89800
29139
12472
4272
8727
272828
166730
65741
93870
640006
215317
2658
642794
642861
20130
221327
696040
122761
3211
74713
658509
672370
649093
88949
16060
234783
722
62615
95156
26781
97993
2318
49641
20990
66064
684289
37242
222375
683476
117409
21567
96243
184195
87875
160855
94518
558
649256
57911
62668
125296
224164
455381
131394
96060
687701
87029
38372
649939
676496
165515
2673
272783
89788
104541
240082
282574
1210
95026
107902
218918
96404
27320
248684
660089
155373
646670
6277
309790
672595
112188
208767
186442
661223
17790
93662
113833
347160
73303
169718
202884
125371
37012
38317
3457
12019
50561
1330
1069968
36432
56589
6075
32736
150498
78402
30264
17144
201344
1513
37334
102460
102915
16698
40707
4799
130010
453823
63635
49642
17173
173118
75001
266718
126122
86571
43570
20129
240246
217426
22888
156456
3695
35522
11418
58152
41771
139436
676740
22639
2286
14019
228830
431397
184175
231428
16431
2999
101707
104407
130488
189922
1847
1063971
1332
640955
18110
91597
20912
20163
3870
64012
105664
1845
4534
672534
20147
177867
33577
284609
28617
276496
95654
102522
255
16804
118537
11472
100033
155328
174808
307034
107910
221686
4909
79224
72937
107672
28916
104133
687221
82132
43007
134323
26887
105070
1778
685352
301448
175688
11899
11960
108318
286976
1494
96567
642753
4617
628971
83558
63986
362852
100155
96569
25118
124432
89586
727112
105797
93183
170698
47049
20116
643274
643585
107895
91995
37463
92999
150819
5469
21033
274786
64740
656084
303591
676936
176938
24465
35651
178702
69752
266845
100420
106081
649283
97492
176681
1126595
77846
642490
18
42356
124988
103015
662552
4977
28967
108203
111473
38125
37049
72517
112273
63002
178647
12366
20836
4953
35656
25184
90511
95611
27767
70017
189365
15745
74566
5553
118814
798823
528218
11401
126847
30629
4733
97353
20648
363217
124142
265258
20387
640862
16723
684215
51787
410394
107821
136286
53608
155808
247
337536
662466
188936
14768
2538
31468
127336
764542
2080
7961
14457
435928
176982
2303
7086
452
78537
22358
93335
251520
7464
26796
210987
210797
6310
650653
1895
96963
864666
7975
7884
1039296
86993
24757
498920
122889
11695
4525
126117
90873
107243
28439
104412
88591
5780
15402
37152
6199
33111
646085
11857
131027
222118
55905
18471
8906
27163
1015038
26414
8481
182509
29719
643015
662073
97240
20741
18876
194320
87868
21485
7327
8893
16895
108680
4904
96884
5693
223580
4836
680616
21123
202315
137052
100150
789695
1015992
79992
649530
32365
695956
94166
127284
20099
6295
706777
18423
2205
104706
183122
11778
154449
46278
3837
135809
14975
337067
17936
10110
1057407
373833
342103
22938
180524
186520
257481
95572
21032
4927
193374
647049
20820
9061
135453
118735
78067
241313
3370
649534
87293
642542
90931
103913
711173
89635
196481
75287
94613
673215
22815
680646
61999
198858
7806
39725
706004
1135
661402
82460
7880
778604
128678
84538
714
125714
73195
102311
122974
4784
26830
113440
2242
35786
234689
122080
182421
133770
663004
77848
159329
166767
79337
74805
27207
188681
126224
764864
30913
114462
28514
167217
132509
100365
171722
2927
175784
105867
36712
381938
143247
850
96489
7125
4463
85015
604207
8420
201961
88480
108570
4879
204928
26707
234751
265283
412933
112427
106334
20177
39631
105898
21039
127307
1104
172987
111284
87959
135665
69786
147379
257357
396194
20118
135120
20845
62641
151473
201099
107341
8571
63995
23711
97219
217670
4854
40748
447722
88819
14898
108441
213832
107334
494
20782
96515
162266
93988
906872
232135
48901
242327
219236
525092
26123
146483
105776
42730
24920
25434
8497
94730
266406
429793
95736
643880
60253
607
10242
83213
63335
104893
30027
251082
90777
110356
759136
7864
62019
772494
92128
253355
48360
100831
640999
130299
653528
665683
154652
78152
30097
100486
20228
112570
812
11827
109397
77312
77627
63871
42371
33902
3220
211713
44727
92143
94234
84268
145987
152572
106392
110378
56087
133226
86509
357003
72918
678361
177225
109656
168036
662181
175794
268800
682250
110050
87262
383
1066709
445389
105937
62068
18170
694064
20001
4268
175417
170595
46300
92119
2483
11807
7878
201473
107392
737636
91828
27233
91186
80066
110553
2498
253301
94188
82469
44521
62336
82163
17828
106223
26443
91467
137698
1152
172127
62875
22166
266503
116750
209209
98082
725875
97325
225217
13641
21940
9782
13127
993759
10294
38413
18113
38476
30048
61023
70019
86823
151797
31453
646663
1815
38409
105767
216544
189833
173200
9495
100125
23050
22282
660000
195162
94903
226603
174731
20066
217121
11461
254723
29187
264206
245113
96561
86274
189362
9255
336
4543
145561
105992
21238
101719
488038
667330
102619
18289
142810
103189
677967
204293
64053
3908
176230
3365
284324
62603
53321
646812
14092
186157
13146
5656
60423
12738
11896
93714
93840
248073
12573
203851
113684
24456
20635
227961
2385
160539
121913
216898
63878
23683
75051
17842
66372
858
184552
164638
673961
10496
46192
643684
639902
278207
101783
654
106259
651011
93363
114070
77276
154611
655915
84840
4294
686664
442165
141936
789804
165998
88167
18333
11038
231061
11497
702425
224560
4744
93644
127229
110052
92776
127103
105499
69863
22669
284254
141894
90869
142376
211495
26201
24183
96262
77591
173120
1703
638806
1016
649235
1171
153
649743
17720
6130
37525
110227
125747
93583
62271
72949
101916
237725
60107
97416
139997
102791
70141
213334
27804
71107
174593
59657
1015292
32275
25677
69823
21076
12114
84076
221254
41256
47162
148275
64066
20302
12089
96553
4740
105053
79945
30647
138060
57036
125562
128805
63968
68156
20772
24464
148855
573209
21895
682810
101588
42349
78108
731227
63461
101743
265314
10032
92374
21185
163391
107898
658820
154787
906240
38636
154649
663016
79412
92237
3340
91484
694847
38389
59
7731
192814
231142
37520
83353
64097
71115
1574
248588
82441
329057
72498
36675
182061
96363
104244
81454
121343
277951
71168
392845
13187
1541
197498
340
136038
212286
70034
81986
161288
230971
20306
60296
92534
129897
64035
32375
47056
101931
89405
60278
118844
114445
740865
20314
354241
112013
138901
4877
187528
23802
642613
645848
63520
425867
12938
92984
755826
234785
684441
29100
99788
1721
145945
8103
2675
90084
158458
171772
137533
32395
23536
717
247475
126255
20554
1794
677555
20621
105164
170336
318662
168248
7697
18514
177005
1380
153121
71166
9390
553195
167305
114749
184555
192007
660219
11215
20080
10369
101094
106569
20551
24545
649204
177240
6462
19347
684833
1790
691965
63089
122872
660226
667789
22417
287187
245019
329072
216868
1017295
100182
105711
125204
105704
2817
61882
61857
6407
60085
645583
521623
101798
145160
170659
107687
663835
226129
207918
108501
70131
69781
1858
9376
288315
6381
106946
9109
2221
1001507
9353
94353
109345
637039
19241
288850
22504
25305
222516
105456
39121
20587
104546
176010
262967
109439
112155
100127
66544
21052
90683
690730
115423
97321
26520
21597
324178
104019
214228
118707
88617
185539
645693
23260
23272
2619
60846
245307
207
256687
7779
8675
29219
243378
190657
642564
688526
242701
20874
1098103
231496
92313
1377
11822
80175
64014
105404
636294
1365
4730
85556
233129
272833
82136
36433
644100
98869
642964
13389
17149
411
105856
64111
22338
20719
5487
135666
88566
18481
162209
677790
176231
133255
89558
4703
86406
122763
16991
71171
20679
28714
6010
127492
712162
85285
598095
115401
255023
61653
26203
32965
84140
101857
322998
27104
106217
89469
49416
88658
111168
117265
265351
177026
263345
71216
20353
60737
24046
36740
9800
248502
1063520
30013
19224
107079
546251
642534
200416
109449
438913
104344
55170
180260
103388
18557
25625
93743
11531
79598
180989
2016
105692
1666
14861
1097164
18691
21513
43351
116523
23395
248033
7854
17680
21244
15155
92520
108502
1057881
271071
38097
29708
20161
59612
28559
2756
74657
33627
95799
106031
181328
2810
997509
186647
88076
108503
78635
101884
855428
24503
312394
2942
143096
53616
287951
93631
133573
478524
95982
109975
7643
645594
260273
122951
96526
177220
155746
686399
17282
111271
173060
184610
23757
646725
640144
1007584
20006
62982
103445
376109
198662
7613
1096010
1112812
106582
8107
139157
47555
175632
695298
418952
117083
310411
108464
27132
65106
7254
33579
212349
233484
5768
689455
18828
646664
116989
537
5889
49535
157742
101796
101727
40032
106594
158089
3913
135717
175786
27784
989926
78757
20978
694026
78338
148691
1037570
104479
77264
96360
37714
143954
90495
16722
234770
2555
7023
23108
650131
64017
88449
114370
788716
77275
20323
179054
253814
4922
210877
674660
151275
137513
702620
60229
15173
227592
93977
57889
12609
265265
78463
1755
28174
28136
36506
9155
246049
20724
74637
18371
324896
106508
675076
5433
95547
21655
672384
20656
115233
17250
172933
363294
155516
91764
648301
20351
1311
646193
65
89696
312113
865853
88593
21136
100491
1259
93974
19359
20891
233469
4124
1002637
52578
992292
95114
657964
105186
4815
167803
643870
14725
3929
111236
215274
107942
403167
89977
2354
26068
95550
112901
78411
748005
91970
3540
25650
87951
70154
29666
90087
5850
133349
93505
234647
153725
37029
69649
26164
154594
14843
211598
70151
182187
20055
228820
13416
73311
594321
660113
183681
5824
5169
642504
92222
106434
30926
22337
106441
11280
9261
108901
86355
22658
20085
3414
234746
20125
51843
269046
3160
686021
28906
101568
1084
178165
107456
80624
3946
210208
1798
762467
2841
3975
77571
70421
2105
177043
101705
11231
656716
45734
74643
245293
733870
141392
131885
62925
105228
168993
740
122677
649025
348949
78155
8943
2031
41422
644517
24445
14007
3437
4741
119048
259846
343698
90880
211027
45795
703970
5956
24707
3853
167975
11552
21243
164355
281565
105964
30895
692167
278586
8558
97260
212038
243580
3976
104342
30322
660480
111656
6932
53632
72420
111073
6682
113759
208419
175772
38321
111263
40656
118398
1050
115146
172439
79980
272124
1073128
2806
91373
139438
336845
8169
23913
887060
37058
188570
57933
141744
46212
52619
136589
77336
146924
660942
108212
8898
40955
104329
246103
95025
51826
122104
139627
123306
7807
156376
96247
82334
6288
38246
189054
143263
1767
21067
386060
653193
192732
19724
94469
11834
20104
95743
182279
209853
20645
38253
686816
145947
79317
37529
216195
19169
660221
684312
711483
181189
6192
118662
78113
95327
27543
11865
50487
686871
32941
91492
25767
644411
906
146802
108118
641837
53889
37045
85491
59672
84923
2827
662792
93364
4830
737353
3842
21008
111221
677912
121669
95011
75939
94110
32958
11912
102772
107073
252037
7486
187209
274960
128334
204234
1089068
234464
81334
10985
350
418169
21047
93185
109064
93441
28942
86605
772
60307
674220
297292
95952
6409
132534
93213
7487
47784
642676
81498
59610
108604
101781
654353
2453
219747
91449
13109
696189
3948
75013
153457
111193
91377
112150
6486
7518
98180
759077
283113
3918
153272
84952
35727
86031
63453
105675
4324
4361
1014
36323
93578
122130
85280
186578
5987
107683
693306
29956
117427
263023
443521
60504
104199
48795
707595
60300
20270
4928
332265
24629
7114
169957
5035
293556
59852
802
71145
111213
459972
213776
3177
21302
105747
1081077
3206
30288
44766
109883
1792
74405
118634
1120518
678964
293458
39228
60148
173207
90888
72592
16933
6956
33583
91400
46548
173315
14571
93296
44175
85676
98104
2396
111520
36711
116540
188644
15334
300374
95066
243130
750973
176953
171997
106313
1048714
142011
13480
671772
144947
642984
105285
236026
1915
20366
127234
36358
105754
2689
226887
657988
189536
93922
15503
123921
651731
175738
109983
6505
79801
170052
343396
42252
645526
117130
677791
117577
682263
94052
17815
20806
25844
136901
105523
677692
87117
79873
108490
645728
14472
22433
17678
165534
79373
256674
104515
146492
81783
55802
106417
692381
641849
60831
22816
225333
20520
385577
132933
7157
2683
428750
19808
45891
124325
30256
22852
19999
187293
420043
124792
118644
92924
8110
25635
240857
78647
38314
1246
10843
188367
19462
647043
128647
49721
245337
20394
20358
242121
278211
662164
1083014
12849
30315
5684
303724
192699
2530
90890
65240
117232
83789
13854
690161
143133
2975
327522
85060
18863
28162
32374
14182
283449
44236
90515
10589
10060
33476
55114
360335
172979
108029
214503
663745
78928
23777
108459
241160
40
1937
61712
668092
20389
89890
86209
100881
9822
101337
2455
94336
24686
62651
35331
63633
116465
45045
110919
11601
662383
662331
119201
20378
104198
24420
2481
930917
51838
31463
31028
181177
194815
132990
6442
33825
126250
38518
21065
339
5939
20106
96775
92209
66903
187974
57856
136796
23035
79252
3015
638628
118012
64593
140616
640047
100043
17404
252753
100779
131135
22713
2739
170339
20201
637276
83490
4046
102512
27975
638610
167980
109194
94196
72708
91777
65745
4566
101790
644503
105133
645576
270231
643183
133492
122053
1140
239936
33582
221837
96629
27947
160788
11445
91035
187425
99790
211103
42965
91793
295773
37398
46788
40156
12094
7841
4972
142354
24601
714928
44086
65584
656671
32542
380376
4532
20083
186759
23030
21064
133816
1968
3659
106080
101887
23862
7081
118805
665661
643229
27558
94311
161083
23502
31359
107582
105629
431481
21005
3479
3869
170992
643569
8525
20522
21058
112266
662847
45561
20308
35507
20160
40641
222542
69729
640515
642658
639177
1071
78361
20013
20643
231067
178301
235536
123978
110655
112733
74662
104642
197849
106500
88533
3319
20748
171290
21226
96490
645860
75911
33664
104504
644920
195743
390
642667
647869
706551
136945
175624
673974
20664
170602
748427
94080
30934
3899
3840
75601
161891
102389
8447
486880
30983
246107
47598
62625
170101
11084
167926
21271
137458
57893
124879
831
82945
276729
154892
184442
487
212229
114327
688529
4634
106495
75533
12320
645578
125626
20549
89647
128776
122887
23146
104557
18928
105741
58150
24250
25787
197951
303713
85101
20735
109177
92957
13244
85743
96948
60520
45267
24493
177264
21447
205212
230316
222780
139374
69249
22507
84898
8217
116220
679075
5702
5874
20281
853015
22892
3514
9389
1107
6704
234716
266594
11919
4010
53962
198461
20266
133207
59132
8496
659935
2089
21102
100652
156
97138
2528
651007
688849
137939
2834
148254
49866
644390
59968
430850
96009
5940
95142
652230
94691
641843
170807
8435
101355
91383
95749
133983
122119
520364
643816
13010
98162
4870
224692
15976
300534
20350
877463
476403
23107
170780
122706
26672
122854
26984
961425
13737
645368
30091
88666
259817
3500
106269
3221
46
9454
6529
94982
205538
96186
198097
711396
45631
92503
8154
193863
636746
23669
1069343
278209
93733
29674
101795
340855
1837
218956
29582
8184
105422
29679
145650
30250
183448
91402
160858
165478
118495
237822
19821
9212
79739
124590
513
104136
26715
3152
181147
97465
43762
85697
2487
116379
107269
137366
37164
110695
649225
30952
105359
38806
96927
3120
141926
71090
113813
465341
280329
143923
644707
49335
98193
57467
30070
234763
228362
2580
23137
37820
70243
106988
658214
12892
20636
106233
234633
2166
142609
10419
644545
43921
209246
95533
150065
136153
113748
134049
104292
142290
178628
20666
1294
645570
28684
18731
95342
97016
43818
78292
645507
419499
738706
12632
79072
30917
52304
48478
112224
269952
467452
3660
226681
178535
77265
124598
104131
343590
93902
25791
104424
62547
17152
90221
125216
44106
78118
201383
186466
29817
97452
57575
11805
28945
106408
663702
131374
1227
118626
109832
63992
79870
713968
6689
681366
92665
30244
15110
4194
176255
14484
638895
68307
170389
9164
18562
686598
29971
105337
14250
105662
105429
20879
252825
643827
107589
17416
109432
280958
649522
32202
56388
244105
26475
282564
73402
643765
2463
20945
488413
75662
4421
38250
75093
39790
284422
62602
92449
175697
266866
72326
130312
63605
206
27336
70233
4791
233502
52318
111126
124435
66529
642718
97391
212745
7822
89677
7709
142918
167855
32009
681698
115867
390723
11913
107408
71885
332591
23097
686421
24013
171090
21241
4958
290
20443
737852
65346
191995
661252
266
76698
63979
226651
107063
939
95346
94489
131393
103228
764813
522815
71634
79009
47569
9953
138377
40112
177362
91537
673648
643142
693825
436005
353101
191650
657855
20153
1631
28459
215237
873
70061
91321
160765
642662
67958
660477
1202
15253
5175
30948
18162
375769
2584
93880
101782
132304
7530
9320
661142
179373
30033
110244
2497
106062
19951
38351
124664
641848
101902
83446
146329
4456
2763
11088
639999
108513
813539
8142
1325
498747
324211
209690
106286
160269
19966
6683
78025
94015
37596
353586
60076
271846
131188
137310
1252
17078
184090
188892
101712
4553
20710
216
176624
93002
651193
206567
51695
87910
63302
18923
106609
140615
19371
184198
42759
228409
109751
164202
119926
3363
638808
21014
103969
210918
1935
11710
1130
646139
8545
104792
129936
115658
24427
231330
122324
243693
96224
7830
136843
5098
180757
90162
649536
78937
271219
218863
30698
106362
5171
1461
148678
16008
63675
88585
132966
31592
992
255430
38343
97469
96204
422124
77942
107767
177651
106467
733484
5197
4688
282102
77297
101479
646774
200993
880810
247709
167640
58967
1763
47120
25409
2188
20168
213847
107286
129319
661654
123268
2183
126853
2603
10402
125404
693714
86199
125954
645852
93893
50541
1685
4106
674420
105338
71131
11679
6510
110425
60499
17190
104908
998605
712462
21278
3279
5472
12401
4954
214221
1384
186452
20171
10693
20257
3724
153971
1040115
149988
1011684
20439
95110
17238
59507
60398
94296
99641
228394
180954
10039
55250
104254
35765
862133
4393
29449
233765
4139
111745
185136
228404
166640
231043
704832
175739
16051
186482
20081
642746
92713
695671
111700
88582
109312
637293
831136
1163
50253
394145
594
175394
37488
180605
35698
92782
118527
685773
22512
187198
1011763
30107
685753
59939
211922
710975
662107
45224
639931
37798
4989
2039
3727
6930
98351
59969
31427
79036
39546
143893
653216
207313
6094
712042
2907
97312
178523
771683
640820
18727
57082
12342
4245
48449
336477
78353
4653
1868
191233
3524
10542
29838
108130
21092
4178
323639
104870
20941
146134
92048
33595
99817
82138
107558
33167
63049
113753
211607
21114
42026
5936
645807
71109
33557
190172
20117
211515
80615
78572
1101045
150064
83924
87909
649552
27084
96268
2099
16011
4881
166064
107771
27921
470198
887
20674
21507
71591
639567
209
22922
155757
10705
20796
285823
78608
81825
164831
7182
3219
49692
102103
14827
212429
642495
1739
94019
1339
108837
166966
842792
83846
26750
712533
222206
2493
94504
38212
8870
8029
140019
94845
234769
6246
100760
72650
20255
38365
149240
32923
496846
109590
274921
6041
160059
642880
210573
176101
657336
79210
1011640
4965
77
3691
265301
21693
1042088
173125
42658
82007
96154
112259
79833
63684
84947
71173
660559
764294
94660
20943
142984
20823
5156
38585
36375
131572
38319
741791
254926
2686
1110376
219774
24086
170598
175750
644679
7823
641437
643558
435406
141746
288816
107030
108046
123281
68182
77106
28118
278215
677882
93636
621245
267775
101779
21209
175710
668078
20758
107228
239077
415425
18143
660251
8385
135026
73320
47610
1284
277331
657913
368644
12933
37157
9492
97482
194953
20457
13312
123093
78342
164431
145100
60738
105879
1054164
150036
22817
131304
175622
94825
94340
167226
90874
188166
137766
287783
100924
94815
211270
110603
181261
94465
656639
15131
23816
719760
30001
14823
63997
390621
287959
135799
3998
20970
1011832
30113
20322
25051
515326
136261
9686
71460
748340
23742
100045
315908
27454
126526
20204
272695
144999
29652
109222
6274
54
94238
30669
97446
106980
179371
252992
134981
640040
91259
127818
329206
962893
147527
63561
972594
154182
517341
105277
60578
192022
3605
155191
649251
123813
175854
28937
67973
133563
278258
6418
20768
41
77468
40451
114230
167679
96512
189524
60061
95600
679090
218913
480825
197248
346297
60890
660168
7805
1450
117260
84896
20442
60195
7966
800940
106138
92707
508727
1042698
79672
115917
3394
134052
137491
122769
464812
44689
2191
672104
285147
141350
168424
7727
19629
71070
212768
174599
30626
51873
3573
656667
246407
26016
106885
11891
203
71224
272848
130470
1672
95524
96941
90483
1148
240200
2579
1731
158184
73378
61716
79745
60426
89774
711120
59328
136034
263737
104554
96688
69531
92796
643442
72925
252735
664533
72682
63465
106983
166659
235666
6622
8685
52397
60331
141939
233936
643477
107899
33606
126104
118808
92815
263036
918666
175611
141783
22898
148224
228254
105749
155184
228822
138054
62184
104837
21338
222442
155369
16421
647057
992043
116906
7735
18028
238209
82082
95358
65877
104542
9096
48071
15763
224762
200555
96132
211466
4108
5996
243630
5855
678967
278421
94739
178495
213891
4562
1839
1118
122853
188441
231057
90851
643016
155475
94348
1044881
95315
1236
106323
115939
358831
79215
93523
616938
1819
81680
234681
663849
113604
7514
137948
87921
122929
701359
13600
22486
90995
20339
884199
101516
391474
11835
85926
681735
14169
3429
92795
62377
54095
240395
3807
687595
6386
40368
740137
22190
357547
48606
112006
1786
43906
36
23418
4258
157132
206960
77474
17456
55103
93304
684548
22880
88199
37616
2416
85343
235713
659787
63647
59651
67923
1865
3980
22362
58561
10552
24442
694827
171381
92155
77260
155909
673641
78271
226799
4933
4316
147182
179478
63923
1999
68186
457697
53423
234508
167658
369202
110370
160876
97157
2003
69921
4673
47647
182588
209868
57929
130008
64073
109247
4555
13240
73917
686040
23314
92906
26595
33271
20334
252375
681779
24924
38496
136527
78398
11841
123134
175523
678673
33377
109311
327
23425
6018
37908
131610
883573
94924
713024
5671
4036
264202
80262
147820
232754
236966
78034
155423
186533
65830
26645
27240
125
84749
4322
20405
291224
138375
93553
76
271225
72470
41450
88634
665215
9211
107760
21304
93770
131005
186780
18858
106419
345344
160674
167863
31768
96448
161714
139704
643030
194738
35830
267168
68194
11716
19992
637245
93769
182291
164664
94958
44585
9465
6459
12358
71587
117838
75027
1087762
1793
60550
253820
21044
37607
657621
47076
102310
20841
25350
6372
328819
273643
3402
11882
4586
698119
155840
660230
533626
92938
6794
60258
89032
1101
391
11091
1004186
20356
145180
106414
92436
70066
174418
94162
679776
178937
136961
128675
90993
21344
199208
765202
2131
89055
28904
4065
110674
96143
365
997404
1347
657986
13449
21934
48603
3628
167326
2317
13097
130018
202281
79251
104623
77939
24064
823164
95466
164682
42274
236094
192303
122818
4238
104634
57407
244
114319
61003
55143
4320
4885
21761
174197
45645
5862
95576
23001
77632
63430
23659
646063
97466
2843
104177
187171
236628
633
249533
92791
47918
1048853
660463
157024
92792
94450
444254
93843
54064
178996
69975
135443
2227
643002
30265
77714
18463
19409
129269
7068
787702
63313
692763
39489
20799
96373
20529
288815
21801
649
104381
191389
1026
270999
110591
17821
20543
5127
643219
741573
20074
681360
20262
6331
15151
357530
771180
269925
644673
67750
653564
63693
177747
145236
183571
27019
335
104102
11963
10725
177414
171748
166023
222509
153258
115537
95903
104556
21
286848
108504
3862
138511
202299
118876
75043
37454
66336
87294
38098
40953
641506
639683
215434
656702
122118
684781
53868
186521
25166
11889
304887
100337
237650
95937
678450
110670
239536
224764
43690
219299
68011
82702
128750
43140
3748
104489
70439
745877
671685
116615
234241
698840
285863
31274
3740
124347
6731
195579
684217
7141
770
474100
3170
104452
137926
92126
118656
389527
5494
219929
110492
94914
86671
53107
29193
86657
17905
278200
64030
189467
6722
26479
1024172
1004242
6314
107452
173183
6067
650723
220328
62675
20497
805786
18445
20332
86340
423177
346109
105960
71194
179137
172879
680363
646888
663733
20868
173301
13265
93854
703645
451692
21815
39254
656341
14784
157120
222477
673976
109686
82837
20793
20167
167334
169421
108261
210750
122880
3682
90028
51416
20988
748705
153530
3553
6201
27647
6927
106415
144624
1107753
24665
1085089
14178
38373
19943
1090693
105581
23331
94557
712536
270785
40088
266189
170048
20349
285154
91372
312679
45894
135439
151402
105178
8128
163001
929
13308
64118
96947
30341
29063
644745
530
244887
208272
74689
14043
29853
119258
178829
4883
219443
894236
238925
164218
643694
189260
29850
260605
234698
107098
97334
63451
360739
101696
16616
20881
6626
166116
186571
9007
345704
687100
76403
662953
154621
67976
16030
751601
115941
66374
4363
85169
698376
95551
686696
195699
14086
105512
82181
153573
82623
118615
103382
5086
115865
86334
1040337
20241
1032727
128806
359925
63732
170748
79738
105730
4901
17292
105684
171502
244031
168800
1038170
221386
145958
95146
476570
200437
59934
106207
150582
104693
423416
641835
110902
174588
55304
923
1040965
63892
1028
20414
96556
36046
153310
274
5826
4942
794695
237419
59486
351235
176578
4985
94492
75219
107784
105467
12296
645945
74630
47714
160845
139196
649167
213993
36354
24449
20558
116888
166646
20693
87426
205258
6410
97098
657588
122843
162944
21286
187718
353905
681673
155762
77329
59836
60611
21301
77506
60999
355471
176697
110677
33654
93309
62365
92806
76293
124365
166763
27817
5985
96056
2503
93029
146339
169640
29786
939679
30875
205421
314873
140089
32690
5015
122973
173177
28215
3192
99646
8427
89804
214233
96983
172913
88618
3813
80152
127678
156533
5451
684380
152701
63355
666637
35393
143967
265297
9348
53206
265284
118293
38017
42196
143003
270679
73321
645953
272434
7718
101947
13441
21143
90848
429683
1075315
93219
687582
24997
106532
38302
17045
110367
95132
38414
93665
60100
114111
1507
67583
114443
143753
266712
75621
6279
111534
134510
205655
3597
195520
9867
860474
252756
115689
91812
28030
175783
62522
97705
661106
107369
177444
152928
838168
95423
159184
2590
661219
102661
118290
202458
114329
226567
105050
93732
155529
21319
110449
93266
30854
735995
94700
111882
59475
727028
113677
38269
677770
4973
259884
3919
24019
83399
726585
106595
2634
23293
52310
183812
21263
186490
984474
104125
2642
92000
21233
28223
1022470
675611
74686
20423
23555
410494
231369
35588
1054166
93169
14418
126188
303707
655770
232773
6673
78978
307599
13859
658100
30192
232128
246869
11320
279202
126123
692472
20335
101883
7963
179757
60608
108493
4739
91944
733533
83985
429254
210992
21561
91393
96444
260000
32308
2553
59558
108440
84350
106315
735308
8979
22977
642805
20788
1249
96115
42194
24529
130210
211398
105477
67931
37701
12402
51991
33450
1032183
106868
356924
21350
1836
91632
3516
25988
4487
72677
55686
709
678827
51268
31906
8476
166316
661383
108431
15500
20235
271290
30637
180375
137866
280726
78887
122746
13459
234760
28827
21627
141383
96698
16511
88347
663281
130144
14997
168827
28950
890
5032
1097178
20933
47157
76204
107716
20910
6964
29567
663223
29846
698551
850782
131309
22690
244424
121782
92817
642509
86169
214299
88604
197493
118789
4832
19995
657606
5558
651183
45391
20546
71135
662160
204301
62754
741732
11824
186771
9804
65439
75799
323498
129480
131826
247474
9335
80239
96673
58032
85903
131401
60122
681365
19158
124795
687671
308961
94298
91961
18201
95978
72409
21452
10524
82113
2085
103951
91497
97490
182064
280725
93563
105941
58404
660345
77806
187474
39551
14029
218906
180719
16880
6561
211591
645121
704835
109797
4556
15129
70405
93407
20800
226157
663029
4728
64023
14399
655630
486959
77812
189268
3882
103425
645138
11918
115303
1072790
595440
59597
1107682
118778
120772
141389
138595
96952
73095
52161
138991
3923
31511
104410
77455
701578
99819
69931
167962
2835
18841
59602
20166
21223
776139
92112
5093
20278
108834
21164
199068
101614
16378
160678
30049
94249
242527
123326
93596
6718
96146
991894
75324
9876
100417
2425
9447
114326
644348
6779
171465
20290
12954
94026
1878
77442
29815
77720
166701
47860
753958
137316
234732
30967
33920
162664
145235
734438
181637
121495
105002
95357
134129
160848
204213
94317
188399
73
68346
90779
222158
803946
62498
751972
170674
113844
447745
111575
154453
1045875
62760
28925
93772
235662
268801
148671
261045
97028
1015
20182
437195
110010
425796
58251
99484
242338
17490
212868
274826
175625
76785
93722
29879
17191
673284
8975
29663
644345
762339
7918
104869
649130
966
115441
685142
598655
108297
104904
188457
402
13574
245063
93962
497308
24739
197091
69764
6650
109826
30022
85896
80128
30000
248393
27760
104320
29235
804688
6028
171917
93241
203904
72518
221577
69856
414070
96729
98078
220754
1010199
86093
651010
6514
236860
889
8740
116678
38342
667047
220477
5181
107050
276642
657450
202408
33662
3415
157896
223033
52494
29346
21199
169236
24761
265275
14436
235409
13701
250167
133965
25806
201808
37344
130557
175130
694116
198183
67553
1352
2722
220678
205581
5701
136926
127076
20127
320560
138727
50773
104921
266855
643836
637244
6448
22063
82079
102447
136716
644796
19367
695203
816411
125088
21116
54043
73259
241029
640510
116369
1013727
1068
107383
323006
170715
42485
618448
4225
191305
20058
72627
653429
70712
884
17864
72525
991893
715615
95355
646824
93291
642647
292412
118055
95340
4289
446878
86920
699451
242220
83557
7904
15112
878367
20145
143339
5712
173204
687498
2284
88678
4775
135206
31781
82131
20188
206817
251405
16789
85967
249806
148793
63373
37601
195082
167251
676118
178845
84193
3403
95461
28991
164600
215078
179775
115951
684437
640781
112261
15276
89565
88463
668461
1119714
23169
59963
266854
241504
8927
1038038
20370
73200
126141
2480
78636
208273
75341
95363
63471
641065
20705
15872
1069947
116592
26646
6762
112362
124807
94319
174423
419378
124614
248407
95344
22130
107524
224664
95681
276676
93479
425823
108089
21709
147407
805
186239
2646
454586
23670
774304
20605
703961
3197
132265
63030
4229
42043
167786
993075
45383
77684
2302
20610
5756
63694
58778
208898
1076285
79243
107477
5205
95232
60946
172986
25333
21910
798665
21212
157833
421502
26433
92654
188447
527
195093
151414
53653
20981
33326
92033
254160
726555
195841
145
63710
51827
10668
2870
101870
22753
77989
5582
886
68262
21124
20311
35560
354387
111927
122902
137989
17724
1008612
60400
1610
302668
105110
104839
141854
369004
2395
39827
121607
126835
8086
105460
1049
121882
35691
93307
105430
294676
199478
5457
24403
63674
82083
79102
7088
228728
37208
220587
2095
86430
170357
4925
1506
172078
23850
20144
11532
662194
147147
52758
2622
7435
31900
105474
727199
64054
90845
228188
127837
30286
74521
96130
1530
4188
645679
75060
661938
125154
6171
107505
21781
97053
126976
25222
46613
196330
1842
19646
23752
63889
210477
64360
133824
113779
999357
196459
82313
210802
10105
73662
108655
686025
3453
685219
92192
2871
643337
154514
13615
35447
24522
212189
67703
1664
59821
642745
126127
674
660454
657640
95734
176028
30010
107082
40330
228259
217310
175680
236201
106473
326699
14755
727342
153753
8209
7818
440890
30395
642738
644721
13696
94240
122960
97411
39984
91083
6943
2241
514
6487
6815
210817
214570
146333
82049
47537
5798
105790
33646
11191
172914
38500
36618
267788
8099
147311
36597
77615
1046
403674
39459
228535
133762
166021
8483
513169
186
10762
1060918
8195
205797
94753
167905
155432
661458
95785
145594
111283
226818
95947
7193
77706
296621
281346
82009
20450
991920
849
187683
37352
662526
280692
104167
3336
307555
661420
6180
263711
7256
2837
98006
71148
35648
263089
1046562
176004
118786
30149
132759
22373
46648
185436
11426
202187
106804
118759
1047
903619
73272
1006489
155521
203838
807
22874
80298
20317
20851
5924
21144
21018
65478
695528
219915
7376
272816
255081
1024240
650993
38529
63877
158434
8839
72365
104641
14066
649214
115945
186679
6415
12808
83756
177049
103007
28971
110306
343346
417868
19620
757820
215714
142315
107025
30444
177441
202543
175748
653
9416
142997
1045021
789001
240576
71
73250
1069
156834
426313
954
29732
751598
188574
151581
82340
311502
21592
44312
1146
33783
595439
170417
2445
222724
106499
4860
21458
222200
94547
111175
49945
21441
6619
14899
1006696
574104
640466
62844
73092
101856
91243
108161
93549
3235
104243
30180
17825
86697
151302
212883
73305
233392
26662
468613
206548
88927
1064060
195331
63608
5394
232018
78245
94523
126101
175726
38355
42257
122507
30301
89757
178526
226812
4929
24275
219219
680455
23007
2649
11831
20194
669769
210690
70146
123462
126741
152568
1667
686113
279579
663582
87913
38262
24152
288699
63544
10831
2563
252368
11853
65950
22747
2114
212894
184729
680531
30134
320049
117132
209034
178421
162138
3718
38872
242579
21273
2433
16461
36404
221926
154723
793
712128
95014
127213
79407
649607
75079
16087
946109
104365
154286
8549
117314
4817
147833
25152
364508
77262
2606
147637
11632
72465
119778
33015
78397
644017
668740
138373
1003896
186383
22541
662104
153296
8642
20916
209649
212593
1077
95789
645869
106418
94141
668131
104341
20709
84996
95872
44370
42997
47937
1930
7282
109115
1251
62571
9291
256014
8362
125475
6995
59979
740862
122493
6479
84756
84920
3061
24851
101845
638624
28552
5588
671643
248074
267796
24778
97165
157106
20273
35360
38289
3388
42752
1018614
6465
150063
5747
220713
134924
4935
647063
164
211274
69754
656298
642787
20935
640524
20939
30071
429170
662634
24662
92349
77499
31434
105892
308679
26584
195384
37380
3736
77833
106688
21725
20206
61136
61043
29601
23129
651201
8665
27588
342060
682120
647745
21488
23789
821
661951
30053
376276
14305
105864
678965
113
644688
226602
205954
406019
85315
76261
63945
22959
263674
11942
822358
714496
104235
91248
386489
30815
