1
8
9
12
14
15
16
19
20
21
23
27
28
31
36
37
38
41
42
43
44
48
51
52
56
57
60
61
62
63
66
67
68
72
74
76
77
80
85
87
89
90
92
99
100
105
110
111
113
115
116
117
120
122
124
128
129
131
133
135
136
140
144
145
150
151
154
156
159
162
164
176
181
186
192
194
195
196
200
207
210
214
220
221
224
230
231
235
236
238
239
240
241
242
245
247
249
251
254
255
265
266
267
268
272
274
278
285
287
295
299
302
305
306
307
310
312
315
316
322
325
326
349
354
356
359
360
361
363
367
375
382
383
393
396
401
403
409
412
415
417
421
423
426
435
436
437
442
457
459
460
468
473
474
482
487
492
494
503
507
509
512
515
517
523
524
525
531
535
542
545
547
549
553
557
559
562
563
571
572
582
586
587
590
592
597
599
604
606
613
622
624
629
631
632
634
638
639
642
646
647
649
650
653
654
657
659
660
661
670
674
680
682
687
688
690
695
696
705
709
713
721
724
726
733
736
741
746
750
753
763
770
772
775
777
786
788
793
797
800
806
810
815
828
834
835
839
842
844
850
854
857
858
861
863
866
879
883
885
890
901
907
911
915
920
923
927
933
941
944
945
950
954
956
972
977
981
985
989
990
995
997
1002
1010
1014
1025
1029
1033
1038
1039
1043
1044
1046
1054
1060
1067
1074
1078
1086
1094
1098
1103
1115
1117
1120
1121
1127
1133
1134
1138
1152
1153
1156
1159
1160
1162
1166
1169
1171
1179
1184
1188
1189
1190
1198
1202
1210
1212
1218
1227
1232
1238
1240
1241
1247
1252
1256
1257
1260
1267
1277
1282
1286
1292
1300
1307
1312
1313
1320
1326
1327
1332
1339
1343
1348
1351
1354
1357
1361
1362
1370
1372
1379
1380
1383
1390
1391
1392
1402
1405
1410
1413
1414
1423
1429
1434
1441
1447
1449
1452
1458
1460
1467
1469
1476
1484
1488
1494
1506
1510
1513
1514
1515
1516
1520
1521
1528
1533
1537
1540
1542
1547
1549
1563
1564
1570
1579
1584
1589
1594
1599
1600
1605
1607
1609
1610
1614
1617
1620
1623
1635
1637
1639
1642
1644
1646
1652
1656
1658
1661
1665
1667
1671
1673
1676
1688
1689
1690
1692
1700
1706
1710
1711
1713
1719
1724
1730
1735
1738
1748
1751
1755
1758
1759
1764
1765
1773
1775
1783
1784
1788
1798
1802
1803
1805
1810
1812
1815
1821
1824
1827
1843
1848
1850
1852
1855
1857
1869
1885
1886
1888
1890
1901
1906
1911
1912
1914
1921
1924
1927
1934
1937
1943
1944
1946
1952
1954
1955
1957
1963
1965
1967
1969
1974
1977
1987
1999
2002
2005
2015
2017
2019
2025
2033
2035
2038
2040
2044
2050
2056
2061
2067
2069
2075
2086
2087
2091
2100
2117
2119
2121
2123
2127
2133
2137
2139
2141
2143
2148
2150
2153
2161
2170
2182
2185
2186
2193
2194
2209
2221
2225
2229
2231
2237
2246
2247
2259
2262
2275
2280
2283
2299
2301
2314
2324
2331
2335
2337
2341
2345
2350
2356
2362
2367
2374
2377
2378
2381
2385
2389
2394
2407
2408
2409
2413
2417
2419
2421
2430
2438
2441
2450
2454
2458
2461
2462
2471
2485
2490
2505
2507
2518
2526
2528
2540
2544
2550
2552
2557
2560
2567
2578
2580
2582
2602
2609
2612
2614
2625
2627
2632
2638
2643
2647
2652
2657
2660
2674
2677
2678
2681
2696
2703
2705
2712
2713
2728
2732
2740
2747
2751
2765
2767
2771
2773
2779
2782
2786
2790
2795
2799
2800
2803
2809
2816
2820
2825
2830
2832
2840
2845
2847
2848
2851
2859
2865
2873
2874
2878
2882
2893
2900
2903
2905
2915
2927
2942
2952
2961
2963
2976
2985
2996
3001
3006
3007
3009
3017
3023
3027
3028
3036
3041
3045
3049
3051
3069
3072
3086
3089
3094
3097
3098
3101
3104
3106
3108
3111
3114
3117
3119
3126
3127
3129
3137
3142
3144
3148
3159
3163
3173
3176
3189
3190
3195
3209
3211
3214
3216
3221
3226
3228
3230
3233
3239
3243
3246
3253
3256
3260
3266
3274
3324
3328
3331
3335
3337
3344
3346
3349
3352
3354
3358
3361
3376
3381
3391
3403
3414
3422
3423
3425
3431
3447
3449
3453
3458
3461
3462
3470
3493
3512
3519
3526
3530
3533
3550
3561
3566
3576
3584
3590
3594
3607
3640
3641
3644
3647
3651
3663
3673
3678
3683
3684
3688
3691
3696
3707
3715
3720
3723
3728
3731
3736
3744
3746
3752
3761
3764
3770
3779
3789
3792
3801
3803
3806
3809
3814
3817
3819
3826
3827
3833
3836
3840
3847
3850
3852
3854
3859
3870
3876
3880
3904
3906
3914
3924
3927
3943
3947
3948
3949
3965
3971
3974
3978
3985
3989
3999
4002
4010
4032
4053
4058
4059
4072
4085
4086
4089
4092
4095
4099
4108
4114
4117
4121
4128
4131
4133
4141
4161
4170
4181
4184
4189
4193
4199
4203
4210
4213
4218
4221
4222
4228
4244
4254
4266
4279
4280
4284
4302
4309
4323
4330
4331
4343
4346
4352
4353
4357
4361
4369
4373
4374
4378
4380
4383
4392
4396
4402
4407
4408
4410
4411
4413
4422
4432
4446
4457
4458
4467
4469
4473
4474
4476
4481
4488
4495
4496
4499
4500
4508
4510
4515
4518
4522
4523
4526
4541
4543
4547
4552
4560
4565
4572
4578
4579
4588
4591
4595
4602
4608
4609
4612
4614
4625
4632
4635
4641
4644
4649
4658
4665
4670
4672
4679
4683
4688
4693
4708
4713
4724
4731
4749
4754
4757
4758
4763
4767
4777
4796
4799
4800
4804
4809
4824
4835
4840
4843
4854
4857
4858
4860
4863
4866
4870
4878
4898
4913
4915
4919
4921
4924
4926
4936
4944
4953
4962
4973
4979
4988
4996
5000
5003
5012
5020
5022
5027
5033
5038
5049
5052
5054
5071
5080
5089
5097
5108
5115
5123
5134
5150
5158
5170
5176
5181
5191
5196
5201
5211
5220
5231
5245
5261
5263
5266
5274
5287
5290
5292
5297
5314
5317
5322
5324
5326
5335
5340
5344
5346
5363
5389
5402
5406
5419
5428
5431
5435
5443
5446
5454
5482
5496
5521
5523
5528
5533
5540
5546
5548
5550
5569
5572
5591
5594
5597
5600
5606
5607
5623
5624
5629
5633
5636
5643
5645
5655
5677
5697
5702
5712
5713
5726
5730
5731
5734
5735
5745
5750
5751
5755
5760
5764
5769
5774
5779
5795
5810
5823
5828
5832
5838
5844
5851
5855
5864
5893
5894
5899
5904
5922
5934
5936
5941
5948
5951
5960
5965
5973
5978
5982
5987
5995
5996
5998
6002
6028
6034
6040
6047
6048
6057
6068
6070
6072
6074
6079
6093
6097
6098
6121
6128
6142
6152
6157
6160
6165
6174
6180
6183
6186
6194
6200
6225
6244
6250
6252
6271
6274
6281
6288
6312
6330
6334
6347
6349
6352
6364
6370
6374
6382
6391
6396
6400
6417
6436
6449
6464
6473
6477
6479
6482
6484
6501
6512
6515
6521
6526
6529
6547
6561
6573
6583
6590
6594
6597
6600
6610
6616
6622
6635
6636
6638
6647
6675
6680
6686
6693
6698
6725
6732
6736
6754
6759
6765
6777
6794
6797
6836
6841
6843
6850
6854
6867
6873
6879
6893
6899
6912
6926
6935
6936
6947
6951
6958
6966
6969
6972
6974
6980
6992
6995
7022
7025
7034
7038
7050
7058
7061
7065
7070
7089
7101
7118
7123
7128
7139
7145
7148
7152
7155
7166
7170
7174
7183
7185
7188
7194
7201
7225
7226
7237
7247
7254
7267
7279
7283
7286
7288
7295
7299
7304
7309
7317
7331
7340
7369
7372
7387
7395
7397
7404
7406
7413
7417
7426
7430
7432
7455
7473
7476
7486
7498
7501
7504
7509
7517
7522
7524
7532
7539
7543
7547
7563
7565
7594
7600
7604
7613
7615
7620
7628
7633
7636
7640
7663
7665
7667
7674
7676
7696
7699
7712
7714
7724
7758
7780
7791
7804
7820
7827
7831
7841
7842
7854
7864
7875
7879
7885
7890
7896
7897
7902
7908
7912
7923
7925
7941
7946
7951
7984
7990
7998
8000
8003
8007
8017
8046
8050
8059
8065
8071
8083
8088
8093
8101
8102
8131
8165
8171
8175
8186
8192
8194
8195
8200
8202
8204
8207
8210
8218
8224
8228
8231
8238
8242
8247
8252
8255
8256
8264
8308
8313
8322
8330
8332
8339
8343
8346
8353
8363
8365
8383
8389
8415
8421
8428
8434
8450
8452
8454
8457
8461
8465
8467
8468
8471
8474
8478
8487
8489
8520
8539
8542
8548
8556
8560
8563
8566
8571
8574
8576
8582
8594
8600
8604
8632
8646
8666
8677
8681
8682
8684
8698
8702
8705
8706
8710
8717
8722
8725
8778
8790
8796
8801
8806
8811
8817
8827
8835
8838
8859
8887
8899
8903
8911
8913
8921
8925
8928
8937
8940
8950
8953
8955
8963
8966
8972
8987
8991
9006
9022
9034
9052
9057
9081
9091
9122
9126
9129
9132
9136
9157
9163
9179
9180
9202
9243
9249
9253
9255
9258
9266
9270
9281
9306
9308
9312
9316
9326
9343
9378
9379
9381
9384
9395
9403
9410
9422
9427
9429
9431
9433
9437
9442
9444
9447
9450
9470
9489
9516
9519
9523
9526
9534
9535
9541
9544
9561
9581
9596
9601
9610
9614
9629
9631
9634
9638
9679
9699
9702
9705
9731
9760
9762
9769
9775
9781
9797
9800
9804
9819
9825
9832
9838
9886
9892
9897
9907
9908
9913
9926
9932
9945
9954
9956
9993
9994
9999
10010
10012
10035
10037
10042
10049
10051
10070
10104
10105
10106
10112
10122
10124
10128
10146
10148
10155
10158
10162
10163
10169
10175
10206
10218
10252
10269
10273
10278
10284
10307
10334
10338
10344
10351
10364
10367
10372
10411
10430
10437
10440
10446
10455
10467
10474
10480
10484
10507
10513
10525
10528
10549
10572
10575
10579
10584
10589
10596
10600
10604
10612
10616
10624
10629
10644
10675
10678
10698
10703
10712
10726
10733
10742
10752
10762
10769
10781
10813
10822
10827
10844
10852
10881
10885
10891
10901
10938
10946
10954
10977
10980
10983
10984
10989
11007
11023
11034
11037
11065
11067
11074
11078
11082
11088
11098
11118
11130
11157
11169
11174
11178
11191
11198
11205
11209
11213
11214
11238
11270
11272
11282
11314
11319
11321
11326
11328
11334
11358
11392
11433
11451
11456
11465
11468
11479
11492
11517
11522
11539
11554
11561
11565
11578
11582
11593
11624
11630
11649
11659
11697
11699
11713
11716
11720
11727
11731
11733
11791
11801
11814
11829
11832
11836
11841
11847
11850
11857
11868
11911
11921
11928
11934
11941
11950
11994
12017
12021
12025
12027
12033
12036
12064
12065
12071
12096
12117
12141
12144
12145
12160
12177
12179
12184
12194
12196
12203
12212
12237
12239
12262
12267
12273
12293
12299
12303
12307
12312
12323
12329
12363
12372
12375
12376
12406
12413
12416
12424
12492
12510
12517
12522
12529
12539
12553
12562
12604
12624
12636
12638
12646
12649
12698
12702
12722
12726
12728
12734
12748
12757
12825
12828
12832
12862
12865
12872
12892
12901
12924
12961
12966
13005
13017
13021
13030
13059
13065
13129
13138
13146
13163
13173
13217
13226
13247
13262
13288
13293
13297
13354
13395
13402
13404
13407
13428
13456
13469
13474
13489
13498
13500
13508
13519
13522
13524
13528
13541
13563
13581
13585
13597
13603
13609
13645
13654
13660
13669
13684
13692
13720
13724
13728
13734
13744
13748
13754
13780
13785
13787
13815
13860
13933
13936
13939
13942
13956
13961
13964
13965
13971
13981
14015
14021
14031
14039
14042
14044
14097
14099
14102
14110
14114
14125
14138
14140
14169
14172
14210
14259
14279
14283
14329
14342
14348
14386
14389
14395
14400
14405
14440
14448
14452
14456
14480
14521
14528
14593
14615
14683
14686
14690
14696
14699
14719
14723
14728
14733
14785
14790
14818
14822
14890
14897
14930
14936
14942
14947
14955
15014
15019
15027
15032
15036
15041
15074
15086
15155
15157
15201
15216
15228
