2505
911
6583
634
2061
3344
100
512
131
140
562
3684
695
1159
1888
5176
41
1570
1171
2247
396
66
105
613
1515
2840
3770
145
4266
858
196
688
5020
56
3533
646
885
535
2747
2625
151
417
2518
23
3696
2602
606
3094
6573
307
724
4919
359
156
210
1520
515
239
545
705
1784
1312
2703
3098
599
412
474
5936
563
150
192
266
11078
2017
363
639
124
8330
122
326
525
60
27
1987
3978
382
1370
1449
6252
1060
3266
4824
1521
128
8450
247
866
2067
6638
7145
721
4181
