187171
236838
311502
12134
365754
72987
2320
215660
10347
95749
192661
95674
141833
17202
1120371
657571
32173
76628
416511
739599
213463
700316
220337
18924
187843
523490
505568
531591
226510
381533
398055
177456
128861
102568
203272
61063
764510
416111
224754
29753
19554
765881
57151
637262
111150
93422
139
326365
80197
158795
138185
445195
266863
82429
135173
139368
135196
6243
93891
141957
137610
766335
379926
1014799
52221
607662
106013
78141
672205
75490
7593
15755
301067
643880
95531
105926
32210
36147
138676
102077
128886
79085
96560
121140
70690
226892
226912
658252
37609
164636
479134
72377
52989
1046921
129152
105094
178560
655768
93631
246193
69846
614927
236831
123532
181894
100417
19410
124347
149959
243941
19572
847424
227974
27123
44116
90931
111506
20074
89065
661147
128812
874666
129877
293100
236618
99645
96977
227326
182946
175194
662026
758453
677972
67129
157671
223783
832231
291277
72916
458691
206252
677090
95911
846939
1771
110024
674399
799789
72990
431934
1019825
79983
645619
175650
63744
21275
661649
108491
369982
576737
657485
113691
1097193
1045
176717
277090
186594
1035871
704660
175224
596519
210168
469123
97030
57205
23315
309151
104451
179596
686358
179104
48717
28261
257160
17205
94453
282735
109536
82547
78431
674203
625247
200405
116211
144585
189890
119770
52756
887391
178837
28509
732259
459555
53332
266336
33662
173141
478381
38126
224786
49872
308057
31844
1017481
664972
731234
667489
360553
81616
78426
238027
174279
446680
4863
133040
70555
47526
293549
638927
188809
146934
63628
47860
339730
1109966
484685
183336
78324
756862
116588
33898
105226
173613
678402
205689
101791
462661
85362
147865
128038
127920
19947
691904
397669
77329
195925
661831
161555
71733
46192
143269
33717
66335
126419
38782
399520
297208
80259
121790
655580
112864
79708
87902
490987
29411
463712
716402
1016991
443606
190328
251198
58204
393441
781491
739106
22408
563950
110275
1070033
159329
729657
20114
120136
238872
701282
177410
323971
657603
111769
17887
62189
2156
248064
172667
109111
20958
320442
22748
401190
650050
697283
662912
120713
60582
309282
665081
655057
423051
45011
46882
197859
6510
20653
644464
281376
1072035
395032
76564
428687
5791
6725
109836
255797
115681
40569
148158
230990
49839
12857
69954
1114361
146372
85827
30298
110739
408821
474835
5869
107819
258253
25157
111507
368523
4335
14965
154077
322771
729805
667590
663200
1128090
6355
229953
126133
214843
14061
699713
648430
95471
465263
35753
96405
186682
1099834
5532
9454
363909
132530
673215
106575
238291
168804
94715
123034
422626
231745
200339
65743
100771
98198
233332
107108
93691
86284
15270
124510
2827
2692
49888
642831
11345
67724
207316
124900
305545
98114
177743
178901
176958
15172
202410
687291
91249
143721
386659
402426
186451
640847
338954
108941
834036
203163
74759
220319
881042
94474
48988
244220
793607
665862
96260
239194
200106
203143
667833
811705
81230
104441
716941
7818
158522
10100
662518
123419
281443
340645
692715
238761
437834
643591
90294
431358
125071
260717
38415
103193
38143
151164
93752
87753
243977
3135
105561
686044
39852
106980
46380
8561
76865
402844
648883
194188
206828
138650
20679
74518
356524
114462
742750
271214
858225
729154
1080739
346298
5560
63838
658338
48409
6804
103610
80821
234114
142677
685289
503099
173165
116942
3473
132536
743518
81738
64506
926651
3668
131610
486598
657036
114177
101941
1077509
234815
20795
122950
94372
77243
28885
108635
207979
49901
166358
91778
78959
209457
23966
150750
79669
150365
82165
41857
913330
661374
692878
89552
1074345
20012
677561
344498
26307
79727
3051
91475
91478
246501
110300
111981
35660
148128
999362
641658
647573
195009
704798
23754
323314
206564
146411
210988
32939
238068
250415
748738
90100
423742
850322
102425
38230
20130
37269
758517
183517
17114
752370
214372
6437
675905
23340
2174
53572
465450
806672
683095
85967
172439
19324
48823
184483
20508
25474
247517
139105
16816
1075667
129610
1206
696540
94738
619525
296778
23156
38410
18344
1034689
442642
255995
538197
272644
130893
113961
478180
697458
647895
46679
212628
32037
662448
44305
190595
210067
109461
41568
218352
754897
800890
107975
6722
188454
302730
891385
733271
37344
682426
642353
23253
96739
40596
127152
998014
79408
407671
241583
1230
231365
342489
297155
49698
20841
325688
96362
357124
276251
420049
65930
642803
222422
420482
152112
391558
9194
807059
94900
251094
644535
84207
451916
649394
312462
129203
116279
30618
11155
37120
388063
85303
103943
122021
50909
98784
312099
318959
40058
73232
153589
659801
141
116309
78411
91273
256187
97686
784912
75428
167868
70207
38388
188974
70817
71364
512369
122942
267391
106543
220931
23152
148847
636506
258458
63640
76646
195197
247618
48402
663747
83779
233458
169748
667357
241817
30253
138649
575154
93282
82631
127
33141
167841
542840
69527
173076
156384
77936
96552
186445
339152
4173
276
42256
135914
250303
643693
80154
734438
5606
181430
667867
88062
1020790
332261
40878
315624
77913
644
742034
9650
658233
46465
114513
435812
527073
144947
27369
682920
232218
786938
33143
197560
267716
228277
733368
957446
85556
177293
55086
410382
44790
239270
570732
11877
12036
92363
665170
25036
141491
208943
789596
169490
17433
59508
155828
421223
187137
504095
406794
93960
108846
84973
167304
107825
8331
30004
697972
21837
188121
20400
26912
403118
241838
93532
237160
88793
694856
991740
408760
253599
140446
878694
290134
676141
38815
277334
444
107959
4342
33831
110695
435509
38030
235384
119733
217051
6115
369688
968744
137233
693873
1298
280212
820410
191138
294544
132616
37163
664324
250825
747721
78692
20942
65684
58070
368585
536536
1059379
651050
84426
600
661124
229991
354173
124184
179547
837421
401519
394351
93316
219299
81729
111090
243453
56972
642783
261983
60547
107324
116505
66536
255008
368685
278448
220238
38409
207216
93844
245089
169982
94566
242525
152992
41805
676064
546732
20972
279752
199894
231398
39187
53297
23297
230008
164338
268185
202610
92765
372893
134991
401319
20160
23645
55020
336796
15670
557880
35893
170662
3476
93722
682697
82465
924077
8830
71127
23574
1137
25647
171468
1098485
994562
22497
578579
701251
667403
132802
60813
122918
1051552
671452
681386
97502
56388
677769
663255
89154
713833
67728
171908
59998
31643
130837
111692
504123
10660
663017
195978
671183
260273
1016654
294910
533594
92686
229739
14832
335022
613102
93191
658375
2201
748562
39415
116207
378895
561482
1079189
60225
180080
641859
142883
377253
8147
288645
138459
6469
104557
47404
222859
196477
270235
76603
810588
393795
104433
115505
208717
332730
313748
349365
95789
171961
661385
47563
110559
14528
283791
208188
175605
265263
103081
649321
155214
108644
170842
34088
15230
132741
167287
640967
527597
88219
150331
1083135
74728
523368
190659
121030
69853
68068
30221
91360
345317
62315
62133
183419
20754
889871
236538
703137
464699
86833
93874
122529
646123
602649
1053737
249286
144638
280059
59661
657713
23769
6214
697863
150535
99705
123354
1070800
180758
673612
177024
29598
96518
104719
659947
105205
229327
348
36506
95146
109811
434935
3416
133962
203052
234517
158089
171954
121504
214264
58038
246336
186448
741763
84216
380662
120110
654813
366235
21022
84359
170701
481203
369246
5133
1009191
37471
60085
96983
400167
16516
112419
68089
291823
183136
95525
694286
166749
638930
176063
449695
172478
643750
122248
311946
72011
889777
199572
197970
45144
156647
549997
208512
93185
13123
1025449
92980
24446
24042
662750
122753
194385
80326
464634
127624
278922
384030
66881
120618
71953
2159
80608
972141
197144
384207
122750
31141
895871
64044
14267
680455
93637
178399
63982
107682
803124
2853
115973
127364
10187
93296
27764
10340
359972
110918
442165
268685
30770
3673
499207
373183
11450
111519
13265
80239
576518
220649
665219
183825
455869
160688
306082
105453
165981
520042
9106
87523
845336
14931
135191
102081
21724
84365
242299
889551
739915
46172
978073
672555
72010
419827
63657
2619
16659
22994
118243
1084387
751973
212384
382381
10820
137084
70647
483417
324127
451963
147551
128396
38463
75782
119604
105357
92155
140824
369658
187267
496846
209244
89561
44005
93019
196878
845159
276643
185939
21661
188599
68174
18200
147121
95673
51927
683064
254966
40434
671731
275334
115316
170889
112933
37196
662989
12490
658597
467152
6617
64369
594915
144108
270003
284369
170686
243254
661313
58778
205065
659950
154066
337691
40729
691729
758258
768196
402271
193070
667914
62992
638634
63236
199016
160844
289060
172588
7978
364278
324388
189287
101785
212766
291710
15279
221758
664472
318353
360117
398246
266517
495434
407702
193736
30069
655575
643786
668665
1075565
880810
105933
306832
743390
96355
1039767
171250
22421
651739
815149
180771
158905
310712
50869
245738
148750
943383
59927
288330
264960
181265
315561
23615
262006
306629
20731
640372
243468
106558
231036
20650
428524
246302
243580
96790
740497
108944
1054184
534166
81840
178125
96473
218477
226920
63623
84733
313253
20856
349666
295435
161997
95066
42759
22579
21034
252367
169941
18925
5057
89771
736106
765151
77882
94419
211788
38108
80758
138697
229039
23355
10745
167893
112372
748997
94410
12227
51059
211323
213661
102385
251934
154266
113471
177321
161606
212859
247407
110771
695767
24328
42054
45223
727377
212028
420097
328819
10253
116750
286617
167736
3563
230364
331394
21788
95430
53837
252078
9476
28577
247229
450239
306513
233457
233417
178748
279507
25878
779060
210598
78045
11363
145279
177364
41696
451128
108221
45536
155432
240287
395930
601921
173753
780427
179320
177017
1004970
342163
14407
98099
172326
300347
690219
61169
801210
59636
32639
124046
47203
106689
38083
452751
48559
330310
230119
10531
196287
172997
200937
88737
112725
644353
209864
121661
67159
661032
50589
829132
11152
17019
84244
94256
77355
151465
142836
376285
108158
81336
178126
3073
19766
8076
128849
164381
937684
52412
276868
167733
94171
108304
143134
325920
86379
584645
103428
105073
654751
115432
213475
725691
39056
643182
84127
22384
155236
83907
181200
35873
234738
363761
271559
294564
53157
88345
128298
293553
286809
72480
212448
424923
386916
544684
78539
29241
241044
71022
795309
61504
4782
189333
33593
232768
208552
196095
95054
230110
323370
714496
26082
90865
32004
384063
125156
187174
794668
383507
694892
114640
111502
252033
463058
135520
273510
244266
650273
71210
796598
509334
20356
303768
908561
278125
647853
154111
118010
65750
1058799
108356
105570
60123
775341
227831
106652
61543
25175
91735
357549
3739
167574
665490
75207
301672
94830
8407
245140
118534
680448
172173
165468
127373
230565
7778
193933
664445
128658
200268
3538
492193
157601
208488
27661
354739
38402
239631
88287
456888
757786
111657
690096
246416
436560
60224
106650
102491
361310
113208
174924
692953
37478
1110802
62558
105554
7601
288264
110321
176040
3038
862830
14007
117470
126653
446294
1108427
687522
64064
63877
293675
100184
657561
289007
751734
468613
45375
195787
754282
20085
161615
35779
72614
297185
59488
115909
205322
1043950
45616
102902
8803
1052552
137819
268222
79295
13974
1033451
10992
95565
72089
3746
312448
749577
73320
212869
1017795
662072
3659
107308
94759
449421
340328
588207
686637
7088
85288
523109
64307
870932
246250
119910
224807
253204
126305
671915
73205
1071745
36846
753635
253492
100055
25710
712167
249275
19084
311758
6450
32215
546079
330539
228404
496953
94110
167784
456535
30194
280626
414432
793648
84868
59186
77281
249484
293716
56649
642098
13586
672270
185302
169997
393307
42739
562357
242337
116990
439606
311162
212419
222765
2285
243833
268487
264741
2811
290076
63912
138701
642684
30211
678335
20031
198067
3323
166880
226446
407525
221593
12659
17640
249181
206729
238072
671062
179332
11362
399354
259735
320959
27637
241294
232071
29181
1091607
25169
82367
18886
242813
31372
518921
2772
5936
414880
267789
126499
51537
212163
6385
223548
62193
1107786
100152
50971
751885
8486
403181
81148
106688
78417
19916
43511
57738
131689
104857
26261
224388
242180
374860
672864
100789
64260
106930
93485
492502
647766
35463
310426
204701
80440
237640
76120
735393
105029
109816
2501
107442
145708
406056
386140
176285
653925
77277
21563
103029
128905
94140
35981
327033
69758
266108
19100
38404
686411
134079
7053
184791
1031242
155554
439596
104580
733101
665974
2745
156420
96891
437484
159184
242900
645673
1097957
203047
309482
136383
27544
4824
139223
178264
286804
7439
373600
1074411
303277
17435
25381
162195
17119
106236
230252
27498
20061
214867
229995
6731
77030
77152
234624
11457
234523
1779
159681
220329
2250
283053
559642
712671
79312
79303
301748
114650
343482
110373
273212
11608
259259
29381
45344
71115
21142
271182
64883
352163
74667
797174
49762
2476
17483
18339
238163
12703
22917
29233
95600
29733
233684
758447
15082
694398
136286
1119891
649970
50629
454586
429184
78946
42995
112009
284109
4968
223707
690492
94233
256572
663066
32685
210770
744903
224568
22149
100111
19832
73894
369237
171381
19043
21179
176033
321601
242127
797929
109145
208637
109492
698627
115155
643304
44799
227451
276641
488
25552
434655
160803
100741
396225
32974
64061
290244
266500
88596
14716
24479
240504
82650
154087
173055
758811
306
1033467
660216
301607
207021
399241
354254
25837
8291
253932
40564
176822
537500
386999
651200
44266
7441
685181
351408
44896
75335
96795
233480
183363
439857
138389
4920
764661
680460
58482
178697
280928
467462
659714
414962
2584
225802
243386
109452
831493
94839
94888
10788
133816
235805
170972
96575
223519
961260
74762
151255
238167
417334
214989
658734
646157
96424
307457
53958
1053500
203061
349521
43410
640264
136973
85580
212539
70739
360761
171202
87470
715099
70901
266770
236766
313505
9039
812811
281961
70142
715131
97073
390131
182331
170811
154720
155689
398944
112977
33713
706502
137707
339992
937618
243156
84488
218655
130498
202182
263739
292191
44982
70735
92203
326286
86247
531872
55037
533485
220576
66135
197789
1022836
61085
73411
484643
196045
31341
18561
453831
263508
49135
94645
473028
240566
231851
650715
20939
30947
352507
78112
3722
3003
425968
342060
32690
310802
241469
879548
793348
197628
281642
423219
280421
79896
30262
5940
33526
343698
90988
18691
778670
235709
655716
252315
318909
286738
1063373
131617
209683
35716
93933
640593
655752
65868
1121541
36711
178262
191141
240911
646058
706593
711136
643181
176726
1089008
243939
220720
201002
62720
658361
33285
107900
199921
76576
131873
106411
24835
1065886
157660
130488
278587
242252
131601
10916
24700
79839
110417
12925
844566
323354
665311
6564
208073
60876
180002
6277
59834
20482
49663
47161
7786
127388
243889
10869
38240
110057
1893
104099
15006
696550
335551
216916
178537
72164
79087
31988
110601
24174
259685
90853
119869
386952
113540
20444
663550
69507
170006
747567
93545
244111
53964
234637
20838
463199
100150
707836
330889
145122
170804
151402
101778
36881
36471
263070
365647
32590
118504
82079
146096
194250
138915
808294
630125
107760
405140
25698
667526
60886
202552
196291
63055
525785
97244
184859
189623
115943
796018
307702
111047
691911
186535
39005
16966
49889
317842
196025
1012612
375004
208189
994753
59309
103513
150686
186330
108566
35432
369240
92800
167033
711396
94058
78701
103035
1022059
20406
236379
618404
67445
173441
642666
13638
136671
19337
115148
178803
120362
583029
234424
636533
210201
651737
291922
108729
19870
373019
559081
75847
414075
45165
107260
43927
14269
343440
247885
3480
132945
36189
252331
196401
289031
20704
662327
8935
88424
12836
249633
77532
560594
696341
342782
93442
132233
254590
103098
164391
243744
101507
195743
3452
8465
436755
189357
59836
63412
228862
21256
487000
513208
65327
317153
325410
109942
118701
223216
239154
237553
82045
119286
38304
170448
63323
90584
231675
1100374
6444
64275
336487
1007433
124125
256613
305412
113704
6585
219848
181642
135668
83549
120721
87158
678995
1142
95296
10014
684020
39588
23798
267699
126188
43591
16120
153941
8416
407478
24985
738974
77722
683822
237422
20611
498233
25367
691956
246089
127817
210695
8047
218428
694323
125948
107325
91113
643733
256739
211523
665420
725238
33933
18596
1668
485040
951
47348
515212
42108
235278
161558
627290
200353
751317
59852
228401
685697
289929
662344
505496
333166
738843
65594
191176
7588
103243
51267
422808
77985
285426
243844
187432
46602
347445
366565
720005
505180
330713
772848
115714
62778
80064
5006
69031
525288
206039
384726
149980
266776
236566
1064213
117398
6720
94013
101790
390840
505504
4731
613322
175767
280329
727154
19519
218177
890723
648415
144872
383941
353930
736770
7548
49967
105467
191323
202624
74827
96669
79903
189091
754132
16328
55687
387463
170387
96958
448028
173341
305856
211256
247230
226627
176760
244800
504087
816777
88570
12572
61014
5000
60871
175975
98753
111597
651654
264647
345644
155515
930917
196358
137367
448681
419998
319529
173167
160749
715560
152918
162292
218554
49772
684385
83018
2496
194777
189065
127816
267081
275808
829999
15786
2993
223358
131937
183742
78786
94290
470135
180768
9433
64234
3213
22343
87627
218882
793619
137037
102569
97477
373949
173435
364193
43491
163883
192353
106263
56912
111760
683712
70972
141838
184369
691923
110212
2796
227958
94653
266305
167068
75047
20221
279077
4417
5507
8414
5584
568492
84288
742144
79977
45480
244105
279076
748481
645496
61389
30767
8329
134065
1926
44958
89613
104302
2498
274318
345638
208299
499861
871
122846
935864
134097
18481
236494
224528
63302
317338
188953
113205
46925
110017
25070
157943
175363
249449
172713
127072
310749
122673
183014
749836
116552
398631
252488
20365
360535
112686
503156
109338
18453
750973
28682
409552
730066
282765
665343
208122
151914
675335
76023
96291
188392
119325
749405
94079
322164
140665
170041
715890
234745
8513
184333
109657
157677
639434
179677
287000
105682
103001
92943
75097
175816
101240
200817
7501
395368
635484
236994
640924
119083
84934
12841
1079512
693098
13053
94562
21881
73336
676486
708705
98038
51056
507693
489122
157635
589517
60559
643759
353488
143308
491428
1015373
2228
57575
8642
184957
962229
661132
160649
96303
385138
30103
235160
149426
674049
205292
108832
254035
702189
8411
213756
412932
257605
50698
755494
60957
4597
23166
77989
657108
7715
76862
61732
235973
153450
111576
678986
88585
110242
7244
805786
644890
259571
392208
811345
70266
692136
47749
12202
159843
206723
245340
127900
798581
170678
646038
5902
50985
176888
657993
18110
187633
9147
94389
219534
83627
171161
7729
253912
657599
4799
11981
146228
96052
96067
77284
105530
110353
104502
525506
213662
107073
691070
246374
487688
85051
507912
24097
205513
107461
64180
118645
234465
94917
126120
88533
278399
125019
696808
95936
122791
87426
485366
1954
811287
106298
188570
224357
176372
216728
37300
1831
11355
530490
171597
95644
383337
234759
753099
959162
281018
76162
173730
163761
115405
156866
22516
534829
28998
306724
768219
191393
1292
21069
1009462
435042
980072
689733
106912
171877
142359
675791
170941
695814
332882
671883
17737
63478
9741
128858
175462
236941
645526
33385
89271
1013976
39480
1069968
77433
89587
406981
661123
605620
646788
22352
91939
208884
71582
855465
32678
226136
255414
764605
505802
238816
18111
189206
60118
447659
667583
318054
643660
292374
5109
645533
248411
390723
480978
467452
6059
116003
352038
312603
424345
292233
96044
73015
8019
127796
480664
360682
399310
106506
88644
567773
68302
167976
2743
327793
51023
684622
131103
180609
36333
972329
129331
216057
95780
76966
18096
5906
38366
198319
269826
181836
486640
279786
425487
78367
1436
90517
165875
46692
462800
108525
151652
133124
334886
278181
148932
51686
24690
212663
118911
30914
479916
104272
64629
709962
729658
107312
621395
123464
41541
67976
202127
51191
124460
661937
270440
696504
118691
95061
151062
97072
1054194
250222
129455
37405
640300
2466
727690
189374
147157
693871
437584
740653
222118
171443
208386
1097176
114269
197592
403063
39893
417613
15205
1102766
249676
345722
21049
7810
146968
637276
586317
22977
284891
65163
146982
315772
100802
71229
364774
6932
181767
237449
420279
914321
25712
20148
696003
502609
762021
38185
9203
164773
40168
119828
153826
23006
132779
287416
32877
696365
710905
89588
225418
140673
20776
33563
133106
544894
604088
379095
646130
33129
145786
175771
157345
453205
123906
178541
191252
137018
803074
172007
647486
307344
203635
42306
93314
104016
237998
11579
216739
149862
29953
21077
366
256945
76644
166645
165449
642698
266002
752520
289901
82127
3064
20260
409214
77597
237381
29786
268765
442402
431439
47136
85101
357867
146722
69294
42105
372976
10983
69440
9098
191862
52179
646725
162959
144222
425064
1195
66424
6284
237977
556
203203
242327
94000
238998
325049
64760
59507
188644
115018
408043
651552
209716
1034239
39660
118655
54845
112901
169233
812877
681860
103420
221624
288399
241749
20701
104572
110961
55540
49832
246164
617151
168012
9819
10605
165508
459547
152528
785653
262984
214341
178504
265454
790212
186176
319313
706213
91413
36661
992792
81204
105063
91401
39044
671750
242009
370662
84601
403182
89208
115842
72924
252152
202890
461767
834627
1056562
102582
259966
128896
92359
46148
252037
19491
247061
310911
41768
158707
188453
731227
177289
48914
610472
200495
649028
21053
457533
123215
188078
496184
68145
400443
116559
225149
51632
10726
64043
204234
455078
77575
86087
138005
28931
662552
108212
153787
29505
19979
655619
60349
320700
97076
587612
61305
83723
199865
247947
318488
96082
211990
552585
112262
934070
146918
62317
305569
1867
643253
27602
92578
127322
36792
206424
512905
232940
655644
52635
174090
53434
85892
713236
642567
136745
300826
111634
276699
643156
638603
240262
174668
647109
208699
122420
37118
51107
24582
398793
686187
8114
243391
8290
205161
785254
105434
392980
67744
190185
95128
115788
167222
292232
698563
392724
11646
359270
249310
71018
644078
15512
4136
95518
76072
21574
49236
150122
16503
95463
320033
841784
542124
172145
158818
1240
3456
63371
533
89920
14122
729295
358119
130669
36688
377429
21530
7977
26016
303986
245044
646817
731677
45224
15809
247049
291527
230481
12073
1807
4946
182829
37096
596975
706685
741949
784154
299
281499
1127
154
631202
174861
700594
169364
35863
105801
7632
100165
188422
1025419
237417
248622
336837
672271
307711
177877
879066
46452
181875
30457
64118
180976
414973
3137
82779
219967
242701
211510
470332
881129
326537
79739
53177
405013
197199
96259
10366
108865
151509
822045
671506
274801
152704
225623
180739
37305
38133
20607
676209
170020
16891
4186
263640
341125
768204
693867
109292
878700
110616
661653
237572
414271
704575
77481
93565
100430
60969
897158
146656
234918
158585
101271
224572
252570
1037525
270387
638905
839680
647045
1115110
37531
20117
3011
1510
112730
156642
360151
22233
26210
145892
251329
1446
146108
170078
110100
307851
94198
104024
73435
112702
245267
594679
23229
642773
3886
731969
106333
373816
52504
285729
15637
193050
6628
55170
410999
266499
170975
104478
33812
275734
181476
214121
1498
205857
212112
249765
433368
482510
223950
47751
96553
216157
118083
134109
312399
92940
583239
59710
9396
99890
64812
13263
460004
354241
646231
42050
648827
249103
145056
239982
195841
101550
730898
269241
42485
70717
650723
982544
122955
335721
704176
111233
218868
93857
186467
19350
4990
99678
638623
100799
276496
316845
272821
452620
316727
99
117966
17063
657504
145172
184109
272455
740313
662293
131671
176810
126760
577823
42545
61598
13898
170663
100425
641065
5671
59751
479964
129329
274063
261274
35280
66342
650939
132531
359924
788720
155358
661998
38925
175643
414310
9287
22602
223002
30366
361270
222088
148284
642305
242535
39862
4254
210869
97141
294778
3669
186544
1040501
166195
197817
215554
815
161547
254192
26859
216973
133539
1032522
178643
309509
213124
40486
185800
98044
654731
505985
1064621
523080
105734
96372
201502
24456
245022
115090
67966
779003
22692
451802
596360
38163
20274
123651
23651
222565
179696
660168
20471
96425
130980
327267
22932
465616
30788
95110
28959
80954
95186
167085
112427
690693
711092
115878
122113
60614
170093
261340
26889
270319
20801
784878
37282
23019
15387
368011
31790
3645
102881
1001669
705441
643825
162085
22087
71204
7245
60438
5144
685568
125023
162180
123838
637328
266881
180177
549578
132729
118565
643047
4233
318861
403668
213160
321386
5553
185850
19223
106137
105994
76239
658508
38050
705480
72822
263725
242145
38330
1053605
187498
191259
331656
37230
213193
166705
84968
112982
69757
356654
245359
35944
9162
60388
95174
30395
329953
49255
107255
44689
170568
47294
646684
118498
643094
861178
108454
693852
266820
378271
177837
289743
203578
646255
13879
124224
20541
92736
126108
341736
98768
131687
819884
662623
864793
874834
749770
620265
695354
43095
20493
266390
1050083
11525
183717
745641
747797
33751
662181
293243
343346
130086
243899
118623
138373
95746
86978
259696
280712
188348
321956
167805
644872
78002
692184
62788
668552
92279
680584
108085
696000
39572
108840
240103
51892
20821
149631
703097
68126
16567
178703
58670
690689
196329
578450
247184
136088
132331
10257
645208
1092627
497474
274961
39239
80752
97399
417568
7085
219706
43256
96139
501372
11902
55600
20816
14862
155758
88708
425408
390128
27800
1085174
143371
188757
171957
758276
136419
151246
17060
394261
40196
86080
679529
3831
105956
494764
175783
94473
295406
28770
20827
33602
300488
77621
681408
101273
16732
339871
645805
323944
54958
177848
46143
43085
226098
55204
11885
352567
215270
82452
8247
50107
55684
200632
47076
780127
402010
25046
154005
36283
160065
359417
870187
93013
96738
172986
17295
55174
110989
317207
245644
449108
1062110
215528
226683
9976
657347
12887
70588
121814
177778
774717
114673
206855
110133
320462
266908
1064030
112455
187818
781746
448518
105827
320766
87661
95624
4529
641303
185716
727988
189341
340553
51986
646138
43179
70611
333142
31093
247139
45322
155475
77106
60924
663989
645818
108990
11005
93039
105130
80351
1067530
38845
164498
145548
87967
660292
50188
95872
163405
1037635
27902
85435
108983
411643
93243
33894
101382
540024
13651
739676
41389
308409
159878
745970
104886
163347
442819
197150
44071
59559
125048
51744
188777
950752
187356
78218
2814
211277
78149
2413
283331
512376
241387
26522
96453
166075
227282
176019
105738
168398
134051
682673
142223
354901
89862
434792
839580
183927
73213
431412
46
17300
88728
191517
109022
694610
991893
181484
26421
24920
149286
1103067
243103
118389
9842
226898
38442
132688
42896
98098
45714
84571
420807
124884
21193
42366
26373
163735
202653
106069
432910
109057
90883
82328
135522
397276
240297
107811
546133
183867
217675
5579
264032
207099
933170
659795
199415
108513
230308
645688
651235
197919
20163
421457
369582
83089
379218
1019988
1027602
166018
208817
9551
95751
157791
71216
319500
99134
16792
728623
159502
182345
79584
151546
246093
171692
270782
200360
362174
640973
310842
132878
211208
107657
86596
826629
109350
368050
274905
212249
166642
32573
651193
60936
19798
93437
56651
51907
553251
171285
650052
756685
5975
11479
431361
227760
34047
638251
251678
25345
360335
689786
14092
20309
120277
52485
106484
35645
433014
398914
112219
114233
509616
1127829
29439
166011
151732
47499
899744
699377
194039
47101
179341
324212
65477
320467
49327
62611
275486
250558
138153
72751
80029
139517
46364
21989
253400
217498
27985
9831
217961
78753
146449
297384
296313
191925
156865
122884
31347
77499
118196
248684
167990
77420
527455
20056
77323
108818
740455
273747
38476
429966
2798
269310
114149
203880
246930
636832
267729
172078
899168
17602
336
9038
149984
695212
74655
11125
108553
1035912
77837
765734
215178
412614
338257
65518
56454
60158
187041
220946
81467
8686
446082
210672
132949
21145
50123
678795
969554
29040
153757
184588
640351
205867
658516
184279
414916
335984
404479
177292
71992
22183
76399
9085
672393
94466
131879
3615
164267
32522
208840
9377
72688
20709
43417
24588
248302
1049
244945
263221
171252
1659
87522
91261
55548
105611
240214
490759
475692
194507
178483
229305
215258
414644
217015
40540
119169
341441
3115
47368
20393
104294
216543
30000
116167
319093
91355
38528
148681
215235
287749
130290
241107
175130
58171
111231
103003
181574
16780
105507
414638
36143
521524
19367
2133
774155
213492
282871
448559
216305
29029
170684
181477
4701
102787
278429
273386
25385
14415
90881
23254
47269
26575
20072
103099
9111
228737
336085
5273
451380
62329
791874
694300
251956
39441
81109
1076157
114713
212644
251543
272349
214924
24696
73271
237650
67726
309942
30799
180075
93699
674229
5760
93538
242472
215995
57578
279092
768008
17789
93937
9929
23295
116521
692813
590042
236430
134029
280958
641353
30796
113290
188913
687611
469565
297564
173935
94346
154843
898236
560600
109140
137875
260624
539797
406130
884739
105792
237700
883711
31540
109045
91367
17254
385958
319415
200540
93834
147011
20688
44865
11716
92064
78196
1301
437107
23775
854650
643546
94141
639364
814347
547742
33267
103875
86406
63293
257652
167148
42640
95294
126728
33279
23091
604528
945351
464643
123966
217813
276680
172990
94838
74305
13099
163408
61020
570755
663018
168758
764602
412526
149437
508607
417796
113678
729
4126
148159
28857
215410
643539
52183
26080
661106
94789
684647
32
250051
326874
178684
298348
91444
491803
4980
437788
123224
253289
224692
93291
994198
36404
155752
131034
28100
21392
266757
121965
23882
36440
26488
938
23544
692699
647058
685933
222122
335663
65959
189321
175138
184058
890917
110933
131309
211515
44189
737914
400393
92844
10800
467677
48824
718705
96571
462269
97066
38459
153798
6210
148013
31756
235441
139928
12087
357769
46447
84891
266613
456945
36293
125637
25761
1921
1027539
660230
291221
334730
243961
181087
109984
347128
157424
510603
100197
476717
200805
16253
63172
119228
1036456
50434
135395
65407
354083
27590
658814
646304
319969
548505
107414
109918
113629
96479
205003
124963
801720
138069
117927
7827
56276
90497
48731
41771
351668
745877
192696
155020
499431
155643
175429
560363
138372
777169
10540
14844
616055
410379
89770
68033
251905
6098
213017
93799
213327
400338
128660
95326
170594
42693
257229
135773
63269
22552
215361
343358
414438
137373
128615
97114
62870
178249
31421
29508
26140
1069
712516
158310
124666
114230
282234
354487
89469
204938
116364
101575
77982
129852
252333
694113
17149
167572
544011
35691
655179
116304
758943
131885
49229
403678
157854
94981
252784
553137
105328
754315
8514
269984
52012
33144
414268
249200
414272
643249
37515
29160
44902
529482
220996
72256
640340
7498
10506
677910
157574
105411
6927
83924
67499
3409
17823
106231
673354
132701
21642
29652
161230
714042
245275
59141
134014
8772
345253
260881
174137
694867
44883
33191
658772
282269
167890
421029
1009148
181643
130302
104826
105348
425867
430912
167592
94271
208783
212380
418221
158038
27635
49030
99853
179712
128933
36785
307710
161239
81797
330035
429292
272958
262629
135135
691880
181357
260537
707146
101806
24173
195483
133128
341756
157211
398669
183750
60643
89986
372347
486084
1029381
396049
643683
89839
92164
136396
101875
217425
146560
9905
1074002
200441
647368
174099
202530
229415
281408
38535
156558
167711
5935
266857
1037108
6152
254251
393587
232971
18068
44206
717065
304
95218
125607
9252
245024
118114
26710
180346
346948
6309
216150
131574
90622
651601
16789
47427
47357
20923
397542
24220
91777
19418
170866
901
19576
186545
12764
243842
28455
364371
142258
758200
388115
316855
267040
257964
613436
498563
70598
206644
696382
57319
114461
14357
33628
636708
217670
44371
146800
97510
339175
736936
93037
264845
189348
248164
232776
208165
16031
359217
221692
8994
157313
75983
177990
4393
7605
363668
105517
1109335
216496
8327
313030
137836
198482
308337
786006
94070
277972
241879
16365
117492
9024
746115
126881
294997
20150
236894
141876
648336
678502
281745
487004
649536
25663
29260
245523
57040
80624
640337
134087
85311
787088
7405
153700
138991
41298
114286
8838
92958
1035288
376660
674940
395596
75090
279694
162456
694933
695819
310430
1026627
229120
10819
251692
283537
93858
76698
38074
133608
109528
281088
225552
312029
1020803
2191
642791
36125
9152
53694
25911
213675
78350
747130
449742
329445
135632
657608
1018699
50433
110420
198760
134129
3447
657983
894881
267793
325307
229358
94757
4822
2399
145961
236522
31135
21615
106448
64396
32029
230513
272960
701597
773217
25099
1029613
105571
111028
94388
25754
11854
699409
73454
832143
52315
194761
115726
4949
37451
210694
96104
181779
876067
294666
181364
256827
62293
38372
14113
21683
237652
264482
109434
67775
3708
349585
4969
116401
300125
94816
21048
32969
72649
751940
170766
123366
735388
397183
192012
822246
288057
21739
5994
384967
123076
288928
131115
133085
45686
90509
93026
51156
101479
82054
146014
71508
41601
44550
547048
655909
212136
10650
130557
234980
205655
247475
201448
71283
363016
250143
33336
89757
60573
2008
805408
51399
1097435
197451
27374
62372
108297
75628
94240
29230
487837
376012
2034
262259
20388
730518
710045
1095537
291502
272488
108564
556402
203896
18364
160505
768310
188889
774082
592960
195126
754953
587114
456214
690460
77521
586153
286570
662726
348665
215773
1086053
262900
108101
51827
141376
137957
133763
777636
8507
57019
359101
54066
192767
62159
17179
67306
478408
23177
52759
110791
208971
17378
84659
79391
156864
365065
12058
699720
216099
24936
114675
796230
296621
366684
419
90533
53144
226946
123892
658730
733531
91505
55114
212904
230961
280395
83663
96538
68283
172378
136549
163713
488793
1040965
670434
666052
260562
402811
158109
1039576
2703
59549
101719
810141
219486
72753
728608
37173
88631
794966
693864
337760
237822
673266
171313
199505
128097
84657
95605
27893
73191
378246
292689
116794
68194
165560
68362
48901
431609
245989
218365
246672
870893
352929
85364
79386
26827
206567
188899
75496
67714
248576
4952
656027
9954
228155
140803
124511
1039451
1205
47260
402904
6624
1022789
183446
2249
454835
664239
57076
96204
237799
95356
260817
83023
93081
20984
231657
210494
255337
165311
26123
494467
3982
22378
208431
8228
273423
712675
26290
236902
769684
281168
389510
7726
286960
256818
52875
137767
10565
32672
5675
49013
271894
73174
67569
362865
189467
75288
77462
693306
166124
741612
143597
234693
5463
108185
182441
11425
702951
479135
212301
469572
227352
130534
32126
10833
39000
278390
213617
133902
291719
118560
59601
124246
66433
522237
30208
58145
140615
396379
145162
687978
181210
78415
433078
192772
70938
35478
426076
166755
138590
753669
129463
139766
190345
171923
779948
117939
318076
79712
178169
198070
104251
26079
906254
141785
173125
51342
120913
30620
69944
676925
5266
255892
288291
23158
93980
38202
121611
439778
4069
125444
110158
208901
9953
243672
665774
757556
210848
304613
731847
386399
2277
698420
614653
977507
7951
115782
377527
157741
7696
388450
8085
381159
1876
324642
18370
748717
271498
151072
542087
275105
663316
120030
119745
13761
25770
14233
125688
432164
1002570
655747
93475
28430
1996
148739
18541
192487
33449
101826
646676
68002
224748
651529
467505
702190
4183
212085
587206
182
241408
64004
358051
428248
413599
371879
593958
133121
212755
788716
384166
158305
130965
290047
95996
67920
186696
669510
1122421
202495
7559
101822
136910
1066495
661739
280936
11936
80252
398697
5652
22768
663250
75216
125840
251912
695010
13737
314109
203426
170692
764601
572520
108502
312812
360787
422446
231003
9366
45975
12834
350438
178325
333640
862261
92996
216154
247177
91870
105835
113261
348366
117266
741621
508271
116182
114737
710761
118609
135280
4636
2678
162698
99396
512150
75506
650403
178343
138101
75058
589286
72441
46438
171000
19329
135595
127088
111253
7066
85607
359650
686737
55957
123180
25191
37498
731468
312824
6219
89243
190581
8842
604306
1079622
25108
793738
649220
186140
248653
257883
171708
51162
679087
155372
476331
110512
645594
285983
107056
226610
2125
70409
186882
24639
84872
185857
1037903
82173
37452
244
9307
232734
373401
296006
6007
14959
674327
585055
816986
109175
200511
74778
312271
636125
107032
174925
108377
191266
189342
244792
56555
267700
23080
77362
104326
47500
155426
216887
279388
229381
523160
801
247765
235551
112154
187711
77327
39126
43964
140047
90889
95965
63420
671064
738542
543163
90766
565861
701158
79399
682752
206494
23244
188369
6801
175607
396157
166080
229037
47533
81097
168343
67708
2714
131423
307131
364908
425730
201582
266864
946400
188991
418952
858102
417195
121991
420731
788259
38264
267477
15396
524395
72732
37068
37745
221022
203125
214964
235333
748478
93469
129364
134142
76435
875496
672679
390647
694842
383059
81083
139709
276211
6305
257769
16172
650107
263750
304979
693459
24566
656187
552914
80519
354289
677601
101037
73274
278518
1066844
92674
390796
78230
36620
151091
164750
322984
117107
800067
486795
384523
202996
787458
154301
62624
501488
9740
272783
81557
642701
679654
79660
43228
460360
38365
2839
177739
348142
304470
677177
260693
81870
142867
22073
78113
90929
743587
195327
95465
124740
109411
92946
55214
660712
78952
178443
181475
54253
216993
149947
178710
214575
333310
138516
118773
42994
137844
187917
264653
644008
577067
70446
188467
90174
598723
35612
662528
116095
452168
684219
75768
364959
26165
733136
95020
43936
72660
79589
1754
753963
390445
27595
13662
263924
689589
19608
112415
8319
661142
189363
77842
221906
19893
180127
99641
12529
235462
109779
43332
94409
9023
10842
7357
111014
110049
71135
44252
79345
392900
404364
515909
269044
177100
107239
642715
97326
110753
216801
846958
683721
218212
646670
299195
97011
262404
65957
296567
73197
199461
138825
990734
209997
21003
13821
16719
4390
7604
242209
50432
106922
228818
704897
668245
3993
138255
239589
267409
132657
154860
121015
68263
230643
1077418
432251
70418
127185
35806
116812
286254
175690
94581
398141
214558
97016
343185
7586
6892
3080
700272
411161
129472
5079
56458
96658
57489
102711
335421
12310
162010
72086
84230
78047
647693
14271
228820
191502
362861
70471
315929
138391
181401
177812
2547
334370
194300
391752
211594
79674
643593
700046
22119
69142
776868
18613
231971
717753
95376
219717
316494
100468
81869
126124
49177
141790
25930
332461
378892
670134
57361
673551
126089
392097
217521
202039
288584
6754
106890
339987
731062
15549
151440
707509
7981
692031
640579
128111
97876
204211
137980
600093
88112
498946
199695
174548
154787
1160
22254
699502
212962
257530
220992
712623
126248
406161
668078
143100
83649
481907
248099
441516
801182
101547
176795
210208
277074
172002
95145
358711
736927
192079
132780
169987
63452
636733
114889
68011
14690
656028
87913
52672
105859
121806
23299
104524
598627
47456
129479
96142
125778
46073
288
85702
442390
908159
992402
109878
124092
132292
187839
322001
408049
64751
62253
764752
272850
60365
24721
179395
142241
140409
288045
317746
271496
2220
93533
278118
126823
80499
243399
794960
175808
136977
267944
28237
358945
105120
7590
735602
272454
7856
19053
900746
271366
37003
9375
106210
93981
393251
93982
189866
117077
77265
21050
754430
4553
222381
299772
265506
97177
65479
165464
77784
188934
54017
101340
91507
229865
4336
53799
64012
517881
782308
105036
796482
164
186071
19452
227878
118104
244860
687494
188592
18275
349552
132781
44036
134750
6278
81346
208745
709323
88332
663698
71113
172455
96952
246134
22535
23642
52709
408324
91412
114914
184321
646
72811
197040
25162
105117
716932
64844
181339
80193
217254
340165
92000
51826
991843
727956
100986
19302
28051
645648
285740
659438
160434
5225
248397
5790
28119
26085
18105
225409
162705
674388
301691
27148
356486
220683
1081165
705214
1080031
1088052
246349
131467
231000
169423
176948
549872
82039
373249
53530
216839
244696
92222
700059
418059
12892
158161
395166
71042
60228
423129
315159
220629
225737
1330
404336
3732
181394
93555
219440
271399
256039
767245
70961
20454
92655
103952
210005
8684
686679
221018
383970
349902
241509
314699
51096
104975
109320
236326
50111
846093
20452
62856
351015
94655
78856
648384
349846
5888
9450
154367
315709
245567
17893
653498
676758
101686
344145
171288
117654
143011
123348
167683
260559
40568
640523
493388
122158
93754
29345
691497
658337
155687
825403
93419
15532
27104
6321
541484
685071
3748
175823
270644
703469
555651
61637
124785
296777
3737
155866
118787
322015
152268
61261
167352
22317
247208
62795
5437
166179
3996
230607
335447
710619
182423
95562
259616
156038
44903
4294
27310
109883
10534
278705
10391
384310
46846
207792
202149
269037
109416
423964
256911
211660
12402
529767
31568
488625
54925
209315
62164
129380
19463
663745
340143
473226
645646
398925
64959
286
24472
417660
312739
105522
95188
100755
130922
57675
235841
59883
657601
1584
309346
46061
203722
721158
811461
779755
318398
93199
251419
249774
217653
104535
159845
87370
42566
95559
474915
136719
16864
365527
40043
318925
132533
106224
642850
13714
36451
655551
89931
1080211
30092
93659
195575
645752
203675
89681
205884
55328
1027963
2750
154027
172818
212040
330296
642771
108967
270596
19888
100435
242700
95640
125141
195569
775503
133394
389095
633683
217587
245931
158854
657667
178699
707205
75059
266510
410722
49431
78705
448424
644809
243609
638732
87027
76401
644891
127747
504502
506717
764984
265293
662951
326941
2463
439362
270375
2302
236503
210488
64040
178824
250078
18208
63469
333479
152832
93964
60431
9195
11660
229121
4082
260138
271951
93028
75453
11260
325189
22321
242919
16255
179719
166065
20320
436780
256124
311117
370519
160765
48878
474156
147656
13260
419970
177462
167691
137924
253296
636519
108077
549635
46466
151069
363953
184182
184052
804
272267
220994
78216
57272
110664
804313
75036
20737
593201
38097
19211
304447
177046
105978
102404
79569
654816
21673
300404
212418
103383
177647
140202
411698
41442
756056
51104
98169
692985
279074
542414
13788
495849
48227
69436
215465
37621
8628
654778
137892
6192
54058
394503
127912
420512
104306
10609
63252
27346
403078
407501
31223
167183
112147
22865
2276
271138
3210
233773
111072
172950
33441
191191
678974
677641
182660
880251
105206
194028
10927
156027
52316
830692
63802
36744
178480
294674
281141
177243
149716
24178
1028886
304446
137298
665426
94288
147039
345382
240403
653756
848892
5087
8198
202938
131083
213170
291017
76189
25143
1147
109187
282631
137746
153917
414970
177405
108478
8363
109076
532104
57935
26357
20158
781
190383
235531
661956
4034
355989
3453
107298
132728
380536
1008982
5654
268660
7848
235625
2280
52148
141401
650367
116712
267799
94896
320143
166640
643033
104329
106029
92761
28810
196955
84221
2606
85912
163367
27119
116565
166007
107273
735308
47798
64579
149268
188026
79539
315370
41602
23630
62461
222660
482517
105269
305509
225258
600865
21209
835110
180286
175001
599195
658013
776947
114699
116236
20191
30118
80121
183259
682914
3327
96262
271277
103202
642652
237530
648445
192833
288342
345955
782426
251836
756648
672639
845920
205307
334317
50609
221709
229696
56582
564168
89600
4325
208118
283155
7675
176882
19566
752744
493271
294426
1397
30915
173127
297222
270
133246
24054
24682
140793
158592
40357
272560
213561
321431
676110
167780
229992
85239
92941
177047
31389
1164
673004
1051057
110430
329059
647595
71484
638805
713170
82611
1019696
677775
118828
639400
644311
39138
110962
230106
89642
235135
41614
154405
23525
32717
740368
410438
726304
765640
73073
244623
10967
315837
112545
108959
675420
631730
102179
669769
136986
66372
752362
258489
174513
1050
66903
3593
134414
137659
1060127
77695
244529
49751
248126
315058
828346
126543
268895
2416
40950
96926
82460
372232
270368
70947
18260
577320
126909
305456
385964
93978
2557
453380
462542
77838
22798
84246
967538
285863
83620
286467
701888
271644
439179
9945
175863
272366
672342
599843
927589
2083
62363
81999
105464
654368
190527
286997
260846
25609
343696
144373
199169
294502
308439
399179
375497
397550
100182
893414
96586
265300
211130
74785
24374
118126
45972
21922
641412
31919
709766
122116
94542
109196
74981
677902
108519
318459
673939
80578
212759
352142
118608
711877
20438
39063
1043325
167620
75730
136890
139026
30442
24353
205614
620016
176375
126192
89738
88944
563146
131357
217462
969104
264499
209289
22963
21304
125128
56087
505150
84975
86561
183941
675431
685968
182383
21702
374671
661889
363349
276590
215189
781104
110367
171263
654132
503428
92545
7385
34177
79551
172874
28520
27219
131433
748454
1041416
390877
691814
285156
203428
646373
269756
177458
806836
20794
452999
11858
21431
72403
686938
80502
660857
1103504
1012879
9932
400910
57098
191294
171688
586876
131578
95984
90306
28811
103440
41051
97340
281708
51567
907866
110928
83059
130329
6202
649242
98876
560791
135762
21414
464369
92802
14392
726802
111329
423834
35797
107435
580104
352274
93016
22678
166003
236251
106166
48378
29341
56842
76746
311081
36356
68255
334130
684403
19816
87007
782234
66370
82318
5096
662152
17243
888536
264612
682770
662644
220395
121753
617553
10330
177828
48650
48039
275643
227406
645063
613325
236594
2987
109308
198732
875821
739362
216818
107939
191562
120784
264119
156939
657346
24768
383732
212409
230006
311384
183433
202698
230227
62468
93652
20178
10115
695207
445501
693829
20491
68397
226629
200257
109940
52171
273320
713547
90860
628221
241546
4290
702134
77947
153480
17981
256979
748580
51934
101450
23219
78184
195481
816810
436727
25958
1087
95208
631341
64627
26887
434086
13689
213715
229141
60253
341056
20358
77778
127809
385394
20258
161995
88564
9668
142032
300520
20092
402582
434071
150119
139216
327135
78336
748139
145406
329764
657377
187327
24851
205072
8010
731028
972752
116761
142277
240263
796404
940
73033
549488
741951
3938
107192
92895
92371
238995
176957
91195
118986
274051
114999
106576
124806
686386
187428
291943
38378
129703
53658
81632
96820
207076
253943
187626
140216
257523
345399
92590
17024
118853
8233
786852
160533
539371
8112
18936
608225
35577
442171
183185
192994
19495
25562
320423
122737
89344
226800
657500
294558
675618
108978
375714
375871
132298
13837
6716
13441
294803
54871
101489
77959
171160
79617
106367
431418
249137
163419
210120
251180
707044
62869
6339
1067265
120449
1004186
3247
10235
72937
243673
29709
28109
46999
661
59264
56794
655767
169659
36246
23762
314644
40946
137956
165992
822784
1024481
106717
658517
2660
86073
176482
224526
18689
756575
3258
111522
399497
8540
65318
107984
1081637
500912
179371
848380
72647
105519
5162
90008
323867
361360
689647
347534
224749
160700
189406
314564
641929
30412
6085
250059
639702
204282
49140
74515
979969
407030
40408
262094
707751
39172
77697
923403
29350
143967
750032
331235
64736
656029
89870
373437
115762
235530
107846
23434
63977
73034
166691
49783
339545
153119
149335
151703
644480
177179
174518
236492
140078
328866
24415
393092
667635
89617
189632
16269
87912
93718
5404
211925
216767
992441
226648
163810
325602
42975
160386
268996
129733
279506
95395
328246
215117
252571
13728
47668
113794
284670
748343
92910
296503
338315
973433
191273
5134
122930
191871
339540
156923
18197
21796
401022
15759
707135
2196
179352
927590
108962
59052
121755
669084
350279
93549
33825
226703
1038609
8748
202651
221208
115613
162090
660641
23170
5694
200092
14354
550176
11766
570022
241153
50784
1019471
87402
216182
157551
707547
178849
30925
26918
292496
498721
346496
640503
251412
49623
63403
314942
390669
360731
27580
97545
17431
146809
120086
209246
663500
187077
648075
102581
199964
185195
9989
329975
3160
13220
314973
226646
116678
427832
216114
10425
9859
4266
104007
7111
76408
648362
30185
758280
375775
63864
9966
85859
875008
24399
255114
18320
490888
6762
259491
57050
109646
238802
662023
213716
118591
686183
136235
4388
215017
178839
182429
103994
684477
176020
676180
1043368
26178
212504
191103
322723
552160
110585
274121
325017
187236
297373
64538
17975
166953
43998
167382
265297
184890
435316
40156
106538
24348
123566
101937
677982
381430
476719
84576
297395
10895
44909
211529
64106
1036207
713485
113738
75050
104031
137230
20573
463545
258773
659753
138918
72804
231928
680885
35565
242961
271359
102259
452938
47333
1133230
88428
292119
58756
369166
10739
121429
91359
845924
776916
307436
200302
636222
175781
330533
59867
436048
71090
211611
63865
66371
20432
1041
106197
167771
170787
199486
229985
770060
30326
743343
26305
884134
216255
132522
86468
659907
87505
516464
64048
97630
6704
250547
212841
17780
210836
310676
95245
66011
15304
107738
100870
82336
106608
93598
793631
28079
235963
497978
374095
106419
174726
217571
127103
741639
839237
377996
159316
51918
690161
60538
200084
11958
226775
275799
74215
3175
112577
31835
635951
88980
88822
91710
350934
178719
48853
175424
357358
993830
208786
166576
62498
118920
87781
692306
329698
186173
253987
200637
262916
115935
636709
98560
75973
128196
146519
167835
22094
489022
49588
302811
94927
17361
157749
675906
659441
22852
20823
324169
4548
182274
179453
103256
12654
36612
1039296
128107
642427
101077
443113
134043
295679
152482
101744
157914
179001
178381
9067
134049
115733
100285
126112
49060
377508
10426
96539
200949
370709
67508
220820
568904
29202
12917
677950
177050
175590
867341
258120
874037
111277
157776
30734
224896
694505
288378
158360
127246
487370
207248
402579
4645
675847
152609
94983
204487
22854
239196
14664
154249
648912
532127
168482
106482
154615
65621
665496
160769
245561
232135
884571
66945
88802
30946
667693
2103
27039
76517
693224
687483
160814
213847
51262
1001388
411327
662090
228355
64051
299571
221870
223626
285151
386968
352564
182046
275426
76360
1041783
303738
1842
72693
579911
556935
106267
78245
203706
259915
77315
20797
614656
802341
470615
14678
690178
475465
813443
305139
1062458
748340
539346
187878
729307
929290
79200
9192
225164
228584
107997
19099
113838
42568
13347
21648
25909
47445
94307
75287
418573
5220
24753
91516
554631
283992
587286
42905
677065
1037392
1059651
288714
14149
21109
37182
175716
69869
94515
66386
101933
391914
295333
88475
231089
178542
21781
177329
11326
635500
521565
339276
56150
688412
736903
112
308961
37425
21674
245512
221217
297191
133825
237043
87936
169919
42890
107707
347541
15834
7254
213241
456785
235162
319287
123374
1010223
10461
10193
394641
172996
495605
329049
180685
133847
106617
93881
9094
489078
310275
751983
693767
193451
139047
21171
16817
510212
51640
230528
126304
288072
13386
33467
216381
175519
25421
660729
301458
26977
96325
35828
387713
20532
19824
71803
23854
91425
377883
71098
30485
364294
223167
60159
675815
243707
22698
304800
115062
138368
238110
706886
579228
138107
62340
95930
231369
175547
794967
645667
43704
192041
12391
17247
661100
371877
312394
93535
93814
97257
4574
643553
189669
178670
137755
71551
37289
237538
192018
354496
254662
675436
92080
380755
20168
10962
272027
24568
292519
114720
8493
147519
300576
675733
10405
650294
305606
648397
22720
685619
88902
696168
314892
112232
839
253355
668111
291181
54517
126955
85564
27845
14305
128992
315620
282545
157826
132356
105640
410427
9883
107970
2348
264196
88498
93578
342280
241230
125324
371156
285722
386675
642546
469874
94741
23821
167932
196246
97060
176007
91046
179242
174808
10023
212094
220828
178783
651067
37051
436514
59969
307737
315090
249052
496469
416577
9415
24331
63376
356496
581445
292094
25758
1059778
47525
155373
270232
173172
11382
96010
688247
353382
12984
665570
376978
433477
246355
93818
473592
663603
91551
102554
57693
118982
314320
49115
378577
1062967
773525
57084
99830
32947
419962
815240
310341
72525
405161
634017
69198
1149
753902
114104
1004189
111831
395288
710304
991775
239133
317216
17321
834554
645600
245959
307807
193054
130511
493362
429535
25350
20518
693106
14776
43270
175154
89644
37114
293159
207901
187559
292618
122513
248728
1133341
59395
1014302
32418
131135
241945
21239
77458
756345
695435
175641
294753
130529
260765
108253
51289
225969
115111
463278
404908
107410
105285
23920
91361
32050
697430
239801
727152
23881
75943
158232
111045
106265
194047
135666
163354
691398
263071
627398
202258
991086
31531
45034
251630
573906
436934
39888
349407
65830
173169
265112
186789
94796
308778
743626
270794
311284
7620
242182
117054
93165
178689
136261
238382
151995
36907
137079
1048714
370057
160856
660354
85283
170600
1042933
38740
52979
162636
26022
38343
258231
151235
609858
8316
228060
15196
142754
165918
196483
566
235787
11301
115144
46089
287855
149666
360728
15035
315641
131005
273000
248561
4903
21951
373380
48612
62835
73912
380008
133832
497338
47177
27322
183265
16279
826747
286697
219474
218797
3805
79276
98649
677379
285801
18009
928515
286548
179801
234466
169420
548662
189917
411205
77267
20269
135665
343165
236517
112249
367269
235946
679349
18031
6600
24964
45200
237763
16185
47542
89017
213870
22941
388243
383114
644043
176269
241544
92621
4031
180126
143845
69091
458480
111058
158339
382277
43939
117622
131027
235556
677712
62546
102731
205168
814801
172585
162639
110104
38216
212556
134026
198055
511594
113840
99703
345896
160825
1731
435743
328868
734403
197860
382335
2722
392619
275548
410731
174807
82461
143868
36950
1050664
21415
5574
167070
462502
141896
180999
4049
21892
106276
302661
340
61317
143968
286085
278200
188892
29762
161796
63068
164596
201178
114332
40096
255310
71711
67355
103319
188063
15068
292309
397565
57190
23257
153484
139357
382116
484655
682688
9142
338697
1012895
137988
188288
9358
107054
30131
50639
53211
178340
24924
243065
422852
17864
38494
2573
243902
37307
103965
18799
737809
495762
37241
662261
130502
19035
44361
412026
203839
94451
9337
6173
145787
94245
126012
248146
728
846544
50914
93471
135033
91378
258778
57929
405053
194676
199069
5695
29946
237675
139730
22410
101845
147029
111489
572910
92147
96238
171885
661236
597234
102495
51079
223678
955562
210491
3851
155812
258607
212733
112500
92731
196459
130747
215463
81448
294129
114580
730214
21718
192437
83930
774304
230948
7910
687801
809979
12685
720577
230572
1356
99292
117516
148189
484786
1079242
139441
661651
7157
284215
991014
135158
2849
140626
665521
640698
311808
278192
26830
74812
2215
81945
808769
124568
222542
188460
195395
130684
214618
89661
132520
446562
48603
62926
228821
261301
286823
335916
278736
108092
10401
64525
1095118
11243
213105
173371
128859
1023097
227195
673704
9800
242481
244760
644394
655781
109310
63431
100386
102516
129495
83801
32475
78271
107342
662107
83929
49203
252519
131001
3796
524761
215201
384484
271529
18264
174901
179417
195721
331894
234152
60471
275913
313563
267715
1006176
228590
775385
178859
125136
95658
108465
186167
18722
704255
274533
20693
779066
101777
108379
182779
232678
16592
528542
263664
110355
18978
101155
25446
18139
109336
20710
337615
187383
384174
130397
695566
125564
296034
291374
186485
378580
94921
316904
253982
138963
62986
107317
44522
72729
209599
677878
548554
90679
264732
688682
60371
45005
644776
661156
107987
438757
469805
205077
132400
253687
343765
119312
123235
657679
123707
142306
127532
1048367
730099
728014
210313
231046
332563
93741
254083
30141
79870
300326
499441
417491
129348
707364
32771
43101
175779
1026495
20886
151274
41077
124885
475551
106730
95459
198810
130008
642964
22750
9143
197526
194862
32823
4075
49404
788645
212605
4780
415382
94329
36951
196529
1029922
125300
1013342
707333
36945
108442
111162
270446
5810
16173
67607
142250
142
696338
171722
9230
4259
133946
213988
446407
370818
157478
931837
106287
75062
680869
731562
203361
74565
127327
648016
107216
101577
1117955
823059
126693
44507
94221
122147
20414
67738
194256
220067
743286
32344
6545
696435
175623
342377
319604
909550
644463
176385
424991
1002809
96657
281132
82321
706099
253217
101524
208370
1077039
220159
116226
97134
124080
166627
145481
681868
822358
373660
117595
35839
20478
37044
105831
322137
295690
660553
247373
4212
29663
243555
95343
222367
341613
272965
90439
263338
82414
30363
88590
25646
259382
487111
17089
272679
263890
510041
769757
62365
3446
13239
729143
225676
798665
675609
388751
398996
208849
101001
24596
50918
309958
325025
684869
92434
77498
111330
62669
643150
37184
203526
446949
680303
78073
166985
31015
31301
79927
37915
93802
113043
260643
86003
291032
241826
464313
33792
55490
757930
135655
489780
361889
651712
111139
4113
64851
499791
1023182
25179
150064
477452
331356
259892
111959
167200
361494
387706
29343
424707
114692
102901
17169
7104
67785
11827
300852
105471
215019
32888
163791
776104
184256
34145
202413
177775
101897
398606
85552
246871
661613
50470
76735
32292
22153
1036976
300458
145999
106382
1729
713546
699769
27262
203147
351307
70386
182413
63508
118528
114228
23007
268951
646113
203890
226572
267621
14591
1050899
113745
131661
270826
166117
165370
378547
7213
89836
309358
73032
31159
252735
113846
115807
2892
72424
717262
680407
277855
76001
112227
1114805
1032280
374398
81364
208816
1024240
82478
66544
219915
1082252
147030
221886
1119086
658505
186452
886974
163467
210989
13425
181270
152342
205669
36269
215288
169359
854157
23192
228817
885333
695818
841033
740977
38872
250201
697319
267757
169943
128733
186487
32394
252594
38326
2110
245085
26512
72418
684437
125450
40872
182890
214292
230969
124598
111957
258907
556292
199453
201838
241666
517916
26508
260982
165531
678667
772998
237940
766858
399172
110675
578133
218325
2905
167717
19342
143779
100816
223717
157514
23903
114641
100177
67080
106802
430373
182359
138057
357749
245526
25673
435762
4989
86625
663030
52234
218506
255420
693317
238541
21965
95757
716981
21632
186951
123789
697503
319695
672646
65478
151390
321093
45213
14564
110209
43993
361284
712533
662040
84144
72131
76597
259992
667673
260367
675065
740636
645685
1067963
24971
335569
415707
16047
98733
16203
640186
77813
237004
15904
45893
107315
95979
124417
34824
43399
631894
171950
206896
234458
156921
12127
63694
335280
648479
148656
149555
93224
643997
179919
154450
87403
731735
5358
128475
42244
98950
1076227
429436
992416
106532
135702
83644
335094
752175
37157
581629
11377
23195
218416
162911
39471
648512
334896
747724
307159
65334
166659
61315
1058721
77613
28708
190352
27069
105480
53482
262386
700365
33766
889014
212951
139367
197386
233
99838
176221
136898
117600
21222
168283
129402
137431
247816
448136
356283
109704
229502
363594
50034
7417
83212
226894
237264
266518
3497
172621
73332
203536
1028353
8131
33916
478966
662189
225387
85705
49817
394596
126101
72698
19484
60188
642763
143952
143299
127783
681673
104296
162184
15601
84348
681398
186556
349223
382423
262687
25944
59611
175827
95167
288949
672249
334254
124801
252307
545651
92837
90005
65019
774619
1031900
106180
878715
555209
22989
33920
65857
340874
219032
477811
237615
269943
173027
56201
145977
104182
748331
154701
221970
45116
238210
853448
213890
46789
750763
359096
125422
833603
66699
110046
97049
45670
77921
108037
248560
248467
84555
693883
386484
313172
311799
42646
105587
177820
231356
78776
429996
516081
30444
671685
77079
64315
328016
3337
96349
228151
629654
45174
138056
315099
116323
367375
636429
104205
175652
710717
739681
4401
642683
227269
269029
209212
195876
579923
97195
52408
162777
91299
400240
92633
24717
239368
746785
1097782
18912
153209
310889
151228
280088
78612
2102
641891
152019
96794
457
698954
373508
8177
50697
136043
70896
106373
71222
282364
112185
89663
7964
122990
103015
59610
648647
107848
645639
213985
695405
513647
118922
389495
78591
20226
128571
714718
263238
403688
30469
398919
786325
150794
167621
210993
31678
659592
215267
232484
202089
145156
420124
43282
346165
686139
145524
116773
77340
141817
92886
889
192710
124729
1108018
667565
119987
9319
584402
122100
122992
123618
633891
167617
21047
5258
96943
237777
131659
235029
213979
48525
104685
5441
40103
74073
119720
9310
45572
25649
81825
125416
71659
24800
118684
166757
898702
343511
79383
757383
678478
964736
166130
369536
1060918
65496
246913
237410
940224
17583
155589
124968
362752
401223
177438
596316
552810
163505
338521
229008
38516
180473
355384
951210
69799
462599
25569
94120
39617
1091998
148922
151983
635686
247743
134047
107338
219325
114919
246291
304569
211050
43230
67241
671520
91035
168993
445601
1054143
690638
220218
293695
242476
115005
751591
51671
389924
274994
166440
85465
7949
27328
187591
154859
69967
529143
101249
544836
146007
93388
183465
335733
1001919
147470
217731
77743
107920
107219
13574
263283
1052736
383848
417868
73267
181656
870884
185311
648243
648643
14604
241020
836254
532763
198391
136969
925951
37274
661355
141946
124368
16384
1095635
49995
195394
663954
1027792
77942
680281
185795
291268
657127
121362
112403
31859
1058810
217570
91797
663611
74638
420905
125144
214079
406371
24072
31119
71825
23751
1038170
1026045
407939
80054
11214
92220
17078
711898
149411
158883
27046
343662
30611
104310
298595
20730
244697
192630
112685
694225
229149
352871
2656
663734
72641
1033073
266810
4063
143623
51215
180734
182654
661165
24810
88563
97057
282371
102948
69880
802160
407502
387656
58827
65127
621156
8545
244303
244117
62638
210051
10606
486615
33905
1108149
740772
242640
238969
161900
4620
264625
182575
123662
94569
316634
155703
146826
122872
96014
212745
109912
247026
29403
208430
132760
300417
771891
292469
13173
640465
497836
108501
650993
466917
640532
15365
238395
256785
734445
117963
106033
264510
361785
210550
726766
703208
91442
160652
305911
110485
90078
255334
8197
276861
66678
388143
147637
139252
33594
134132
872311
280725
450954
3326
695723
142157
315066
285751
78237
157575
360076
238263
72338
10613
244434
645629
42123
675011
1079427
47815
396403
682810
47555
6606
31646
941272
194983
60602
292486
532723
114325
1061567
125511
5751
200907
252987
304294
600631
62530
46722
465959
1073853
145060
56083
110858
649608
136123
832084
36991
18938
191857
657408
1079324
73111
325788
24766
138507
223869
18914
358390
645513
167414
201961
86351
519377
991470
879001
766403
643691
199658
6453
645328
162805
599641
136540
137723
271327
22871
257572
89923
661399
529741
1048703
1231
268728
2084
15209
80434
222714
292413
21052
60477
288358
97036
58082
48501
400230
45250
642626
174320
237599
113837
8279
36885
28685
271660
340711
1038581
189449
363690
420754
213297
19421
54550
19094
243179
46196
126568
12974
235622
179669
266818
106007
189506
34275
231268
196710
86537
197570
704774
193045
164660
91597
235019
312993
154134
802198
4237
111345
180985
25669
20477
639377
658220
246342
94821
90781
495608
213127
9027
975720
319333
672877
560179
1022568
123716
682941
680391
133687
1001551
282075
501138
242190
18948
308380
178891
783691
165509
696511
105108
171075
135809
355923
104701
423780
251906
1003779
275179
16857
104914
132648
28610
110907
498302
130994
160550
651797
208094
274458
704183
4477
270490
315231
661751
92512
38218
73368
680646
134102
200588
159304
104237
686206
649132
658344
993814
766908
17123
97249
6018
238764
191758
49899
89581
130976
169738
78262
30220
35651
645921
352844
216162
58704
5874
176157
324348
725844
248529
194046
59399
104807
830146
133683
743409
4855
77384
231040
420937
42426
452062
96194
35856
133471
756069
268826
306469
661349
200683
181435
328731
144216
221111
20251
10354
111904
166069
727861
28489
38158
656336
131164
157456
20357
637311
79468
887413
49449
4944
734228
2431
107367
191060
173910
884416
248579
353976
73606
211375
745515
106986
5690
770491
17509
32486
360905
469173
424698
189913
79984
133936
208405
217504
393598
184817
77322
687937
845550
304443
355227
19812
166035
103482
4571
676811
164306
352912
33627
220691
171211
243831
93344
5267
219407
186610
69830
178390
231454
110997
641530
38854
192593
696142
218076
314331
218037
87852
221191
506570
218759
2751
219640
226420
167864
692222
12827
117995
109950
249264
82001
220541
106427
132778
257632
8430
132486
171499
272609
660496
7486
62603
72577
226321
164452
225806
658751
329470
151133
178966
360717
328499
338814
32667
178419
91721
16533
176659
214853
94393
75228
969462
108392
285926
651720
773024
95466
17824
106014
41582
48177
78748
202162
82153
28899
102437
560262
88223
213677
92345
148051
782717
93459
96754
143066
45391
32785
586279
646094
897992
5366
25009
85683
335081
105238
235680
263199
187307
81305
307549
1029885
229002
241465
1002532
11293
661599
9526
338775
44502
564734
360088
242446
664510
4009
29124
202570
544398
245300
276321
98207
665104
647928
131087
795128
19856
108161
1116411
655534
23983
71008
135464
28000
450142
38540
515234
395068
1074116
613590
9017
149907
692324
131388
62583
132265
172325
232545
8841
417414
16276
541152
149508
544377
65148
347052
1087056
657596
754106
72542
679188
683858
230610
196693
60047
66511
344833
311060
168491
203852
461315
177724
676780
88641
748084
9844
189340
8377
218601
71066
642501
2485
249812
184857
28194
102767
40514
341978
885162
192002
73145
104375
184700
446292
71105
686683
26624
709099
29828
67975
1009626
518395
264833
2301
351395
568178
62083
391315
2427
284725
25165
180597
783854
17222
221269
27426
5772
238058
60237
28623
1792
704436
78648
122975
157814
1006626
108359
734739
75582
80285
164577
301666
198251
685524
168638
714928
649613
7003
291738
243958
642713
381025
5860
96167
9432
641588
167958
353380
395297
663091
655636
436706
39228
175523
315264
201369
239290
587426
798756
247286
1688
62319
69120
59485
78485
135444
76499
45441
241482
245998
61835
714281
227214
115058
94350
876026
733633
93804
93733
4018
7028
119326
89875
18465
1022684
93310
274264
94106
273574
204076
160876
21078
289825
211045
21558
8941
139545
711750
324247
107293
29079
2235
109506
140724
143888
644863
242721
1044949
696016
682120
78353
134407
22707
8154
5319
748668
6811
84031
283639
308494
1843
1026104
5885
691307
1079352
3481
94745
85198
99314
109165
96374
44976
22681
86855
63359
244726
492484
163664
158872
661735
477520
313789
205650
86260
268168
761505
108776
237114
90884
118894
288617
7342
16919
51599
300111
795653
70334
30879
174592
259904
94856
1992
80891
649378
59417
49581
688174
137329
181446
90893
248643
14656
648195
67328
107474
144989
3960
356415
157450
88830
211675
410
118975
154610
19255
177062
72479
178349
184755
54559
79307
396224
88592
272295
52511
268986
130385
115209
6168
158184
92401
23015
260417
64000
8565
636100
133162
194326
182180
334233
848546
172401
724991
83895
179232
291583
17023
639983
6373
250200
597315
25473
365616
216817
26510
23896
245354
664334
127020
3370
690445
38466
71120
909120
26147
439226
127518
176056
694222
1029539
177650
104705
94976
71206
87233
691726
645868
110087
106559
133230
378462
244887
190376
4704
661991
642475
4785
62833
443691
51152
1048343
163966
429936
64786
170363
4894
384028
113945
46296
249806
93571
138091
355579
1017052
76840
117116
206945
877976
37020
205780
7914
647164
246294
29850
167167
231142
