18898
645526
6302
2711
223576
6148
8694
27235
129736
75070
643623
663784
105045
37961
254131
220742
20189
192967
328122
684305
15112
168057
642738
72684
100150
104928
107025
379056
78067
28848
642504
383
30131
162944
78355
3645
155835
69531
202884
5069
222724
8545
1023
58246
72597
37194
30895
19754
657924
190277
8969
69074
143935
78605
78270
6472
24775
155828
12921
17880
143656
657994
89638
423804
267788
238535
4970
20398
242507
694582
11914
113703
18863
95348
157635
71093
82158
93572
167614
104649
693222
660571
138377
48036
102915
101870
644314
33326
672244
4248
100337
92572
228880
9006
695200
7518
757289
3085
70006
20687
98180
91251
69775
690705
424
72539
40156
97332
301235
25524
20064
100152
228175
67931
38400
37318
111534
3138
237762
24665
96695
660235
78050
209269
155506
78158
195851
306693
3200
124926
18914
60613
636782
117418
2975
4849
36085
208886
62571
101623
77988
243580
44084
178495
21671
2556
297710
88076
93958
99645
92779
385735
14074
238213
138991
396761
94724
31816
646652
170052
116377
11813
43019
1053989
37312
698500
80148
107304
104640
116304
420322
166763
21782
407868
95323
16346
3696
7109
19993
95209
94601
147833
37127
661072
660207
47613
22524
90075
12401
53414
660793
37020
75046
481
665887
105348
89977
106047
30261
93801
24542
680455
642709
111263
37398
170115
28899
265301
1695
314872
106979
153584
322998
1034426
1104942
695451
16172
228570
95211
176708
1506
29452
104574
49889
4888
672370
129497
106417
638603
17356
7068
230621
21087
51801
636605
218666
116279
62244
23351
27683
11026
11805
20650
26365
21051
335
2422
640820
78904
17060
97528
89461
255
105907
646745
93219
27110
186684
11688
732818
77720
21126
152846
135081
38030
640353
93299
59225
321
104019
5546
29601
263036
90342
25733
71149
97322
5177
94665
20465
192802
101798
20673
182176
21102
101185
373537
12647
234732
92615
21273
650653
703763
38064
85870
671628
20981
175409
92996
8128
78430
6277
91358
139709
106502
230028
101156
77828
171737
3234
70096
288933
43707
35843
173315
66347
77942
115889
717
105775
20098
36755
93196
32997
15355
616053
97112
12019
108258
185714
100795
94084
1038170
115346
280660
79870
19572
77745
30618
3450
104982
216883
3046
2395
32697
55594
35034
106419
90518
221926
123980
100159
4788
31298
22874
32881
236456
177235
33567
234676
231043
63745
94537
95252
3080
15715
8182
66436
30238
230019
187356
38394
93536
662181
2123
11808
124042
107600
94858
215461
56461
177456
153144
1066190
22671
63410
76388
106014
140628
2800
29610
84871
111158
228212
62578
132626
25937
1081312
94457
51723
156038
82462
187686
510853
212295
9988
137275
77757
124787
200394
33481
30372
105664
47076
95652
22669
678827
20896
24995
136716
1006550
510517
1764
87897
20339
667483
124908
88527
259846
19629
13109
145259
20988
11842
7758
70007
170598
172488
37138
4229
648872
38786
135172
6812
400640
97325
153272
11043
36506
118574
20805
19995
434429
741978
126444
660234
711939
197538
37207
100149
143893
12465
44599
23666
4406
5553
266862
114324
11289
116167
92674
38456
33627
715210
87204
83878
232128
95351
448167
242701
63544
69977
1014857
4147
20164
59601
238038
94825
81880
95318
21089
27872
71179
314826
355204
26377
341247
972594
105902
11167
39169
660238
60200
153291
141784
83889
104696
639926
106956
191266
271228
19997
373809
170920
657920
38557
427157
5441
681062
30262
170687
139487
234675
33596
28509
96894
78436
9609
35651
72594
21251
2850
475544
667830
642689
9404
1018614
174817
5532
8382
645694
77843
6095
1024328
5215
25598
495605
137523
123093
20983
105291
90873
18008
8689
112180
114512
3606
67953
77930
73236
94074
80615
13757
14752
23133
192714
118596
2855
656425
170409
70129
93375
112262
78445
94823
32942
80220
992397
91512
136749
33916
163405
106983
20881
648421
100037
104832
21100
30292
21312
46049
51688
265154
89774
93695
92791
377392
106090
122951
23016
210802
135905
134887
268562
33707
160270
25930
21132
29954
20089
108927
638848
1249
473456
184066
122766
97260
6680
137040
231489
264203
210611
170105
209514
137698
94097
30102
744753
154618
837753
24420
113090
27976
71105
71051
19480
44119
63871
2692
64017
690161
12413
94916
555
196258
77494
45094
95369
647868
209115
372927
29669
105582
85978
7710
74672
107571
923232
2510
172998
393687
256290
105404
7869
92277
658186
23781
63973
15208
47779
661408
21034
78676
66506
125302
17334
11904
288001
182279
128455
106575
92924
38301
704832
20708
807472
147851
727828
93972
638610
150141
87758
107847
92726
31626
80204
657601
188180
686106
989
731412
40310
692199
24536
62853
692167
21994
37523
2582
96523
5037
89647
9384
92931
96065
2502
158458
167612
340510
95671
106
91958
8547
706
1010199
104309
59673
139409
38477
96573
23097
64950
12405
2690
81826
20144
727028
62167
118615
675483
100468
99790
6563
22833
656667
94332
94546
62641
30151
167863
181140
748616
21146
150036
698535
4828
606760
140608
110068
5206
75051
7066
163440
11461
2722
153258
3711
176637
39731
64215
165461
23951
17858
108113
227351
152719
123100
154435
656727
686665
175725
643587
21276
648866
1079622
55143
175797
8077
104699
3955
73279
30076
266501
60221
650456
322222
172874
155529
47124
659104
54633
310494
259
643684
148022
62581
93497
111193
177006
112301
95611
206817
24043
42959
92235
132531
9155
3009
4977
20737
212500
2903
64077
13881
116496
38534
658388
81524
82424
75653
699925
92812
2904
3420
85314
130877
146924
78014
104844
77276
60778
5447
118794
62966
124333
60179
234351
657973
20010
23270
645455
28992
3577
15387
27791
118736
676663
3912
641045
18684
112559
5139
132519
314
92218
122737
16577
68255
749451
177390
103988
35709
678667
134107
446399
714282
10418
105465
23997
97028
196375
223184
6665
78750
7862
106245
2481
176912
642873
9027
167738
111738
693538
434
106350
63465
340337
15552
184036
241767
700
24700
701
90310
187425
320451
81495
1022883
237080
82022
6079
132966
104407
173813
124057
7731
29217
7809
1819
158905
15533
174411
28164
1036235
87029
92279
319618
1076336
78597
39063
94031
95035
773752
21565
78602
4639
70233
25446
5039
268090
188034
104048
75015
23676
118656
63962
139620
1018312
89654
662014
18329
92252
99129
684217
90691
1356
108118
68021
640545
101528
158794
387
84874
95167
92264
33472
188063
122493
93655
106614
81680
5130
657257
82167
729
10305
10678
20666
81793
92771
27044
60246
173238
140621
265293
280712
680296
175772
51938
32306
1952
190187
7370
9054
20362
187212
640334
3665
6402
695819
1461
170819
67729
95358
67623
1114031
158585
125688
2062
175666
713584
43410
21185
93187
640340
13859
4122
897666
82475
38381
337817
116129
278945
20437
228254
2870
79025
104541
17105
206086
4184
21239
13127
106280
4796
474162
170487
293722
95675
36865
77240
5422
186685
114323
20406
6632
644821
129643
64200
39
642993
4837
661431
240726
151061
59972
664511
181601
6587
33364
108552
679529
155381
91994
657357
39922
78523
43850
7938
6137
20974
686388
1060918
20151
1818
345206
164831
349340
21068
1092
63187
14483
16533
8178
243282
174197
36741
97993
21982
38091
169754
219830
6650
181135
106959
176959
17304
3538
72490
234685
163630
643678
270999
106560
2978
247410
18481
109188
168815
169757
106285
101719
20681
5756
1
679131
24954
74709
68022
3971
3497
688257
6059
103441
17725
82340
101624
20514
20845
286843
92833
1985
26658
27281
48764
20424
96404
107067
1899
33698
4069
468845
20631
3470
4895
2310
20938
105228
77329
1781
45898
20111
251431
320560
126137
643477
208671
661358
15503
122825
656730
65732
679129
686674
313799
26574
3677
24616
255494
10620
60028
154644
78453
205414
631101
67795
107292
113440
1034251
44549
221503
78575
8700
77308
212883
33615
93261
9271
107591
97010
3927
1055450
262006
1088
20078
354499
637223
7088
20725
30184
94618
170656
671879
111351
170066
164477
655619
645675
77307
645525
644324
2939
128702
47454
93185
2631
644495
123842
49872
314606
21297
266843
59558
81735
422
916468
642472
118295
7327
17993
20897
72508
77305
4316
122126
129292
21301
107901
20220
4216
40451
1026495
692462
6453
92283
62632
642713
214799
16333
20943
95715
71231
230052
676936
40767
703970
103451
884
108697
2815
1363
28220
50579
992378
94297
104095
17270
473703
769911
106802
23022
5100
642969
106315
90920
4139
85718
1585
5803
91014
63307
229911
91324
101697
674
63964
60365
197843
105467
106985
657921
188974
3008
675010
409103
84983
88670
118479
104104
153441
2172
6088
3267
21449
39681
646774
104777
646085
87951
127362
5869
646158
43935
7887
741573
272833
93521
14179
104381
118554
4861
21226
110159
107598
79554
25152
8117
11314
107820
20102
198091
992307
780127
20561
494735
79745
129400
245365
101566
679392
107509
17
1014555
88480
68023
117086
393269
1070001
14923
70969
22161
62199
105118
303610
22817
96064
60324
79111
177224
157106
20635
44106
175750
646687
126342
21111
21277
3306
118741
72470
15577
129898
26624
107392
3578
35808
94254
219529
14092
213965
426358
174831
280252
96720
1101
106140
8798
596182
4765
139436
31299
561703
637537
8724
92582
30482
651596
2640
94636
196459
131683
33902
198390
14898
419499
4068
191334
136945
73188
50088
77287
143790
189685
11811
20086
75086
77798
1199
508339
70587
642482
398662
39121
2548
673305
25988
26978
204928
88721
643083
21117
137982
104848
184995
664169
643935
11761
336822
106156
23035
6381
92787
234789
93588
2530
30432
94272
17313
29082
104908
193673
645140
40121
77543
43966
63309
12165
744733
229
118747
6269
127179
26125
105133
649071
6510
208570
17722
8177
57904
90609
6375
96104
6675
7962
65298
133106
82023
685972
651721
11906
3967
11546
202807
213325
615353
993392
116400
18872
645172
57936
642861
46789
766884
132954
219022
16070
397152
9840
20660
57870
84143
1513
253814
640822
104660
3505
24098
3948
180605
77955
994762
231657
122763
4740
104375
235503
104642
8834
35806
79558
664158
177428
94518
66372
4761
657978
904
8186
1077021
2480
116732
101813
1973
125091
46932
31994
118517
95372
284046
31026
124951
82009
57911
92765
242540
94246
21849
648375
9429
12074
106557
687570
112427
26191
100799
884110
4703
2513
94267
1043325
111987
60551
155524
93654
92014
35957
21503
63681
101955
779996
661106
102374
5223
50773
88946
643447
479
155808
43369
272443
3064
36408
9433
417868
693890
60449
4258
126340
765567
223390
117144
15328
25049
90816
102513
108498
815
97502
172173
38529
124014
637281
642667
33386
94014
642964
93697
28950
694064
1806
1933
643341
101169
35911
69766
178507
640385
142984
672384
71193
85015
26438
23017
1867
91514
164355
272828
92901
62847
234735
4242
63989
20934
97434
93893
33825
22951
9267
94505
1440
5681
87909
827910
21631
4422
93586
5737
108561
106248
1063070
24042
6397
301524
122133
661987
7712
62755
30291
678361
207979
188370
25460
94578
2555
78148
26454
42129
41561
95040
98202
20311
208113
272783
3630
91172
6964
102619
176938
2579
84923
39132
7844
60300
106325
104386
637272
93334
661383
75022
30226
339
178596
123619
101882
148260
2497
11884
50906
11896
222053
445
21408
29797
105847
712042
20794
20787
661951
647854
190352
91421
94132
1206
59533
38389
96036
281679
17855
18850
114303
94110
107566
102103
3195
8504
800948
93659
11193
67714
173193
18174
6526
113744
6487
20310
14088
1239
221337
185312
60306
646130
85228
789179
21693
114525
3427
638849
78779
130346
658445
212396
1704
943243
748086
38524
89985
266944
621245
64302
17062
1138
20724
176101
6257
663029
117838
4898
94705
662634
129280
1845
245339
106075
20877
234508
9740
643679
37219
50869
284609
166966
74838
151072
16187
221982
27161
79412
58978
789804
22918
123221
63571
154326
28045
252315
54807
73310
11945
20710
255877
53261
25210
4891
2632
122806
140501
22938
92777
137835
60341
265253
37046
13693
160527
707
99753
107906
12564
20397
134095
210697
648383
124961
95981
3740
30149
22932
172958
110052
51268
95218
2106
285127
143878
4063
1049
109812
203272
49474
251028
105964
20925
72682
17720
67949
21081
92359
37959
1014855
101888
1667
201473
240849
11851
78713
205421
22742
143753
106360
29664
5788
178631
101960
62925
94830
33557
8010
23244
727690
17256
231364
642976
93687
23850
20663
133024
261464
646386
8745
177792
18176
70572
58922
267270
186946
110662
29674
104572
1037570
680756
236026
48603
674261
186188
1528
89748
4488
105006
71159
3747
113768
28051
775072
142337
155192
3205
21325
662176
77320
36630
307564
6400
183136
114422
16174
104689
78372
110948
19888
9706
692699
21186
104091
37190
8762
87866
212178
92313
67755
93366
295326
25878
6371
133059
1107723
172879
37168
38316
141746
20274
14880
211398
31842
187237
91248
87294
96716
5172
21123
66715
5425
649530
9454
60132
649415
145369
69834
49795
114326
390621
264206
139418
37188
172929
20129
19893
18795
38412
94492
5644
71631
198183
59836
146351
79800
39045
247468
3974
82318
8364
203047
42981
657450
79210
22048
8195
419356
103029
5673
175692
94511
175686
2307
140019
684323
1135
151295
32736
101035
126112
258733
146492
78382
21193
22748
177076
202870
658281
96245
95624
93634
26000
13133
60890
15182
96011
82082
38395
20977
77933
3926
85491
414913
160789
110093
14540
15430
126976
92267
12248
160852
30417
105492
17252
24201
637092
93411
82161
57840
176927
184029
72528
234689
81926
225104
1010925
49866
957
104841
67972
312265
73259
4941
241
64619
109726
123311
2121
6625
766810
43734
187528
74707
72454
221605
38371
21047
96101
171313
68241
40032
224804
24839
108292
4243
20116
1612
9240
85713
19763
128992
88682
21338
6718
17301
206751
23698
23224
231137
158754
27654
734473
219028
732340
18683
108942
677955
646231
15196
90511
62739
16829
106933
59369
214187
276958
104543
644368
95600
27632
77883
20565
33230
266875
1043838
641829
256
4860
15353
1489
673641
70134
5617
642549
105638
9903
94145
164662
175614
5518
77530
20011
91104
255392
4819
9947
1770
84019
90515
64567
84996
1584
5071
713508
106486
4486
165515
94049
60431
31270
19462
47461
169738
651582
94121
656706
3223
107163
105867
110191
176978
658527
175652
12710
106495
91861
106946
11860
30133
20950
25048
9866
108511
67734
80276
9270
1080838
22657
63878
716446
655623
36597
186771
2232
95248
642983
94803
642529
60208
639371
39889
94185
153703
71204
704606
103001
21203
3903
6444
75971
80327
82220
20154
25649
107354
38457
110242
110455
73305
143339
237419
113693
93028
226129
60329
166718
693224
153647
639321
435
118568
108604
96575
109053
11484
1048343
20550
273581
665189
976256
684833
72590
39062
168306
64033
75324
467
108808
20083
63232
178318
35896
234241
104536
94528
5204
226448
66355
22249
199355
112328
43507
89589
766794
77541
208319
16511
3962
100176
107434
217824
166706
25015
100017
79410
175751
671653
135195
170416
47780
26032
162035
234720
146934
21561
6543
187595
946109
24471
270
4515
77630
700175
96405
90002
658375
94360
72498
20929
96558
16405
186594
280059
23139
63399
132759
643033
176696
69780
93166
168436
123348
63484
93164
19415
66500
639567
14262
9875
16096
40876
141443
71109
123218
78183
744524
236397
138525
22210
699563
30078
19790
32122
104299
1021638
265355
139551
154828
136951
694817
6540
108324
9421
94044
247952
85276
37132
145592
189343
22994
715780
8310
133
26868
151412
8154
83581
640858
134096
229966
60354
27881
141845
657680
27818
210982
89870
100166
733531
20664
681946
92804
642503
332882
130311
64758
1033
78388
28104
212394
73297
36333
46015
635970
95109
96729
89579
4912
17723
104539
24688
4911
101612
94354
108462
177016
35332
167570
265076
179371
80165
130557
11816
77643
62547
22511
17380
23217
12131
108161
108463
118692
118772
157734
82128
94453
8247
53222
3938
138401
21930
1038581
64787
675076
3162
115944
1048423
51046
8970
20012
16027
68015
266406
2959
66795
170668
37140
388243
642539
55157
1107700
38549
189378
41397
395258
59568
3533
107258
205735
97513
78749
70959
78412
104102
17310
4220
20052
71174
102261
16330
63147
2982
10745
104130
360505
1861
20910
28657
1069
712529
122773
33751
24189
137085
644785
2840
643442
82035
12745
106499
805786
31781
8943
644735
169718
640379
22512
313
7784
35648
668255
69791
24048
125752
108478
23397
121953
117428
3862
16236
649220
12295
15947
2753
24732
91270
143959
60353
200632
39102
67890
2552
116540
188068
8573
133824
273423
37201
23814
131376
70107
73158
649522
65403
118497
215434
101335
92321
29579
79648
119048
171302
124867
273305
137483
36670
33467
5690
27397
204234
657964
56589
20879
22652
762348
104181
658218
94932
727733
72405
22552
9177
131825
524
64083
11706
6391
97136
92972
754127
146823
83490
53937
92616
96767
6299
672567
170621
94229
101651
105952
104252
918
64041
6747
122889
110666
181161
3652
47918
118844
745661
672650
172961
37595
8730
236583
28050
104165
87996
9040
3335
11844
1820
33862
78514
2988
189364
126250
6634
196559
276484
91970
9949
106206
20033
78008
3277
208638
18664
125342
53608
107079
188160
20781
3384
86320
5874
21224
20297
216496
21086
92782
96579
22190
1045021
1560
642896
175814
105439
202279
853240
153290
194368
14436
118489
176656
269289
121782
28677
39450
222240
3506
96155
992
47849
5948
108301
92940
8336
4889
21147
484655
96964
20539
106532
665214
645596
178417
220754
105237
160751
93885
28576
63860
209808
109170
4211
81849
97208
106856
62545
46866
20142
2659
248502
246
30175
660573
595439
95090
159927
172120
176984
77761
44004
642989
4844
5901
59291
4667
78865
6235
662158
1057428
53964
154725
33494
77297
157351
60897
107817
97144
673303
89690
84291
4300
640807
278859
11413
92739
3727
661449
83630
62808
677791
136034
6485
55170
1025627
2331
32655
1046602
23102
99314
38295
20173
7813
25430
9193
130984
3929
166658
58778
164615
132891
16777
37585
4946
107075
37048
422334
71219
60322
62830
137829
68059
38627
109306
29040
155689
62524
93723
227150
640332
93930
137316
16732
12140
19616
69487
38462
118777
15630
2380
11982
1657
78860
108459
72587
233502
72374
2727
234716
5201
1005895
29588
84317
100221
129740
249449
104867
226563
84449
11552
7385
5114
32553
659965
177872
20562
20326
254025
93478
42349
93249
69888
137047
71088
14541
63441
8146
2472
715615
650815
169761
92217
646346
37062
157840
65930
96938
702943
5156
92258
204415
727861
209649
184666
661182
213768
27849
71091
270341
124925
13503
82600
76927
104623
84746
77669
7877
80674
165533
92130
150064
127307
176185
84993
111700
105018
4702
94915
185201
28373
126016
67973
1073472
661399
22694
5739
11852
94631
16974
95010
130261
63588
182340
177244
92272
674660
18399
71779
170990
4899
243130
96721
1069947
63924
104501
2267
10806
69271
264236
25683
4234
75047
787940
134049
25507
17318
3357
93373
1047838
104697
90858
3217
60204
668461
96342
73378
20761
22064
96943
640046
3481
120044
63520
7509
149240
228813
5753
684435
26316
30879
21347
2613
108534
95933
163438
642530
118748
71107
134466
52578
189833
1087816
127785
7823
14716
154833
133056
47554
232088
77325
1056371
97098
43115
119724
97218
101646
30024
112702
10204
138069
28215
208171
22829
192831
11522
18138
745858
1002467
994088
198555
60982
97520
5824
671140
5134
29666
25083
646408
30274
125778
94982
7603
131138
208992
108617
224565
400409
38397
59066
2426
188457
27109
107719
118511
22558
15352
100280
7803
46218
193023
92005
643738
9075
8516
118519
646087
105767
268336
136734
109544
9742
71194
3447
253858
183448
186563
21057
203851
223178
91330
42991
62498
95478
82058
136843
274
81981
266718
91342
14291
689979
80110
21473
23866
20826
182821
165531
3925
192661
134981
91338
11334
14315
28781
115979
653528
804688
645679
81673
175744
126110
69931
433477
106611
11998
642580
205582
453
93302
189365
4081
93278
126195
679090
1178
28150
21551
691175
249469
6455
63847
646046
643335
1003560
656342
47566
29619
100039
20084
5099
16407
20574
58489
19169
425860
59846
62336
313757
21465
354308
146519
78517
99795
345883
22057
172303
280692
25569
30236
64092
74689
379793
177219
186578
108517
1767
194852
263104
110692
75008
123
3571
643404
2561
36965
685971
26575
3750
25355
130520
78378
25424
106031
21103
129953
127542
643560
27323
21271
20452
118575
4065
435316
154730
639962
33612
9335
99678
11350
130385
96928
145673
112197
139923
14132
7926
1086
41751
95759
660570
112751
677561
2029
39130
3100
129331
20782
265308
154713
751598
77647
202415
8180
30254
77338
1141
172747
429254
100800
746834
9192
20911
15928
73256
642544
107535
106378
390882
177257
174435
96051
645576
2423
104347
6558
3340
24399
30309
8448
3934
73195
81515
96401
48652
17416
104365
91497
48
71226
20257
179478
104128
8844
181271
21
917
107894
20546
726555
216544
72627
20400
646631
994368
78497
53400
23888
215775
108541
58653
692381
21709
276639
293675
118805
118678
23353
21249
216294
226603
78143
307593
64066
20793
642731
92289
795991
20804
126129
1987
251370
77151
63800
31274
94184
2629
104941
3160
418952
642593
71345
653360
101781
266810
616938
134129
11601
27919
5480
642457
20472
31028
170448
677176
637276
25787
19762
638895
112350
268
710072
100761
154085
28974
642464
283014
9353
108623
660219
36072
383786
92799
644980
108477
135672
4693
4820
167739
171117
137988
167608
2699
106804
85052
101567
640888
97097
77352
168179
37036
640828
340
4716
23418
419827
108626
99797
90479
186620
225615
96254
316
217941
104292
66016
171839
36675
93052
645591
688078
131586
118709
71136
695559
71244
6605
18824
665179
139227
498917
637293
7737
60051
89635
21213
74868
106688
5062
6341
2834
33129
252825
3768
4571
646342
110936
29595
58517
643279
60053
110291
2822
176976
37308
165546
25791
41450
6039
47900
368
665765
5683
323988
79910
182884
2683
1037572
28905
5175
2812
415642
175711
5533
607557
143009
158068
94557
714495
29680
225614
148509
37955
19386
101857
5875
93555
122873
84949
119047
122094
95930
124055
63359
5430
127284
88625
108264
19531
262386
643165
2122
2194
6224
11091
643138
71921
68037
6108
118553
172921
87943
265315
644398
106392
16438
6956
130929
74538
236875
60260
4779
118540
191444
104096
43763
106221
104840
181176
222843
113779
233865
101730
643694
70719
21681
8226
1787
684325
81573
17364
1176
2221
654900
29747
30973
79422
642567
58568
135439
167635
638828
665309
643002
32009
106101
108500
445263
640300
29411
271591
646685
70690
155307
646755
9038
231523
77262
4491
21470
38510
84907
929
74504
11879
182509
47784
566331
9241
155191
11395
84532
25114
77784
679347
11846
3886
678162
141957
7418
172969
166705
703683
95060
202290
20783
640047
195384
63835
27890
2649
643954
20726
17229
943600
49933
66529
30929
8276
20270
1007581
45341
116724
653386
86442
156606
175625
347120
686663
93369
97524
197742
1054
842792
113677
687100
191065
5914
106286
1063133
237413
2810
77330
122395
205673
25147
1032
88590
1013749
92310
665476
141879
66418
77331
103913
54416
63092
6731
89661
106558
186520
22745
105925
677904
170389
2196
96710
179
72519
20894
101510
70249
30444
1171
95895
66357
111952
14768
90165
89816
8319
5059
18445
12354
660226
21499
27527
92595
3638
156227
62843
28651
100760
154621
107422
645693
73313
115391
104579
210968
69879
38317
181790
665326
490636
106263
184292
660501
66350
13674
94510
91311
270766
23596
72465
137822
81789
764160
106362
6000
104655
638192
30106
138595
801695
703961
21950
106987
115865
89770
153648
1894
142946
152094
106521
153530
175183
20081
208454
76808
43482
124590
43007
94164
686183
181171
82131
660523
63442
9026
571
119926
11869
105951
77328
119030
17132
30969
50601
94844
118552
7729
642880
78589
124129
325250
22747
202940
177990
167748
660462
406933
106713
107477
9224
16694
75093
3589
101914
91407
71181
1015292
178175
93959
140626
772097
1601
186167
80214
1068955
63983
18867
13857
111474
43150
296352
86356
84863
643337
7146
304
72983
94739
10397
216660
1915
3152
675054
23640
17392
239562
63306
46741
11215
677775
651719
886
25477
23896
686421
150065
98088
1007584
82404
94781
983046
63319
40878
872
27104
5024
95356
273098
8044
59667
87899
242840
39781
918666
885
114443
122727
60538
11823
93286
16068
63360
25157
101447
1380
20642
747669
135193
107777
138567
822
113
196486
185391
20323
105343
50155
26986
1089811
96553
2756
38531
75339
177414
309327
70061
32978
660480
18799
356533
155285
397666
94751
57893
233254
173122
80058
21241
1048714
20585
17976
20968
20475
642664
166181
20733
29355
69757
222817
11859
114749
463053
30066
77910
90809
3305
75183
9321
100125
37611
725875
122954
93557
21233
95019
32126
105277
416863
442165
22395
189467
106174
57518
171758
660572
62921
596761
1114267
26
18118
3066
138684
29976
37722
706213
151220
20505
642626
94143
136329
27908
358491
110003
772
94201
145078
679736
96522
91405
92621
126106
84358
88533
78357
3355
24809
91582
8952
105491
202610
721
1097176
57221
7651
653253
33605
3265
8705
174638
188976
136911
695276
51967
42960
110697
8424
5468
20332
1029153
76040
89565
2378
650011
186762
97313
30028
1953
74810
688098
66217
75632
88737
300374
543
88586
728304
176977
222362
1042698
181177
11923
108837
69816
106845
77598
681392
1815
1110
108612
211653
406189
440119
51269
21175
9142
15648
3558
87918
1066709
1448
108414
27637
18414
1049173
38372
3602
46682
124625
827
9377
377493
60443
144901
117269
154539
640934
10866
59803
175761
646341
2376
4942
95680
686027
38500
108331
20978
69794
63884
9389
710975
83776
1016684
686664
82042
116951
101619
396189
126096
6674
112743
78286
91916
25825
16523
728998
1163
95551
71221
176636
36267
75218
155144
164266
145184
9004
75026
79182
109074
646478
232135
636145
5999
40103
92487
1150
2642
329078
6094
238189
693176
153296
96241
18112
6498
94372
97027
91125
27514
65842
80015
7588
8789
22760
110121
106282
177225
11902
2004
269315
74841
178553
63765
92458
100184
20160
94458
675452
67438
106164
15863
153202
30269
25068
94550
35344
107325
266609
60362
19133
642571
104308
17259
95825
75621
662094
78262
26936
678030
126123
2844
155234
108714
91346
69858
9061
20330
661994
6559
197846
645599
22771
354203
153603
70633
15646
494
346
100140
100438
11111
130141
10283
18409
147354
473465
94279
14878
37233
3128
218913
109988
20024
18918
95156
22731
77254
130747
64959
234815
11921
151501
179656
109531
63347
3370
11874
13978
44751
9306
77657
85280
95003
94710
171986
192368
752813
21280
2153
13441
296702
111939
92030
6128
53773
76171
52304
38470
270801
12954
1067230
333650
104972
4865
244098
587114
30288
176263
73270
175784
17750
33541
2056
104643
646139
604306
118398
14349
136693
100665
3564
1983
4723
94136
135684
96699
124112
912
172077
371936
3918
95740
105338
30800
101916
245527
101661
202916
65478
661650
104953
29566
37255
396
64119
96154
23088
24816
23528
13641
1526
63391
63956
91243
181840
660508
20701
