84808
1018765
643162
20207
1239
55905
20861
100171
76595
13771
6139
638603
83681
165783
434141
3578
3514
35520
815
126112
662158
104683
6067
17404
939
94401
114447
13449
273583
103824
11944
4541
168595
29673
166763
370284
1006783
114349
11837
57407
8256
10418
22104
173183
71138
101920
69833
337884
8476
637244
96594
1107700
60606
537
5480
3976
4050
126158
4897
1013167
1494
379920
1244
23141
657503
412634
20470
69787
1305
3119
37587
4653
118918
12926
10729
643151
20199
91257
578661
17
9335
313481
1090958
8791
18371
5462
60243
62875
5086
17993
676940
29851
644311
177013
23502
758957
28072
81981
4311
11413
21096
1819
38282
234731
20129
69940
188807
57751
2538
269998
687
35825
71051
49695
568447
37598
26352
91995
5077
660793
106500
153914
728304
24163
108221
21321
82
2378
162026
18123
663582
80175
111634
63544
644645
108832
8423
20157
685972
1168
649215
29697
70578
90002
339697
35765
643256
114464
16013
47780
122843
4852
681946
24434
695405
30374
63993
38510
27308
31427
62878
660236
89950
4139
8809
2301
307597
75179
114445
77295
204597
11857
30604
699491
15763
643569
3999
20720
135771
68175
435250
33623
75082
90811
21754
3193
660230
230682
7560
100173
193049
4384
480
32997
67934
60368
73213
288
96886
263711
4842
18858
206548
11884
200394
50561
245233
665596
59597
268090
59903
792
9362
100182
104686
586677
884
646255
19270
455381
646667
103015
9211
47804
77342
37347
8447
18812
19572
137982
705
101695
182928
3403
3869
489992
192967
4259
678972
20921
113679
85583
7712
403
9935
131002
660251
956
191415
71204
36433
40330
712128
123842
72462
19560
95109
6345
401876
101267
5690
219445
679777
1027561
951
6375
24420
90891
20592
660700
2850
17399
7072
1078
52260
8181
687613
7166
87093
301607
87915
7751
54813
96424
640372
231142
862
20270
679387
21127
17361
3024
73050
48367
32553
643278
108617
1167
44005
9393
63732
87959
649411
129268
93296
2185
175669
714496
97520
160814
20059
62744
14371
207800
127697
827
217323
19722
643146
70137
1503
71164
33688
10967
4915
78603
38316
38337
131024
88965
1049
661448
221749
4174
5727
3683
103906
64029
83929
1019953
8405
90888
21237
104533
7356
142189
48362
9306
125383
1354
63668
807041
26029
688078
20417
30861
5541
3505
164517
28148
659104
3231
142963
645507
701
51616
646083
63481
27203
1837
764510
127652
191569
533
305901
20180
59486
642851
3168
635672
102374
114111
186704
5987
38585
37048
646193
3602
114465
116162
679964
42412
366
65
77316
642547
7294
110048
77607
183844
212745
6536
153702
13119
114327
22463
75024
1974
71779
3589
1118
26479
179149
4980
24033
84948
37250
3747
93692
20256
374671
42759
223178
21709
657640
4221
9267
33635
11910
1073128
643337
9255
774989
96904
46679
22486
645694
1156
62142
4265
1649
807472
774646
30345
162035
126133
747721
728998
20761
17127
103426
4435
8956
88978
24395
63092
9115
96750
14777
3665
104136
926
9168
14602
13
460539
59878
18674
29761
3677
122850
950
26921
96572
62528
21226
6210
645120
1081297
56348
345704
117224
639471
740137
4188
4314
4279
60211
991775
193016
38384
145259
5156
20021
247
59688
402251
21069
20910
178126
62127
52579
11484
6009
104299
3908
3370
644827
1160
5800
3681
672567
1351
107678
21685
266819
11118
51841
91284
38531
8898
176957
60499
116888
22745
254926
88595
49662
93419
78799
3360
38252
107600
20325
93567
32497
100127
18783
2149
48071
104132
192010
715909
110104
649214
20480
396761
3064
1796
92796
4272
72399
232018
685071
130945
29641
9239
1272
22027
21
104675
100337
66987
1431
122688
77889
700175
101857
20089
20999
707
7735
94735
11964
1261
20087
18028
108464
3842
3458
51268
20808
6148
20580
4242
20137
21599
104125
1066345
644567
30888
38541
20406
248
61905
96268
324281
635970
23045
63372
58778
20392
75009
6706
1038581
4667
643467
192412
92644
1210
132779
99646
6511
131574
759077
25845
20049
31904
7347
995816
679347
84610
21562
672864
21671
106317
9286
4234
25166
124112
21343
6235
25915
5420
683352
3848
95743
737534
33032
125849
28945
5872
6754
644898
703961
673350
64104
116
966
1843
57889
134129
33467
60083
719
116989
82702
1273
11479
354470
71092
4767
648308
1012808
183729
251218
4
275744
642490
130557
1704
661391
637039
11931
20425
30867
38091
20753
31842
1226
3046
37315
455314
4854
661996
95432
11395
6371
4759
20941
821
5048
218232
62788
2973
684221
940
3009
60345
85658
6379
62
71136
31038
37194
1148
7028
715780
3017
195079
70413
90046
71166
23133
61464
21465
5701
108113
1259
78577
24585
52863
30295
17750
274921
90542
197779
6898
8158
48360
4718
11988
191793
649455
2122
7856
513
78636
38352
831
290288
694765
645647
18244
36313
100165
46
37068
85228
650456
8177
305336
646289
6395
678999
104541
5035
104129
1039106
93020
1063987
1124
18302
8941
656668
62815
175739
663311
62903
652673
705155
145010
21170
4790
429902
107760
342103
77340
85743
37374
12829
125688
37344
202176
645505
47543
11950
20166
72764
381699
191995
4316
49800
687221
30303
9429
41561
36267
557531
665765
635519
107977
214187
2099
158
27801
99769
106988
21823
71153
90545
710
4986
642782
889125
82009
2834
72650
130378
55121
23840
10843
847
395379
22816
554920
661408
638634
8719
57269
856803
7730
11870
784912
187293
26948
74773
300534
20013
638790
18148
7418
59979
96360
107485
11906
20327
21963
37403
167008
6349
303799
1986
2244
1006489
9873
280435
60362
86900
69888
82721
9468
668181
1461
122891
23030
11238
92521
44751
151258
472211
25709
357530
141
25683
87950
426874
20758
62518
126117
11981
133842
148275
11401
62632
21849
59838
78757
145168
1121294
20071
101639
20843
7779
11900
63471
107928
5826
10598
727861
73158
1112
406835
362
57911
167
94578
43734
10573
3959
273643
1007
91961
759687
54528
37306
96709
367127
24778
3695
663503
122759
9804
696115
290
8879
297710
216445
2057
16637
491
24811
5630
3220
862133
23528
78611
12023
63870
96567
93315
17309
20203
642861
4964
23676
11882
21153
143923
137052
3066
3916
133563
44004
30664
75093
9161
20484
21345
296084
73060
20726
3526
27714
684215
88573
640628
36670
131659
29769
6543
30669
123134
74438
16099
2519
132260
22457
658204
1867
692623
61882
60611
16050
91921
33787
9258
4383
5693
642549
662437
169
642880
947
677039
108534
698535
24212
69853
110904
7588
130338
93182
17709
3802
2282
195585
78640
20881
176991
10549
144624
30113
3862
17258
15585
5042
89639
731
37908
384
642664
7915
5134
1026495
134082
31274
425796
104856
176578
44935
11814
6427
2245
9366
71095
63838
675
20610
37300
1886
907982
1018
1014555
166328
24588
63819
60179
125251
139
658219
3941
106990
55802
5869
1023269
8938
3215
60296
118525
6902
1013584
660570
101482
63547
1187
644353
17725
30887
96
128675
4828
11355
3991
18519
21940
81986
1925
93310
126444
126608
6540
70661
646231
63543
6018
196425
77331
42
3882
822
735981
127056
8110
884110
27976
93559
241
90508
222602
88480
94297
47438
4303
1052212
9734
736523
53400
94298
2815
35896
25152
700
72485
21033
219915
701424
11916
43724
660238
8131
660571
124592
172077
219035
30862
17317
643335
858
31298
24184
5423
21289
20586
1767
3901
108603
4079
170114
665179
27543
4921
3139
15640
35911
67623
68307
101921
271846
74794
642530
802056
1008
93553
62792
406
4935
80078
513204
20616
376276
71127
1003560
95655
5925
3375
643161
101094
110194
732340
1933
101951
91958
644688
2710
660235
89690
27901
35016
49535
13567
3005
9378
5160
8141
1163
175786
3493
13499
14795
19144
1983
3998
22551
50680
5129
641866
20539
60473
78647
2810
26666
33620
4333
25256
2448
194880
660325
176637
4889
114387
4323
4904
410196
240982
8394
376
71564
645456
4075
24456
13492
154085
5004
688098
117214
62921
6404
231362
6659
20201
126129
133
29439
164829
126291
215078
280986
94272
20334
175816
2032
279498
26391
101883
20534
2812
2318
20654
8382
1096010
37334
2062
106653
637262
96698
38463
78525
71067
27302
8368
642501
64022
178233
21117
9149
33849
257654
127581
775
88732
9375
17874
734445
9177
36742
17716
657448
3971
2879
23139
661924
3604
107882
77474
108796
24536
262190
177336
89002
89755
20596
60333
30080
152094
95602
23596
160769
10004
20456
67964
686421
17292
210612
11886
419499
649255
37051
72639
85351
8216
6472
686673
156802
373809
21070
50592
4733
3508
25649
27044
62844
38373
4570
8386
17870
642738
23976
660639
71091
62726
19997
4979
1070001
740
19790
137363
95611
20185
4215
264705
27682
89888
781521
2782
891277
20252
20968
22107
21004
216183
60341
1033692
1013678
30015
22657
60229
642539
46218
3503
643033
40088
17391
8512
65584
1101045
810
649260
69863
11809
156605
18176
21472
266851
1885
145166
222328
1044927
670437
1265
125371
643719
33541
690122
518
1499
61867
13641
90607
8834
1996
22669
962
914
642667
674
8186
4991
293716
8506
643473
104510
33164
2114
33783
447
21028
206271
9383
4149
211598
4949
21447
1063
646628
18065
278207
662416
740772
4838
13024
722
5463
27320
23869
93650
676936
67980
732815
9895
20486
1185
6462
646812
20529
643447
77338
788435
714928
1967
33772
640363
643420
17714
156906
2172
413562
20799
660328
685773
7681
91024
20055
10634
29679
8364
55023
98198
18088
12194
6587
85054
752616
18823
8291
29810
79719
18147
657336
8319
84737
81673
3211
142358
5273
738706
252958
12074
4958
661399
89634
77838
5549
160788
3739
4987
709
649853
1065019
172173
59723
96729
71224
211400
4406
20033
11356
10111
131859
6576
124360
3221
741978
2134
37184
7918
645693
727690
647789
11026
698119
91447
21214
10071
1657
206334
94301
53319
22224
5570
20880
21020
63055
171054
640547
3921
13691
1834
4751
1528
4778
662634
761
4669
75
184314
57863
3750
2013
4225
662527
1850
78148
1030085
39126
672595
62850
21660
9061
7086
108601
90
27644
20083
275
20095
89748
61517
61922
878291
107408
62828
7678
27803
47436
4122
99166
10110
684219
82109
118294
44016
4177
103
2732
25917
801
1067230
84856
3813
2076
1242
6761
8745
7895
5394
74868
59608
22746
79641
645629
678158
678108
61716
186756
44370
803
22223
93074
3675
37352
19074
639
642
20924
1104765
154600
28908
14702
643702
167305
640017
6473
281906
27985
3438
86087
642492
63827
106347
35451
29664
122773
172933
407839
104236
96988
17416
644650
92197
20729
5422
105791
214058
8617
1592
693476
73236
8856
667551
27358
2965
32877
104133
2724
20813
717436
77336
1011428
60900
82142
4781
396
644786
90522
101699
94185
7606
63939
780140
649813
649264
90863
94184
11921
77459
3926
1086053
33826
32166
1068955
135351
9326
9508
11778
111353
52578
59675
73259
71038
4739
3900
82161
657449
8514
89585
77330
529
880
17299
20216
23966
25933
2420
814940
32181
35439
643985
23898
33876
6497
41696
24555
3733
158582
8724
480825
77325
1015038
61712
26216
20306
2107
3399
708998
648872
813
64854
131599
103209
24190
35678
5698
2775
17287
2249
92552
37255
87996
60585
25520
14262
4843
73279
8548
7621
14541
13846
85148
469
6267
656639
244773
37339
737274
24445
22467
20902
663963
97297
9849
24417
5960
155191
807
1069
21352
148650
95813
77240
710072
50993
4908
92707
126375
165989
60434
2607
155865
62578
21039
73384
21100
2962
62853
706
176953
726585
47112
689813
7682
75027
20420
124214
1998
8969
21043
25097
78639
2708
38390
166656
325243
660553
70081
765202
33741
237413
17283
62760
21241
21061
7970
28938
865853
649209
8480
681378
656342
20898
9147
307548
661681
13696
11904
135193
104698
4409
195547
93857
645631
656050
880810
4393
21916
11822
37020
7985
21161
4847
883
4229
645727
212536
177424
9284
230052
87951
408026
647981
4630
98193
202006
26334
81453
84871
75026
649251
221169
63585
5093
103036
1088
70818
43410
651485
1208
104848
133080
28513
87810
3581
3225
77319
3414
68124
4293
112773
4244
132622
20928
1063520
5037
1089811
22845
189343
49647
30092
130974
30952
3490
81288
1007584
43
314595
647829
6722
20878
6225
132384
4946
18552
169753
30107
728
1580
63924
93977
24048
248393
1797
5860
94755
645607
67849
226563
75567
108477
660227
108611
137045
9840
4018
51062
93930
96919
20481
94914
1813
231819
9021
109988
155186
644348
94695
21312
21561
151092
48947
69821
20349
118479
2993
27332
10036
516
677124
1066844
192714
12704
4892
1841
79309
13737
4482
97413
21030
4305
4418
47636
186563
335
142819
4320
837082
279476
91942
22747
143842
20257
3207
7376
637333
3405
9024
643238
104039
643250
11695
5182
17062
107560
91507
23850
371165
20874
218037
5874
69902
62638
155431
1735
4735
105934
163405
18619
672370
1023
9377
208988
211274
313
180386
20429
95491
91327
149988
3481
715136
566049
18436
50487
166594
63987
3530
4351
20411
9917
234956
201469
191423
278192
20394
108463
166181
21003
17267
38340
3618
181087
10283
11796
291185
280252
4879
23462
63138
644577
3790
1664
107901
110697
27035
164464
21783
1530
16948
20713
636782
2846
649311
37363
5425
2237
18972
66217
104093
33537
86340
1271
105
29600
1108853
2046
20961
12684
672473
160838
96186
199860
18850
91446
96225
451731
14126
1275
4791
41397
1034251
73232
29746
129280
70548
998605
116167
15209
661922
21957
9351
1789
1179
23947
88678
14147
71210
60203
661611
6440
37132
11877
20081
26438
2131
94014
204884
71173
160264
71120
328166
102376
11364
245683
104726
699729
18481
647049
148644
14413
21072
137766
236902
55184
1454
104688
649137
101677
11286
38412
742
24554
20278
6328
170441
71185
749451
155184
44521
20345
35380
15708
94524
659383
86177
21654
15365
20867
278203
106883
25460
44090
186553
77294
1316
4989
25127
63622
231050
72437
164664
101447
192965
78576
69834
193227
21408
177101
191444
176255
59613
46195
8934
14297
21211
3948
177039
62833
140471
28925
158900
21076
101619
177794
1102875
268336
593582
23193
1374
90995
37595
249069
1036
5204
22677
642480
11273
22033
678163
104181
16889
77298
3973
35738
690388
102579
107684
227195
122889
72534
20457
85285
102606
503156
3437
81540
184333
14415
81568
124023
2234
60602
203823
4501
74770
54836
494735
71093
30907
20964
122753
11303
33481
3080
267663
1522
47454
2240
3523
6466
46950
8644
30788
21169
71141
1364
646347
25030
15152
20442
2135
639921
12094
20092
2699
1004461
63442
160789
7813
660072
71488
20728
2425
8226
8874
24839
155
82026
649250
84811
22573
672393
3034
1282
146168
15597
78451
655623
689957
1175
30225
645526
1
344033
122737
8924
179121
21725
82454
25988
3394
20494
1319
26856
79180
19462
175814
2711
4562
4800
5340
133824
790701
93
123040
295011
79778
62522
642877
23796
3408
75019
839
214319
2673
21249
216645
2900
265154
1587
644647
37275
21062
1119831
108623
74031
2075
157176
693224
106991
25075
113751
71195
61315
112235
97383
92906
1889
2058
36654
86430
6533
8689
13922
58097
1490
18366
18810
1897
1030118
22120
645728
62890
104127
102903
1250
22460
20145
5594
1010
9742
27659
29660
645987
24732
2213
95825
699563
3647
311
681379
177213
648347
3660
4994
167905
375774
26673
115931
27881
69
69813
14785
23129
222724
656065
20232
245019
43743
542
3008
3267
125304
20189
25629
4318
9240
20368
1097164
1246
108206
20789
39102
64061
29504
5788
29195
21341
9939
108439
66737
95829
38854
1612
38524
197843
676602
1642
1901
30192
640579
94199
5504
16235
77321
95019
393687
94145
72602
18763
26213
2242
657619
138511
27004
325182
77275
2525
4028
61120
92128
176456
649217
4926
160751
310
2820
168057
365710
77352
8665
96717
47409
9394
4304
2835
19951
136261
59834
88410
153648
78273
59970
130669
106143
430850
62843
24320
1041808
3903
163501
213003
126107
126195
10066
88586
9358
4194
20687
643560
104126
182324
1446
800
43055
296
32009
96487
5838
104029
206141
2943
100794
102936
49955
205421
1018746
17737
37037
642571
29146
114470
653080
20988
114657
18795
773752
789179
11845
4241
96241
5668
3461
638817
89468
226625
663549
92745
17905
457697
71251
10419
7577
555
42257
104171
2197
107558
101817
60443
5135
4141
151639
328
409121
2982
29280
100747
287783
12114
62917
27774
93764
22395
645688
479
6299
745633
50317
176831
112392
30053
636156
194440
65407
638922
1188
204250
36597
90873
83895
881
5205
15143
21015
21187
2105
7887
160270
202026
18878
23566
67438
18047
16049
2600
104540
1418
79562
99788
167570
743910
71181
287959
20422
79880
646046
638807
97284
20159
1773
82334
713047
11905
1038038
63609
11795
2153
218240
645626
100384
73342
646129
228175
9344
997937
118230
94069
11914
28491
661957
194460
16405
61491
4805
188544
262984
100414
736804
21306
12682
715450
132517
3106
25
5803
83789
14569
104149
11945
28137
11866
9088
90162
4799
160416
12892
20231
4771
6812
66500
23017
15328
646419
47763
75025
93497
28963
7144
678976
6424
102522
175625
88559
22214
104537
702853
117939
642689
6819
873
7459
730472
2599
79781
199358
4724
198390
26850
21821
3516
640399
227895
69786
27339
1574
1138
38409
62824
98174
2720
649310
5203
27650
95866
9606
19821
4555
660216
2118
58412
104696
38362
59836
642581
37201
643765
3883
205673
314
19923
63911
3482
104690
65023
20643
1015
31453
3061
37259
645860
31287
69460
28936
7708
118297
38279
663745
664531
5064
649526
11813
9162
234675
48587
6779
67667
182813
103913
29402
37649
3126
642544
3788
24710
454
20363
176681
86185
6518
126211
21120
69798
185910
46868
10605
27038
1450
88414
96561
6494
20572
347330
653564
84350
17855
79927
20274
105821
153277
168401
355471
145542
7005
829
94113
60309
78652
9004
696592
83756
132645
690
69875
18420
20434
9015
71218
167217
184131
21930
86406
20011
24691
21781
102617
657919
94751
645621
5654
307592
82306
874
24042
22493
95010
665749
649204
738883
9109
33601
4788
6287
7125
149304
74097
80289
181962
3927
267793
649220
6422
14250
38374
36358
17685
701576
1311
3128
122395
31965
21029
30951
318695
10621
113629
24061
1822
112168
9954
63745
94739
70975
101719
43150
49056
175315
1064
696110
106354
5926
2286
4088
1896
673305
27647
14812
124941
104689
689971
38306
27814
14477
642509
6216
26087
63030
160697
26225
93269
46232
4113
77
20150
3477
11009
6675
6429
663896
38428
108680
30948
79272
8335
6381
643591
94140
1043838
640556
26575
95663
224536
64787
1016
927
646367
33626
9658
7790
740743
729
20323
45391
18819
789
159303
3227
415700
49933
25524
81826
1059
687801
731412
521623
787702
62629
21706
113768
2085
180661
343060
93632
884279
315154
205538
94343
60528
110121
3433
2444
84022
1958
49493
3537
643385
26414
10826
30260
51046
801695
1029195
83889
1228
7878
22014
643474
3969
640928
88939
2774
292635
20692
731847
57840
643177
63736
645702
4741
9740
87892
1887
2049
60456
26164
641506
1041717
451
21549
1845
20754
32110
2208
28966
30250
6932
69823
3864
31413
4773
60551
114106
679529
643035
92267
68027
21137
741544
643559
26084
37952
20048
158698
124665
27849
1038170
222429
55600
1079206
1708
20520
202789
23933
60737
100419
383
9382
104031
22409
640774
107273
3851
20558
112737
72512
18854
188936
121953
833
1001949
2087
162635
645490
93823
1899
63743
37063
100117
85347
640292
3946
20277
21499
696509
60224
6510
888
101624
66334
71119
3335
17434
84144
649236
3648
77305
180594
69816
88585
6088
2316
153
640636
131799
1267
107899
4193
95941
160560
3474
60312
77262
119778
64754
7962
195579
5133
21008
702852
3162
49687
69812
4235
2825
96529
122057
91291
3837
267168
94059
114385
3500
686664
37967
4084
6594
20575
6676
80250
101442
320049
22471
94983
649243
4965
18684
1820
94531
1661
114468
4102
4814
3473
37670
37027
20218
75228
52318
3779
39062
5451
157654
678217
3769
657357
159184
79232
47549
106534
3112
9038
21604
6460
102389
697819
4112
645172
743481
20184
14029
94924
3727
73079
4369
92098
10284
57914
649210
3551
3471
60358
7883
118286
4993
667330
33632
642504
30629
6415
647994
18841
8591
1135
170155
20618
636736
406019
223033
71060
78677
17845
69793
164581
1232
515983
825828
113758
1830
662172
205066
2031
1539
36474
88709
28026
397313
15151
89985
75543
18117
97346
2701
143935
191388
131027
123978
12572
63025
129912
6312
3912
481
27331
75051
18364
642453
90212
389
69856
323006
27792
71179
187112
2548
4728
1009453
63878
180605
16515
26984
21081
4398
18208
26595
28559
1368
47860
33825
9192
2507
26
8000
9402
23132
5234
4004
679657
143890
4905
2037
17342
954
4804
108563
874122
127172
3048
50223
30363
11960
97260
42274
20663
102261
65959
1202
747781
21868
20795
648375
640047
680246
20364
121553
133389
21627
182588
104423
134991
20513
45094
2822
90165
11839
105386
198858
4220
20052
5734
75060
3450
66016
33916
642794
4886
306892
635830
713685
280407
4239
642672
345162
660234
653537
82460
4725
259817
3071
622419
4049
9355
4757
510
70096
115240
90845
75799
1489
82341
4007
94903
3
8209
8267
60204
199208
1024
1041
241905
218666
514
57431
18938
1097739
33612
35396
649092
21347
642499
17152
354217
28942
55356
430547
3155
693784
2194
200191
2026
95285
11816
167815
104024
12619
85657
189348
54830
1077021
15895
481204
7827
217187
140678
230564
5139
20507
31041
11963
3673
23654
4196
661610
661664
9304
112147
5500
657377
656344
115673
645121
88933
1022475
681268
11849
640016
639371
4945
94846
100761
59983
20972
62756
93528
676110
63717
222550
32881
809
20803
96119
7205
16255
4463
229031
8043
643172
63049
3744
69320
6964
78625
305515
639961
1061557
66380
240396
660678
22210
63279
124055
3230
99641
778686
24977
20532
21430
117130
5702
644036
75020
2661
1258
6702
122853
43850
21640
177753
692138
122896
84291
1860
37219
60061
95848
85327
10242
5138
21275
93965
714304
24064
2422
713699
57936
513169
90562
30648
373537
37188
9405
672652
12825
51821
445263
65594
92674
6780
86182
21351
89951
684216
116468
33472
95562
642671
104677
1227
19943
252825
3459
191650
1750
6425
79635
1910
108118
8607
2557
6939
93539
9051
36802
6269
289368
1781
18571
161227
640862
3015
37277
71178
645598
9348
99715
4185
665744
7023
98098
2161
21065
710975
62610
15182
669066
104196
8952
23904
4844
622595
224770
9357
75144
7689
219651
5995
684217
101697
3179
1171
66350
712162
131135
102395
28206
25945
93713
73311
23734
11869
142911
600631
76785
20324
2433
2844
129497
21466
20868
713508
643349
37148
9867
100270
3424
345883
4144
71602
4258
4443
21864
108983
1411
131393
96945
1074
27259
10699
644398
2470
1176
176101
19888
699925
69807
19999
237777
1112790
85568
20659
30131
12213
3217
37057
1703
11852
231216
5091
71132
939679
93945
155835
25715
356924
177006
20538
7863
4772
4488
5464
88533
144298
106959
20477
13503
29772
21293
150064
919
650993
640353
125034
197778
70141
701577
27130
20948
6130
96342
360505
3511
77273
133185
101790
71634
190320
825
706630
10552
643024
22270
648298
97164
101721
3371
104774
3506
1006931
20876
643694
17246
642965
173193
1249
928
4951
665214
91298
71084
172602
106984
68255
7409
649232
3974
1839
694932
66332
154445
16531
5072
2333
63886
23106
1032183
644766
4081
4856
9305
30851
26989
1070
39194
189524
14122
22778
112301
7789
95895
26639
482708
396184
23506
22566
10007
16129
3172
587114
887
79558
134121
21655
158754
22367
2056
21158
48598
12366
84865
13600
132538
123828
653432
22538
186750
16115
661070
4368
124435
110664
78568
104539
642550
3597
108485
4421
72698
20866
706780
96585
734791
18249
5237
644543
20912
1181
27110
30049
645673
1631
85052
18941
4959
36712
124310
62544
303637
307599
66341
126037
885857
71076
314220
5572
7867
4848
11350
1190
101039
27297
732826
6331
675628
1090
8362
92974
22500
643279
75008
37355
68388
6474
122900
36628
805
25114
108495
21048
21001
1263
62842
36755
638614
18613
77308
138992
6054
1908
83987
16969
20024
126741
37781
4480
912
8571
37398
22892
78779
2117
638192
652428
1252
104543
90589
1001507
20781
9411
736092
673035
30444
95860
17927
303713
11334
8705
52180
90921
658459
220754
63353
282823
129372
126085
21136
36675
23429
21935
25591
107270
649248
714495
686811
12258
3568
649273
1507
71240
16940
907684
17148
15355
660345
4895
82325
63923
129583
80042
4834
163440
43019
114984
75186
33129
47555
60452
712001
69799
6651
122763
44142
2759
112199
75183
20234
87930
4974
80606
661951
122800
20269
17119
44012
3708
83626
38017
105750
24775
100153
94614
86324
2251
676883
69791
149631
38315
2719
232346
147826
665215
147400
21159
727988
373833
203
105327
17762
30175
88797
697830
802
175523
4942
21112
656631
62826
13417
2809
716316
21171
269348
73244
665426
22658
60426
197040
71121
77252
8839
994762
2608
4459
24198
1218
715155
62571
741573
49750
65170
1071
341613
17275
75044
1008561
20401
18943
213776
1182
865
77110
3792
66421
29590
6731
47488
3446
24347
44
200306
426101
85490
235458
207792
29579
32823
123248
94664
151914
20933
122825
60955
3101
106976
87627
104582
25562
118537
2559
1025810
642998
60252
100924
112129
81680
84019
20836
100958
16260
11923
122147
638610
62613
159164
642838
5109
87963
3197
78446
1014206
5175
71098
60392
18385
83102
84449
139227
57886
1679
1015239
3996
391
298366
2689
18625
127492
442153
6815
7961
74538
38030
315907
180680
71075
71221
37353
867
41815
16060
96155
647754
1707
131148
3358
90534
108541
640364
122974
390
10039
4347
44769
4312
4024
156516
79695
40403
1013878
60317
61023
137316
20295
51892
84193
23044
638930
3803
3492
649315
3480
116948
9925
905
8099
3277
133095
21016
88660
426134
680296
43680
20635
406141
18277
658706
1251
104092
94489
2632
9291
111389
4388
132891
445
270355
312340
105477
3638
219819
681392
101600
666953
63528
37961
202315
644920
37954
32542
103453
13494
4696
4248
27463
30256
110588
106688
196483
643002
161030
3600
182368
4456
12676
190657
90087
142239
20638
77260
106986
124730
375
616
672637
11321
94579
172002
18792
172659
5905
38343
37396
4963
7784
31339
110370
664091
4729
3770
3564
17263
186778
94376
68315
8046
19875
136992
4730
673641
280059
692462
175794
8701
1832
2423
110046
435225
8859
218201
3935
640488
98082
653253
1009462
101902
7999
31028
20455
3099
93329
4082
339302
12954
765755
995708
164
264833
1294
17920
2166
93322
23154
660164
1793
91777
154506
78582
32575
28964
695747
37314
3208
4657
134032
4806
686692
649266
112161
47794
146021
287958
656084
646
657450
20249
73402
20067
676429
107224
2089
159537
173301
9321
106648
223935
72488
83080
38301
185912
3306
47545
119724
84976
291544
37177
63513
93511
86295
272086
20595
409552
702943
7799
27685
90536
158901
35682
123
20125
175130
20668
8573
4820
187595
1063070
3543
9531
21147
66013
39160
36085
5455
2693
8682
886
991906
23858
643213
20508
4851
5108
88672
51843
269952
71885
20709
4332
35660
7737
21329
75015
2898
640858
35290
4777
228945
19297
94326
62847
2953
60322
36547
84862
6337
285047
4833
23582
36553
7487
1203
23314
23189
20829
2095
9450
645916
662189
101795
661987
231215
4012
6778
19988
2855
102610
8010
22088
642536
486
20280
234692
1159
5148
5472
100881
678165
1871
23007
89885
60540
3491
112201
20393
5824
4212
51832
211139
301876
3402
28179
158651
1018614
35771
3728
649283
528218
20989
43687
6410
11933
1935
2974
36072
112330
27538
80282
216585
138401
71529
82058
20063
232413
114070
11879
646687
92011
1384
839501
649184
101669
162223
9206
65857
10496
80227
20106
60095
340
656716
4870
3583
1012
11865
75017
23127
2344
86307
1057881
20076
649527
521930
1853
95237
989
4776
66342
146279
18679
20012
125687
4877
698537
23888
718
30212
846
35331
72524
230013
33579
20335
86605
153647
101217
324178
24816
27109
9947
25229
9027
1087816
684437
1985
17640
23631
726
122673
6459
337816
694961
5889
9356
27760
62517
656730
5009
114243
643374
180583
110087
4309
3886
649225
104697
6751
17955
97094
391474
153926
1014
5130
38675
642464
659800
518634
82469
96113
21139
95581
4020
18105
75076
3219
58
527
33864
247255
20227
1015992
440380
664092
13804
78622
646745
208974
4787
677561
30360
643181
1243
5951
77327
651571
228664
777229
357976
23742
642613
3025
263345
3425
79689
21646
3305
35651
227687
69794
20134
748336
647070
701317
176640
74689
130997
74738
220916
2363
69931
10236
20578
642768
30776
110591
1011763
11806
6196
348
31475
866
209
1082937
662159
991893
170957
607
77217
91268
11955
18054
3457
16598
770
4850
55879
674081
97097
8558
6147
234784
2462
2174
28961
62584
32941
1833
200920
4613
191305
94710
3478
23418
645596
60085
662194
36885
498917
131309
60423
78606
14523
103001
220362
91861
795
107535
97309
63683
10009
177809
33
277758
8154
1007994
68390
6475
649240
105014
23035
20458
643341
15533
22755
79243
231489
97109
97175
78730
22888
66565
1072137
59369
93326
123093
122761
145655
645523
58419
20870
3796
16172
47878
229307
20483
233413
4885
6721
6728
17256
169703
106983
2394
104131
8213
229006
1040337
1715
18172
20672
4324
95945
21080
91276
6810
1847
59507
1257
63632
108785
9070
22465
20603
64017
18370
27683
126141
185311
75606
661421
71
764160
889
4301
30809
27836
713825
5929
442642
77523
77320
21513
94844
60493
24803
96710
640379
6710
95
20551
71238
14026
77276
3899
1224
28232
1991
24686
264203
648784
717
56386
285863
83377
30217
3085
26335
62662
143837
138054
649608
633923
11793
104534
4955
166147
2227
694116
25157
196
167980
1030950
92262
126137
687238
87867
648635
27323
12579
164636
6455
107902
22512
744
18894
10031
29732
171465
645583
9077
1440
4222
11887
24164
20817
20518
36580
907
1247
667483
3840
17316
672244
203053
5584
639677
154907
109657
104320
488
195841
799296
20432
125048
91941
1922
15711
37661
21078
6400
96926
28514
272448
1656
644878
460
84977
21697
29500
85746
646634
1022883
727200
29974
2126
20084
1890
92359
1999
6674
88985
22705
36750
1808
62900
59941
21017
644120
4821
1037083
139388
212420
107563
28959
838
21276
74582
713868
786938
42129
63181
1709
5563
179192
51827
26887
12950
110899
33860
642478
515150
111467
7858
3359
1068
660523
20209
43513
141746
634
21013
732816
75069
126125
50426
108561
1048329
27053
45154
4062
29149
21204
4110
88506
38308
20415
680045
91582
32
100125
29292
62992
117144
222240
90975
103449
314873
4865
758404
243544
59846
643836
1021638
27305
90535
10571
126853
3206
2686
15691
1810
30134
1041416
73441
902
64117
20984
7886
46884
23472
17886
87758
194
155423
645502
63325
704607
9883
78063
105467
754127
21252
20069
30646
60614
128702
27329
20041
60649
212
3606
353209
92621
115939
642753
660326
114443
649123
174944
160677
48558
8633
684656
646681
6013
27171
83490
7925
67
6974
11919
4902
8730
23521
16187
197770
94026
1600
7651
37130
21261
63507
649130
79813
17238
223430
31080
30031
33015
24739
679090
690002
772
15715
63634
20780
600762
3740
20911
37290
643183
206
94692
33392
30126
57500
678168
850
27019
1085146
13697
1269
8108
95734
112232
36711
9552
388243
71131
28535
97099
26622
24372
475544
16346
60913
123220
130984
6319
176952
6457
4910
181147
644495
1066251
413964
84874
17270
24616
402216
8640
1030432
8433
641848
4860
427157
248502
3533
200695
96350
638632
6322
157635
305845
226946
59852
27750
