357530
2282
1985
2538
643250
18858
642536
6510
155431
672244
11879
3491
5995
23840
684219
3973
3482
4221
1077021
662159
103
375
660328
94026
115240
21
1011428
71153
644920
1450
676602
71075
108611
93930
22033
772
636156
642490
93539
17404
831
697830
17342
110194
4082
2245
106354
454
77
665215
47763
2844
4935
642539
701
44012
104683
280435
638610
1368
268336
1097739
1190
8791
71
1181
636736
69931
825
181087
4889
11809
72399
1489
640858
645693
1845
1431
645916
1210
8386
527
640017
114445
75543
62875
616
44005
33
657449
2661
167
20011
1024
516
105
26084
662634
20024
3477
529
27543
106990
63055
37057
649853
1182
642861
27814
21137
9291
196
4049
1271
2673
35660
20256
1258
1185
644577
742
1001507
20363
642838
469
686673
702853
4718
1273
179149
4897
645702
21170
3099
77838
643719
108623
807
104136
928
939
758957
1574
1226
3
1704
1983
21472
646289
13567
38384
362
479
20921
880
18172
3101
115673
889
4955
661664
684215
647829
16172
105327
110104
2782
1703
646255
2900
1069
694116
383
3162
660238
31842
642509
3009
209
27801
1071
108601
1490
6440
69853
8745
254926
802
1036
1179
657357
105477
3306
4986
13024
51841
94297
104196
695405
642782
513
27803
722
27836
883
805
3523
3948
1244
482708
310
340
687
24739
1243
403
2686
3424
661610
2632
2525
649283
2316
645647
1239
4735
4541
