650993
38352
9393
2105
642664
1813
1061557
997937
65170
11879
662437
122853
160814
660236
35016
616
48360
4724
679090
3883
4955
1294
28535
642492
647829
2087
95860
2208
92745
6751
1267
12926
80606
831
28514
1489
21147
22467
192967
232346
67
27803
2234
179121
29280
38337
2095
78639
102936
11395
75567
371165
2037
839501
203
130557
29600
2227
155191
8617
375
133389
885857
21275
85490
1187
75060
314873
694932
759687
662159
77217
179192
62875
27543
4667
107678
661664
105477
17258
15143
660571
36547
66013
406019
649411
96225
196
847
4921
6754
194460
126137
656631
78603
60456
97109
661987
1273
20529
1070001
20129
29769
2031
82721
29664
684216
1203
123
328166
1073128
9411
104133
11356
676602
30669
30260
2661
104136
110194
24184
8213
6130
1259
108541
1210
20921
3583
16172
9394
20458
645647
80175
61023
2363
104541
66565
355471
4800
2525
20572
16049
137363
77338
732815
4234
87093
51062
20713
715780
6779
162223
20092
20928
4443
20687
1958
37188
77276
305845
20795
734445
708998
643172
14250
118537
3112
320049
9402
4820
267793
130338
72462
3740
14569
457697
640636
151914
653564
656050
21709
337884
516
9021
643474
88480
104131
21187
927
4406
18088
9348
71153
192714
21043
22892
19560
23947
37250
6460
9304
3215
67964
772
30788
62826
661399
1160
4235
130378
20596
100153
2846
2557
5048
706
37314
18436
77342
644878
21112
3139
30256
37201
71204
50487
204250
3399
96926
4480
91995
727861
3306
106959
653432
199860
7827
8256
373537
101699
20278
97260
644398
7682
123842
696592
1311
23506
46868
1850
170114
20595
44935
744
27814
1030085
12682
17750
91298
727200
50561
1011763
8548
1999
37177
2126
38282
46218
60426
96561
154085
104534
14602
665215
8791
95611
156802
81288
8591
73213
42
21039
6659
9286
789
1119831
3402
73342
96424
1041
20726
4018
282823
4293
87959
4905
491
96572
20323
5698
345162
38409
640292
25683
1089811
657919
74738
4383
1021638
158901
480
21472
71127
59613
70975
20654
86182
18841
28491
20484
991906
693224
136261
10496
97346
4501
70661
20033
111353
101442
4194
38279
637039
99166
4248
698537
7606
713699
92262
52260
4421
407839
38374
1088
3359
131859
30948
73236
37130
20580
4958
63055
10236
142358
46679
90046
10419
657449
714928
1008
1242
714304
22367
8607
426101
279498
445263
221169
101695
3996
21465
1010
4856
23596
4902
765202
1034251
32
268336
3424
1048329
37952
393687
10634
4729
2774
702943
20216
71067
1354
1015992
3085
49687
1890
21660
95
1188
22088
18823
75024
3227
93764
642672
290
85052
62638
3941
701
3551
24691
21329
3971
39062
98174
1228
205673
1384
3231
20659
396
234956
649204
60362
2686
21237
3403
1261
175816
37057
3908
85054
649184
93539
59608
59983
1156
60473
21562
648784
406141
3600
718
706630
1185
60309
3450
3225
60611
821
634
131024
77252
3099
648298
33626
37063
175794
153
102610
22573
118918
170155
21646
124310
4908
60913
21033
1041717
645456
24739
3916
157176
644036
104039
6381
20180
60317
5570
33
24198
644766
59688
1032183
1038038
60649
1899
131027
640862
640579
71119
84449
307592
51832
124360
20081
643181
660216
2049
640364
696115
2953
109988
4301
22747
73384
35451
8809
71131
23472
16260
635970
2982
24803
26850
4221
21170
692623
102395
902
4320
75026
9192
90
481
672473
695405
3516
20508
27801
5035
129497
802
160788
27038
88985
33688
100173
20327
644645
1661
20069
649273
17263
646129
63138
660072
133
9027
219445
20924
7883
5148
27019
4174
77321
401876
1066251
47488
69888
3370
167
62828
665596
162635
643278
926
86430
643162
181147
713825
71138
20720
94739
62843
4915
21211
912
17148
758404
38428
252958
18364
14297
197843
3461
645172
21062
8941
21306
30131
164829
59369
104196
1592
228175
1018
3457
447
21916
4088
4012
4799
69320
800
94059
60296
6013
3921
24212
66217
36750
4767
5869
60203
18854
643337
72399
5133
115240
673641
101883
16948
105821
2046
2608
645916
24042
639
3618
3482
71251
430547
3750
100881
21604
36712
96
209
128675
4979
61491
248393
38362
96350
1265
11795
71060
20349
90607
94199
480825
30212
8480
90589
649123
9552
5139
1251
31028
114465
660553
2344
122057
3491
1015038
11809
28559
1007584
112235
6533
9326
1009462
63878
29851
1063987
1967
134129
21081
3503
1271
19997
18302
2213
16115
7790
114387
108611
651485
660230
21139
4991
642501
4177
44012
622419
20880
20232
11009
644786
661421
1887
37398
21276
20753
5109
3683
194
4833
1446
354217
11806
663582
5160
681268
50592
200394
20059
218666
107600
6497
78647
221749
735981
160697
78446
11900
649214
347330
108221
28179
8423
3008
77260
24536
37587
11793
2673
77319
37068
7294
514
679347
94579
4860
90562
1933
698119
3739
13804
37315
70548
37027
27203
71093
103426
642768
678999
75044
189343
16013
658706
107760
3677
77316
47763
63507
199208
8745
60540
649209
37961
77352
4049
660523
62522
11479
1118
108477
20829
21289
650456
3842
4735
30015
9804
310
19297
3471
5549
60204
20201
21341
110048
3675
20137
648308
100171
6594
1182
25114
105
88678
20538
5455
460539
37334
678972
3813
688078
33741
47549
3458
1041416
645629
642464
23154
22745
3728
82306
578661
278203
646046
374671
115673
110104
2962
17391
645583
4787
75027
33164
1528
94914
661448
3882
26622
33825
10004
65857
14812
131393
17238
7789
13567
4834
178233
4323
176637
72639
30175
102606
1707
9358
160769
434141
191444
26084
679657
59675
28959
642753
3948
1368
4852
184333
701317
126608
113679
63634
36072
183844
4759
185311
701577
37661
113629
660345
69786
6511
126125
44521
822
9849
4144
1038170
96919
3695
10843
1078
63870
102617
4889
38308
4259
18481
30126
406
176953
649137
2134
10283
1006931
5872
234784
33783
21020
122825
103015
3478
665749
126133
2815
77273
43019
27985
61517
62850
27976
954
663745
646687
644567
3727
181087
131002
661610
60085
24395
712162
2245
1190
1704
25524
10031
93945
104540
62584
7166
23429
677039
684219
37353
2834
30113
110370
9883
84144
38675
660570
2900
2825
802056
1232
141746
743910
27053
638817
104683
2425
640363
29149
305336
71141
649264
6518
22551
23676
86340
3230
90522
96709
88939
324178
323006
116
661070
3796
5273
645728
21321
20125
1316
2759
90542
57911
2135
661996
27836
84977
667483
20813
1081297
379920
1112790
887
21137
642671
57886
858
5594
402216
25845
638634
111634
46232
39194
642738
705155
41815
639471
1025810
4847
71121
27320
29500
7895
245019
60528
79635
3219
4942
643279
673350
643250
106976
60452
94924
60341
93965
20325
637262
107408
177336
104149
26216
77838
13641
663549
23869
9378
4062
24977
6331
129912
165989
96186
67980
6088
199358
101267
63030
78582
25933
4028
122688
6400
1097739
4
145655
101920
518
112201
15763
4463
220916
7878
6216
8969
649217
641848
91268
889125
5800
75799
15585
663311
131599
677561
20483
12114
59846
686811
4368
55023
15152
94026
537
1090958
1037083
57936
645727
117214
23129
84871
30250
2194
4398
21957
4435
1257
699729
47804
27044
175523
3568
88709
4239
2775
185912
722
1071
58097
21070
203823
114464
707
91446
12094
8724
646419
638610
5925
106347
245233
31842
66341
18054
272448
17845
510
676883
95825
4082
9061
118286
12023
63668
19988
939
103
79309
93692
17927
638632
195579
1090
665744
100761
61120
20518
23654
4897
33772
1767
44751
660678
710072
1124
1822
652673
63632
13024
3903
5072
1269
660639
17
1064
20417
1522
3217
3708
8000
15691
18792
12579
27760
657619
1086053
328
9895
6404
20961
20199
914
809
11921
118479
93269
188807
646193
4303
4347
686421
21015
92011
298366
6510
2301
9240
3537
479
36654
12950
20551
643591
127172
104539
172933
642838
4562
107684
3973
93074
155186
77474
264203
172077
94664
18674
20843
729
20189
10826
63622
1001507
11849
3769
11869
22463
122896
1181
108983
72512
30951
17292
451
36597
866
4409
14777
96729
20868
10284
47555
3
219819
60443
280407
4935
807472
20071
12892
57407
2711
106500
4459
30862
1107700
825
4877
70081
112737
7999
13846
645505
388243
26352
71173
38301
643467
8108
21013
11822
35738
2632
21252
8141
11916
3211
373833
20434
22027
101639
20184
30776
20758
25097
15365
168057
22210
645688
3673
710
645694
63528
77330
18117
6018
18105
962
3511
20368
48071
676429
94113
94272
77295
2058
278192
27644
656668
69931
21408
103001
186563
83756
94326
672637
13771
101921
11931
160789
11981
73279
20799
20049
280986
252825
1282
159537
6674
85746
227895
24456
197770
213776
32881
20989
13503
20011
95941
11884
1319
5702
6721
661924
8938
38340
20988
20335
9742
660238
11945
104171
63838
20912
153648
137316
644688
1490
27329
3506
49955
69833
702853
69813
646255
10111
60900
51821
4351
3408
107977
676936
1507
2076
1996
32542
3101
5205
2161
9258
2689
2131
25460
95109
78577
5563
108601
5860
396761
25715
5156
222328
643569
6375
2420
2855
18123
23582
3155
699491
296
108463
69799
60551
3802
37300
646367
749451
25988
889
764160
49933
30604
91958
20592
4718
3581
69791
657640
20166
22033
95945
104236
1239
32497
694765
20964
61905
6328
6459
907
104537
103453
642509
62853
17874
998605
89748
22104
17737
21499
70413
9935
6067
101951
638807
89951
340
643560
92098
155431
104582
2732
2166
642499
14029
5826
20024
10605
10967
112330
3473
1411
77331
642536
740743
639961
643002
7886
1049
28148
807
21347
660328
196483
21076
95734
101817
643765
1063520
22457
17685
90811
18858
813
9357
1007
22658
77294
64754
79927
951
18878
14413
27647
20781
312340
11866
62815
69875
78451
6139
95895
18571
9291
21017
1461
4212
81568
74794
20902
4225
17270
4570
17127
24372
24064
162035
10598
16346
4904
21685
160264
8099
8665
6210
248
11238
93
19999
18208
68307
47543
20586
700
660793
26164
83626
3046
1159
4318
642877
89585
1202
126107
1244
11401
4185
108832
97413
1845
46195
697819
57431
192412
62744
20534
20207
1925
27305
188544
665214
678165
37598
97284
19462
93977
96360
116989
643985
4541
5138
104320
4193
18047
60585
20638
455314
214187
1167
640379
160751
107882
661951
389
3578
180680
280059
649283
10007
880
12366
2820
107273
9147
1168
2810
46
79719
1530
7005
107485
17342
2286
36802
9051
1773
4305
77336
28206
272086
3523
112301
94401
3414
7915
20012
32110
112129
91861
642478
104543
642490
21029
2075
4980
8640
101902
20789
8839
642689
9162
4965
6424
96886
108464
32823
31413
20041
19888
51827
8834
644353
86185
643213
647070
2249
63993
133185
81981
62726
39160
21080
643335
638922
740
172602
27774
20021
37290
275
2809
21599
86605
91961
9383
1176
219035
62571
426134
7621
84808
71178
20754
11286
277758
643719
41397
1029195
124112
6731
2693
7887
21935
12194
175669
1574
658459
17855
4229
166594
642667
29974
71084
2444
45154
728998
376
11837
649311
2240
409552
123220
18613
166328
643024
5091
22657
20076
31475
5584
636782
61867
174944
1860
78636
29761
26479
4384
59507
11964
657448
16531
513
106984
838
1819
6235
2782
2548
4488
108796
18420
687801
104127
93930
106354
80282
62842
33541
188936
2844
85327
14541
44142
36313
74582
69856
210612
759077
2822
3837
1649
64117
71132
18619
71095
27308
642613
700175
82026
164
77340
6810
3959
833
5463
123093
135193
28964
82142
5462
151639
3433
8874
4272
167980
648375
26213
645596
3790
4024
1258
827
4730
31453
79641
11303
137052
44005
684215
7918
81680
17275
884
100958
3119
8386
93857
676110
6349
23035
2898
5129
75543
1832
61882
494735
153914
527
59979
12825
5203
48598
712001
566049
1024
646634
249069
77240
147826
11955
1246
1227
230052
4949
5234
435225
956
230013
104698
33129
1036
660164
96268
130974
680246
8924
280435
663503
645702
3197
96529
7023
114984
15640
643033
20364
777229
231819
54528
689971
170957
20933
82
105791
6322
159164
20363
27259
676940
75183
25520
67438
644543
20575
4312
29772
65
642851
206
905
93296
69807
19923
231216
801
96241
90162
637244
75606
4241
1121294
17267
6780
16255
678108
42412
1019953
607
839
18819
88978
662189
3025
643151
214319
94069
3394
104690
35660
25
7961
186756
8335
642571
2993
24420
63585
131799
91941
11778
125849
907684
21117
4630
91942
742
153277
1171
77305
3862
20494
27849
78757
687
642480
30303
825828
22816
104696
17404
42274
175786
33876
11813
3009
557531
357530
24048
1657
78640
27109
142963
69863
1974
4141
7708
7347
3066
37255
865
86177
20087
235458
89985
97094
35682
2559
3405
1041808
6395
14147
155423
106983
6472
138511
202026
2710
6440
5995
4776
17317
4311
362
6722
45391
26414
305515
14702
1587
664531
1886
307599
19875
662172
20635
2237
9377
4741
3533
103913
62756
122761
3744
179149
50223
20867
4555
15895
732340
60606
2378
1007994
110697
13600
114468
20055
74773
656716
20507
101482
11988
713685
287958
3207
21159
62518
30809
88965
110046
701424
23462
1013678
23840
690002
10071
58419
51841
313
586677
1039106
11870
3508
124592
88672
104132
21447
21821
122759
22214
4821
408026
63481
2973
104533
105934
694961
18244
653253
9239
47112
1069
2114
4050
679387
20231
1252
7925
4220
22471
75228
390
100270
678168
636736
5423
1750
36670
73244
17416
873
311
642539
17993
4885
19821
692462
5803
1003560
991893
644827
5464
314220
280252
20429
9405
344033
47454
3438
21640
112773
2724
37306
6473
90888
87867
18795
4333
3061
661957
1885
20227
106534
97099
2174
94524
23933
685071
3999
662527
63819
182324
91447
158
146021
105014
884110
8291
315154
684221
3459
135351
20306
229031
172173
14415
3606
391474
928
24555
21016
124730
7813
4892
33632
661391
18147
274921
672652
3220
6540
75020
20422
4791
1910
686692
4456
642550
71091
702852
243544
5690
27682
59838
21
192010
24616
96710
664092
6898
57889
21001
675
1275
5394
145259
643702
1600
6778
9344
649232
1033692
26391
275744
8856
131135
4728
60322
27792
9734
1499
17709
197040
71634
18894
105386
153702
94297
114327
521930
9321
66332
23734
645693
87951
13492
60211
241905
75025
83080
741544
106990
93182
87963
6457
21343
1243
4112
9024
1018765
1016
24033
72524
106883
644577
30295
94185
515983
28908
135771
3371
63736
728304
21627
803
38585
635672
366
31427
1179
11350
18783
20159
208974
3048
1063070
79243
1008561
104181
3976
177213
778686
63923
111467
71179
649240
20663
23631
5042
122763
89755
1431
3848
133563
4696
1023
3647
7651
18172
13
125304
57914
241
2538
907982
36885
63544
22014
646
69853
114445
660325
1063
6269
36628
758957
89639
198858
649853
880810
87627
122891
186778
4848
646289
2197
6462
373809
705
94844
1305
732826
660234
12684
126291
96155
164636
4963
104697
69812
7577
28925
1059
32166
1082937
645621
79272
649243
77320
74097
62629
206548
2062
83377
240396
714496
1096010
3015
70818
11321
20876
6319
642782
16515
226625
60955
70141
101677
20874
1
9351
10549
4314
31965
90921
1834
862
646231
681379
17119
122395
37363
23127
84019
642
62824
26335
1703
112392
144298
662634
37339
20052
51892
95848
126129
14523
30363
78730
68027
18371
25256
269348
21783
29590
20256
20898
222240
8476
643161
129372
180594
642861
9429
77110
1226
138054
4418
1985
17955
20881
79232
10242
17725
7712
123134
64787
27358
883
3665
727690
26666
3477
6536
4244
36553
84193
30952
2422
25709
122800
402251
5037
101600
194880
133095
77
72650
810
69460
95010
20780
6425
9206
35896
52318
846
194440
689813
247255
92796
62127
3034
4844
31339
21100
640858
40403
786938
77459
367127
104125
100127
47794
25229
10418
5130
645631
123828
3480
2026
71221
79689
1841
11484
3899
20692
5987
643177
1040337
874
2943
698535
90863
657357
4790
96945
8898
360505
21466
30444
26334
96698
139
21725
4910
20866
247
27171
62833
425796
5701
78273
313481
991775
211400
101669
335
182588
684217
662416
636156
6475
5425
1066844
1068
518634
62517
138992
640017
4653
9356
4020
697830
11963
37355
445
220754
23133
63543
646745
3974
18972
152094
20415
33787
9531
11919
108439
18679
20274
28936
254926
4777
638614
642453
20157
44
68175
104031
673305
1735
454
686673
90873
111389
2708
11905
20672
1808
646628
4781
8934
28513
167217
3803
82325
5108
160560
3360
5134
87758
643183
919
80289
43513
177006
279476
30374
8705
103824
195547
690
20558
234692
37352
6345
66500
881
13449
795
63471
18938
37277
13696
93511
8682
21351
92974
4814
829
21549
94578
110904
73259
162026
640628
6651
3172
158754
639677
22705
21513
96567
643035
649092
1853
1044927
20817
20067
190657
25157
107928
715450
6429
1074
3162
222724
231050
132891
674
1708
9840
20252
20048
38384
59941
169
656342
469
60368
108563
4149
8952
1709
947
19572
132538
20145
4188
22888
153647
262984
51268
6267
17716
20616
1218
3024
2316
43410
3221
269998
113768
8879
153926
9038
23044
542
2242
10009
7784
995816
672370
20803
4838
1077021
6974
13737
297710
4773
70137
107558
1052212
6287
288
37344
307548
11816
9954
90995
4946
11914
107902
2282
21312
60083
1079206
29402
71
222602
6761
9366
36755
32877
102903
2244
124055
643420
215078
1012
21004
672244
587114
303637
106143
105327
4751
33623
38017
108785
20643
642547
482708
3792
77327
4102
640016
662158
1450
27881
694116
403
2122
123040
529
737274
212536
4843
23858
341613
95813
72485
7487
1013167
2462
11877
2507
75179
4613
71092
649455
1011428
94140
4986
62632
21065
63513
966
62921
108617
71240
2423
101721
175625
1351
22120
719
51616
8131
108623
1070
114447
21293
754127
167815
3589
20870
2251
68255
37403
125371
7376
61716
20345
383
5135
658204
93567
4842
6466
2720
805
17283
36433
850
19951
481204
88732
303713
118297
6576
637333
26639
714495
4196
20432
673035
69794
66016
94983
23007
642549
60392
738883
31080
28026
706780
19074
1922
59970
325243
212420
20234
7356
5093
646812
20394
195585
117224
44004
79558
1224
1112
886
3168
136992
3446
644920
8689
66342
3604
76785
8571
726
1983
94614
1009453
4657
43
20999
3500
7863
129268
1085146
33860
640047
1847
11886
639371
18763
20457
4733
1018614
781521
22669
30225
4739
28232
717
90087
21069
77607
5630
784912
62903
5693
41561
20836
71075
22512
24061
71166
348
674081
20603
7028
29504
83889
20455
18028
24434
649310
