71153
27803
108623
26084
21170
103
1983
110104
20363
383
357530
643250
1273
1182
2632
1244
8745
105477
939
21
1190
722
642490
825
647829
115673
616
1368
1210
340
115240
645916
642536
661664
104136
310
880
268336
2525
3523
672244
2686
1490
105
642539
807
110194
1489
21472
646289
155431
687
4718
44012
1001507
18858
108601
94026
772
23840
3099
1036
640858
27836
649283
20024
11879
802
93539
6510
2661
646255
362
71075
1011428
5995
831
1431
3424
1845
1097739
643719
3482
4935
20921
38384
21137
3162
3
106354
516
684215
1024
196
2844
660238
657449
479
642861
403
660328
1071
482708
280435
662634
44005
686673
676602
928
209
638610
20011
35660
27543
805
883
