288
15098
2133
5076
5710
6432
9232
2484
9526
1503
8279
13222
10586
5888
2317
5129
3375
5233
2180
1930
8569
14672
2972
12408
11326
3580
9271
12244
44
9665
9944
9778
1559
14796
3994
10527
14846
11456
9808
6353
12152
1132
3522
8654
3040
5245
8183
11572
8349
15194
10590
6145
14080
2223
4576
10406
10483
759
11634
3762
8979
9600
9450
4212
9355
10744
9472
7159
2292
12649
12358
3750
5496
1007
5291
12297
14663
8157
6400
6188
2022
5550
12208
11375
10026
5599
15087
2952
128
8510
7090
8392
14826
13553
4934
9953
9928
13087
10392
7625
14213
13593
3652
3843
11768
11965
10397
7306
10388
7424
3732
1552
5843
8246
8241
8974
4845
2714
2344
4192
15079
14466
4691
7067
13113
6965
12613
2370
11873
3692
5357
2391
11232
5355
1076
5069
11909
12105
3630
8123
4598
5276
5612
1281
5486
2173
14666
4607
3849
4304
14669
6836
8114
3266
10904
4671
12165
5193
9007
3234
8417
1396
12163
10854
7479
12323
2147
4308
11446
7751
13457
14462
6672
2931
1003
11169
12053
3503
5896
9752
222
5602
6681
8662
3011
8048
7668
503
3384
14897
3553
5012
14129
14739
10088
8060
13139
1174
14995
4960
926
7013
8014
2176
5417
13225
8944
8675
5548
9278
13644
4435
12968
6511
11526
11652
12171
5992
7759
14686
7114
3208
10249
124
3430
2061
8680
4434
6975
4904
1539
11284
1952
14278
1954
12876
3448
4083
12877
11244
5572
266
7943
8532
1310
1182
3382
14726
8546
12940
11452
4477
10642
6004
11817
7256
13144
12420
7429
7415
12162
12031
8667
7555
3314
10487
8604
10961
9696
6671
1488
13411
10272
8361
8189
6337
1163
9324
6424
7525
10832
12614
15016
12929
14502
1315
2623
2554
5466
7285
4941
9424
6700
857
2164
528
3183
8027
12040
272
9017
4125
2307
13006
6517
556
11587
3082
3044
1001
4818
11806
11035
9835
4900
9640
13583
4556
14992
597
14847
10405
9836
5404
6563
2772
58
15174
7058
8503
10006
1215
14413
12571
6314
6482
10790
14689
9703
10058
4758
2811
7127
389
300
12925
13585
12341
1504
9286
4334
1777
8133
9664
7733
8823
14603
1000
1353
9092
13748
3033
8773
12700
6326
11539
8820
10326
14132
7398
9773
7165
6150
4902
4013
12488
1814
2636
14457
11107
10344
1252
3776
2771
1891
12168
90
5782
6368
7786
1704
9784
8297
5113
8358
8152
4153
7632
4065
2536
14039
10575
1991
6667
14330
2473
5958
3302
8079
846
3455
5890
11378
771
13808
10803
14392
1045
13848
7958
9001
8156
10264
157
11385
4892
12234
7097
4187
1764
1069
10245
575
7603
12241
1664
8087
14934
7338
509
5274
8758
10285
7719
1839
13735
2178
8032
7185
1448
10279
10781
1822
12935
315
1441
10073
8289
1445
1013
12670
4011
917
1781
7497
1239
9822
5477
631
14200
6165
13266
3270
14061
7110
4012
12786
15032
13198
13729
109
14016
15086
13763
662
377
14042
15161
14383
7187
1580
7702
502
12882
7788
7669
3515
6775
6595
8282
6913
11928
7889
7109
8992
9800
4005
13243
3800
10846
6982
14575
7649
14487
5086
974
12412
2960
10289
8214
13682
7604
8562
6516
13327
8783
1451
4310
7655
4445
3702
1807
13073
7803
728
5077
11645
8429
6000
831
4488
14006
10165
3593
6928
4823
14149
10284
13193
6977
4294
1667
12521
2562
12044
290
5660
9901
14778
2917
14832
8221
6116
6614
2321
9789
3285
12958
11515
400
14507
14509
4158
9364
2932
2354
3893
7472
9658
10939
8194
3017
6132
7035
3101
12875
5273
3917
11556
1585
12916
10094
6267
11281
12545
5365
14087
4031
4171
5790
3535
11954
166
11919
2718
3301
9417
1648
14656
3136
4481
4384
8825
9298
9529
8842
14255
4060
6440
6978
14191
9638
3145
11827
11453
5769
12960
11800
13269
2655
4799
12280
11750
3057
1536
2825
3663
5802
12032
8192
5563
12386
5066
7645
5310
7941
5870
7496
8083
4732
8623
11719
7821
12581
8497
11054
7660
5292
14748
367
2364
9774
11033
3346
3024
7104
4084
13991
656
9208
203
3896
3516
11223
5982
14642
10900
13952
15056
12087
370
12591
11986
3898
2459
9900
13565
5570
4747
6687
10811
7511
3695
2558
5225
5348
5762
9367
6014
4833
7435
2018
11224
11516
10584
2441
7060
10083
7740
10615
1221
12667
1420
8467
7293
14850
8370
11649
14637
15085
4651
2094
10293
7524
6897
12478
7313
8391
5652
7658
11620
2859
3418
12982
3947
8650
3657
9312
10348
15144
8224
9025
9024
7319
11885
2521
6656
421
2356
2912
10943
2351
8945
5587
3131
1541
5187
6356
10782
13159
11134
11133
10379
13330
875
6479
4914
14736
2084
6623
5836
13894
413
6230
7486
7203
7215
1597
6940
12419
2652
6843
5964
11979
8594
7460
7247
12336
7211
14024
8261
8608
784
3336
10965
6072
3154
2276
9182
11895
11576
3818
2620
3904
11588
6243
3498
4749
6725
334
8228
9176
6638
14380
12813
14000
8822
7858
5688
878
441
6374
9922
7818
2227
39
3171
13396
12272
14441
11038
4699
12804
167
7379
7726
6715
11308
10427
6471
13868
8307
1502
6399
3599
890
6874
6821
14109
14525
3949
5401
9926
7237
9884
4102
5444
10680
13146
8364
10452
11596
6508
5315
42
5589
314
2410
4611
508
50
2551
7168
13646
5116
5051
1978
11454
11599
5158
14981
9740
11329
13711
6224
12919
3622
14433
8701
7406
2013
5042
14436
5564
3788
9509
10805
13778
8932
7216
10148
8625
7089
4311
5429
9353
7929
15160
6183
2570
11670
3842
1693
13279
13239
8023
355
14358
6055
3488
7156
392
11186
6383
3798
14081
13507
7754
13475
13011
1113
11977
8762
6947
3407
10552
7537
1543
10553
9435
8227
3271
6169
1031
8671
12646
14765
1582
7510
5307
6981
11966
10641
7025
10776
11156
13210
5394
3341
1710
14089
12489
7208
9817
10286
11882
13905
1542
11741
1306
14998
3404
1051
6894
9218
10386
14997
6759
7520
9465
10689
6066
259
632
9891
10875
13954
3066
10787
10399
2814
844
10037
4808
7995
13199
5296
7199
5236
5428
7111
12857
5616
7488
12184
2464
11560
4149
3399
9168
809
2230
4380
3781
4074
8186
578
14102
854
426
5454
1649
3436
6709
8024
7176
12189
9965
3907
2662
4306
10171
1205
13956
8722
498
11149
11631
12394
2240
12335
2646
6896
4970
228
3866
7495
13214
440
14730
14161
15190
5771
8833
2158
15183
1345
4175
5199
9363
1255
14783
14113
14807
12372
6529
7044
12991
11505
8849
2872
6598
797
10550
3964
12376
11748
14444
3693
6637
649
4745
1127
3978
6737
6984
13548
6556
1454
1403
6190
749
10746
1437
9881
7686
12414
8373
1776
3574
6538
8691
5035
2843
12773
14352
12055
13522
1859
2647
2196
10476
106
13088
11586
491
7731
823
2403
7870
1594
8929
2015
11442
3996
5062
6044
6619
1352
3793
1933
11943
9082
2104
6089
5522
1634
1222
10091
6218
3223
8672
11412
9945
5399
6802
3894
4571
7636
12608
2696
5087
4369
13567
9049
14776
5634
1931
11522
5626
2791
4994
5937
258
14281
7179
1524
10096
3957
1075
2408
12626
8725
3803
12201
7624
4464
4314
10592
15078
2293
4850
142
4609
8775
14809
7613
12328
8541
6106
8259
8963
14216
15089
2401
2564
7602
8547
14029
10682
8352
12113
9637
9848
2111
3564
4912
3088
2101
11640
3464
9193
4281
13038
6305
13298
1848
4657
2959
4220
5711
7864
6008
13926
4949
4722
7148
14302
1903
4872
14971
8682
568
3158
12660
5785
11959
6834
6885
8587
9287
14472
14828
6747
9572
9453
4234
5106
6186
4151
8148
6352
5709
13454
9896
14620
7
1744
9730
379
1757
12350
14321
311
6032
10929
7059
8330
13440
6063
6042
2020
13119
7661
4544
13810
7614
9584
1768
13932
6060
4273
10370
2954
4679
11988
7961
6321
15121
13177
5339
14456
211
6273
14416
11034
1888
11920
3735
3439
1390
2157
4514
1805
8959
11540
11066
1404
1561
12716
11388
8064
5057
13731
6134
10074
12227
9112
12781
13609
8761
5933
4968
836
1537
11991
8491
15101
220
2393
10571
10562
4635
9113
8076
1249
14033
3876
2987
7650
3424
1489
5231
7951
7983
13489
9917
11944
11554
3396
6537
2349
9498
12046
2046
9186
5770
246
14098
22
10556
165
13612
4858
13259
193
8516
7546
10836
6478
14251
4795
11777
12161
7665
8803
14985
4952
10474
12258
3830
7729
10345
13639
2961
9654
7957
6151
14473
14677
12691
13825
7191
10548
9258
12554
2892
3297
1712
2865
6033
10444
12308
11212
2339
3824
2700
10104
7305
711
4283
5819
14884
1337
10338
13241
67
12685
10312
11804
8410
11276
11470
2079
1921
10032
3229
8385
4156
596
3534
14781
12295
11697
5508
4650
11734
8439
2105
2668
319
3318
11905
9913
775
12586
11160
12654
9256
11252
11146
11714
10380
4703
6816
7084
3612
15204
7652
6019
14596
9317
10734
13318
7630
6675
14292
8093
2152
10030
12941
10000
4834
8535
5705
2888
13544
5135
4023
627
14684
1780
4381
3308
4936
9759
3363
132
14946
11594
12547
1111
3000
1116
3156
3703
12914
3649
2222
7311
3283
8463
7730
8058
15004
9221
11689
1468
14805
6021
9659
12516
10853
13247
14048
7595
2499
5807
10576
11016
13010
527
459
10558
8982
11993
10636
4684
13041
2854
10347
12284
11277
12314
6694
7464
10903
14871
12572
14028
1494
8916
10899
10740
11534
115
5737
1698
11346
3282
13220
6046
10999
14499
10745
3320
48
8143
11321
11688
15094
2427
13093
14685
889
15045
11797
612
12311
7430
12856
13030
766
3038
13248
11823
2629
4193
14652
9283
1829
13746
5527
13019
3278
8614
13277
1657
10136
2823
5289
12083
9834
6465
173
8660
3221
2290
10017
11616
13674
9457
9114
10359
6386
14274
15220
14639
7162
11416
8302
516
325
6938
2043
4055
7688
8948
9514
12334
9037
13503
9533
3796
13329
11992
1982
4768
12825
13680
3640
15063
2375
13497
204
15029
13066
5510
5881
14346
13150
8832
5157
9669
3976
4436
13325
8764
9242
10008
10618
851
5324
1548
452
2025
10772
13902
8881
1808
8880
8041
634
14784
5255
8351
2641
3888
7018
3966
11194
11774
8062
12058
12561
6734
4565
13258
11106
9719
4070
12397
4891
13340
4254
13328
13001
9911
4227
13382
13974
3458
13799
291
8374
11589
1572
9677
5767
8914
7055
218
6242
6920
3473
3582
12276
6962
8073
11693
2672
3080
13373
8409
9671
4077
14579
12131
11722
13849
10005
9717
3304
7266
7340
11643
4570
12316
1956
12148
4387
14125
13250
910
8116
4087
12973
3368
2610
3655
5586
13933
1646
11974
12536
9231
13709
2328
2860
4385
6164
13104
13235
10587
13080
5137
14273
14724
7749
572
2933
4021
12981
11429
9782
1501
56
13570
9998
15071
8180
1042
1919
14395
10076
602
406
14630
7804
5267
9515
6735
1052
4864
10633
1622
12261
423
1923
7075
5624
7580
5460
1455
14731
11279
10705
86
1129
8871
13963
12593
14431
2851
12033
10181
428
10574
13846
13958
2343
4191
9672
8412
5915
9394
1009
5019
3193
5414
2576
8641
9799
9893
12119
4962
13078
11951
9527
2265
10579
12766
6210
13015
10187
11896
13349
6786
1424
8015
3444
3844
8396
4337
6122
2691
10926
13508
3820
4204
7801
3310
5829
10741
3742
8912
12805
14539
14239
11397
11663
11345
12894
9791
9135
12850
14214
13971
11117
12604
12156
8448
1493
5240
2298
11487
3802
8841
12108
4532
14576
6842
10192
3941
8791
7698
14272
1583
595
1094
333
9798
3015
14008
6390
3036
12636
10354
8539
7500
5791
11632
6960
14345
10230
2423
12560
13079
1014
5969
3953
13863
15215
11430
5441
4867
14565
11413
14018
8151
12744
7503
94
14875
9927
10911
10629
1406
363
1136
7783
12493
7248
8723
11248
13568
7279
9700
3540
8727
4935
13055
9994
7541
3602
827
9737
7922
5311
6244
4759
15158
6372
11069
3063
10029
10193
8529
6887
10777
10843
138
5655
12193
10343
13924
7349
4450
77
12714
12154
10987
4697
3160
13095
14738
10119
12406
11958
5382
5865
250
11567
880
5673
10035
9553
3339
14313
8694
7332
4478
10087
8530
10082
1212
13114
2439
1253
1812
2229
458
633
4545
13781
3997
14144
11704
3018
9169
7842
18
2002
7492
5144
9598
12723
14648
65
1650
14698
6911
13645
14595
3831
5972
4357
2383
7372
12073
11139
10800
210
10861
4964
1393
7403
10367
14905
11819
7010
14991
12575
12998
5475
5991
3217
6763
11468
13376
9389
925
448
8301
11290
15139
8679
443
7166
14928
14585
12787
14124
12722
6901
2244
12795
12938
7213
10735
7562
4007
13136
3721
2962
800
2131
8888
6369
14944
13632
2424
13754
13451
11840
13315
5809
884
1321
8145
3945
7584
6281
6798
9086
3659
3372
273
14101
3366
12368
489
6096
3210
7854
2213
4264
1992
6441
1483
6346
12432
6269
9508
1659
8034
12326
3835
4132
4841
8582
8176
2346
6391
5229
13232
1519
11607
12961
763
10736
6811
6534
480
594
817
9423
12149
12557
1317
4800
3155
2190
5901
6193
2017
1259
1972
4303
15142
9878
4724
2969
7437
11939
3326
2310
3434
1134
13784
2738
7882
4731
6121
7189
12762
2994
12197
11010
4760
298
8475
8702
1608
8456
9471
3495
3673
7690
13398
9368
8876
11480
6955
10283
13717
12205
8252
8870
6101
645
13375
5256
1904
7425
4590
11381
6430
7121
9661
4444
13997
1647
14131
14668
6604
4092
2638
2231
8258
8976
8193
3533
8438
10129
4601
8674
7011
2734
3783
9683
2957
7250
8112
14660
12356
9495
9422
5205
12746
10065
9618
11431
3453
7258
10801
3468
11310
1651
8117
15112
14877
3727
9357
13666
13747
5176
10848
6884
3121
13806
10676
12675
2120
10089
2426
10268
136
1723
2605
9923
10183
5892
5290
11736
7896
4701
9054
4325
3236
7029
4773
14240
12518
13724
7782
5131
9760
4661
9131
7469
9581
11749
12727
5534
11170
3377
13336
1517
11504
10028
13499
12769
13535
9027
7984
4586
8461
13602
6177
12735
6502
15116
3433
10134
4103
10857
617
10011
7008
4026
944
9443
2611
2599
576
7505
5614
1876
8434
10182
7410
7927
26
2447
13812
32
462
14867
10327
14201
11593
6909
2842
11814
11178
15080
9644
8751
842
1936
11147
6128
10768
5071
6099
5609
10717
14611
11105
12642
10201
8977
13425
6801
13215
11836
774
2725
12797
9321
6728
2390
9550
5796
10102
4295
5195
8649
14753
14622
13341
13710
6394
2309
12954
11773
11240
5277
3268
12449
5304
13589
12064
9608
13492
2
8331
680
2981
11713
1500
1474
10508
12934
10993
12740
551
6840
9382
12956
13566
12931
10226
13300
13782
13539
11221
2648
7678
1709
10170
3426
11747
12506
11495
13892
4247
9061
3496
3604
1088
9173
12464
2921
1476
1238
11639
564
6893
14478
13002
1740
206
12985
4696
10955
4223
6361
9813
4950
7893
1833
3931
7136
6444
13342
3709
3087
9102
12899
14567
13886
14810
5603
2096
1928
14654
2797
13938
11503
10126
6215
6030
8772
6455
10559
2442
5345
9018
3227
11022
10305
8051
6815
6976
9414
9087
3117
12369
1469
11150
11805
12466
4237
1662
2256
13807
1915
1244
3850
3093
767
10151
3290
10161
12673
15107
1282
10132
3438
9872
2701
3713
9821
2187
3192
14067
3867
12442
2220
11191
14883
14760
6819
11877
6094
2878
5922
14288
4687
13287
6235
1220
2504
14628
6078
1691
4063
8118
9013
2806
2853
6766
4470
14574
6036
1257
14811
5968
13847
191
9851
4972
14763
7304
6217
515
10458
2754
9022
2448
8298
4096
13727
9096
9820
12285
5457
4649
2431
8426
12926
7112
674
2497
7657
5858
8418
13196
7461
9675
2861
1029
5393
213
7449
13240
8706
2713
3786
13656
6797
2678
322
1560
10855
3919
13618
10003
9470
12529
14294
12498
1431
8394
11155
11269
1587
6494
7526
5235
3238
8697
12439
7949
9045
12405
381
9292
10910
4712
7666
1742
11220
6718
11369
309
12221
4003
2553
13092
11141
2419
15064
9034
2311
14296
7064
12174
980
2495
11354
619
14046
12639
297
2422
9010
4231
7229
2444
6906
13090
8132
4182
9602
7380
12788
15082
9755
3476
232
130
10909
7899
10025
9251
11174
7347
8994
10856
11483
960
1083
4718
6750
9599
4260
11938
4637
13312
13023
11684
11129
9065
12433
1746
3003
7135
1367
3785
4241
7988
12270
5286
3324
12602
9191
6900
6247
5497
6497
5111
5801
6126
8158
240
8895
11387
9377
13068
1343
9678
8329
4554
7820
5191
11420
7181
3766
7205
8904
1457
5384
11017
7107
9404
11202
9029
2900
6009
10394
10320
2915
6678
14976
7667
2757
14096
5464
9776
9130
938
2790
10123
11001
7326
366
6493
5871
4157
1470
10206
10873
13668
483
6026
936
6599
6296
3325
9933
4538
9118
12703
4142
2277
419
9402
13009
4433
12812
13054
730
8690
11235
10229
6437
10340
11057
10069
6162
2199
13948
6187
4589
13307
4300
9460
13811
11967
11464
11629
12038
14432
12424
13851
12779
1911
9943
353
11441
11120
11876
12541
4525
10984
10931
6472
6505
5900
9170
11123
14465
4056
5840
1254
3704
6057
11342
1641
1895
4813
7298
2908
3557
7206
11029
4110
11529
14762
7708
14146
10080
10233
3631
13022
216
1977
2489
2979
14233
12576
9721
4870
13170
8643
9787
7286
6954
4616
7589
10138
11675
630
12505
3106
10995
5022
3676
10480
5537
736
13897
1467
15221
4240
3313
5210
10966
5875
13252
7263
7936
9155
4324
7360
93
6818
11306
990
13495
14261
4137
8719
7673
11557
12357
9486
12540
10940
1590
6888
10526
12260
6503
1643
4750
643
9205
9128
2238
3840
12741
4807
12918
13619
7100
2437
1099
4602
10927
12836
5080
11968
12185
3834
5140
5422
10485
3364
2604
5358
2345
12043
699
1553
1130
4705
15206
14208
982
8187
3845
13601
8716
12492
10964
12474
10784
9476
7621
11076
6344
11437
11618
2149
7835
642
12726
14226
12095
9866
4265
14172
5488
134
11883
12070
13231
11059
13299
1064
4987
8217
1734
14192
8414
11890
3884
5380
7399
9611
8469
5166
6304
3166
2963
7061
10475
2267
11998
13442
1771
6838
4029
11695
9375
8925
10532
8498
8435
6813
4530
10227
7482
10146
11723
14552
6028
2936
864
14062
12382
12924
8599
7844
5517
4140
513
3863
14336
13409
897
10976
15065
2438
5249
499
5597
1261
8957
13862
3388
3006
10009
9167
13895
9373
10794
5078
2983
12507
229
3959
12121
9856
5306
8066
2653
5409
4351
6270
11018
12309
3050
4318
1979
3249
12088
2698
2358
1960
8520
15103
5110
9693
2041
5162
7644
9686
4335
11448
9736
9676
3778
2162
13282
10859
12371
629
907
7502
11947
9492
3002
8340
9134
12847
11763
12342
11624
8033
3810
4372
3632
11581
11108
506
2454
4116
14893
1843
14843
7591
1061
8942
8303
12236
5188
2909
1037
10252
3124
6732
1063
7443
4527
4909
9016
127
8809
3076
1944
14789
5553
8920
13267
11140
10830
12783
236
4466
8432
12597
13301
3460
7249
5504
2635
14
13864
13855
14757
7086
921
308
11822
3078
10547
8407
5682
12482
8811
2300
1971
8233
2519
7810
6905
472
3437
14891
8564
9818
8493
4382
1145
9952
11566
3462
3548
4786
2510
10708
12823
10758
13698
9396
7593
13527
5395
11720
9214
9352
11475
839
12346
12393
13514
7850
6634
7318
11507
13733
3656
12217
8523
2563
13229
8436
8892
4228
3186
11857
100
3312
8101
7914
12705
6343
5906
11785
6853
10798
10471
13264
15136
9775
9790
9088
14169
8645
14987
11450
6418
2816
11544
11648
13515
14234
10484
10727
10422
12892
5159
4263
2681
10572
5155
725
2065
1685
9769
5420
5149
898
4122
2871
2202
70
1512
1276
6492
13018
8063
14263
8061
5105
410
3933
14203
10674
6349
3913
7828
11091
7072
8568
14725
5960
14337
12574
4359
1987
3013
12
15202
14749
5418
169
11421
2396
3457
2645
9987
7533
887
4791
7207
5703
10324
8356
1139
12854
10156
11216
14907
469
996
5190
1250
8666
9111
12116
3560
1934
3139
8983
4595
4050
3624
10528
13164
2069
3199
11502
8753
11064
9589
14122
14671
2993
13343
5445
9770
14315
13592
13831
13885
5383
13178
13638
14151
8601
1479
2555
13528
6644
8664
198
13127
10667
9623
6397
3633
305
1475
9888
4831
10703
900
8007
3650
12704
8736
1271
6351
4198
6309
12953
5201
2893
4499
461
12045
9972
12912
15137
12901
11295
2023
7934
5825
4105
9436
15222
8911
1054
12303
14915
4849
14787
678
14366
4961
14051
7027
1772
11997
14996
7458
1157
8126
7323
9488
3733
13815
2742
14588
755
2730
13474
4709
1670
5567
7244
1
2429
11872
6085
8760
14515
8072
6107
13871
14701
1447
10521
9229
4233
11856
2303
10455
6879
12349
14870
3119
11824
13086
12320
2821
7701
9889
2040
11093
8785
4111
2123
10243
13052
794
7640
4895
7713
3041
3819
3340
155
5565
4634
1695
15050
2751
5220
2964
5764
7755
11382
6105
5680
3924
8316
9048
13594
197
11427
1300
12104
13462
10493
6059
14625
9490
5044
4214
7512
14593
5007
11742
6092
11251
5824
1399
8430
14569
14645
11664
6992
1884
12588
13075
7292
11563
4774
13388
6776
13664
4398
4189
1391
954
5645
7431
5874
9109
4744
2684
13397
1495
1530
14665
2764
850
768
2239
412
7515
3780
8337
2682
2066
11278
2397
5161
11467
13814
2666
1449
3972
14831
13723
1118
13873
15167
4568
11517
9330
13899
5237
834
7129
6860
4843
11267
6325
13464
1071
7579
7098
1701
8040
10666
8924
12247
7233
948
6460
4893
7765
13653
4292
3634
6778
9647
10942
5449
8231
14590
1613
1080
6519
4578
1790
485
8700
13651
35
12650
9475
9673
5141
13171
14168
6686
6833
12057
803
9552
1837
139
13685
10573
9744
10785
6803
10820
9338
3212
1688
7063
7608
2710
12292
6414
14835
3486
6467
7773
2506
8270
3133
10150
4777
6438
5656
6428
6510
3918
3715
12004
13050
4284
13359
10372
9325
3584
10941
8806
1213
2550
3864
4346
6393
2125
7320
13614
4286
14702
13850
4128
13435
1860
1311
12543
5793
219
14546
3722
15145
663
5208
1304
6331
6484
6857
13742
547
11126
8413
7813
15023
10762
464
9582
2835
3811
4753
4932
2284
4054
2186
12742
11674
5598
10829
6636
15048
10893
6708
1303
287
9183
10605
2490
15017
816
13160
8620
8423
10173
5726
2942
6525
6084
8408
7833
6073
1735
12434
11351
4297
1206
12618
13970
3747
5715
12688
12830
2837
2573
3110
1844
12861
15015
7416
15102
12873
7647
673
1123
969
3736
3681
14307
14027
7370
4154
3555
14164
5687
6359
224
10001
10446
13968
7994
4361
5261
8521
6986
11932
1969
4219
7178
12425
2385
11520
12429
11362
13195
9149
8853
2197
14135
5470
13420
4673
11916
3099
2724
3981
4619
3416
8519
5186
13346
4817
5298
1801
8395
5766
12900
14219
495
9294
3774
4667
6422
9786
1642
3977
120
8765
1794
7895
5698
2093
886
5120
13265
2175
4458
8720
8941
2532
1745
11781
1380
5362
5100
11510
2209
14492
11880
12339
8602
13988
175
7077
8104
11471
2012
2958
4520
8166
9897
1784
13843
1743
10215
7407
2882
13915
4610
14956
5126
6216
8092
2614
10890
9226
269
4636
24
838
7070
14310
347
13230
11262
10133
10685
3411
14636
5413
482
13796
7155
1912
8830
3529
735
13980
6367
12440
9005
14258
9655
7036
7853
15195
2525
999
1050
10366
11562
4548
11801
12524
3779
8346
11401
10997
9712
1975
14065
9407
1788
14557
8969
9796
841
1372
12098
1342
7662
3004
12135
8296
5146
14683
14641
13122
9354
853
8531
13935
12287
14178
3387
12846
14218
11569
14104
13695
6548
7670
10109
13834
2844
11004
3028
4090
313
12771
10851
12487
10103
13824
14245
11080
647
11266
8499
12051
11625
6643
622
7684
10968
1461
8577
8939
2160
14896
10622
14911
9215
8322
371
8201
10287
13444
1296
5905
14658
8401
13217
6417
3406
6570
7532
11365
10912
11222
7390
3988
3055
11590
9233
6020
4455
3600
3175
5595
13374
207
8110
13284
1162
2058
14175
6705
15053
3861
7252
3147
3077
3563
4443
3939
7617
6199
5714
337
1339
7679
5049
6425
650
226
13648
10049
7954
1703
830
4930
11253
12828
10498
7277
638
6271
1809
7880
985
7626
2394
12018
5143
2271
1729
5823
4319
11238
3790
13725
9418
2138
13633
11871
11092
7566
7366
11466
1885
5064
1902
2270
2664
7616
901
920
3679
11163
4507
9766
9649
6104
11887
14428
530
3532
10189
10216
12315
7026
8570
11445
9456
8593
9930
6024
12754
13767
13039
9464
9657
8528
11518
10275
4946
5132
519
1049
6749
11075
7388
1571
9106
3559
7832
5232
11187
8763
5494
10945
7633
1291
5693
11798
12331
15163
6642
13427
9631
12313
5402
54
9890
13502
2788
13579
15133
9328
307
15226
2224
2407
12718
10977
8137
12381
13841
8191
12306
5246
805
6097
10319
3698
2087
13640
13431
6268
15119
14055
12461
8383
4167
10162
1766
1730
12175
641
1258
8098
5320
11854
6576
6115
13702
10837
3716
8750
2577
5241
12683
4147
9867
11561
10730
3102
4737
221
5101
11438
9315
5913
11062
1463
10687
3188
6209
9879
6866
2072
9668
11617
11198
862
12291
13116
5501
4127
11963
8295
5471
1004
11865
6869
8400
7906
2631
965
12503
2925
6997
6154
4485
11753
7703
13949
2316
3286
11627
12808
11330
4100
8605
5006
5442
2541
7950
4581
8075
2765
1999
1828
14095
8502
7797
12898
13016
4879
6635
1681
7694
6961
3261
1786
13877
10818
14732
6442
11970
5584
11376
9093
9595
4714
14780
3814
11115
2785
9735
7470
15176
15106
4266
1444
14105
6053
11860
9415
12600
11472
6289
10364
2355
1143
12841
686
8054
11995
11130
8837
11102
1366
4513
7444
14531
12984
3502
2469
9266
11771
4537
14248
36
14230
3623
6625
2077
657
5103
10297
6628
13919
9449
12834
14005
4894
10191
9573
3245
8586
3625
7805
8094
13504
7918
15162
4979
9181
14772
5962
6979
10313
4810
378
11407
13249
12674
13224
14608
2523
8230
13422
249
280
14043
6983
12959
4448
14657
12447
7800
6944
12672
10886
6038
11116
3868
8807
1416
13882
8495
4348
1332
1765
9560
9152
6964
13132
8207
7194
8704
15084
8029
5784
8069
12800
12337
11451
14387
7990
5308
6087
4815
1793
5690
14111
13517
8688
4211
3879
2369
5377
87
14505
7432
10337
13676
2543
7841
4206
2919
13085
4288
2436
2334
10353
12410
13486
4517
8222
8844
8067
4392
13026
8267
4371
14741
7558
6661
4101
558
1798
14389
13155
12052
1498
3668
6564
14651
953
13554
10085
14500
8473
14774
8131
83
7212
11151
3725
10027
4078
9150
4992
4394
5832
12481
2705
5048
1365
4729
13445
2059
4640
4793
13082
13360
15177
7094
5932
8275
10363
11383
11680
9047
3014
4492
7259
11236
9308
4827
2193
5583
11524
1324
12883
4638
13371
1832
12317
12632
8687
9291
9728
2572
11772
2827
9477
13604
4890
9603
11349
5911
6166
1286
8045
14756
786
7124
6002
6633
2607
5789
5938
5983
1563
9857
13337
8053
3395
15138
4730
14031
1149
14570
4736
4491
8757
8477
3728
7280
7377
2282
5717
13355
5842
11013
9105
7911
7527
14205
2988
8478
2695
10253
13175
10213
11031
12890
5910
13157
15126
4801
13290
13223
3254
4937
8670
4025
4454
3163
6048
6862
4678
13794
562
10014
10609
9539
11121
6577
6161
2299
13732
12500
1835
5697
2135
3142
8955
13221
5568
7184
10780
7945
3323
10424
2195
1172
1565
7697
8855
7160
12709
12378
14299
15223
1158
15100
14723
12952
3118
13739
7367
5753
12071
4524
6958
2249
1223
2170
8332
8353
3095
1269
2003
8354
507
466
8355
14117
4285
10924
2810
7851
79
1450
11360
5633
3021
13804
12852
7764
5180
6195
7394
10723
12160
12075
2488
8481
10606
13944
2485
13688
9713
11197
6366
1429
7612
8185
14193
5947
6774
14384
5352
9979
2948
14025
14085
15018
9806
9388
248
11553
2304
14167
4405
1349
10659
10042
798
9841
1754
14282
8416
5757
7676
14211
12774
962
7646
7916
1236
14001
12178
1964
3091
8640
1481
12415
3920
5312
5754
6684
4844
9362
6240
12908
5359
6451
12385
9622
1472
6450
10439
4460
1480
15210
11166
505
9462
12106
7704
4118
205
11626
5761
467
12851
6017
4653
7147
3242
14434
4851
5142
12249
9081
5487
2559
14204
9609
2086
3489
3001
13728
12512
2901
12026
3579
7714
2268
14160
11024
11114
8306
8683
12245
9063
3127
7565
13581
10307
2029
8206
14568
7544
14923
3401
10557
14503
6329
14179
277
14823
5526
10299
10580
15062
6541
4129
983
9011
6676
10295
454
7355
4924
7331
4322
751
11941
4526
15104
4390
13393
3928
11137
727
11907
11879
11843
14969
14837
3528
7031
5519
9039
2989
10445
1577
1724
11043
5138
3228
888
1168
8025
7549
9098
3152
5252
13798
13368
2680
3594
4857
11874
9349
2527
2207
11784
6952
8835
11334
5165
11793
14074
10234
11911
1602
13719
10419
11227
2602
10018
2387
11816
5683
6288
2955
386
3984
12708
7447
11157
12879
1407
13072
820
13112
10315
8859
161
14540
8741
12023
7634
8269
7087
9729
3129
4861
144
2773
10570
6163
7413
2522
13884
13202
10891
7393
5532
7478
11097
11638
8578
9995
13369
6650
7154
13176
9015
11100
3490
6010
3394
3757
9371
939
3483
9518
14084
6332
2026
8745
4400
9650
13998
952
10489
14801
10879
8726
5178
11730
1610
12452
8647
1716
9337
1675
6612
10953
590
9224
5303
12380
11408
487
1382
3508
785
10602
10179
13853
1355
1387
5724
5601
9528
658
1981
14301
12202
2818
6223
4397
10232
12866
1588
11209
14634
11864
12422
536
7651
6828
10481
1112
1302
11906
9246
1680
1997
3056
14571
7161
14317
10864
1256
12143
13306
12669
11071
1799
7796
3537
5440
13557
2862
10449
3509
6488
201
14013
13764
13138
11508
14207
2990
5452
4049
4582
14480
8816
11531
2601
6421
9198
4547
9442
10168
11514
11379
6536
2382
15088
3974
8428
5254
1194
951
14977
11215
4437
1624
13740
14369
2783
3745
3048
8109
14266
6074
8168
11087
11011
4797
5702
11721
3664
12062
6286
11548
8037
13423
10214
3980
11612
4414
13987
2372
13577
2858
5543
2188
10378
8961
5134
14803
8120
6873
295
5451
5541
1513
10898
3322
3104
4088
14755
3085
8997
12391
11500
5172
8595
8695
9530
3645
14446
8843
7953
2770
9035
3220
13498
7471
7052
10815
10432
11676
12102
14716
3425
1755
7654
1855
9811
1043
6528
12200
1395
11154
10915
11283
3353
8465
3890
1596
14619
6135
12176
12755
7824
540
14176
9219
848
5774
14004
9549
6829
10075
11743
6237
11536
14852
7529
2106
14399
5719
4733
1207
12835
5192
7376
10277
4109
11478
11886
9213
11259
1141
2177
15151
5679
13999
4272
1731
7033
12034
1906
9783
10986
13074
7066
512
1328
7923
7046
11577
13531
13925
13790
15003
2044
5560
5016
14909
2748
1540
11065
12006
4422
697
11601
10756
4608
6770
7426
11101
10656
11275
12678
6552
2360
8805
2780
7142
14064
4144
2114
3201
2895
10511
12905
2896
15113
1566
2294
4675
4540
7152
8839
8565
4117
450
5156
1095
2211
13510
8096
8444
10923
6481
5018
1618
10336
6603
3923
7924
10186
11168
3573
6408
2692
13766
5410
9206
8149
7436
6930
1197
9750
2481
7113
14910
8889
758
11956
6136
3191
12986
5218
2801
4865
6292
5677
11167
10236
11494
8328
1327
7586
13208
7965
10269
7232
6336
10894
6191
14795
5406
6712
10834
5902
3710
10922
2324
4630
10218
11125
4986
1198
7717
11686
12707
5213
12731
11118
7440
14899
1802
3225
13182
302
11410
8130
6370
1760
12219
6742
11273
639
4854
11597
6103
12962
967
12579
6908
1147
3367
3514
178
12230
7795
5664
9311
13350
3764
7811
14090
6245
8393
14520
7560
5954
11319
9004
708
1645
5740
11050
7968
5189
12684
6445
13797
9711
7317
11436
11184
9974
9289
4591
6963
11312
13107
492
5008
6535
14855
14449
13936
11792
8788
4395
5521
8966
3769
6608
4558
1440
11316
6058
1584
14435
11786
11975
5337
2367
7053
4287
570
4232
13334
13623
8225
5400
8376
6398
12377
4644
9207
12747
10793
11006
10063
10282
15153
146
1796
3696
4064
2914
10522
12537
6723
5880
8831
9871
11341
10050
10513
9485
1708
7274
10208
5484
11205
12569
14670
4259
13706
3951
12880
1549
4427
5448
8471
13111
9075
1665
6754
8369
1421
1797
8325
6617
7354
8600
5695
244
9642
2363
5465
13236
4141
1135
3345
7907
3423
6876
5667
3026
5495
5317
6088
3205
2634
14798
5379
8244
2560
2995
7779
7910
4655
5030
3908
5212
13142
12532
1671
7045
14123
10070
2720
12338
14633
14082
9688
9484
5356
256
5941
11832
402
9369
14405
5055
2475
4235
2834
12594
3877
4058
10454
14469
373
9429
13829
8518
1621
7295
3391
3881
12535
8486
8952
5318
10261
12282
628
13908
15028
8995
3412
11095
5151
14815
15178
8506
5988
13722
9006
3168
12995
2986
13167
7056
6015
11195
14324
1699
10564
1057
1525
8283
11337
5629
9849
1110
4327
14667
3616
6523
13100
621
3272
11862
6621
10718
15155
13661
13734
8164
3293
4123
6308
8533
2793
14442
4418
10057
5148
263
7428
6863
9441
13736
3660
10778
11668
3342
12093
8676
9951
3922
2100
5461
14286
7711
2727
1154
9968
5350
9125
1478
8305
9136
1246
10111
10447
2831
4806
9216
8550
5585
12945
1425
11492
13689
10764
3687
12183
13951
7746
10492
10583
10174
12887
14011
8339
3740
13049
11498
4781
8629
6729
2313
9521
9078
919
1298
10022
693
13880
15185
11005
14058
6457
620
6610
1994
324
2443
14349
9177
3303
6214
5023
13203
6113
9302
5424
5360
11610
13673
3081
5780
10594
614
2965
5545
1666
1705
1689
9089
9121
11449
10039
13204
4389
8212
5046
13189
8504
2539
13545
13572
7371
14217
9652
9329
15058
12114
3903
11769
1795
3298
9903
7170
6915
9579
1267
2445
3157
11234
8554
10672
14373
1301
1487
11987
6555
4043
12690
14020
2085
9359
10501
4761
8766
4882
4771
2039
532
6904
8712
8553
12398
2348
294
9056
14079
7329
13124
3246
11656
815
2579
11573
7774
5239
5864
511
2747
116
13901
13813
8705
1164
8476
1401
5755
6206
12003
10114
14564
13652
11463
6082
3670
8910
5615
9624
12513
740
12893
3667
12455
12255
9831
4541
14949
3706
10707
1679
12989
1153
8453
1344
12862
2452
8931
14438
10166
8170
1144
5980
12096
10677
4990
5907
4908
9033
11313
2107
12625
13283
9203
2049
11961
11658
1280
10828
772
15150
6192
6649
3598
4121
11870
6302
11543
13519
4592
10581
352
3756
1696
2877
7518
15068
11098
6041
4261
13792
8318
1816
1749
8778
61
9322
7738
4474
3591
3753
3938
7574
474
10721
1122
4853
230
3724
6547
2247
10921
3120
11775
7573
4707
15025
7253
14410
9235
7539
7284
13637
2826
2761
5170
3010
11067
10533
7989
3595
2011
7034
11706
13518
13051
1674
8422
82
296
7822
4721
8946
11403
6334
6420
7875
1428
3925
13233
10683
12817
6781
11325
906
2191
3882
2280
12312
3273
12644
8978
2042
172
8086
1316
9469
11985
941
5269
11136
10796
2250
12978
13140
4340
14722
3808
7504
8686
6794
13169
1464
1883
4282
3836
8276
9840
6079
9940
13103
14451
5118
714
8589
9909
14400
5300
453
2760
5701
7480
10375
1073
14873
7167
7356
10887
9178
10377
14021
4702
6702
4000
4534
10888
2097
3170
1606
3264
9563
2509
10825
12496
12838
7643
14275
1767
537
12666
5446
10250
2552
9454
11037
13453
3389
10844
5759
6583
5514
2970
6086
9144
5920
1308
6170
6987
5294
8563
1887
10920
7928
6903
9596
12643
9129
10771
6348
8088
6011
13750
8668
10588
14605
4160
11317
804
14592
5876
12012
9440
4038
11837
14945
12699
12784
10710
13174
13881
8637
15066
5706
5935
14050
9904
1534
7609
11455
11711
2462
12801
5491
991
14382
8070
5341
9604
14599
9019
1655
9305
9610
2998
637
10420
1427
12758
2752
152
8652
1093
12999
7389
10512
13699
8274
5506
5926
3554
2471
9999
10194
9739
11984
9066
10047
992
10975
6917
1946
4804
7506
12460
1105
2676
5000
14017
10959
9829
9842
1905
1894
6419
11537
12587
12133
655
12648
7057
5050
5852
2365
6867
10251
3485
5916
154
1077
7563
7885
5047
13703
11148
11833
6703
7986
424
278
9977
10991
1165
12902
14558
9894
5914
4475
2291
6204
692
5977
7254
5513
8484
3456
2874
2338
1668
4533
5618
9194
7302
3185
12203
2400
9057
10809
8943
4106
14106
723
2847
1392
8798
8059
11937
7977
12468
11164
2542
15130
1849
8082
12253
5503
10219
12196
5368
4279
3592
10932
1166
10980
8047
4695
12363
11745
8626
3621
10600
12091
5
5856
2880
14198
5313
11109
6178
12904
4916
137
5515
7099
5945
811
12355
7735
3347
1953
110
14412
1562
4664
1544
12752
10385
1970
4271
13205
1400
13552
681
7275
8173
6706
11717
5951
6098
15061
3683
9000
10733
3906
5029
0
12833
30
3887
9510
5238
1959
4663
4738
12076
1687
3177
129
6626
8782
14662
15168
11340
13109
11119
2201
11405
8263
4225
10184
9345
8616
9758
4639
11219
3292
4001
2264
14229
8566
2756
1307
7607
6067
11809
239
13852
14572
12352
2071
13354
6402
10872
3505
11506
6585
14563
13642
3701
6720
4816
5538
5099
7712
3333
13529
13057
8655
13365
12514
15197
4333
5718
1346
14283
13485
5765
438
5996
1371
9860
6949
9158
310
9002
6740
8644
4523
9756
1854
9446
7402
12888
11729
11364
9480
6323
10466
7281
9433
3823
1188
818
796
10701
8950
11245
5004
5741
3497
5036
14533
989
10350
4859
4529
11363
13836
6550
5266
9190
12869
6586
7792
9556
3161
9512
5447
13512
7200
4180
719
4172
6034
12009
14659
6540
3047
14536
252
2381
4057
3982
12300
4202
3878
3279
12970
1065
5502
7723
6845
9014
11762
9070
9091
11371
4629
10544
7451
9837
13281
2130
10992
1070
9297
1515
1459
7939
3023
7101
11352
11254
6477
3775
6358
11559
13084
7902
7768
9072
3492
11915
12792
795
1913
1535
12645
9905
12732
11945
11799
9674
3596
140
6533
11082
9768
5904
4735
8466
3172
6907
4852
13421
5330
13801
7635
2650
2171
6799
14250
11203
14195
6929
8730
11960
5215
317
2885
13390
14548
8829
145
4642
1377
12775
593
3259
14075
4953
10209
3284
6293
9590
6527
859
6207
3316
6342
6717
5278
574
8485
330
964
6688
13534
14544
11942
5744
11009
3196
9939
279
4560
2251
12615
6203
2615
13663
6250
7687
932
405
7095
11931
7631
1460
11072
14372
1011
5432
8869
4401
11172
14617
4249
7531
5974
4704
5794
14535
6037
7926
12277
14059
3614
10062
10259
14445
11231
13625
2717
15090
4666
1886
6800
7970
348
3173
7874
5592
4871
4985
153
9387
13145
11894
8424
8455
1973
6668
7209
12996
10239
11482
9307
10972
1654
2750
14892
2856
7007
9199
8698
15184
10197
14898
1528
11462
9236
8215
4788
2726
4426
15060
10994
9865
10660
9245
6991
3151
5797
4713
1775
6569
12223
14650
10713
935
3415
5924
4767
13187
2415
4276
1907
9838
10041
14035
14408
4580
14100
4551
11047
4439
1940
4201
10300
3427
11731
4789
12803
6071
8468
10034
177
6283
13779
13320
6253
15180
10007
11366
8748
7468
11070
10137
11479
8159
12263
8
1034
12199
5591
12577
916
4957
7012
13446
7368
5944
13003
11787
7530
5621
164
6780
14610
13377
8882
6945
2073
15141
1241
13569
2706
9273
4535
6168
10308
2255
12508
7744
8746
7299
12020
7269
15216
5331
12061
8474
2514
4093
8095
6559
3231
9887
13573
8447
3393
4298
6464
10838
1058
383
12005
10195
10461
6076
3674
2627
14573
13395
9327
2967
3386
14376
7534
12611
13598
2467
13658
13028
5130
13961
2080
1823
11190
9919
12897
11835
7509
2530
3153
187
15038
5590
4784
11565
6793
7737
14407
4681
3370
10106
3197
5721
4305
9557
12605
6475
4224
9148
6695
11861
4047
4275
11265
4487
13536
4363
10105
1360
12872
9516
8512
1397
3299
1423
11530
13133
3875
11181
2055
8874
8860
13024
2581
14521
13989
9690
12799
978
2582
12656
13128
10817
11417
3257
4552
12041
5398
9046
11242
7677
13314
6118
7357
12399
1458
2688
6392
7226
8555
13677
3927
2260
3852
9032
14638
9788
4239
13029
13428
8427
11735
10973
14718
752
8404
6205
1038
12324
14481
12595
7570
6211
7693
10520
1053
6470
726
10933
11218
14236
10257
7873
13260
12403
14708
9613
13484
6847
9381
8545
7935
13131
5073
8635
7966
7938
4152
7038
2143
6005
8784
1779
3204
12917
12042
10988
12955
4710
3477
8867
8953
14306
10654
13035
8824
11671
950
7762
1072
13562
306
3096
2820
3070
14727
7501
13387
9946
5351
188
14827
9299
2768
10
12438
7144
8755
9641
12553
2435
11644
3914
7043
2214
14606
6934
6176
3590
4094
1579
1150
168
2433
14320
2789
12647
7707
6287
709
12963
1109
3989
3838
15224
11687
12610
599
8621
3144
15072
8359
7955
14740
12840
1957
7197
14015
3680
2640
14510
5946
14311
7787
2538
3697
11821
8896
6077
6972
14962
11068
4203
6663
611
2305
4959
12458
12933
733
833
10341
162
1309
9340
10786
2136
10816
13828
12698
1171
13097
6282
13406
4195
7925
6591
11844
6197
4694
2470
1044
13953
11496
2075
6043
1196
7235
7222
14516
15159
2302
4243
15228
11521
14290
10971
2103
7692
9383
3067
14390
8178
10597
3289
2656
10551
11702
14235
3531
15095
12430
7494
13869
9706
7465
3872
9694
9156
4613
2667
4377
12421
3359
14241
5749
14814
12895
1850
5839
10202
13017
7264
10614
15146
12583
4027
8537
5542
3073
13858
11263
1329
5509
14139
5338
3558
14863
8517
7816
1591
13973
12056
15120
6075
12483
3746
7133
5752
10950
566
729
9385
11373
7869
9861
13559
2432
7760
6347
3159
1518
3126
1202
9731
9296
13437
5783
4341
1074
6820
7255
12271
11523
2312
5734
12751
9777
7017
12641
12470
15132
11679
5388
14269
10196
6259
7236
9108
8125
3376
11609
7553
11046
12689
5562
214
2286
11074
13704
1237
14800
2913
12435
1547
9132
2332
5600
10352
6220
3562
7417
247
5943
3547
943
10884
14703
111
71
13324
10167
12173
1161
14076
257
6404
2434
12396
6396
7757
9481
9793
4270
9020
14133
8452
12885
9812
6613
2947
11659
9971
2817
5038
14377
4375
15227
13819
9038
10774
1557
3042
15225
7397
10494
6831
14156
7999
2973
12680
4179
5309
4166
1593
1284
12111
10982
9859
9077
351
1506
1322
13007
13550
2153
14171
2875
6003
2210
3666
14497
11132
10079
14958
5578
2296
456
13817
13563
14785
9303
7900
7183
14297
11461
5776
10450
2869
9844
8962
2212
2192
1354
2508
2216
5028
57
1288
11419
13071
11611
6051
4410
3277
7976
6849
3856
7982
10577
8885
108
5530
476
13617
4814
8913
14555
3549
6409
1279
11309
14885
14496
234
14560
3019
15013
12157
8165
1273
11859
411
5574
10948
11358
4685
6950
2139
10413
3449
12979
7404
2946
1711
3577
13447
10726
14225
6035
9936
1922
3072
702
481
11948
8338
6652
2999
1910
12497
10788
13823
14878
6167
11691
143
1889
4429
6543
13180
6545
14022
713
12211
1586
2113
13745
14411
10349
12222
13096
7581
11751
5967
11636
7973
10423
12923
8584
13755
929
6722
863
9326
14862
418
8287
1012
8119
62
4563
8039
2944
10479
7523
12859
10262
7343
5319
8106
14838
14775
12017
6645
5396
13292
2707
1614
14632
11812
9145
4221
14486
8294
10066
4876
13654
6274
14030
5068
12829
9165
5230
13906
465
6345
14477
13216
10724
4662
4955
4010
11389
7283
4135
7265
7576
6757
11619
670
4772
10985
757
12401
694
2323
9845
14427
1601
8333
6380
4107
10107
14403
6910
6480
2342
7498
5981
6159
10808
10303
975
14712
1026
11044
3451
6870
14688
8243
4124
11672
11393
7409
2460
8019
10702
4659
14860
11025
14393
1402
9988
6868
5260
3510
4641
14142
8387
12603
9067
13964
8879
924
10889
12269
6970
13715
4216
10435
8796
9662
5623
14695
8167
5747
12531
3950
4828
1275
1677
11699
3538
13533
5713
2366
7778
2600
9771
6200
3092
13835
5392
1842
6697
13370
5518
13244
12582
2014
14414
13270
14424
12551
14040
409
4471
1827
10983
14960
604
1996
6277
3846
13303
2301
8571
1949
9419
10071
14851
10418
12063
11099
8216
3911
6468
6670
1882
12490
10118
6265
13439
55
5335
2671
14721
2009
9667
2156
13311
1988
3797
1482
10542
3428
653
14044
11272
5288
2331
8559
9804
12383
13532
10331
8538
14687
6039
8821
13558
2185
2937
497
626
12109
14584
12681
9863
3194
7257
5670
4645
4723
9801
8731
4030
13043
9127
6120
2598
5107
8105
11347
3167
6741
8272
14888
559
14182
2118
6147
1656
7242
4052
1178
7794
3420
5097
12413
10152
8987
12739
11343
9543
66
4461
2997
9243
10840
11903
9427
13481
2511
4312
5136
14351
15143
13070
5561
14371
12589
8657
14978
7180
84
1575
7972
10426
3443
12365
10792
14147
11040
4508
13655
12016
14053
9709
2929
10381
6814
6973
3046
10241
5987
9071
10658
5153
3975
7463
1736
4594
7888
6892
5867
2297
9393
12262
3349
5849
13787
12523
14586
126
13976
10488
8898
3198
10928
6751
10144
9902
8138
11274
12548
6156
6148
13469
15179
2520
5516
5108
4575
12748
14308
12658
753
14121
5820
5659
13436
8935
11888
1268
13506
7860
12860
12760
9309
14118
5017
5806
12764
3889
3990
582
10117
14374
3146
2852
12538
5898
7559
14993
14836
13333
9914
745
2784
11110
14173
2306
565
6657
6716
13245
9992
1633
12147
9685
13480
3707
12450
9384
8651
5281
13636
12592
11881
13129
9142
13013
14938
1898
387
799
14848
3869
10238
14418
4947
687
7188
3578
1338
8797
11078
8260
4512
13549
10387
12848
6630
6640
12136
9954
4648
3517
9220
8172
11314
8607
12522
6299
6327
11550
10625
5646
6648
13861
13455
4819
11189
1551
396
14398
6575
2032
7734
12164
14676
13076
1556
3035
1840
5834
9241
11003
5998
445
11355
9085
12826
12001
9210
970
10529
12229
2949
7050
1510
14820
6714
7508
821
6865
14237
12855
4562
2729
11850
6969
2674
9157
7944
13660
5045
8544
9780
5619
10648
6433
1363
4483
739
8111
6401
11255
11848
10429
6443
13775
12351
2866
10281
12549
9819
10434
12932
11602
9452
170
7032
2626
7198
1523
4255
1189
1847
5184
14329
7890
1101
6882
11217
4995
5366
12527
11182
12637
5535
11491
9455
10410
12010
10002
1951
13362
5056
2782
5942
5283
8934
52
5363
5694
4762
14360
10901
13751
8405
4606
14455
10416
762
1414
1187
13357
13358
4207
9282
3837
12616
4755
5492
12081
5431
8022
4459
5529
3552
5799
4258
6093
1114
13494
3235
12965
1629
3543
14664
3474
4409
11019
12015
9653
9830
13650
8617
2690
9378
4500
12099
10368
14397
533
2704
5815
7081
14114
4039
12404
12664
11591
13418
9403
13058
12849
12361
8883
3618
6699
856
10630
11230
10643
9764
13040
4555
3723
7862
5349
7321
1706
14537
8747
15008
14069
10157
14631
13044
7459
7680
9200
5093
14699
11733
4462
9095
6360
12749
4866
7102
4307
6966
3419
9571
342
6851
6257
5976
12375
1341
151
10913
5787
11678
8050
11353
5217
11989
3607
9634
14538
4383
5247
5828
531
3991
6138
7140
7856
4588
10545
11399
7742
782
12725
7638
11657
4339
4332
3523
10486
14543
3337
5381
13753
5053
5751
11682
237
12198
7516
11653
927
7243
3414
5037
11210
661
2719
4931
4441
13561
2943
13162
9524
6045
13555
391
12332
7068
7054
15169
14758
3542
2237
7917
3973
11443
4469
14602
717
2512
11579
9280
10294
1439
7308
2644
8500
12638
6377
12237
7659
5085
3174
6771
10700
12609
3891
1347
8678
5293
3821
2318
14295
6624
3782
8808
12837
2697
13438
13091
1678
7312
9392
15037
2215
11578
10440
9982
12013
8802
5437
9714
6509
4905
4037
2683
10024
2889
12555
7175
5415
13560
8384
5800
6926
9826
1890
3030
635
14861
10802
4698
11708
149
11538
15036
10021
10355
9227
10555
5930
10290
11707
10235
11754
4059
973
8628
3932
11481
13900
11892
14461
12348
11486
346
500
571
8560
9179
5014
444
2472
10199
14249
6580
581
12706
12870
3880
3178
5416
11525
5953
10056
13965
13860
5811
8380
12946
5978
6384
8099
9343
10460
6773
2076
6731
11257
8437
375
473
15039
4396
1497
13907
956
3211
13120
92
12867
3306
1200
12738
3075
780
8511
9626
9339
5336
13816
13429
10097
8124
8905
13456
847
9107
4040
1526
14927
5075
14900
15209
2556
5520
1993
4584
8792
6922
14733
6764
11127
922
6453
1024
9920
10599
9379
12146
1752
1918
13960
4557
3207
2167
14391
4915
12288
10963
8634
14419
8211
7445
11710
9910
3440
2261
13101
6582
683
7333
3684
496
13978
3643
5536
4188
525
11701
7457
4741
14231
1211
4963
9468
397
12886
5216
9580
5887
5316
14729
11633
2828
13255
12310
7439
584
12360
9575
7993
4692
69
13701
3513
4860
5021
85
1385
8487
8323
1785
6180
11613
148
2832
742
10657
11188
107
3929
11533
5975
607
9587
1806
6852
13620
10627
3122
5094
1485
15123
101
10267
3043
4624
12806
8350
6300
7639
15111
11400
15040
8378
8052
12008
12359
14522
5468
5524
4008
5760
1243
9980
2388
2117
651
10876
4095
364
9501
7091
8342
3828
349
4438
2463
13452
3409
4174
14737
10090
12831
10441
4765
764
9710
12246
7887
2502
6264
8196
242
2142
4840
12007
8556
11642
9408
7825
14026
10568
2802
4868
11014
2095
6632
2217
4561
14646
845
3470
2269
2595
8080
12777
12172
8894
468
11791
6155
11584
4245
4766
9983
6772
7119
6936
13769
14047
14280
13383
12080
11863
896
676
8197
6941
4457
9698
7992
5408
14485
14990
12519
12195
14697
2219
4794
6846
10650
3224
13060
6350
11051
13339
12212
12562
11434
1733
8557
9255
7769
7037
2746
12539
654
1595
8653
3358
550
4739
12130
6848
14483
7715
38
4302
11964
15189
3536
9546
13890
3329
125
6850
7130
514
14425
5873
9254
8878
14362
3738
6131
7641
11795
7171
9660
433
12155
11898
13033
8235
14682
4754
12477
6139
12054
7857
4145
6674
11922
388
14952
13294
14868
13105
8681
10937
7481
13257
10731
10613
2253
4099
2335
8195
10595
5385
4313
11969
8288
659
12301
6985
12170
13219
5092
12441
9163
11853
15052
6609
3472
14002
1707
8677
2398
5483
9030
12209
9548
13366
7344
12307
9839
8648
8749
10852
7291
2218
9162
4587
2500
1121
12759
13774
6498
1438
2411
12969
8915
9331
10309
286
7487
3971
11600
4805
14929
2275
12427
11990
2940
5427
1531
5681
131
1967
10142
9151
14228
4612
2870
3829
6231
12475
10621
7605
15096
12214
3521
10067
8817
12472
5084
7411
4446
8078
10141
10131
9101
873
11458
9785
1813
13483
12565
4605
2155
3190
9956
14116
2161
12559
12818
3452
14986
8317
11558
3983
8661
9765
5818
301
9269
14948
3162
2547
4053
2608
14495
5025
6219
14328
12796
7002
2119
8363
5772
8810
11908
11327
11765
14961
10276
8266
5271
7093
13459
6375
1228
14197
6065
1625
12067
7868
5895
8442
8549
9986
4880
1060
4622
12225
4846
7217
3263
7706
5853
4453
320
9868
8365
13898
12906
625
10130
7745
12526
1384
9991
5342
12687
3090
2092
4573
12556
2035
9852
14138
6201
9079
12502
2116
2708
10225
6758
6805
3926
8181
3032
14417
6142
5436
9593
6627
2737
12362
15193
5658
2781
4984
10979
3390
4089
6571
2689
6081
3967
6825
14259
3545
6423
14254
13913
7909
10436
6738
14247
977
4328
7381
5473
1492
8009
5605
1203
6881
6579
11972
5282
3731
15165
13158
283
12596
2804
2884
6744
15070
10517
7554
8774
1358
2735
10164
3239
2809
13251
2588
14437
15152
12039
12426
1726
3816
11728
908
11286
8902
7040
2340
8264
2589
825
13410
1167
11302
828
5248
9076
2673
1348
8558
7120
8611
981
6462
2336
7493
10728
9301
8006
10093
2053
12465
9141
9230
6653
9140
13478
8890
724
3763
4379
10497
13278
7456
7190
6341
2145
9725
15170
1932
8223
3100
7937
14598
14256
432
11045
1426
979
3206
3060
6520
8102
9885
434
10589
10814
14761
10791
4869
13468
5024
1434
1803
5480
4134
2148
12259
1021
9975
12948
14957
2829
2128
14514
2352
14972
7878
10732
2221
10543
11641
2812
1089
12717
5847
6526
8828
13749
543
10662
10478
14099
7598
11933
4018
6631
14293
9416
12024
904
14720
215
8767
399
13842
1990
9899
3691
10617
5390
5657
769
13347
13207
4792
5043
13186
14816
4200
15212
3065
12145
14493
14206
11153
4244
2883
9473
8482
12573
6639
7433
9966
11291
7039
11842
14779
5963
12110
9614
1056
2982
13765
10653
11628
13939
11390
80
8588
285
10376
2941
1270
13541
9044
10469
13540
955
3665
9225
12937
5845
9981
11052
13780
8703
4019
13866
12238
6837
1762
14325
8906
3049
12022
8893
8013
4362
14523
5499
3064
7849
338
3772
4878
11950
9797
12347
1368
705
3961
3610
807
190
1107
2465
6208
13649
97
8219
13305
9110
2632
2766
11962
2377
13190
14174
9374
14975
5265
1251
14517
3672
12737
14406
10769
6189
10845
1104
6389
8479
11213
4881
10198
12839
15134
3761
12473
6339
9558
5821
10051
11929
11509
2205
552
270
10048
9569
6971
5430
2980
8290
5909
13254
4330
9541
6616
14616
14300
4079
14582
12598
4236
1334
4114
10624
10256
11927
7020
196
14970
8091
2368
14094
9247
4424
5177
4542
2670
14284
7628
5835
7088
5482
12127
5389
15122
9924
15067
2194
14196
6921
8908
7620
14367
9202
2246
14344
2945
3007
2803
14913
14541
8454
6290
8240
1989
11665
1350
521
4627
7942
4342
13316
2926
12254
6748
5704
9749
2669
13761
6158
2723
9192
5571
883
8998
7158
14187
12210
14696
4215
11380
14804
3901
13691
6733
3481
902
4672
2517
1509
4680
11845
11060
13356
2891
517
4046
25
9
7975
11270
895
2051
8639
808
3061
11192
4476
11615
3141
3237
1713
7342
9880
7886
2712
1087
2637
5500
2741
10302
3963
4317
12117
4161
9180
10812
1411
852
1935
8016
12059
10978
7732
3784
7186
10333
6753
9347
1863
10626
720
5786
8379
5639
8769
4981
598
3654
14305
14277
3176
535
1770
746
3356
12772
6889
11779
11744
14386
3804
13272
13977
1430
13392
8936
11323
6787
701
12343
14578
1521
8490
15097
195
13061
9588
6730
4728
2134
3752
7883
3525
14615
3445
4956
12097
2567
11918
3195
5949
11292
8406
11012
6659
12027
7392
13972
14856
9434
9124
2732
11320
14817
14782
2252
2034
10671
12964
5965
8685
1758
13854
8204
3374
6739
4856
10951
7600
9591
6587
1864
4213
4503
9630
2371
5631
636
7474
8299
2070
9503
672
11425
12486
10742
14394
14894
13962
5575
706
5332
12256
7334
9707
14614
1727
6395
3280
13521
9209
2951
11176
14440
9925
3512
6651
5746
12345
9535
361
11605
14158
2418
12765
4468
5692
9059
10541
1976
11056
7793
8632
6959
1330
209
3827
8579
9843
3274
14967
8018
1638
5060
1604
8770
9334
11738
3847
12268
10691
2819
2890
2807
6083
2430
13911
5314
7092
3708
3944
4210
7214
12819
648
6496
10954
9561
15188
14504
3203
8232
1737
11683
13564
13477
6768
76
318
2083
5344
6512
14744
589
12228
8711
7683
8801
7710
6822
3737
8739
7000
1983
14032
14914
8100
2440
8907
7727
13064
5002
792
7260
12734
10895
5593
14356
5128
3567
10098
7776
13678
4633
7118
9646
5364
5367
8729
12409
12370
1375
15115
13857
4796
12567
2330
15200
7149
10204
9748
8256
13313
4842
2016
2731
4599
10456
10224
8057
10761
2758
7310
14170
6707
6110
8699
7739
9159
8135
8309
9041
11484
3741
12418
8659
2591
5925
13641
553
13273
5848
11564
6919
1660
4944
11239
14257
11474
12655
14103
12242
7268
716
14528
12563
1815
1658
13067
13879
5001
10981
8968
4632
10704
9815
13118
10827
5742
5648
14626
7023
501
12619
14711
6127
6658
2830
7956
9115
6584
1092
9970
3586
1881
9960
7290
14319
46
11422
9277
2526
11603
14073
13137
6923
13047
5082
10328
4690
2657
8742
14853
9522
1631
12697
10258
10706
13166
10969
11935
6875
3569
12436
2329
14881
15033
12957
4923
10263
13770
3960
13684
942
49
12939
5973
652
13331
5207
7789
14764
5523
1277
12463
488
7567
15125
1857
14364
3526
2350
7401
12187
12533
1714
6229
4790
4803
1066
5070
5810
555
541
5884
13786
7892
914
1783
5160
12550
9973
3097
7682
3276
13758
14612
10443
13213
8489
11583
5650
2124
14232
12676
8973
14190
7103
10883
3955
7353
14268
6232
5340
5728
871
2619
2583
10357
10569
11055
6157
180
11820
5334
3240
3905
14559
3806
806
6953
6407
2660
2902
4336
6405
6546
3597
10850
11868
254
13322
5139
12976
10678
5622
14553
10795
7234
5999
3422
9898
13670
3281
14134
10675
3295
6504
13234
2537
6918
11803
8990
11053
9053
3688
7758
11778
8780
9497
14941
10060
12216
4497
9762
10019
12590
9761
10306
14872
8854
10518
6291
8877
9204
5005
12454
11103
6664
10747
6114
5971
14839
4113
13943
2794
6181
9827
5081
9506
8234
14222
11815
11897
2549
11841
10885
10616
1750
6783
835
6542
1741
11435
4785
7543
4996
8399
7700
4521
7948
13188
12881
1958
5533
9825
12085
14270
4716
11418
7219
14332
7904
8368
12878
9445
5955
13616
4614
3417
12128
14554
1719
7930
10143
557
6704
13467
13628
7905
14166
3467
13401
5072
14644
8089
4516
12864
8891
10655
2287
7421
2165
5353
8433
8239
13364
123
9073
7802
10365
10153
3936
1612
14253
7375
14488
12915
5490
3566
9643
1963
6320
1782
11936
13712
14750
4112
12584
8826
74
10178
12319
5582
8543
4615
13757
3506
10013
1036
4727
10015
3760
2755
12889
11761
15201
8717
9161
89
7069
14475
11957
583
11718
3330
12621
12278
11361
12814
14127
5903
1108
9099
8673
2341
9941
1564
1078
879
5123
8981
5145
5635
3795
5654
7019
8139
7359
15099
5647
1415
171
7490
3970
13338
8248
11512
15186
13491
13795
20
119
4428
5115
10863
7653
3012
7412
8724
644
7960
10124
801
4183
14443
12809
5886
2975
7891
6452
7150
10004
14210
5844
13993
5329
2920
5083
14854
4169
4
6968
9252
12868
9948
5923
14183
1103
15057
9846
8665
6001
5061
2359
9391
13737
3459
9126
6593
3910
872
15205
9809
13161
6064
2910
6789
7915
14963
10578
8956
3603
95
13600
5013
114
1010
8291
13923
6858
5297
6698
11724
6031
10819
2841
6567
14291
3442
11926
13367
11395
2406
11924
12491
2144
7971
6080
4863
14674
12485
5607
12509
8734
7898
8901
14314
5685
9342
13845
2357
6499
14304
8284
6756
5576
7427
13317
4725
14777
5434
7699
6606
1589
9601
5613
7839
12668
4887
6522
1477
4150
11348
4035
7610
2091
4017
5197
2494
1218
579
1491
7115
13407
8002
9853
13630
11934
12479
2208
14378
11084
13752
7322
3111
9701
13400
3605
10949
11834
12546
2121
9855
5669
6557
8737
13463
14717
10200
5295
10389
4504
1616
414
12612
10044
4927
13289
5970
9629
3435
14153
5262
3267
3541
8949
13526
2052
5773
4498
13
10540
2777
8804
10462
13990
4296
6588
6068
4798
11650
4719
3511
7134
6646
13062
13183
6307
8938
7241
2561
10835
8795
1858
640
4518
1209
567
3405
2088
14690
605
14519
8656
4993
5203
9021
6102
1090
1179
15208
7672
384
9921
10081
7442
3647
27
905
1871
5258
2353
10374
11904
9104
10725
7122
1599
4973
8162
1124
40
6476
10190
1925
8071
13201
5386
159
10220
8852
13417
10482
9300
13304
6406
12711
14199
4933
7722
2181
5183
734
6388
4623
8334
3369
4839
6752
3628
858
14348
15118
8779
9824
7991
1514
10339
2492
13696
6234
5837
1234
10646
9632
802
10116
1567
4218
13791
14072
1374
5700
5707
4299
14542
415
14165
14580
7365
4752
8618
10841
13391
11952
14467
14262
6931
11662
1908
8213
3527
9058
4486
3132
3576
1442
14951
8848
5936
7978
9275
2204
455
1738
2482
10316
1830
2939
9197
8462
9918
10457
5507
9583
12763
5343
8271
427
2593
4197
10610
8415
12417
53
7721
10925
12622
7974
4331
3213
7752
7724
7341
6883
8293
10608
477
3335
13859
1818
4889
13441
12821
10663
13537
12144
1383
10515
14464
5833
10323
4133
194
12950
2838
2168
14471
10409
8136
14728
5594
10916
11296
6463
15083
1362
327
10477
12213
339
4024
5257
1683
11020
11767
9628
9295
13606
2857
14036
13538
9570
7564
4408
11357
13697
12499
13151
1998
2159
2272
478
14252
5346
11810
696
3638
1615
13889
4081
8937
2798
4832
3626
10334
4903
5722
2850
13992
13413
9962
12029
3895
899
7201
8743
7030
4572
8715
6590
7220
8035
3269
8386
11073
3615
3565
7082
12627
855
8793
13141
11983
6597
545
13721
2699
6456
5174
10692
5175
13154
3556
14518
14359
37
5052
9520
8899
13261
11622
10362
5990
10212
5011
2568
9133
1409
2879
8209
3182
14751
14088
340
336
7225
13665
6826
5462
3408
933
8055
8572
14984
5743
14460
15007
8255
5242
5244
7872
13275
14966
14327
1527
1230
5596
9633
13321
6254
11171
6416
2613
9028
4048
11414
15128
2953
88
7228
5259
13045
12994
3572
11394
7246
7151
6143
10998
6173
5371
10763
6385
484
2643
3230
3112
1962
13443
14954
4320
7169
5588
3859
150
11142
14545
7846
5305
8377
12252
3720
13985
332
7223
13870
3385
4969
12373
14936
3491
3360
4910
5979
1545
13008
9507
14508
6018
7596
13922
10012
8381
6925
4412
14326
372
14812
9444
3794
6521
12832
14627
2226
986
2024
12186
5831
9463
722
9438
6226
13820
14601
13785
861
4549
13930
14093
4222
6129
5663
5678
3447
2098
12720
1235
12653
3255
9757
11459
9410
11813
9196
7387
12798
11485
3841
10871
5458
10398
671
3900
5671
10361
963
10311
13547
12628
8265
1901
1340
1874
13595
8863
12988
1381
8042
1033
14886
4242
10620
9153
9237
12050
13844
10799
10546
8986
8220
13520
10140
13720
2927
10807
11179
12293
814
9103
6810
12344
5450
15046
14184
12340
7980
2082
7962
15009
5918
15021
9854
10914
8630
281
13209
7913
15093
6696
14759
11315
2491
10149
1002
10806
5031
8441
10919
2894
11694
11582
6124
11228
5033
3986
2846
11647
1974
23
14491
10673
13586
7766
1245
4376
12159
7606
2515
3086
10628
11900
7615
4682
13516
3815
14865
14822
2566
4835
9064
13979
12966
12206
7597
4352
4519
2899
6500
13069
10273
11739
9805
6830
7096
5459
4301
7772
10693
15043
13274
6007
3568
2792
5868
8044
2545
2574
11304
554
2127
14333
8551
13713
11177
12248
11630
819
5985
13253
7947
11094
14404
5525
1899
9397
13102
5478
10711
7897
8692
11294
1817
3232
3216
11386
6589
3466
8850
7004
4196
11128
11249
3550
14819
11902
416
7420
11654
1462
10113
2624
1027
8636
4347
7741
181
2728
3275
4086
14965
9621
3948
6673
10607
267
11196
4617
3351
7623
1319
3805
3807
13211
7049
4181
903
1834
1632
5512
14511
1041
13246
7863
8713
6827
7085
8840
9876
6620
15199
4821
10221
13004
13707
2004
1394
4939
2867
5328
11878
11489
6357
6179
11211
14060
8815
11891
7273
1570
9619
4822
1292
9171
9090
12446
5285
12710
10369
13117
8812
6946
13700
7528
5272
4677
8028
14706
3799
867
1048
13479
2361
4700
7940
7716
5279
7385
4620
1947
4836
6710
6560
8585
4321
7138
3338
11
4967
9051
2112
4002
6279
3965
5803
4404
11499
5063
8177
14643
679
2295
12824
4164
2458
6426
9040
5121
7736
10720
14591
10292
911
8210
9253
3403
13295
9285
13921
3686
8229
13493
8161
10296
5989
11243
8344
59
3839
3755
3089
15049
398
6049
3637
1193
12692
8740
7619
5921
6669
13672
4184
3619
1210
4262
6558
5227
3218
12767
10020
2428
10437
4495
425
13596
10108
2592
1106
7362
15131
7908
14735
2795
13005
7536
548
13876
2548
11528
13285
11250
2587
9772
9832
12891
5866
5546
2232
4574
12125
12913
14880
11677
7507
11476
1763
9420
3034
1272
4430
7585
10868
10918
6436
13912
4775
9257
4194
7903
5830
1232
13432
7837
6495
10159
3429
5885
9862
10860
8273
12761
14180
6562
3226
1909
6062
11112
14707
9262
8988
10248
7475
3682
2019
5777
13693
14556
4643
11925
9491
11899
9931
6052
600
3646
12730
14298
13399
1831
4480
12874
11440
10451
3962
6140
10874
2905
1635
15031
9531
10054
6239
870
9682
9120
664
6999
1533
12047
10523
2677
14287
479
8154
544
3123
15081
4364
4170
13152
9592
11660
12858
7775
909
13378
13389
10669
737
328
4885
8856
10766
7419
354
2151
6933
4686
4345
1369
10425
4104
12224
13345
12811
7336
9119
73
13032
6387
3354
13323
9947
4349
7182
2183
577
10591
14137
4776
885
1652
3546
14357
13335
7163
6381
5908
9228
12120
12677
12232
8011
9211
7781
8184
10077
335
14334
2938
7174
11457
15027
2289
12239
4205
7051
4290
9779
14902
7728
5067
7548
1892
994
7224
10496
8460
13256
11344
8993
11490
14709
5403
8198
10491
1191
11331
1159
7164
12686
8575
7919
11497
13856
5579
8237
5725
6263
3109
10242
7153
7681
12077
12651
11726
2288
1410
10665
5065
9189
5552
6994
3027
14289
11555
316
1939
822
241
860
779
11513
10858
13893
11725
4108
2483
104
12530
5481
12090
8457
1453
3561
8419
3677
14143
11715
13587
11825
2337
13461
10246
2006
14482
8598
12354
8574
6119
9551
5223
12992
5889
1264
1017
274
8567
7894
2274
5438
6362
14950
5569
4226
3265
14587
5662
5221
4708
12909
8492
6878
12115
15187
7791
715
3029
12139
4176
9489
6324
2740
5167
9461
5691
12566
6795
12275
2056
8622
14930
12659
9907
524
6490
3113
8615
3606
13768
12599
837
1299
4502
14448
12943
14609
15114
5891
6551
63
13982
10464
12112
11199
4917
13888
3648
212
14786
2314
5879
14926
11104
7522
3484
3874
1465
1091
12827
10360
8540
14526
9467
8921
2200
1592
14879
8707
4670
8336
243
7799
11788
3181
10813
13611
5643
11511
4901
4603
7300
2881
9882
9499
7637
5846
3071
60
395
28
14887
2308
1897
9084
2663
341
10314
3253
10078
14363
9268
8646
6222
463
14107
14841
2384
3689
3789
10031
12903
1266
13344
14385
5630
8900
12756
9875
202
7952
15110
6767
10180
1201
14802
9564
2906
3921
4250
13917
10565
12729
4809
12580
12215
7080
15035
10566
13197
5090
5775
13372
12657
7005
4720
10176
14049
4577
5455
2863
1673
8606
14797
1432
14335
3886
1722
7345
8872
13822
15171
1231
3114
11818
10647
14463
5112
4763
12179
5228
7538
7785
6872
6682
6721
12150
5098
9043
1985
1499
5412
9828
13126
1160
5676
10896
3952
5625
11473
7230
6172
2868
8459
3519
6054
5039
6260
11324
11282
4413
5841
12785
9400
9505
13634
1333
4980
3809
2132
3373
6461
6600
4146
3773
9578
6914
9447
8928
14220
9695
8360
14157
12844
5326
4033
8814
8744
13458
1986
9094
11889
4646
4278
5961
813
401
14379
13574
6514
1769
1128
486
14791
7408
10255
11913
7271
539
11214
9012
8262
2597
13135
11545
2845
3334
7146
4289
12107
546
778
9336
9003
2228
4155
1386
14640
8188
13730
1452
1137
1125
6967
10428
8174
14551
777
6174
5154
5857
14429
14983
5547
5959
11303
732
6530
9559
1682
14086
11322
12558
12286
9250
4940
4782
6233
11847
15207
9607
7105
14715
6743
11982
1190
369
2630
1146
9451
9942
10870
10421
7079
5026
6956
2922
874
5696
9957
10112
14353
3079
12987
2450
7078
11356
10260
14866
1950
11912
5689
471
11953
5250
9519
14506
1102
6258
6171
9074
6902
200
7827
1020
4886
14908
7521
10412
6431
9517
11180
12624
1846
1313
9807
6487
12294
10145
10619
13163
11300
8985
972
4073
6796
11790
6160
1067
11867
8873
2516
7021
14110
15
1728
12634
7316
13153
5860
14999
2575
4402
13433
9734
1787
15203
5198
1229
6489
8868
1422
1323
282
14988
8121
3718
253
12947
8065
11994
10539
7545
14430
7489
8933
9743
5577
8926
14426
12082
13762
12036
13156
14982
1224
8865
12793
1917
12623
6373
9874
5264
7569
9139
10549
4734
5720
6355
12389
15129
11623
8488
10237
2456
5168
4999
3184
5731
15105
8077
7552
12633
2776
14532
9405
10329
12325
14618
72
12327
7126
937
5032
446
13226
2392
11207
14458
275
13380
3777
9534
1607
4974
14621
8030
10938
11433
12078
2487
5758
4922
14705
13805
9794
3357
14979
5214
6685
10534
11808
7819
1644
8768
4997
9122
8012
3826
6506
10719
13465
8483
5893
4143
13590
5606
11776
2813
3729
13591
7071
4373
12266
9606
7351
11159
13099
7611
12123
2021
12329
1456
5997
11575
10754
2449
2236
7674
15044
12802
11036
7575
5555
11089
915
13148
1085
12395
11757
12661
1169
3016
1216
6611
10121
6792
5816
12068
5419
14285
1558
15192
14788
3817
10862
13959
11551
945
13405
10172
5059
12907
6777
9187
5661
6294
31
7137
1217
3005
5122
4824
2849
14246
9333
741
3585
3912
11923
10110
4267
4626
6812
3380
7400
3751
9704
13434
2108
3125
7324
6769
8576
6943
8141
1233
4353
13883
2404
14597
14450
4209
13181
5554
251
13308
8372
9249
2048
182
6605
1507
10970
10095
966
14653
8548
7996
9160
8449
6354
13809
3992
13094
11493
13608
13134
6607
1609
2661
4370
4920
12086
12448
8958
11162
8975
5196
11246
6762
4820
7594
3504
10438
3787
8542
6330
8631
429
6448
5939
7838
8472
940
10567
7814
4783
14769
7932
8669
9466
5222
5651
7807
1022
276
14212
11002
9585
6123
2453
6109
14468
7685
8171
14309
4365
12753
5015
3518
105
12226
14547
2716
14889
9238
7117
947
2474
7587
9318
10634
12724
6152
13994
3355
3450
14903
8693
183
390
11077
5426
14912
12504
1636
8160
2528
8922
9639
7251
2590
11595
14973
14470
2262
6249
7946
13967
2594
3662
2703
9290
4925
10563
13694
5219
11061
1005
1156
13667
14052
2702
2031
2839
9802
6935
4451
3719
7309
12733
6755
4360
262
700
10906
3639
10537
5649
1370
10278
9751
7282
10038
13326
6683
8752
3813
7642
13837
11113
12451
11709
4091
13238
5994
7998
6532
12974
6447
7542
8247
3609
261
3134
4022
4740
3331
3150
10254
4062
14162
666
12379
2779
10395
4473
8179
4391
365
12517
14821
7867
3381
3200
3098
98
11423
13626
2659
13394
7108
4926
9958
13580
6666
10847
7042
930
718
13296
7073
1511
9293
7561
3851
9915
3998
9288
10866
760
12124
9332
3792
5443
8514
41
494
1640
8991
1040
1574
3571
6485
12936
6692
14994
13821
3294
8005
2362
3463
14607
3915
2322
14527
9869
7484
11318
6701
2786
14713
1653
6194
4115
10690
829
15047
9426
10688
4066
13584
14339
4899
13969
11336
5287
2709
9267
1938
14422
4338
7143
6711
7656
2233
11796
10231
6459
6340
11703
11981
9892
12990
9938
14159
10059
3848
5611
5882
10431
14864
11088
13046
13833
8038
2665
13692
457
4163
13718
11996
12585
4656
9959
43
15005
8534
2327
343
9399
12169
5735
10453
8930
12701
9594
3587
6924
14530
618
1359
12126
5748
6413
9847
12000
6859
891
3575
11875
4366
5147
5883
10510
11585
4076
8596
2122
6047
15140
5804
12789
2654
5010
422
9413
4490
8735
8965
7173
7535
560
9741
1097
15022
14447
11200
6141
2045
4354
6112
1508
12606
6594
4604
1195
2466
5493
894
4417
7855
3379
9335
13302
9803
10668
3397
14452
2319
11570
5253
3441
10514
1819
6513
7557
9996
10265
4998
4015
3058
2326
8257
1568
10127
10714
8696
2534
8362
5637
235
2409
1046
11204
783
2616
988
5268
12233
11789
14318
8129
9310
1059
14343
1759
3743
1335
5556
8996
2378
6572
9597
9316
113
5861
12462
6855
8552
2254
8513
7985
3053
14115
8927
2978
13950
8897
8470
6236
11527
4071
14583
12274
5275
1336
7840
7001
3052
2733
12289
10753
4988
6261
11032
1555
6185
1948
2928
9458
4493
8321
5733
526
12977
14474
321
14381
5779
2184
1389
14933
13488
4875
6899
8909
1929
12251
10147
3705
11760
4921
1836
11917
1126
5627
4689
8371
7881
11681
3985
10205
6111
4550
13081
14742
12980
4652
7834
11637
3832
14276
4802
9985
6434
10086
3130
6262
5251
3871
2923
102
6871
8010
8348
1262
3309
3135
14964
2529
8326
8127
13945
3083
11285
11971
11802
6266
8847
7747
3222
362
3883
8450
9406
6012
5169
7272
12180
10217
3287
1225
9912
13191
9306
10473
4344
3969
2685
5397
14361
2533
2179
2146
9792
3758
4051
13716
12629
9265
12971
11339
10207
9547
14066
12074
11280
7806
6791
8738
8008
15211
5185
14267
2679
11260
9692
995
7743
4034
2787
6823
199
8866
4329
13777
971
16
5580
13059
4647
1721
11042
45
13904
147
9523
6149
9537
4479
14989
1151
3
4658
1170
3675
1686
8425
7315
11083
11635
11839
8388
393
10519
10810
866
493
2089
3544
6746
15034
4067
8341
2257
3169
7843
3116
6316
9949
615
1732
133
14396
12089
15219
14331
11165
12151
13946
5956
10936
10897
667
10709
4014
14223
117
14799
12138
4315
2763
2172
15011
7361
8813
8781
10408
5433
2694
4431
10697
15172
12843
7396
4511
12192
11328
5117
14931
192
14271
7876
3930
12520
5373
3164
6255
10407
2027
8090
660
11685
10839
3885
12736
10163
608
2711
8964
10430
303
4256
10623
7177
1204
7879
10585
264
10401
11692
7725
3115
6679
10128
2633
12564
2897
931
8536
748
10033
5423
8345
9720
12693
360
13741
14549
7288
13319
14692
14340
2414
12037
7550
7239
1373
3328
13386
4522
8021
3398
7577
11580
13966
9544
4506
4131
5854
13194
12188
2425
4411
15042
11183
10934
11208
4016
9990
7748
6898
5730
13659
10783
4742
1852
5372
13027
12630
9344
4596
4982
8277
14734
15001
665
13200
3629
1283
2578
1023
1838
2991
10228
8324
13125
13412
13818
81
1617
12281
11973
675
9411
10502
12949
610
987
3865
11039
3958
6108
14244
2033
6133
12967
7599
8819
13496
8638
9270
5768
6974
14940
7083
9722
7047
6615
10120
12028
231
826
12220
7238
3588
2333
8984
10604
5152
8312
8583
14489
1398
12231
12002
15074
7689
9281
10010
14917
217
5544
5347
11921
10639
7933
14388
11469
9201
6070
2163
3371
13505
4217
12778
5182
2010
7829
5684
5727
4138
8254
9636
4838
15218
12863
7131
3365
5897
10391
1152
695
9138
1739
14370
7373
2285
9421
7588
7462
12776
10601
9284
11783
359
5079
2621
2739
6446
9372
2569
1039
13021
12390
9795
7048
10821
460
12066
11063
13588
3251
5102
9745
563
141
4041
9474
7297
9217
6364
6382
5058
9742
8218
14368
4505
15181
12640
11158
13575
3935
2399
3493
10737
2110
233
3617
7969
13927
11752
1032
10849
8147
8710
9060
9716
1413
11571
522
8561
4126
4825
15217
3494
14338
3084
9036
13756
6175
10902
4826
6474
5209
8970
10935
3054
11206
5204
1966
3620
121
7705
4006
2259
9540
14857
7866
5674
14145
13450
13149
4913
13419
2540
1804
8684
7422
1820
10989
13379
12290
11727
6677
13802
1851
5934
14849
14840
6939
1289
4277
2501
3219
5472
1941
4884
4811
11415
1605
13036
420
8619
12807
9532
7622
8108
958
6727
13476
13878
417
4028
1062
8286
2067
776
2480
1016
8786
260
6622
4660
6788
4531
8107
4543
12322
3611
5425
8597
12423
6297
2617
3020
6061
3499
4280
5095
11614
6806
3690
14007
3942
1175
14794
14342
10266
15077
3305
9895
3008
12094
10317
6790
430
4888
33
11851
2496
9511
3137
9864
14150
15006
6319
15198
1025
14243
14980
11026
13173
5628
6932
8960
12607
4862
403
13490
10905
4238
1473
13206
8754
2129
1968
6693
14238
8205
510
13995
11794
11946
10696
4178
3671
14895
529
12713
1214
5370
10016
12137
11830
12132
4528
707
8251
7065
3916
1720
5263
2281
4186
8836
13610
2115
3187
6989
2609
12387
10467
12480
14830
3288
561
5224
9431
8389
8199
14312
6202
7009
8846
6891
5405
14350
6726
2557
912
7196
11552
8818
12321
2911
8794
3714
6198
11673
11000
10804
1916
10160
9319
5763
949
12694
1853
1173
9989
9689
3642
3641
4631
350
14034
7335
3244
8357
13185
4748
8081
14224
3748
3321
624
7756
6629
11829
10115
15026
5869
523
9612
14890
11978
12182
12444
2524
5788
12682
2225
5200
4482
1183
11444
10770
8522
8128
5096
10752
2675
9767
14743
7423
9504
4873
11574
8134
4268
14155
10908
13143
14813
10499
13501
1086
14680
10907
2769
1331
4229
6435
11030
436
8115
7871
1226
881
8864
976
11592
13983
2745
11367
4368
10729
13416
10652
6835
13471
9681
5808
11740
7378
4896
7041
1522
4407
9304
6980
7499
10750
12525
9239
11333
14921
6117
2687
3248
11999
14009
11258
11666
2174
2278
6449
4779
7327
12921
5739
5474
6713
12467
10990
12620
8443
2767
14037
14943
15127
5323
3344
9666
11193
2934
7648
1030
7141
4420
7287
2060
8524
3860
14566
6439
13551
959
7848
6213
5872
10561
14942
6378
5234
10122
2455
4316
2468
14937
2074
587
7450
11028
13523
268
103
3291
13840
6948
13910
299
6333
14498
17
7784
4877
3726
2198
11404
968
12853
793
2693
10536
13426
5736
868
9097
6256
4326
7270
9708
14484
10203
12768
99
3669
6318
5469
5375
3653
7491
3822
7386
8001
12445
1626
3551
7770
8049
8142
1692
10877
12153
10531
13020
4036
7261
6736
810
6225
10644
3138
8304
6861
10470
8642
4168
5805
4559
9554
14054
2373
15182
1486
12770
6601
9459
7289
10684
5133
1773
9068
11298
10052
10960
9738
616
6050
11229
8310
12842
6549
7477
10637
1877
14714
6765
13874
4597
6993
9154
2081
2273
10823
1297
9883
712
1260
13603
51
12617
10322
13089
13449
1862
3258
7076
4309
8464
15135
13714
984
4465
9625
3812
14014
10240
9493
14092
47
11268
7808
1896
2137
189
10393
11271
7601
9906
14793
2266
4579
1870
4472
11374
11081
13803
15191
15073
4593
2658
13627
4564
5817
5040
7826
13218
10188
6808
1290
8315
9963
13683
15166
7276
12400
11173
13460
14700
4618
9494
2386
14773
13237
21
225
5862
12511
4966
14071
11175
4717
14623
1821
10952
3179
1176
4432
4787
2822
684
10318
8515
9496
11690
3482
585
14130
4020
1081
7568
12671
2507
3107
4906
15041
8580
5894
3378
2477
8249
1800
8314
8790
14901
12820
3431
7921
7455
13056
10335
9412
812
5940
5041
2775
13690
5666
7671
13288
8285
2612
10271
14691
2628
8445
12715
12471
4919
1140
2283
292
4898
1240
15092
12158
3857
1630
6473
15059
10211
3332
7753
394
14661
2379
14767
13760
14655
8954
3413
9732
4600
9479
11949
12544
4539
9873
7780
13403
11930
4269
2054
1242
14490
6338
12065
7452
10139
2243
12601
6912
2078
3739
4388
9702
4566
9264
5850
10944
9360
10223
14010
3825
9586
10582
4274
12896
14019
6662
12794
4983
4069
13123
9234
8163
11288
1376
5610
12265
3315
12635
4045
13615
13500
2493
4945
1142
9341
6655
8612
8046
2586
10351
12578
4119
11501
6335
4746
3362
13130
75
5479
12997
9567
3260
698
928
7374
13772
6554
3180
6665
5559
1357
12416
5966
9031
13771
2864
14209
15175
2206
4452
2412
14185
10222
7210
10712
3943
4494
11737
9185
3940
4293
623
6544
15051
1180
9733
7434
14041
12910
6518
11256
14401
13838
747
13121
13408
2417
12942
2992
10831
9062
12662
12728
4199
8592
9439
3383
11766
12167
4991
5675
2808
1715
2639
9023
4463
13524
1661
5299
14186
6376
8097
2518
10535
293
14925
9042
1900
13914
4978
1351
9691
8182
8068
2064
14459
7763
13424
4929
609
6153
586
1669
691
15156
3045
13865
4442
8411
9935
10651
1520
13513
4291
14624
14710
7823
7831
12568
12822
8347
7363
4159
10402
6501
9616
6839
6272
6844
12072
8918
10751
3402
11651
15124
14844
6507
7664
2050
9248
1914
2580
382
10472
6313
14919
2721
1865
6596
4757
7218
4075
4416
1055
13955
5993
3214
14140
6951
15109
6040
9976
12750
2513
6311
2873
7836
5732
10958
11976
2421
12267
3500
11696
9137
14038
13643
7859
7022
9651
6809
6090
13571
1361
4693
773
7830
685
4208
9715
9483
3771
11122
11770
2109
6578
8431
9670
9195
2413
2603
4665
7294
14529
11226
15010
12884
12757
4948
5376
13941
8245
10055
12721
2325
208
1155
10500
3475
4004
6641
8887
682
10043
8732
7964
12922
3074
5604
8789
8146
9123
11838
15213
2315
6916
9929
865
7618
14476
4399
14581
12469
2389
8390
11049
14604
9425
6469
4830
7314
6298
9366
357
9279
14120
10833
11646
12702
10645
14227
9314
9850
8084
10631
4173
13744
2478
4248
11426
12443
9026
15054
3759
7865
6779
8190
12021
12712
10596
997
5558
10468
10288
11392
10442
3319
11606
14681
1417
7551
2248
5243
7540
8627
1379
8989
4393
5581
9390
7193
6410
14833
10560
12014
8253
6248
13657
11955
11359
12928
1554
4954
1047
13726
6091
376
11519
8446
13776
1082
3215
6315
13675
6745
7358
13473
1690
6125
10459
569
10068
12100
3189
13624
13920
3770
255
8708
13896
14649
15002
12190
8980
6
7777
7852
9513
2376
14635
731
6592
9409
4715
8800
10996
12570
12663
6317
13826
3995
14012
13793
2762
4778
1293
5485
9525
5374
11368
1138
15214
12384
1866
9937
9574
1872
380
13662
9978
1538
6785
5756
329
3202
12079
10773
9212
1637
9620
8777
2996
14194
7267
12745
3987
2848
1131
8689
9272
13891
8972
4185
2320
5708
2715
3311
5642
8280
8122
2916
1133
1778
913
7132
11780
19
4190
10695
11048
8144
5119
1028
10525
8421
8501
13937
10358
2036
8311
4467
11667
4061
13830
4911
6618
6328
1811
9814
3149
4072
9448
13708
2904
13800
14746
5378
10356
10507
14163
14924
9984
5851
2258
9577
8203
4628
2169
8480
4509
2461
9244
4253
14858
8771
5489
13286
9146
8074
538
1875
9648
3350
12283
2374
1278
356
12495
7572
2799
2966
13947
8663
12235
3608
11884
3700
13263
12257
14770
2618
435
10826
4374
1748
14916
10779
10611
13448
5467
7809
12552
9627
10495
6251
4515
2395
7352
5778
9184
12782
2977
5411
10506
5333
13414
11396
8919
13940
5125
7790
15076
14845
245
10158
3754
5391
490
4943
1295
7006
4162
3999
14421
11547
4625
9370
13981
10396
13351
3327
6306
14882
13466
11161
8085
4567
8004
4120
2416
6466
14057
14402
13415
1627
12972
843
3767
13268
1628
12944
6241
7720
13928
6942
918
2141
11289
1873
10046
14501
9401
1274
10490
5528
6895
5928
12665
3934
13352
358
689
5716
8610
15075
8236
344
13242
112
5531
3247
9542
2778
8886
5878
1405
4044
2985
9487
9950
13578
3031
4082
6280
8103
11855
2451
8402
9908
7384
4009
2824
4456
4358
10465
10417
11541
5551
13048
12060
14719
1035
8658
2956
2140
10686
3897
1247
14454
1878
9656
7473
10738
4897
3479
5327
6689
750
4975
14242
5986
3613
96
14678
12528
9069
407
1312
5617
5855
11185
1868
12366
8884
14128
5927
14869
10072
3148
6927
12141
613
14922
12194
14264
13063
8799
4971
13042
13621
12453
11424
4098
9870
12743
7448
11542
4496
8857
11604
13381
3699
2686
7441
9635
8226
6691
8017
13887
11237
6581
8718
3711
6016
14808
11655
11901
603
304
7877
6561
6184
2584
1937
10274
606
11712
688
5453
7476
5171
14904
6182
6023
10632
4711
5672
6310
3022
1248
11409
15148
6411
10155
13679
11264
14181
10210
12122
2974
10957
12494
3507
10694
14347
721
1148
876
14629
9964
13542
2800
4829
163
9351
10757
7262
265
1285
5194
13309
4751
7328
14920
3471
9502
1326
11759
6029
8242
6856
8494
2189
3103
7691
957
4447
13916
14790
6013
13686
14070
8366
3009
7303
5814
5322
5020
431
6724
14453
3661
8031
8440
11807
9174
3909
1186
14091
11477
1718
4770
2001
5301
12927
9545
7003
5899
9967
10822
7015
2535
6573
1446
10433
11755
9350
14415
186
158
10755
14494
13115
1364
588
12118
12845
10743
13576
5109
10509
3854
10244
9346
13839
4139
7466
8397
5641
1408
601
3025
13934
8043
13031
8603
2008
1955
12975
5952
10892
1700
4965
7446
10946
4569
10321
12815
5919
10503
13783
10722
2571
2971
9100
4489
10869
8153
11138
13098
9259
8527
7240
9188
11085
3635
13228
2446
2503
10775
11782
9117
3480
1388
4536
2347
13918
1496
7221
7771
791
1581
7556
2235
518
11661
5321
10530
9008
1825
10185
9009
3651
9679
14375
5826
2037
1356
3730
12048
6238
3059
12631
7139
9395
3855
9432
8633
1789
1920
9816
7453
9478
3539
122
2028
10247
15173
12983
4403
2479
174
2585
2796
7592
677
13271
5723
2150
3892
710
10505
12264
8624
1100
6937
1995
3768
14078
8319
4378
3801
5088
1684
5387
1084
3968
8875
12177
9172
5729
14874
10414
5549
12374
12025
7815
1419
14550
9833
12388
7123
6415
7074
10325
15069
7325
14119
5859
11608
5439
3165
12456
1841
12101
6880
6095
10100
6877
10603
2907
2154
14947
7278
13487
4855
5284
1663
1603
9430
4510
14918
5127
1792
13165
8509
2565
14561
4989
7014
5173
10865
1961
8202
12392
11546
5074
1623
2546
13353
3039
9724
12364
6027
6228
788
5124
1318
5822
135
11086
2057
5476
14188
15149
6284
3993
11144
10749
13546
4386
11143
156
7578
8320
4425
7116
11384
6824
13108
12437
7817
6454
2805
11811
11261
761
12501
3256
6069
3348
8951
3717
14126
7483
14818
15147
4252
185
14322
9050
15020
9781
9080
12367
7920
8113
934
7125
7339
790
2722
3581
12302
3734
744
1192
10930
1115
5644
6864
2063
13543
11152
1265
11287
223
8709
4449
3956
11293
1927
11532
15108
923
5750
12181
10679
7172
8526
9754
5795
14479
3524
11015
8834
9536
10342
1019
3583
14747
14806
7884
13262
12305
11893
9116
3307
2234
9727
6817
8591
6056
12129
10797
11027
13363
34
6301
5957
1573
8613
7798
1546
8268
2749
4706
9697
5009
7296
4769
8903
11406
5054
13875
11669
14068
9222
8845
13065
9358
3501
1761
8971
6647
8335
2476
3765
12810
15030
14842
591
2840
7963
13827
10036
14056
6252
15014
10383
6491
3250
14189
9684
1015
5091
7227
12816
3833
1672
14647
7583
12871
6363
8020
4837
3749
14423
5632
9083
6483
5686
4780
12951
11391
11568
2090
13297
3685
4251
5781
6841
11465
2000
5202
9763
534
10463
12204
3694
13310
1578
9576
10101
14279
10842
3601
4440
11145
13402
7337
1861
3954
5608
9955
8420
13384
9687
9934
4942
10598
10681
3478
7195
9810
14613
4812
6458
6022
11439
3037
12402
5653
13622
1418
289
9617
13511
12679
4085
12298
14825
8508
13631
12484
5638
11849
8281
14513
5738
3243
11756
12431
14045
14768
227
3352
13942
11858
8292
6427
5792
13909
9566
7663
1006
13671
4683
10400
14953
14316
4484
7629
10099
14577
11398
345
10291
5827
10373
11299
5573
13361
12299
2903
8169
3140
5929
520
13472
8026
3068
9356
5566
1697
13788
9993
11233
9320
13276
15000
1747
1880
11079
11090
14083
6996
14673
13986
12459
5931
11535
12279
15055
13635
8200
1098
6995
1096
11980
2068
13681
9615
5539
7847
12780
14771
8940
1466
8238
8861
9143
1119
10649
12911
3946
12865
12011
13738
9428
669
11135
5354
8300
2622
13556
7307
12250
1942
10635
10304
9261
11131
13647
4918
8999
271
1879
10084
7028
475
9916
9718
13083
6524
4676
11301
9276
15157
14824
3791
14959
13037
11411
13613
5034
10698
10332
5995
9680
9386
14906
10045
542
10661
12049
1984
10175
10878
5540
6137
14512
14679
13034
13348
5912
10403
1893
6278
10061
11598
7382
849
5557
1120
4958
4546
11488
1185
4621
14365
14420
1287
998
10664
8155
14215
5665
11460
160
2774
1869
13404
1294
10516
14876
6832
13430
2203
11311
9380
470
9538
8858
6312
840
3979
1436
5089
2420
6539
9705
4756
8398
3873
5164
7901
9164
6227
869
13014
9055
10415
3627
10956
11370
4230
13669
10638
14955
14141
7718
7513
703
9568
2876
14834
11869
15012
3461
11332
13280
13509
13984
5798
5505
1810
8458
3143
2505
3469
7369
892
14355
13053
9747
5950
368
3361
7571
3530
14097
9877
11021
12134
6804
7330
3858
14524
11096
1008
9147
4406
3262
1926
15024
1694
2030
704
7383
4874
10593
7590
9699
756
11700
15164
8525
9365
4246
439
14439
14693
7627
4726
2642
12353
5877
1824
2651
4165
7202
8838
13903
13582
6276
4688
3487
326
1791
6275
91
1532
12652
179
13192
4654
3233
8403
14792
7845
2241
12240
3410
13179
4938
4421
7547
14154
14594
4669
2743
11372
1117
14221
9663
9723
10371
8496
7709
2918
832
4032
1867
4130
4883
2126
5984
14704
13605
12695
573
2498
1325
10504
10053
10699
7912
1774
2625
12515
8308
9932
9726
3870
1611
14354
9746
6660
12330
1620
12103
6130
3636
7024
9605
2166
5620
7761
13975
5302
1725
3300
9313
12428
8140
6782
10967
2924
6654
8733
2531
946
3343
13470
1433
3051
3520
7128
12084
1600
1435
2380
14409
4553
14177
4356
11432
877
2182
11008
12069
4257
12140
7364
437
3644
14829
11241
10125
1378
8590
11023
13291
11852
6221
12457
8787
1529
4323
7157
6990
1751
8851
11549
12166
11225
7675
3296
5003
4951
8967
14766
4976
14323
12191
9323
2242
743
11305
10310
12993
8923
12318
1945
29
10538
1550
12333
8000
3465
3899
8451
5114
1471
14112
13025
8382
504
7192
10824
6100
2005
10765
14023
15117
11846
1826
13759
14754
12207
6006
7346
10330
12791
4419
12930
374
9260
5206
9361
10917
3862
7695
1619
10064
3589
1181
7391
3712
6807
13597
2279
8278
4583
11826
2099
14939
6553
11428
6365
9565
3432
14745
11335
10301
8721
14003
1965
3392
592
1320
14752
2836
1412
6322
7418
1263
7696
4928
6568
12476
118
3446
7997
238
5407
7514
2606
2649
10023
787
11758
2855
781
4177
11338
2753
14108
13012
10040
5280
9376
3400
10760
10789
6146
4415
7767
3105
6886
11007
13789
2062
7812
284
9555
6565
1702
7350
9961
8862
5863
11124
10612
1980
646
893
10404
4097
2038
7145
11732
6761
11297
1598
14974
10974
2759
8581
9886
13106
754
11041
6531
13525
11716
3678
404
4764
6429
7987
2744
7750
10154
5369
6379
5813
10298
10640
8609
11201
13110
8756
8056
14148
2887
5838
14202
6246
5636
8375
11247
8507
1068
5463
6025
2815
13385
9823
6144
12510
323
442
12019
176
8175
12304
9274
1018
5498
668
13482
5812
10169
1856
1717
2007
12092
12542
993
10411
7062
6998
447
6760
14341
14063
1943
2984
7016
8827
13212
7931
9645
8003
1208
9166
8327
1576
14935
2245
3241
12142
4585
13293
4367
11350
2950
12030
5163
15154
3128
10524
1484
8150
3744
10767
10092
7405
449
13184
14562
961
8714
11866
6303
4848
6371
3094
3252
1676
4977
13705
11447
11377
2930
11698
13931
12534
6486
12243
4501
7582
1756
9175
1199
9997
7861
13743
4907
10346
12719
2457
3454
10715
2047
765
6412
14260
10739
11705
7231
11910
9437
6719
13332
11764
5179
12218
7519
3853
7348
312
10384
5181
1753
78
1845
14968
10716
7979
10867
8313
10270
1314
9052
3570
11828
14589
8917
4668
7301
770
9223
2886
385
1305
6515
10882
4674
14303
12407
6988
184
2898
8036
9562
6196
1443
5668
11307
5421
5435
5456
9263
1516
1505
6295
1219
6680
10881
4743
5361
14534
3317
13773
13867
9482
6890
8505
14694
13607
10382
738
2544
4148
10962
5712
3062
14932
331
6403
14136
6957
3658
11914
5325
10759
11621
8573
789
14265
13077
8776
1227
7438
8250
13172
5511
6566
6690
11058
13957
7245
7204
580
12035
14675
10670
3108
11831
4355
7106
549
2263
2935
13530
9240
2968
5640
13687
13996
13000
13147
5745
13629
10280
8208
3902
4136
12411
4068
12790
4847
10880
5948
5270
8343
4423
9753
7485
14600
2976
4343
7414
2486
13227
8728
824
2833
4042
10390
15196
2736
7454
68
11940
408
10748
3937
8759
6854
9858
2102
7395
9348
14077
9398
6285
3209
9500
8947
12920
10177
14152
1184
7959
5917
7967
4080
10554
15019
2402
5104
11111
14859
64
10135
11402
7981
5150
1490
12296
13832
451
12273
5226
13929
1924
1639
3421
11746
8367
6602
5699
13168
9969
2596
15091
10448
2405
1177
4350
3069
10947
13872
6784
5027
7467
1569
7517
13599
1079
882
6212
12696
690
5211
6574
