562
2972404
2357022
5083255
2414071
16034
2503584
3845988
1192527
12506949
208968
4815490
13265474
649150
14981
5920164
225660
174987
40790
6890579
3700
1007621
904502
403597
8823831
3013423
798057
16654879
19277008
5662907
2940421
1097321
1135393
3353728
13222709
779178
4867980
60712
6526691
2612909
91836
4353751
6794309
9208197
31164
6682483
10914837
453564
3713008
67355
2032323
25412
12985444
1732
77577
5223690
2711516
4870943
3688957
5261664
4476618
1018982
2583596
3462535
19561328
2366713
40175
172941
42463
10267961
965666
13664848
4597021
11470211
4600285
4972897
6837396
146809
299
4081105
3696454
8071144
10076664
4444703
11979194
94531
2424065
10531310
3148941
2469422
20818
12245921
140199
4262
1141506
4931179
6635639
2144501
1349932
12596354
11610631
7590350
833364
3991761
2797100
4298170
5122012
2875528
34593
8843078
3366845
8614736
81887
9723175
1194288
18100405
1865584
20813957
413838
3680372
4006848
1318962
1449542
5824533
388303
656198
430050
776544
4983671
146854
10672725
13296076
5747486
329754
5727122
3949570
6917667
25587802
9279019
3405398
2149861
25765
2259846
9071090
482833
2143925
3817489
21682
19571
36110
2089025
4474204
3244123
337774
321597
28321
4282198
3794
630365
2830596
11043906
1956064
798556
3268967
8495261
2024443
7182651
4748122
1122835
2886542
41599
23976122
1392493
345442
1938686
1605290
10070539
168811
3283795
31853827
14143836
6865827
2982412
284716
16208498
4229950
4444667
6271199
1309784
3938345
5759085
3669597
3947763
1697648
5163599
3949887
1692057
11676399
4804029
2260091
1302958
334405
119352
93924
6760711
12929257
560829
23511230
886544
2217247
5015896
10136505
2126550
39526
1119268
8747
6219991
14567016
8332565
48226
226859
5979348
4320315
7664670
4145009
1067172
6690025
17412369
5935362
2498339
4082196
11210604
5187329
0
2064621
20098910
5190999
694284
911416
7695453
524159
194215
1128434
10094129
102373
145986
2187071
3869107
2499792
8288756
24546229
254418
15593131
5338450
908955
5577016
4290441
154344
135649
2532057
7503205
24424067
3361621
14107065
14142324
23871288
271354
13226995
3451465
1911538
418383
1533235
5555170
3072423
298759
800601
3929695
1561607
2341353
2529973
3925001
5325781
3829450
222199
4894694
2011062
4100982
1395628
2706832
4462150
13652406
334363
5881108
4069634
213790
864602
3454647
4406103
1843279
5694561
11667553
12207823
1125942
169111
9697537
16120789
1445642
2473898
16496316
33170471
1152735
10170362
289821
3689334
705696
714921
5651567
5083158
5151008
800315
677143
541589
532071
10034976
4058231
1683546
10748073
3021307
1058491
8030187
16536024
3993287
5101919
2221028
14174901
4339178
1565798
6338728
5854668
1837967
7007002
54133
7896011
5456231
4082907
892034
15394187
298913
4480303
11743697
1411555
42357
7
414428
5421656
20072526
593595
12803471
142676
2470896
285748
288074
9534814
8866392
1181107
5299544
4174471
2880025
2148325
1874354
466504
3202475
3475758
1832010
9075737
88516
25839063
2014292
15416676
637690
5590507
53645
2729452
7538041
1629767
12457493
11201340
29186
2909310
3386497
2599578
25391
3216086
12445576
580566
2314261
18988802
2120717
16461
6467200
8163500
916043
14073502
15233331
1875356
14570767
25759380
542396
4476253
789068
17625195
5887366
2685713
2408749
10338814
1935160
6637125
5164879
4368171
6527203
4287299
5889296
8101322
10550449
2886414
4203544
6712070
1727238
5066900
11164933
2471515
2751082
6971018
2994525
4439689
2804102
6861211
1847476
4393
17132679
11379731
2685292
13757631
317457
736167
4616503
1504822
871436
5152306
811778
6747936
847803
2902101
9087466
6989103
5527638
7970688
3185392
2835041
2910358
5710844
3469290
8760897
4050769
200894
296872
3639607
1946704
3119643
450975
5347996
721860
12272965
27244969
206099
1737133
6844427
1531376
4998216
6516522
8443829
7072388
12839921
1621028
2561450
757517
29622820
11448367
8305997
2692176
12377770
15909
1653626
4384780
19082
106358
2292315
2667
2675612
9286360
65657
1260893
147785
150541
581614
3575683
3842505
2896895
11645557
1802226
601724
6858255
4748924
7326204
2516402
3489643
4701952
1846804
1820314
3145233
91856
6755932
1959067
4135048
4780914
12069125
5110677
4258803
424743
1398678
7558710
6484416
396145
4581996
5662119
5650077
3268671
7954219
526250
5012036
2074953
243316
490252
202028
729513
9765191
1489956
3547514
166347
900884
11748016
5623022
2871362
74503
4740056
631289
47107
5985453
4497028
3685948
4828
2749095
1141558
5959970
3853547
9051863
4568547
1806301
9869816
128
18030288
577665
10603750
7912987
3793993
5735262
3658153
760177
4990012
3619395
8653054
4631420
3202737
15254085
6812115
6063314
1563748
27932498
1926159
1893287
5611851
3075660
11250956
2018955
12915503
5211920
587887
9371994
17400522
5558837
367306
4386896
5203172
3525592
3883028
5187426
2107408
46303
5885442
5004428
8446450
736005
4725806
5882585
3684143
7194513
1071628
10579567
2232644
156780
19208112
997916
5658114
4769078
9812115
5570607
10412099
1376047
28605413
5320
45257
2280890
10974345
14706477
2193619
11178855
2832039
1313455
5588826
967412
4564243
1161957
36154311
4648907
12612346
6340757
2341033
833047
34009
7219741
4876513
6219238
3777714
7709235
1360123
982012
9434866
9185151
4261156
18652611
3374173
5261559
4791011
8577883
13113543
84958
10047839
1819076
1075945
5346974
1411223
7657275
1074038
985013
325693
2795165
4985051
5390986
7383777
3961734
513695
957436
1033870
6368255
20449451
3707761
16993107
1842583
535176
3087043
2507238
12208746
4534460
10749421
10290474
2644531
5800120
1843411
1340424
10715087
309146
1292636
5517875
12325246
391240
10326307
2895911
5486063
1
740076
5190320
663828
227098
32920594
2946382
47364
529849
2890583
681752
26892836
3380158
30785218
2420931
2750712
4579158
5518350
807765
3949916
5484165
2799051
6403960
14226879
22209873
2350871
887117
150657
2703978
2965970
5570085
3533875
7552574
657334
96622
4973336
4146380
18318459
5200574
5890966
3667493
26107898
448082
3340646
827322
62612
13058730
16660
7099549
436084
969898
3077038
3240285
5963029
2091450
2586295
33565836
5398302
3062328
731680
8096625
12173416
12514614
37363195
1102926
6905
2893864
5909486
7689067
691450
2057296
17858667
1051206
4270828
672
11356482
248971
12415210
468575
2907905
63329
1098667
907701
17700959
25592491
3615007
3444120
2099112
1130313
2025894
7813124
3018551
3275348
4705742
1041705
31898
916699
16063
2070533
4998524
24127059
33723106
620971
3274818
5593303
13939577
5135458
284525
11263732
1245708
24075509
434608
1128167
19582700
902689
3700216
1132479
2747706
816101
1060853
5056128
8448877
3654934
1139150
1473889
8487861
10420731
904687
24007033
12087005
6688492
5772750
2363033
475679
462209
5830084
5822987
148720
4391534
5744582
2817411
7794025
18044454
7845075
9079596
194392
13514
4713116
6479701
767213
9662428
1000515
1134670
8347459
688532
75553
1884761
963248
5373373
15504975
4136993
9070545
2019322
4547735
1028195
8435364
1009133
110969
1068468
4751730
615
14295391
1093648
2695411
65132
7620244
962468
1565146
28952605
11215519
7142894
766495
664471
6858167
12468105
3942273
3522817
445782
2687111
2808365
2880505
3634362
995746
3257
2594110
3288762
5115210
870863
467313
20767883
6735979
6274839
5828092
2057077
169384
62197
8554266
66463
1376332
2645106
1340715
12255490
87082
11266275
376939
2382596
4284315
27005
1857993
54773
9357280
8672647
5918529
1040564
16455
447346
1487048
13905933
2069575
6858529
17794218
5970175
18934864
10363969
819053
11142382
4728858
1735932
9468630
286276
1088055
202265
66868
7905162
2940254
119057
654391
1071823
2147947
268593
1340482
663807
14464895
3971080
11178264
280637
2172271
22824234
5241824
4572964
8406539
2867146
2043546
22965479
23707475
4483132
1316279
3883337
740746
3204693
671674
8713705
433260
2560571
2802735
2234423
7204395
7944133
7690560
14602461
6433976
1992054
5622515
5025856
1207488
18455
2297409
8401472
9995324
4165293
7417126
15475651
875285
1042590
6656598
69617
4192630
1040164
27411391
6866859
3284241
5199277
638922
11132091
1784377
3489688
8740309
2400538
3479835
559359
4803816
1891380
3954703
3683417
23938743
21173
10890800
1074109
5676094
112765
8600327
5214603
4842821
737268
6505892
14294443
4572543
1098340
1194866
363444
23460946
5936965
962192
5228431
16965073
350078
10242270
7980733
5334421
72568
10616234
48715
13478293
18960394
5145558
4389750
490797
4355113
8706995
2224268
605577
21976407
1423789
9486038
353188
3156687
4391711
367398
1734305
126430
4788406
4389737
4434488
9258764
198290
4262513
6338740
12792906
3067408
3023433
287480
20429073
3150914
2027928
12246614
4641225
2890112
1971405
11330633
3062533
44072
8498911
2613067
6373306
5764670
436736
2346158
34359387
3200571
6784265
2281948
13011480
13126424
15757893
1723232
1594832
5204292
980463
21573546
279075
22999
3929895
871520
456018
4621778
28088018
5321447
11201
3689513
576226
2557921
856685
4258512
4614790
1651619
281928
3021380
88685
4592766
356576
768013
7049232
4825576
17910588
7016725
2232655
8594566
5503637
3275142
23715
451490
2490858
6175488
532344
35624316
3788796
1353322
10295695
8940223
2026024
4172416
4761845
9461062
5676659
7076123
75073
9675108
361424
1789596
2190708
15927251
3560218
38042
3145944
2845505
3299493
4117561
3272090
4461978
3834412
3575204
780347
4808518
12794016
17146421
9359415
4989299
8265635
231742
24192593
9064323
10588940
21175194
9640594
6986873
1843610
940388
1675587
3361299
9812771
901555
1580633
8900246
2868041
60004
2784956
207331
1358185
4663905
15620108
4019315
4706782
1439641
18169805
567819
91685
5524172
6394870
4455199
11537940
2886286
15725491
986311
4888050
3818786
4372766
619552
5194716
12041
4803384
4684278
37831189
3342395
130490
131835
320021
10933208
6072890
9755476
2090557
17797762
8338999
166127
332558
23069974
11392012
7304509
312153
23623
5931784
4279522
14211341
10080178
2078849
10424585
9529962
1031612
1941292
1714835
429372
1140605
2948799
633287
1105734
902515
1170978
3933622
815202
504640
32984674
4857546
8525586
8678293
1078931
19014774
9463940
585686
233629
8799110
620646
3287311
11458737
1454136
8642594
7921322
5154906
6559
34831
1765469
3278875
142023
2981003
749986
1747493
1885092
7136306
2055649
2444481
11125306
3523575
1033481
2042942
3601214
2069879
10649989
1078381
23084096
7122401
18326523
2122747
2302425
1192043
23784
467470
9217582
6396254
1596850
1266837
7233602
5133364
13455791
7165620
9801076
66082
162211
451880
923057
39643043
12059124
94400
1115446
4057840
285913
3741835
24360019
3980365
56918
1912118
81536
1632171
6804839
659470
1862740
10389169
6973085
173857
7591456
2761181
5975220
6127718
21125966
1152653
542721
654925
3733154
150052
1282626
1027325
1218020
15933158
6896105
6347179
1436913
9698723
7044786
111737
4383375
6072660
1063407
5419489
328425
7075949
6734999
1057225
1297286
2627073
3445965
3341674
4496464
9253145
460512
2085389
4660552
6426987
8307145
13393016
4551429
2203126
6898037
11476676
3908336
5527768
1124282
2523818
7246664
6442445
7239949
2237225
5854578
5689900
184370
1277852
1474867
3201709
3461223
1252090
3029631
1431465
2613374
19603115
9834084
4353287
5009548
353230
3643000
17593878
14101306
9466516
3118284
2460798
4550734
2179167
2454975
9261537
7105240
128298
17886381
2765282
4608137
27001622
18225505
3249247
5898488
3070897
36936289
2143781
253139
2069932
5843656
1900634
10391129
1512492
8683933
1555
4692729
2121115
1721713
10302580
25853049
36332
23927688
1003220
2187812
2285748
29140938
29717979
4567339
29525
8398878
864538
18186
227766
8159920
13849480
20424054
144887
7189491
2746514
1289540
6503941
26126
16886
361147
3831281
502134
450381
59406
7534363
1744873
3795093
27252511
298364
1836746
7570110
1121557
1120800
5292784
3021456
10346915
5513556
6137696
991963
245926
82168
4831798
944709
10032618
2985814
4375158
6142147
4237180
24887535
7384757
3359479
4726937
461098
14295332
47122
3859451
28924452
1058532
2850547
664034
18419969
16597911
671530
1713744
347753
3972083
34813901
9105293
2469488
2707819
7981930
32224283
5282140
50113
8366238
20963784
3489583
479842
3388126
6912417
13148080
18435971
21915
3876326
2893957
9808599
1223168
3673345
15154496
1587700
616780
283525
2612828
5909739
29149965
4336668
733302
6241914
9841183
4056297
9182291
5379978
2884781
3584800
23777
5995601
39465
10690753
10564961
3916964
33389
1135447
5274
13272173
16580065
488136
8573039
4651503
3603835
4933968
76057
2007468
219772
582451
117888
70539
3488771
5108460
633814
15641454
238374
3560190
5228667
5422027
2002050
9038675
1125825
12469287
2567477
986628
5459505
2476563
4167580
1588788
1970180
4994726
9684245
32726
3865791
2045506
2541988
1517878
2159552
5335063
10677871
2528116
7914136
6189888
838836
184797
5348995
4727436
1123704
2953803
2486785
3705968
3629705
2285020
366387
18137082
12819
3185916
9328754
17586384
6332849
3991007
2258514
3371086
3760985
7602936
4512826
14621978
7714775
2877019
1960293
3344730
1159624
6534083
2039796
5670980
23966555
2043210
6608414
1448645
7289348
34274295
10909
618436
8897863
3566428
4552456
9483260
20014017
8066041
12838
11514135
730474
662089
356403
2783513
621501
874970
12476509
402066
538762
72090
6817063
329786
43267
16884
582911
4635399
11729572
78636
254229
1350096
12627022
5280875
10485151
2125284
4383615
8907538
18933671
3369642
4958879
10500616
10277242
28981374
2604343
1263879
1257637
12830410
8435066
9645610
1089767
18791653
6079044
345238
5663899
17035950
3785418
633647
3943714
2500401
19341821
4505670
8643911
4232281
4337324
7927145
2749855
140475
388766
1580290
652096
13688539
3457094
5871306
135660
638280
218122
7225867
1378219
5778704
5119715
4400861
905923
50572
5513458
3894701
5765562
5237472
1239739
5372009
2828159
19907661
4019083
1406869
6398030
15346436
122044
2024234
4877201
8989529
5556429
1218057
3976003
9045100
4928946
5081192
34404452
4344552
12449289
5032209
26853806
1854661
2759515
4768054
669888
3065847
3179533
20590
2128867
4712373
3372204
204298
240563
6740989
279228
1676052
32632
6098500
5266199
2996955
1979085
17540894
2431683
2993028
8070268
1089862
9247488
96631
5833680
1348
2683359
2057888
1791485
5022487
2138611
9173777
22753202
4381754
1389329
624505
469687
29681
2492729
12040145
361607
7873054
3828540
1279461
498356
1936860
1590145
5191646
1785989
21448575
14099375
55895
11130506
4271269
8945322
7978105
8032380
6983473
323244
296911
26013922
20344660
581137
57632
8989491
202533
914241
4704346
15943665
2422604
2
1102409
5357063
5089719
532051
1100604
2441101
3306907
5875710
436438
8562515
10768310
265941
14785312
10179099
9064866
887791
4449047
314087
4282761
1387208
7749254
64885
5326553
3940828
2439639
1644382
13809131
18589584
10277184
26830938
17214442
6206
124931
7236603
4104149
10731088
2454372
9563990
10067270
6776989
5507025
1099365
44592
12293118
22690663
4882011
1623516
183381
774785
353812
3087033
9695187
22115
398392
4859568
1155202
1252461
161911
48928
3966278
1454650
3062727
4401180
945512
6443753
2089669
10281868
607996
6056202
1348284
2149830
2226070
5048328
13773807
4894168
12451848
2271074
3574950
1274362
173384
2443414
14235211
1471444
6461
4161527
9118305
82585
2544405
2883880
8082917
7343
2198673
2618898
17525129
7384084
1487144
5563744
6341707
622872
3164343
9516002
2707242
4534154
3382494
4681175
7616846
4544799
3929675
5426264
8768130
13323221
7439927
608456
229274
771624
5838974
52650
6483714
413684
1072866
2248551
8672639
42655
2235349
22555276
4320765
5115389
5800351
654224
228151
19019648
6242118
8683622
201060
6672433
973909
106058
3831961
2967481
3145174
1874291
5095745
149646
4726672
723257
7264267
167186
11429822
5325238
4359671
1650723
8165
3657185
2717384
20822384
2221035
15473802
11393058
1454845
2556410
3427848
3649155
1490142
236893
6129942
15005103
71158
9113747
5780900
11400501
1638790
2663732
226941
464093
10117997
11805481
16480553
17432710
1896054
2917771
7295926
172206
1226036
1402579
3918556
19605313
1933079
1269799
577691
12759
1074821
5191214
127123
8671228
4997155
14158972
3697530
982368
437337
5805026
434688
6091236
996095
794155
13139981
4139013
2075461
6025681
618711
5655928
4147645
996611
9449360
18302
20804254
2371007
2460150
5304668
4128819
356982
28016438
7687786
600542
7251303
6939156
9351086
6178670
1628793
6063930
15112190
11671222
174571
1306047
7268865
1454190
9568335
7273148
12925798
3699890
153921
2700766
30727451
2879760
5914888
4743285
2159506
3759855
5534092
26572
1545354
715410
3984146
4326304
757989
18574289
7904621
33444
2580346
3783873
10869636
14305170
115292
5375337
17303209
29393404
1035204
2646482
11489738
17709
8632049
1695717
2306328
8409364
8506450
3831813
7952753
2339567
6400929
22618932
2004018
761552
980779
2778194
3169842
21328299
87298
1006750
8849608
24026936
4937060
2526059
2902250
361304
3374922
14618437
16072817
13383308
668
12069518
5803256
88476
5174582
34337031
2118380
686192
4680384
6428640
22677701
9546456
2021403
862640
664430
1040088
111879
390155
7426036
3644630
2838221
1078300
4172573
1391293
9719190
3622346
2325633
4476444
3192365
3175814
20543186
620732
26339691
1999905
6955335
2782200
1024298
156766
18229055
15913900
166785
5819511
3667569
4936537
2203009
2684646
2072158
616910
2629570
72206
23499778
1712693
47639
67329
25893478
4416638
800136
177573
3799255
724154
670929
4602009
18415787
313892
14537603
674547
1388542
2388349
1058108
56600
6287
17884715
15303068
73661
16406305
4658260
1713595
5975546
9353607
7954335
6267
66140
55370
1617254
22368129
5498417
981646
40452
259220
6414214
1453497
1090325
5575642
2653540
2159678
396231
2607410
3247410
201120
27513046
1049847
1752462
10950425
3069985
14156047
1730495
7888494
2764531
557318
85223
4671971
9024076
10144070
5416972
3913334
13192663
46811
122845
7450144
614782
16893
300719
6019466
989504
16056262
1274834
4509503
126233
3174485
98259
9517655
1290803
1683633
16182556
16333397
10093110
22101313
229269
4652543
2180861
10827050
212191
2056261
240714
18964122
7421318
14266521
27466393
4392178
514981
977759
3994589
7375201
4078796
7979050
17890904
3361223
7619118
7339505
15511154
675318
195105
144423
5261719
13978333
4105796
1555552
16598418
160505
10463575
3615131
369738
3373738
177768
17787201
1521632
5992605
996208
2137745
2846044
540611
4615665
16704574
335866
1900148
111063
5446087
7821524
5589825
4153769
15069338
25708799
15395030
24110157
59414
11382874
2124137
9104569
3944457
8303005
9783477
749744
1248174
5527847
15692598
5242497
1371922
8734070
5267289
229271
11416515
829760
191987
61590
633236
315974
6485639
61705
1268351
477595
16033855
7737101
44776
3502630
1682928
266442
3137216
4063173
2017066
240309
2659479
31174766
274103
13145969
5519217
28771240
6942471
2270549
238206
17398780
480678
41183838
4014670
1464000
8465181
1117458
36160153
3982821
2830601
7401346
260753
9672330
11121762
14855874
982876
904567
523560
15507513
815216
650584
327503
83142
2711313
946314
5775303
884074
1698216
4883868
13118071
1290133
503574
12850208
10224260
3720014
26375125
4626737
616874
10767699
1030249
11289210
2338906
2331458
2938426
1865767
4860833
3871544
6584162
6411
5881146
2695627
4480253
19716053
18447116
8663684
11480186
8949586
26306
981489
398518
3550143
226670
5424345
2187669
2787835
18355276
4947602
815845
29706
829149
2722345
10224808
3417318
19131
7341575
4256592
110933
5808950
8613514
2375555
12325140
8548645
15484229
2266719
388518
2248469
21248250
1729529
19835214
6056981
3883106
9034298
7974769
2024386
4600640
6433886
3419044
77795
1597562
713427
8651815
37286438
32753467
3069724
4041736
6468357
4761223
1309513
15042885
20826048
229496
6388959
3908693
5134059
7160704
12673875
149331
24335
1193427
4422225
699899
613088
4492847
2058374
1014789
8206553
2947775
12649930
1211940
1415357
880554
71954
5227480
11304
8086753
708006
2336219
5368788
4300841
376521
14234751
1833042
3870132
305717
1625939
32757474
25155780
1223759
3614028
3174667
56388
4567912
16638920
9825454
10176355
2903350
694160
1265386
7468103
7424808
2784905
988
9696145
2393805
291379
1184888
5909650
815213
300849
2130155
19993111
6730675
2499429
3694406
9767962
1907802
56858
675637
5959728
4281869
6371353
25027196
16484905
2743378
5658738
672697
6461714
15321748
13061
1441181
221995
19292605
3702421
246152
4784014
1853515
27537319
563803
2699567
31901318
486879
190051
18346425
5983337
156642
2453004
500150
521381
923507
449048
2937512
3272927
19688490
1862963
14696457
85700
6967568
5721425
698617
30766845
1731596
458588
12680417
964999
7008612
2756598
1458693
3953609
1888893
2182252
893605
19848029
1333130
784109
25953314
2649222
14807499
28718547
4789865
3829516
8343423
7821230
4751846
678148
3743986
15619434
7880837
510734
7659407
10212429
7676635
999961
2109701
6564089
9286511
70491
949675
5621111
794988
2975145
1673065
14609045
11200327
3855867
1483136
892387
94725
749214
29371590
26289082
10084892
2300296
4912187
5670564
8132745
806008
421196
1453175
11223
1960970
279362
15342
6087258
26745280
203655
2677279
1012748
4140302
5038162
1897088
5951414
1265592
6810986
2232083
783068
4443921
1217214
581692
684147
13160317
9118449
2798176
6021056
2341731
23767
2413962
22457872
157785
5541554
38097
474510
551079
532093
114089
343743
8713089
3030999
9446152
640619
14778874
10383255
267979
5420072
3235038
721601
1101250
1887270
6595211
998208
6356306
2998127
676034
4270932
3771084
3010791
32190
2025772
2226987
34609
47051
716200
10046238
1833094
3574556
515112
3850873
3023133
21502203
4171042
175257
13484
11010614
947663
81443
1185297
18828580
660309
32285
18572822
11656343
2060834
1143652
2479197
3622990
2406582
3838130
2755818
2330889
7670994
11422306
15454128
1279027
4097878
4500359
2057904
1874876
6899862
4728680
609214
1032022
15773351
3929528
28048718
3434317
173307
2626390
769591
4615239
10159714
2477214
6855443
2622335
3940405
1220081
374427
3171495
8402234
2496989
1925135
4515036
4219991
11469325
25620008
2968612
10368
5004959
909735
8109528
4782071
5026087
4255742
5370570
7886042
12901533
2165444
331462
5814236
3712134
657343
14387
6819553
2063426
8074080
18995603
12177751
1717516
4265356
2094029
12184521
23641744
70076
111173
1794233
50712
9429500
58188
5598943
5923701
8401118
9403075
1468016
1234417
2789891
2307010
3944807
8425052
1979059
871053
2715405
191161
16890
3763316
2048259
1138656
6533695
3697292
6827867
2927332
10424708
44831
2802745
1056245
8523418
29756619
1709109
14006136
7169810
28854087
6767236
25179794
4498410
9710697
3059220
5512323
3015536
321991
7093779
635785
6501510
22871469
6101344
340146
12415286
18885040
208613
49455
11531825
8395257
3876535
499344
4017955
4411455
364757
21764283
8611423
36536
6560650
341526
17096399
1561292
74787
7028600
1238
1020043
27876603
364344
4575938
5900153
14307761
7820856
49843
1754551
686782
24636824
961912
5093500
85049
1111648
5432626
1134643
2538276
165480
12198576
22684671
9333180
6123234
3235020
2215355
1360
5621046
61618
15225615
25050744
7775348
306201
2216002
1880760
3865264
27401
3881190
7030176
1617715
448509
242815
524541
1068641
11914148
8501790
1187456
279246
955403
17709484
2057765
4380883
4269492
7737564
1673859
24488475
17438667
968918
4659478
2544139
2388571
8729683
32588
279964
616840
1579130
1013866
4350709
944806
5012087
632867
815573
1717100
1231148
5478671
1110847
5219238
2724694
23759547
11934769
5777093
27401157
151250
8274506
23278805
26609931
27514248
9417317
7291009
853778
156364
695675
308253
4364647
3358846
2497356
273422
284758
10253120
478155
1477016
35385343
1740529
14599800
6121121
64308
4062538
690168
4670860
3348709
275
14410386
57403
1160040
23260754
2301989
112265
3673145
97284
1356805
5659795
2024176
2198249
92276
4941466
2748270
20404927
1840594
564140
15211531
11598623
1859513
3405083
10220268
303402
5085230
5832321
1418308
19327638
2796536
6590428
4796704
4587078
3960140
891586
11165692
2717228
71276
4211341
231152
1369633
3733879
3407340
5343693
13379651
40050594
4646465
4805449
4425333
1083311
12907974
2288852
4344078
6146475
4769737
3517782
2456201
21416745
3395953
3679166
30852502
7577049
13697634
1171725
2449124
2640332
6958514
109073
19764940
1277232
8295603
25857311
10012403
1347279
195390
15791627
913637
9247766
37970
496930
4718203
5066122
9104827
1370890
1796526
3974957
1909008
4226345
4352648
430170
1365259
6578387
10750816
14596715
7596645
13619896
1059054
1226677
400765
1672817
18873363
1423025
31502199
11093014
5022049
3744932
2572293
1997757
2160621
9488993
13321086
42975
12531560
1681037
1208529
14849652
4207608
4430853
11155267
396
24065345
666059
744096
9636556
5094113
4695959
10037908
393296
765876
2075260
2130159
5975779
36926
1515038
550580
836035
15103975
22251588
26777
8275026
3492629
6861466
451684
4215622
11961296
465447
4646043
33706278
426180
5157804
91997
5843774
9376918
2218145
6801173
10626906
452767
2219418
1227375
698503
12318558
5830168
1439823
8847680
1578763
6052181
3530949
2430669
20975698
3124877
7915066
6111861
5262543
15385025
3766304
14282442
634557
3430336
5076516
3240705
4199284
370236
6528836
24079
10106781
10273506
8485438
232132
703168
1513712
2664096
1075282
14812871
23187451
4830776
123474
4433
990608
1342014
11197153
11136
11830192
4658031
8804429
9205
6481714
10974008
9143755
490271
3166209
2091451
733135
108933
1098931
8752878
4190431
74186
69584
8448499
4402949
5037507
36365446
2752557
452746
8655383
3766711
975893
1236675
1575835
7821843
1054031
198260
2064721
1200605
3609386
5998749
378271
18288441
2648206
2193941
4259663
2444232
1625835
11621152
4305367
2836431
24261688
837464
16129488
22429524
2495221
1979260
852906
3003096
4799612
8360856
4718969
2486237
614522
277390
5214083
4590990
3252858
8720121
4302020
9284978
14428929
19024879
15351202
3911856
16119852
3389822
142298
32098740
617428
4823792
4573037
4909712
2109376
18798423
2990169
19422869
16318575
56935
13847554
10427738
1639737
5305832
10212284
2128170
1492720
14647976
4579988
4728214
12972944
15087362
3419886
4624908
2550850
881790
2104179
4652512
4638892
32960481
4042973
3750967
13209250
11167054
11953294
7614958
3032433
2431908
2876322
8595212
648927
4614991
3720686
845931
8169119
2223041
1972124
11984364
7485202
5439474
17593
9592824
5783772
4919511
551967
183594
1374057
12878177
5031840
885976
21248712
20128644
3949747
13170159
1359874
7582734
5039797
1552928
5208616
4937779
2634130
4842653
494614
2756813
3403233
14045458
10420
10601861
1008907
11199083
4839569
13776469
3794456
42103
10638890
2783864
5664517
33351145
6988979
468761
526614
39249
7051736
6580302
10104624
5178089
2213519
1234887
1072539
1950860
4343760
4170298
8521724
990017
5378070
6795439
4275997
106872
3108132
6032039
230250
84897
7032263
14944366
167880
4346
1223962
2307473
331763
2965928
9262372
5879690
95698
575108
461299
10788697
20033105
1612161
9653887
13145229
25867328
33868050
96603
7453457
11077947
4161541
7883415
22697749
5097498
438915
4064688
2556591
1155882
1678354
20225963
308158
368404
15542558
4565300
306773
1058882
2054463
4398654
8861485
19965879
3736102
3020034
299283
548086
18397814
2759849
2207772
82470
3751456
14903591
9129425
4019823
3263282
1725602
5373607
115354
2561670
3985855
240673
1683437
558228
11212103
25897
460929
327496
5487878
28076964
2552689
5868007
9544622
8897952
5042199
333680
2380854
6457598
4985309
2040599
33396833
121188
876518
390628
23122118
319
1446010
56196
42813
5935753
4444733
439364
2277061
2263066
761396
972083
7275720
376784
7728900
3408075
1630638
3105868
13982680
2661426
35242474
17253742
16052527
6054112
2497948
9415438
706017
2220533
5486984
2984926
7237925
5062814
8639115
26581
4689648
13278876
5668
23842254
3331734
6825672
1502854
103370
499350
14299
14967347
4729241
7524989
6631858
514934
5372551
2343098
153559
5606230
3354914
2717568
8458151
2537570
8328970
21501747
6290011
13878015
266093
349907
830605
33053862
15204525
23461819
6526151
4405722
42901
2158820
163240
1518271
1702076
815422
126709
6523043
9496569
3719049
20429582
18547204
3658160
5529701
5801110
2329515
664146
4779710
5983711
5226872
444566
328332
44295
23312834
4992572
6964519
3258070
14530497
677271
12911949
2967826
6555661
4903506
4672614
14835077
3290909
1457828
462008
330282
3032846
21467089
12176658
2194306
13670310
4994131
15986989
3360704
542113
2219444
15477299
5673453
5736413
7649219
1069372
3072638
732551
1021950
21146317
836856
4211187
56976
13973627
5307192
37645895
2743372
14848277
2466239
3908461
6196473
724259
7822127
9812560
3520714
13793986
34861034
4128440
1762678
1373779
3118549
274590
1612071
3882808
12896147
13878109
2083235
9008
3502571
2524607
764557
1170773
4867185
11360216
467382
2044942
4867978
2536009
1307466
6378444
7277899
5131551
2203338
17734928
3735259
2138033
4475
3381786
960816
3866396
1341212
7057426
59434
331503
1402357
5092258
4002445
11275040
1847124
8587904
12422358
14159391
1375661
386090
2870472
19491458
707607
14739735
2172853
1239981
2192216
700413
22470622
1088301
5308322
2274976
2522076
44
542826
4609367
1125533
14961558
4941124
23698105
3068984
8125445
528879
18928
10665875
21737139
1135411
225220
229702
1090614
3874356
3904872
1475241
12153681
7989976
8612013
2501568
10230330
12485384
3724176
1798368
4489082
8177960
5286387
1352691
5988079
1340584
1587490
5508785
3203288
20824483
1851075
7216922
1790057
85379
688818
3923654
4888426
3168199
3017882
1031607
9480280
18483932
186785
2726081
18259237
8718233
6316336
7959942
5188932
5458271
5149773
83476
8604283
12469154
627909
20802453
4795333
12689256
250505
15115577
7790762
9617642
5243404
3295042
6025303
2167755
17186523
24266181
7971831
471128
9180460
6627408
2494935
14359148
2877204
17492208
5184957
3769907
4962499
2685371
1246977
972907
337486
4264468
2043154
518517
29324768
522394
6349959
2524669
7749179
12670327
2020323
1754151
10887236
4760117
4991716
6445832
4449
9989144
2973643
13837703
1078388
4275826
81528
1190191
1983654
18183756
56248
12429
281440
7503819
7084217
15171879
10765649
1260120
6687869
761493
1272541
14900058
3360417
5059087
4977754
833104
1081460
1729001
3951019
3253226
1477024
10877802
7324244
3842976
59483
88632
1998280
2305924
2007922
1027611
8094194
11647438
144936
11007790
2559710
544829
7865262
1008116
8382051
19224053
2092940
12889423
600765
758451
5493800
905449
2286233
7150869
5938099
3183837
809099
2271119
2507504
3759198
3223855
10381423
992216
2784893
8011542
7822917
1567255
303067
16357133
7232227
5226037
2439489
1392961
6549044
1593251
3602189
1284143
73065
4047157
38155081
487203
7589232
2419597
11142458
579555
14349131
2468055
371907
25657610
122918
6906013
2304620
287366
5576931
37180
3977194
3913974
8099362
4886436
8964
5410882
3597138
4629866
3648364
5580996
17089
12780718
4349826
6141525
581883
8322160
352811
571940
2100577
564206
621057
35138741
19268131
39586689
398416
3258024
27682
22644299
18417662
7517101
5166823
25991
9560383
4135847
2885878
7043564
3659259
6920613
17068131
11515827
1906806
7922113
20058439
3843846
907561
4632583
954833
4038203
89358
9922626
551913
1340664
7133956
100529
2984417
962985
5193125
2060377
1790573
3142950
8850167
7330467
4308643
4390807
4177462
14747347
1523781
1221775
865672
22670
804548
3655886
4359334
163225
3359474
6787542
8081294
9083122
4647335
3256345
12759633
5006514
11041483
3185123
4647508
732
3369081
35756
8980079
8742
2059332
715936
2240694
21431139
22457842
9284839
13917696
102446
960897
4551456
3962905
26066953
228249
561404
3253943
2499111
9360765
108339
8042714
4247
2558499
545403
764725
1988660
122544
6487697
6249079
822481
1039413
7811075
17684051
1574339
16892
5798568
6510558
554094
7837829
140492
7393971
3056153
13211406
1683625
8288769
1531844
29222817
231431
3308704
6601116
4209125
726104
2586034
1885753
10815434
78914
412627
2842938
17577851
2418562
6531972
2001248
1646063
1373373
759069
8777536
1208833
275412
3489739
1675813
2264542
270634
84227
33002836
3149354
3777940
10076874
10618953
6521886
4660003
15341510
5762279
1827896
13679900
857048
7955709
4635272
8751621
13443460
16130
8821458
10912247
14417963
30975429
1219358
27665
8113843
522568
10619698
2883835
6016273
424546
10127083
4476086
282049
120485
5198466
2090741
17876924
8318137
112141
65706
1633941
2997471
5345543
655741
896573
4956060
8451512
9319602
5585029
2802004
6558942
5573120
4697805
1938445
3947163
46837
19921
790423
2844014
1525703
6887616
21482
2652367
89649
19946
50465
539166
2077077
3375814
3247067
13983783
1557149
5806758
2782800
2459804
10168530
657048
1680561
2532543
8448076
838094
276796
36729
10231377
2828280
389067
912779
1239214
15902174
1617533
10456001
1817125
20630480
16826444
25574119
29790987
9534394
226864
50383
7680880
1196568
4816011
1960502
2945090
557611
5181193
19567859
6918
12413269
15462080
4420503
173476
2739114
67389
2760893
59567
342367
923738
5131693
6321110
6072740
215406
1973819
5749439
6494660
296966
8507579
5862328
3456627
5552141
13378275
51883
20328092
5184305
956810
9573138
11753193
4847567
547386
924869
3832722
7984978
4755128
533053
5226738
2667354
5326106
8149271
9124458
8521669
15320991
3648285
5455493
1830190
5428666
3515085
486031
4920981
990671
1651144
3835149
107655
2144794
3186803
6465495
1376777
90886
19410
5366254
1221819
11603811
5824864
3696584
1268192
317903
21834749
6955418
11892665
3271437
2317728
21979553
10119529
6500149
39399251
1996660
4367408
130973
4893426
9104667
8085050
14372147
490086
2204069
5533211
1364043
4384795
6534192
2997365
2737138
96418
12635761
1891294
7770638
15752161
153016
5943
46199
488
24726893
9860688
137114
4339134
2882515
37411033
23530948
2719013
5281058
1200597
616845
12698170
20320505
4163029
12390396
5316169
5833786
13166034
560474
9131202
1361927
23286261
801564
351596
2071914
9464619
486614
1783669
48858
18013571
475799
714538
4744654
646650
939937
1961455
1164048
12007295
1074971
2525196
14177228
10257657
7505806
9109555
7791915
8062170
2342486
21472633
4847913
16678501
10302335
17536768
1032856
360265
1646983
3612992
11461
2759430
9194717
27513737
670646
34699
6735338
1156944
14787484
3069959
273798
1191072
50117
1200165
1304744
675673
3707603
2018887
21802
635685
447555
24362430
18285919
80404
5598268
8629565
7939993
1669130
1731
74654
4814360
7488273
3613473
978266
407861
1250591
6555195
2648312
3463794
4944491
5984069
5897592
9385322
22434436
181985
5862862
2709420
616925
8531024
7258776
1804457
221030
2781782
5670077
536520
18422490
5609897
357283
3814153
12526162
9208442
17337035
2826049
755059
1811044
5071665
945363
12337092
792094
1347676
1833590
723837
872689
5851562
4878596
11711851
12843778
334430
75487
12152720
23832
1950532
5727500
4821823
3927046
3440140
2164639
641175
1719388
4788402
26192025
3745957
4374272
5966591
350021
180721
2826371
15204972
2627501
7930027
1265359
290942
470140
17231154
3810877
1082780
22945767
16528
1707037
11112471
13961413
3802045
511868
5919933
29699636
88509
8652704
15506708
3405229
304808
1186014
1580576
7162371
33058704
11251999
3457575
15145068
322119
5916009
6143607
6423699
5269767
11590926
5497792
9854136
1362093
4489595
6602966
3992988
2278052
6114620
3769770
4995254
4957451
359383
3414042
2601015
1787005
2163199
5231406
1302965
3597454
5198704
25825837
5421166
8769358
34992
3913427
12523096
7165809
2616898
3676932
5460
2813324
130044
192397
4707545
194873
4967876
502069
3335427
376483
9291229
859359
10666387
18070511
381439
26997352
5299958
762
37309868
2297497
4484549
12019146
532613
31847917
3610615
4892946
5273534
5332102
814472
724346
19073440
4462080
19502772
56261
4283521
1050134
13117914
2483574
3338777
2155036
3035023
972377
6183586
6478486
21213840
3323666
59610
9227721
3683780
177083
6475
20923366
15673974
1898748
8360130
21019296
27731335
89152
1269913
10923868
2511232
8
2085831
588817
4149179
2548615
2195680
43471
1661339
15168631
4370990
1645523
1694711
4963411
273559
4012988
477
2791147
164227
7096043
4410120
13832054
665275
9641617
4588399
7117060
59255
16065970
280316
10591701
17102130
3658408
4204504
1328625
368377
8118370
3412157
4575367
4275823
515444
7180
28538985
4733930
7280352
30813337
1344585
5161107
2612774
1726727
432517
145945
3682784
2494479
1685426
185690
5662067
4887221
4780801
7600130
25311990
775954
938241
4597962
3932573
2553781
4243216
11463459
17307320
1402094
2071134
1853580
3043769
5096251
2410630
680128
4092086
1672754
8347679
1468561
3947596
2106832
15499829
3797633
3107567
19829219
588762
7219808
71249
4488737
213785
11443171
20937302
415455
50072
64346
5374305
2557940
9661890
25731761
8322463
56204
4643189
6206719
2536670
1853639
26802176
28845604
190778
5195014
3903303
2884926
23966745
56361
9423499
1585155
3293717
6206028
856130
5558967
41839
1212835
43627
32937052
1815562
168203
207258
135848
22178769
28468449
17951309
566203
4433027
3789907
3648623
11322510
4298315
1570007
1572238
3433682
5032587
5504003
8557709
13158146
3605236
24516087
4523732
3619370
28600308
36409503
6536552
6074453
75282
9481114
1216093
5876651
5923538
5832614
1173257
1005654
10799542
33428601
12562779
1410436
1634607
409091
232615
2072361
5509043
6607453
9865404
46106
745135
6466278
1066205
1117579
429376
9652214
9726556
3854644
4880589
3243260
7725365
1568392
4548810
12408482
20725748
3398946
42589
2030609
2668368
4872351
4333131
13554641
9516976
6603228
1214722
1494026
166870
6247883
3424545
804770
15626406
761446
59755
2530228
504795
15813079
5459620
12724157
33023752
3447178
3048258
927976
6749958
18195199
9998950
18364613
556364
1445930
66128
3663294
98584
4257086
2104277
4961
2050366
2177714
17902032
6954116
6024674
21542805
1676119
9836179
22024
14075215
413865
6550
165835
9206849
344496
1803265
3624991
7476249
20165719
5482813
11872826
88634
4238524
15280688
10739430
4836420
4908480
177398
3344715
30572857
4191112
15384219
17526992
3118616
567230
8724290
19267465
1309958
969501
132
58815
420818
41166
5975008
718354
5469000
5642544
846300
2751991
967933
9878471
391073
122882
1394739
10210256
2184739
169365
1838592
4360807
10059
8157110
457649
1612192
403470
57052
5109555
2185566
529969
45613
2057271
5821626
8379023
2603763
12583349
21776392
2762828
493242
78836
15691024
1394226
3540431
5082503
5305127
17040402
184083
2341325
3778254
992950
19142117
487454
3455921
39548490
2007250
563851
200213
1409810
20182606
350344
3398112
7183714
7152615
19839111
5094180
413797
1429625
498091
21844402
1031798
16781901
2513186
873801
2788116
1379252
8399391
5755347
4555032
6357422
28799222
60714
12390051
5448302
10745594
118993
7686
32945489
1900551
432988
3390307
6134465
4050904
21665044
74913
1672073
4716050
6565489
35890369
6837613
29801570
118353
24676718
2512272
3841877
4891057
5691924
14524982
1194593
3356900
5954279
624236
1514279
9521880
27782845
1411956
9480948
1271699
7606122
4352849
762451
107938
1612226
1493954
5021707
32891652
4333855
1436753
5314211
5878124
3993253
78887
757543
6432412
7675397
59236
566067
1870266
14933261
6285006
2099976
18717175
5308061
16033325
16351181
156975
5321198
207618
592927
147886
2559313
1685502
2604235
1022184
16614751
7384377
818082
2493888
2348895
5454430
111260
3195239
3083293
15433690
4937871
2753820
2275439
17630665
24756459
1699954
2621086
4577911
2116474
87055
3362627
25498844
5620814
9824500
3411987
299386
5848872
8922420
10136740
2940482
3640919
4361088
2617061
5598587
11437002
10591072
29999849
1111554
5615511
286233
2789351
367064
16827
4516259
1841926
3906638
2162673
8070600
3768371
883508
11295
1604996
4256
4430927
3257969
2811944
4606266
61175
2402245
2406027
3986866
719234
2920191
3339017
8587736
6084608
2589621
1234864
12255186
94334
4825042
845570
93777
6675166
3374775
2959229
10310149
3358101
6247384
3141819
4033854
10266122
1472730
10487219
4377701
1019066
7433491
547923
4628307
10185502
12209778
1563886
5128177
5192867
7928884
7679686
3869909
5776425
6148296
2576176
1801291
12236333
13231785
4375797
1542519
998605
33896783
1631372
16888
10207419
1466483
1223005
3289157
3940848
8187425
28239107
2579741
3836702
3895573
1062875
28660915
1438427
7289641
3621377
354351
36259
18005226
302154
12101593
8486141
6250384
1735901
461071
26756271
24511790
14311674
757158
4081632
204632
164988
21000830
3665420
328517
7611367
2193644
9489854
1121755
77193
2178193
3162014
64829
876609
325219
1717984
2281857
5168606
331068
2689941
764592
2665899
22395391
9291343
9886993
35244944
2679391
103927
569566
8362754
30545996
1000687
4338658
215673
3987519
6720430
16652210
3019776
22976922
5173468
2070259
4262862
2199093
7588128
4558048
3363695
235498
547354
4748133
236234
1989781
2166259
741917
2692774
58985
1990978
31525
308427
2926499
8231365
478081
30027790
192699
5615572
6055776
28689228
19537472
24948268
21803642
167333
88011
465480
6507937
7879908
13568119
6605881
11973520
4576653
13851944
70917
3861119
3185606
5709898
16634809
8994622
4991570
2549277
2828729
11071798
1281303
48311
2754357
32172154
137125
699443
9985428
12716998
6194024
3509973
20509752
5577440
22853597
8369526
1672552
61569
1384335
2978699
1340892
13478571
7759523
1662721
1093564
1258149
25875467
5049768
3971281
569539
9879080
2547110
460152
19446962
5051958
15429249
7899036
789191
400267
6462265
2385654
2207606
2508085
12465359
697605
51950
19157502
1303076
1223936
1902589
22077323
7811405
5911298
464087
3998830
481504
1202289
6281035
6367140
772073
6375929
20495923
3404959
4533901
399008
4090936
8520729
7175746
1988832
24374649
5876184
477224
21641
17302943
10053868
8867214
17314134
2718338
3253841
1484284
30035259
31549
1837602
760202
18293932
358341
3299620
23060886
3778705
19691
670243
14629915
3799677
10138350
5054218
8159959
1428199
1596120
5466108
2010250
2723400
3597067
297609
9206967
3956079
4098365
5229909
5501408
95313
826183
401981
115442
2961307
90369
13387069
1763856
4785707
23589715
8642691
1994122
2135307
4633296
23976479
7443
2063434
3418855
93565
1042668
31991
5060965
15646794
6089334
3604787
4163113
7680545
4084871
4138939
3798037
3320682
3408957
2030492
4029358
19326940
7295209
9528366
298795
4865373
4877761
404129
8045637
1801870
7446380
4026629
22521120
15973691
22884867
1303122
706
466926
936246
8344209
801464
3450616
14161150
696000
7129058
1412886
17261235
3203383
56122
10258414
96791
5149230
2622467
1481398
254980
9029
5025001
2117661
7552403
30732406
44759
101873
3521661
4739896
4602996
184789
4509091
879222
10403673
5265
270228
4533979
3444528
55005
9076105
8081116
16806109
74778
17587680
6391346
1012592
10940674
1953352
1868283
5195706
961406
10632144
572884
6735085
3945009
706872
8513503
7460518
3705956
3973759
4219796
14845325
20967281
5526838
7759819
52375
1512288
7935755
754912
740809
2656299
275565
3397947
10167772
6928272
5416484
5487822
36940
793687
6069912
1553363
16133840
18697743
667096
6067295
67880
5482092
2144605
15907094
6122887
2267921
2215904
221512
608273
36226
149369
12550401
81254
242802
22859
4718061
233563
18338868
2158685
176882
1599481
28673746
5350376
4801864
2356963
48051
12700946
3830129
2383943
5653641
213803
75248
2905934
188804
4496065
98306
1440780
695712
502443
59532
8452093
2772764
8745900
2460429
2897120
19499143
201524
2437091
19288172
2222113
24985196
16885
3632261
2218425
78077
4703
25328325
9419527
3180317
101
112354
1943804
16264214
21066005
96472
8679453
529947
2942349
1146129
13299475
3003652
61334
36406632
4867916
4134780
18158114
5178134
2266358
2195072
395707
3534355
7086581
658939
9876134
12293262
94274
8643404
52806
14672404
2377318
1754891
4603737
8635889
29547978
27514948
6329862
19277709
1225375
475013
201265
4847407
3678966
232505
4725865
3048890
323307
1587901
13192258
459472
5095125
12387910
3503489
3419753
711085
8801271
2922700
1516047
1027603
35561747
8668422
381451
17997944
6477296
1865714
592116
4377321
5420460
7539524
1153293
13384343
8029896
7578234
844364
18468022
13399340
5644737
2778470
3596806
2683515
2000153
3459979
366534
7500666
14374921
7309754
10624386
887511
671841
696140
208641
905016
28111365
17901053
262190
1452931
22411887
2141968
3883211
657374
599717
186757
5167264
15309394
7945654
8610798
5817750
274944
3600701
6184
2568694
24740447
2511342
1014359
14657740
15317693
11056798
5061572
22578412
226999
34385
5871963
25773890
16806459
2184383
1383230
4611731
11180926
2172609
277971
10854989
4797433
5815015
1644807
2789437
12494833
26645665
3095460
5585508
9971750
2182805
700073
37029505
7017
3373153
472113
21242018
2007497
697646
16655436
2675435
13562351
600400
5733969
2192709
1057136
21100
4327594
404701
9403981
22215353
4453349
3112852
22474883
9188205
3511148
784317
2871631
4002418
4342859
4670693
3307012
21168544
828834
11032404
3359908
21532061
7258762
3677176
11906860
1481165
13723552
6838049
11814975
391095
33027301
177125
4742710
21207729
114497
3897102
651163
4311963
6424194
16466643
7017284
388529
22090459
14334203
471545
25934369
1480970
3456992
7866380
7619429
5388398
1539377
243138
1853126
100840
1821000
2276806
2082681
472417
3910572
607208
8607364
10798828
10111514
10098250
8263380
369101
32622231
4383725
7560970
545112
1196375
8168911
10245906
12200025
29208808
7702431
15264342
928493
2601209
732423
29042
809342
332899
4274916
27040745
17842191
1458911
4450319
3106870
1673677
1739060
4737754
14244139
2913
5811543
4815948
159977
5190378
4697110
6701902
14971608
3052150
28017206
5015634
3035621
76600
561041
15138197
809313
5930833
16003018
4791934
853190
4587172
3345269
8398867
13832287
1866020
4560813
20800001
31292638
1791238
2949108
13625894
3427336
15195530
2165919
6318701
59448
4879835
4966373
25767936
1077987
80751
1324041
4989684
3858127
3307113
7025996
29915343
20130377
26917762
3315613
3587937
12663238
72609
270208
45379
14233558
138853
3951310
757560
1489817
15493682
8639079
15277098
85133
787691
748088
886782
623454
4796835
1797568
290033
4773174
8306865
28534262
633247
187839
1176925
3488870
726613
5777804
8068353
5039509
1762445
3534488
3286169
102711
4961062
1501534
877240
5659672
17520661
6551453
6002693
738876
881409
1224585
2066731
17477463
213335
756294
50061
1696585
1973482
8394510
12173548
3794776
3746511
25753164
2693155
2609461
1140266
9117103
4914715
6464729
2842577
4360994
2785367
6279237
7397064
3665730
292034
3992901
3459865
8806589
25188
14065690
8773882
713959
10288515
5179368
8126391
71702
28449495
5382279
949931
16090352
62403
3174094
4629589
257970
54905
4156298
26826460
381917
14035613
1721617
4692982
4041357
5051336
794932
2522276
5921594
7814449
6306573
3354247
623728
2164868
257392
5916104
6647
6335380
2431262
11016376
1152762
5573413
4268226
5970524
3028538
1710357
2239746
3984094
42860
750240
35589
735878
639375
32022548
191179
1953522
4910717
3055767
86132
137303
15567968
23866052
1827040
12662652
3908331
1844010
11649524
7280391
5399905
1732412
28617858
3328485
3361506
1314043
19355
7917672
9920934
2410833
10119780
6304676
4613685
6953819
15981012
11989508
584592
1951520
4290555
319947
1140130
26185455
8706510
7034495
4435482
51501
2440976
7967256
2861768
2622723
3258738
2716135
2931731
2266821
5098818
10677969
22474323
3808721
2549365
1198078
18650383
6344817
2213991
2168656
1096458
55303
68213
8163562
114123
2776687
886383
4963514
127715
9484823
808629
2560450
40670
4549451
11651392
5851662
5353121
81683
4573209
2448673
50946
1079733
95510
703152
3188794
4641720
727956
9026798
21450
916814
8087767
4444601
13053740
6395536
5159470
13698310
287202
13403901
65712
5123221
1865678
18166886
745505
301901
4122379
4670940
7553254
32167991
51982
7945789
354360
1023941
1246267
1412628
2890282
7906229
3205778
751502
4176
412418
8814023
42631
1511816
8122114
3072722
15907883
9610882
276989
4471679
12842811
5767792
1590307
4729114
12183815
10545862
3846507
674552
59547
9071370
6370460
8452269
1303300
166098
705831
910773
1606954
61280
1348029
1007249
114124
10542646
12186222
1994843
2611500
775571
12596710
18358927
5376277
465042
2665529
5356362
6882279
14461
5067864
7372766
266587
5133754
2094352
5213265
9132016
6459193
2246522
5419966
178833
3286967
2722350
2922628
6564436
1223351
2151
9331982
10963
59880
4472801
25109552
9062076
163399
57754
4702642
4383250
5999963
963374
1012105
21637717
1201489
10110744
2855011
747798
2607526
21057313
1373387
18101785
16377215
1804950
415496
2150801
324
4479809
29131
228958
7450468
12447339
3503244
26026957
4989203
2136627
15199919
5347011
829215
2494627
6565051
4624999
3619025
52554
547606
7701438
2794826
67916
18089704
1247129
3678361
1893176
6423960
44359
8654749
5579509
2255460
8182228
15551280
19468628
20898940
2332992
40778260
12809153
3490309
1380664
1835926
2416450
11587380
3890886
651370
3777258
8669919
308141
22337190
6705471
5095438
1268851
1421582
461143
7426951
10538466
4868960
21892315
1956775
8820273
1521656
226615
30887455
18472
7235293
7511273
1437811
9963061
6486420
1896314
2529800
207932
3620073
1746046
3388919
5560712
493455
34881800
84603
147028
1494512
2851060
1491316
22735540
5784682
6388338
10878707
1397318
1393029
619617
19217686
5384059
411072
15689623
53414
4540881
1560095
6078263
2028415
7631358
67393
664481
26052110
23786209
6815950
39502395
8511472
2293156
668639
105035
334215
6588609
22883804
10687791
5388630
23192879
6402565
64782
17206154
1831291
2439689
274925
15678733
11244458
9666
9447884
45032
64144
8404189
3760393
9596814
2198959
6270975
9708071
150682
8952652
1071300
4406
9655305
4453777
6488907
1691344
2169635
27597325
96062
708128
21561931
2138866
500396
7122878
5432
3524270
3709480
3959019
30161630
69543
23588962
277851
797041
7927791
5837956
11826636
1287159
2595982
12346948
20156202
5227530
13653526
2902501
9527076
16002353
723153
189792
3477495
11991952
5981961
994159
8857715
27520825
312281
30772
8850966
1991663
19755994
165534
30843852
10476606
2057216
6226991
29462540
6084181
26597891
1761018
404707
24259050
7111489
9449985
144611
18605637
4521673
968254
16417169
17204753
2719455
30937398
13818757
425357
744758
8473337
19095490
894749
1022521
79368
7417077
85353
5091322
14330405
3437112
170433
127427
324108
8143044
7837929
13866592
11754031
4520558
19133955
28379363
5927444
694580
9401187
11384119
216996
2043121
2502398
2868788
893273
3232230
8664599
8028924
2437565
15322076
2569802
4343018
568176
3972716
451395
17658948
10272083
7267957
2273793
238340
3358180
1897615
8997698
1393396
2618613
300902
464132
5250055
19333919
369552
3349541
54646
427416
6409399
76765
2603553
994591
3163847
5102605
22153014
5908170
5087035
7364584
5066113
4204721
6238859
1142354
24477562
15246257
4802634
512587
808708
12242883
23850988
2279710
899423
5157763
12316127
3903112
13161090
2755366
2057242
5343136
81524
6071761
88421
2816107
5958840
17687759
544956
16226085
930727
71809
2921766
1391937
1643094
3674098
5778654
11140318
4359144
17652
2206105
5994784
1754105
24541986
51997
6665921
2356178
422558
12425618
6918074
2253926
12001099
147243
1702244
8290283
2595808
8436423
13372806
10031476
252259
2043191
940754
3418548
6226023
75326
615177
2929965
244367
13899231
3289489
12501754
8310509
5830314
2089581
22047508
15008
358367
1613559
551612
16973062
1778664
4777119
5025129
794385
6061161
10499499
20975192
5358707
3742654
167817
2256829
150375
458400
2994641
11672127
941799
12442958
10332
1211767
28823044
7533944
5999329
5845853
3415416
22752041
7220975
1915026
16881030
12745
2465447
9740954
29445086
2784047
18108432
334876
27621309
1564174
20904258
559151
77527
4265005
1080406
8434772
6883376
77004
2054393
8416599
1351417
9109116
23746449
17997262
3401497
6046605
6065719
84140
7523107
703863
277416
1020610
42138
67718
7043361
2537001
19485764
26188201
6323700
4516127
5371028
129837
5609638
3264328
18061191
45106
5559746
8941823
7130212
3946948
1412002
38665897
24094427
3825235
170908
484435
11189446
229758
23698291
1207807
3404648
778901
25760755
3870412
2817104
3796970
59849
4765488
246453
2681471
26208
315420
1541672
1098579
2080178
2879492
3415990
58141
1726286
56180
4714868
15751255
3086277
85371
12412035
774986
1742793
2068144
3807936
6484369
7888546
1971838
1696910
23939940
4385101
20572211
1788788
834463
593339
13953801
2058037
1936027
4041292
497920
3462104
15607517
3258183
1975754
4558875
921692
12397944
5564799
3074015
2723772
454571
770768
2066634
269699
1267947
68797
35523302
5168068
14330401
20245485
23972703
19648134
3365066
26971736
4842783
26552134
29808601
4863695
169122
1287783
1770661
153614
1236471
167415
1933319
2616155
3
59601
1793216
69464
1889
637015
2527451
357926
1577537
4890486
3816739
101971
250178
4980600
1555835
4606870
3806200
21574298
506446
75330
8075361
11954940
11431815
7670951
3673534
22402486
6580638
44284
10109406
8688211
13314391
25735428
61640
5038728
4019076
2235937
12519277
1268824
2007997
8475849
290711
6158651
5549632
726938
8302467
208574
5287474
146539
3798504
4635023
3741010
535354
493576
90039
6345504
564827
4229303
41021075
3215924
5824241
19347112
2193769
1569354
110168
4133025
2918898
2932618
6917879
4969010
3287440
1617486
951258
4334188
9363721
16504131
2061092
4149673
25396420
3604350
992637
1664824
13361831
1218288
8613311
661342
3544409
1686346
723351
3973422
20804370
17090
6293509
393282
23575796
402801
202
27705650
18620620
633242
8261007
1435757
2770365
3875883
576275
4506253
17108
7748002
2099973
3813645
12497
4021000
8845102
485972
4183933
2745106
9632822
5813515
282050
42764
4261110
9292410
1089972
1714757
2158688
4133350
2165384
55075
3117674
5339655
83652
323862
37061135
4097890
2291994
5117320
1829688
110960
21378536
4868380
10701480
1387768
2058483
2049333
3233075
4281021
2526911
1634761
12109017
218361
6536439
19329308
1987873
10445271
17207024
416951
180307
10321025
71351
401941
8373055
4988111
5095296
1990280
5700305
20634006
1696648
5592218
11394252
134839
95747
2447484
679948
26870601
8529995
21
165539
37471652
104691
719269
9621352
20717
3056288
2660389
2742292
1999756
9984736
29561697
864730
80409
1253257
1598819
18102699
461164
4575138
3778235
5088506
2150533
11674344
4846980
5036372
1339395
17848482
5328048
30295
6647330
2687822
3891911
6089784
22464994
3846746
286
24196969
3543792
524082
2603
1122651
18129755
5750357
119783
438966
5507187
52192
15669516
15909777
7553724
4852801
3191155
2018154
446534
3884482
3470748
5155977
24347494
8097123
2908313
194032
5574235
4574527
218
8437914
3704685
17841769
1692743
15082630
381888
411774
77531
1076743
7867561
18266800
5967607
7138263
7060430
871207
19258478
257558
22936716
10621111
3681857
6958596
996280
4405188
5739664
3823406
40990462
39171
1209187
574371
288112
5146838
19478
1408597
27016565
233756
4891271
97261
8353439
158022
1302982
2412558
876792
5108511
7372742
2177644
3666767
3116477
4878966
5845363
22042321
7566745
25031840
12935372
783290
804120
3552901
100728
15327412
3075845
17005085
3119455
25518929
10962923
54926
6075528
4980744
5895183
178541
4822582
108169
6755201
2945092
82921
3257715
213282
8427189
3054725
3346240
1790664
67764
5368151
640403
1180184
1367592
4747910
12357852
3308398
617
1796349
959008
1736146
2530903
13928135
6802
292014
3942377
18788990
1068447
4224
411690
158916
5100047
18701
5643868
2934405
440230
3276721
10092343
25139
14757819
2084502
1227133
4272499
2069751
5037689
3744416
621966
15836537
1632074
3775790
2385308
9184681
11548607
43276
3186143
3332360
6007936
9313473
38430258
1631380
2115102
410434
6488723
6572160
3149318
5011428
3828563
107326
6522574
24993827
13790793
3489808
5792973
1837606
8784787
5288065
16046
6930741
16016160
6347547
116875
34180
360734
4848628
64615
366832
9818192
23471586
22132483
1952598
18167799
4942646
443414
2069612
19880578
12552123
3048247
75360
160494
1256997
70535
6510768
7829234
1096360
5455309
3919663
4100451
4242213
40119663
4741699
12370112
12955566
5314216
821950
17175438
275311
5673322
226701
4026893
452999
120501
4520302
1040983
19239595
17807411
34949
9385472
4172466
4446319
66375
190786
1170242
15565
3562104
521058
4847488
18971215
8712437
1695259
446370
7239342
2396673
5050943
494349
24152008
9570013
7234998
277189
3364545
416048
4843045
369639
5917271
5959340
1865915
7217128
13648672
3485900
2608214
6428514
538510
899705
4449060
5850620
4604280
15078869
15298303
3813365
254067
1988440
1266508
4476330
25601382
6449736
4691790
40342167
4584438
8618252
182398
2187427
8249846
45015
21118522
26578688
3927047
3381354
1069962
7257401
375574
5642956
9134287
629322
10325523
38696815
24367063
2144697
937183
479369
485568
6504706
17848719
905249
9109543
1651785
5338220
1590004
14354369
4310172
493731
3170601
13759500
15018680
5344044
1432736
123423
811999
6555369
3074490
13510364
190266
6200
380999
22602660
119901
855289
2009963
2630059
888868
2037818
462499
1018826
54660
274399
4975127
11585521
15398548
11606942
2810146
908206
4449390
4509988
9181081
3970791
6897641
19040906
4447519
5189726
6608167
9245412
9577181
4580196
18361870
1631544
14119539
3718153
98618
297868
212393
23625906
5035003
3604454
2976292
20827036
4806644
19287269
2934069
28831742
1055604
48578
4369691
1109096
932285
411426
2039661
610849
2234023
5290033
6645961
26386446
2090218
8656773
2525762
2684941
28383869
9214704
5866676
4573460
20815038
4191572
21640399
5802341
8390754
7278673
13720893
13074888
12421321
55814
4550233
26860129
30972181
6983778
27323221
1188721
1256121
401180
4640773
6642162
7565880
2582078
4713349
4376014
1183026
13635349
190931
5863561
4923412
9180534
2843454
364150
10527416
3577933
3648951
1258156
9178913
53073
11984173
5279981
1538556
22522228
4500575
16848385
3534913
2122652
48786
5091551
514958
19156729
7545043
8589799
1235150
2043089
19399286
24537167
12344338
60271
498562
5877204
3995702
6527908
4987675
8352491
237634
98525
971793
326077
77413
4306411
2665944
9985352
23047213
2617201
7650449
1825125
14339878
17285864
6667172
1452703
2379022
12050576
7075782
1607439
11530482
12665235
9567952
6928585
18476003
63461
1192313
6754339
830791
2043069
2462046
5346800
5227997
499930
2522896
9768259
1494893
2336184
2183531
5900030
1001337
5591101
2687181
13555236
25698477
11842329
2072435
6241346
8948755
10018190
1350355
2795137
3194581
37213449
10027659
14395595
5157672
13982647
8751965
3625532
400916
91502
2776573
227265
15220973
29267157
708143
405112
7119814
6385004
9631102
77235
41859
7804187
881356
176860
69647
1678234
44767
2946968
904755
468507
348209
12477911
7069519
4724077
2016365
360506
157802
21890847
2353199
14154288
390621
6623759
13598671
17975202
3483707
9119665
10918538
2466156
5186832
3479048
6515927
2980745
2417518
10076100
1753645
25857793
16102336
17203680
1449846
1516715
25355233
87532
1059892
482356
654390
7492892
4126366
15953511
277579
2911057
24209733
656263
4329064
16212568
3253274
2970447
1014409
3866316
19715315
1392266
1114965
7972232
31339
188621
18073084
2154163
30577590
9889791
781395
28035513
4435620
2272286
4560716
18118386
16058548
791280
17425581
3411196
22836750
6515921
266281
29579394
90201
27859288
211906
9533190
3347747
1384399
20154072
21019367
6047291
12647934
33327403
5276472
7540
17544890
9136143
34386547
9351236
11155525
1694650
12162023
695503
1019827
34903
64648
1450604
2779127
5731039
9655484
3637842
9288470
1718818
59634
21718297
2042799
1846882
5472076
6925434
198440
9494665
1615742
7549595
324310
990437
15998689
811
2057926
18111852
2139
6977743
9611162
1814373
3074663
15916031
36582594
1473614
22594714
7743975
1303064
3197725
15560023
6383937
10930
5133301
11857316
2623927
20682677
630610
5884078
571510
6430677
10868412
4834610
193565
10283486
1765557
287162
3503135
1250
105112
10122607
4874336
2790526
2679189
1885180
2158857
4267861
98035
6528303
11106628
4907454
9484663
14039279
12105672
3656938
77504
116268
20477226
4987056
4103157
6701815
15315387
390067
6814482
1634058
25314100
1274517
3540732
2979562
9533619
1030620
1410601
19966960
4197654
851964
865309
3597473
5347094
5806093
8462318
11856445
5562
10636270
7461945
228469
3810123
62214
3432161
3743401
700814
2860928
4676542
141456
172417
10192620
5918690
2265878
97150
160658
797246
10930571
3604398
5916050
15350192
4930180
4874934
24654921
7896426
63713
81674
3120679
967992
6077386
1136090
36236
13851775
678040
3276550
4871904
3839702
2432034
344933
18564857
2378690
8949813
28190160
21654
8949022
19
1232781
8373780
5180921
957007
82821
2057684
14296521
1740015
7986857
17183
420040
2233501
1141613
5848076
2830777
25904021
7131398
5231462
6625660
32754184
2891280
707333
6150959
152972
6584212
24072
885269
4724616
1000825
100445
23691032
571877
18347483
1611184
24635
3676790
14247655
279401
804727
1286699
7900447
4706476
10475311
14238643
113227
2144509
888145
4498534
15349406
3410746
27370115
3362697
1462445
3698216
23970321
2347867
6527809
1107184
22243716
6837372
2681811
2401753
1968170
1579634
1384594
3331081
4542458
6621345
5670073
7862038
25746372
49134
92457
487
13054171
1901641
3926404
2069593
2558251
10995750
10932139
11063
2165836
12051821
13830078
16889
166221
10493927
99493
975424
7361066
3421461
17277852
728494
1455031
4813478
837763
5096023
3515215
5139968
6424786
4923117
6630181
2592754
35798923
14350281
2302795
7307312
2175100
461322
1010463
3066998
9744507
12755057
821314
2510627
13664735
9021818
3021749
3854100
16211103
9564032
10818013
10041501
3578530
736269
10618928
3933113
1953760
11162025
12845917
164637
17469901
2453368
7373976
11076859
166530
1415278
7111992
2702049
7994049
14237890
34964
656847
2043112
24437454
4283913
281553
37610363
77676
369544
921243
787894
195776
136162
28097468
2198753
24406249
3182655
726810
35465070
12594536
19404357
2523460
1663724
3725847
5032417
8262809
6101091
7160994
11193060
4347114
2043292
4055717
7957649
138982
2525093
316799
465784
10421215
68723
4415928
601757
7275061
6938903
2043228
9539676
29142757
9599077
12069187
2445334
736843
5142637
2051902
7082476
2227486
3492868
2982344
9132158
3819663
39352
7968476
14710072
1284013
141485
14096736
16039277
3491151
12251575
7690244
2689192
3035395
15607549
990843
459206
981105
2055041
18609569
12246378
10138716
108611
1082919
15298028
2209013
381694
1339536
1006147
26650505
2181792
1997788
8320661
2017831
4729
9471670
24883177
1461487
17681481
227191
233374
2939250
10072242
546505
20749424
1221135
17949716
1634136
6811212
15500325
23291728
2717439
18636631
1352926
19325014
3201794
2057979
8044497
23833812
18319391
4947736
11556399
22781174
3904102
3698702
7611738
8167422
1614583
1589280
4035340
5908891
14860941
285373
22549243
2752934
2000105
26227471
5113537
12636805
7276215
10732642
4695199
241977
9805866
9835024
3456777
1754429
8389410
51905
637743
12820640
6497654
51113
7770812
1843620
1030935
4293360
5348271
23051695
29457236
741208
6531080
7395989
1732862
2209717
2321150
4370031
1770361
2680670
5884734
20332
5580354
2503431
25912139
17502939
2057108
2753935
33117
3434679
28239297
15362021
788284
1078290
18961093
16862791
418965
2234359
12468852
971928
2057791
5580383
107979
24213291
5367482
18447032
278362
3050917
15568503
2057167
18298
3050032
1321512
25194895
7973934
4898373
628464
429474
11103613
5831176
105050
1584307
52796
24030964
23467888
9267265
4576552
24552383
4830319
15952609
13041809
13976507
4806962
8374213
277764
9904767
743778
10746552
2206986
489225
232750
3115225
5263
23085829
5051738
133348
350245
2801493
2729740
1748841
4852708
12404680
2219003
1772778
98496
2076670
806024
8647420
5957678
4490807
4440487
5116892
1947720
3422697
2834867
9261
8838266
22997843
5006306
5373148
24369391
5594913
1153376
19915359
383220
19788805
879456
1572023
22739581
3073802
2009380
3040478
1500114
9809922
1641035
6498578
20112488
8659252
2620681
5743105
17278226
4147543
26359167
222817
3215135
14223731
51308
5558402
2067727
1213457
17583115
52030
1895820
1869697
67783
226364
24080009
39165747
9109888
24294492
3683913
2125036
9514730
4282561
2993200
5375726
1481377
4356743
410740
4910910
5593597
21265801
9978672
4986573
6383650
17831082
3826722
975399
5778454
118435
32817989
6342305
5087872
1512431
161244
9523652
6976616
14067741
5981338
40096198
1772
27911907
8205137
20990742
3250692
2620901
3478084
2920237
28383547
1745390
1943990
20258543
3590763
5424895
7242608
8361073
29493150
378499
3371321
2788941
4379718
14937107
2350048
1389521
3945733
4692341
2042758
727494
783239
1231548
1612242
954097
4734138
7266235
3053078
1263093
2473792
13868850
2749382
2656211
453489
5216385
31889
16034455
204
995150
3061958
656754
7141199
979591
1272852
5673683
94959
65476
4111439
2454248
980289
1200089
10034719
3041572
22458779
3162238
8604922
2043236
14570814
4029900
1169178
4692406
7635681
2057819
1980676
800012
9709801
575877
2545868
15546325
6604039
757846
673914
2727401
395839
13044344
50167
19994094
4382615
21372979
536028
29045574
10069145
1439107
31866617
21526185
42936
1887127
4125161
755250
28397815
9362587
901739
4474696
1183170
28219856
3407680
7612020
12794424
240372
7774655
3268381
18981633
3038712
2044286
4176249
5189809
1899022
1418820
2704907
2091605
4549394
1289115
6920713
3290472
4250957
5860000
2844759
101279
21217
909752
1214663
190709
2206815
376760
240039
2623122
1897677
1640880
4481620
4935826
143553
4835325
7944624
10208
1181417
460868
1326986
5351926
18255725
2949261
8018058
2471639
7927967
18510665
22818794
3370276
18988219
11617146
2496890
13610999
4698248
812502
4618244
10740
409031
3067231
25572049
5264273
6367070
22113139
2123096
23489093
3846250
99076
7298065
76359
6020736
6976418
7856897
4755328
3056389
3357598
2707635
2042820
6069040
2503463
8080560
8605071
4083413
20784
59036
106758
2723155
1536924
56413
1455579
1900899
1350793
4371344
4349346
1948292
1314873
12339116
676584
1933391
24531377
308367
5670782
7236366
7110833
5963149
1705150
4129994
4672937
48035
2549664
14077960
333493
1258511
1003164
581917
16863581
4107577
833915
437660
121519
3118614
22329
5306
27966007
10807604
2535026
8883829
6266056
1503230
9108376
965889
13142550
2216700
7238591
61455
9607347
335272
11287232
18457226
1742332
22593063
7341776
1795614
6976326
1955810
10514733
15760458
18713474
2547113
801498
467584
6689761
17651
4591571
2780391
4071242
5924311
12032147
59740
5509225
4229306
1702147
3604365
2255484
2661838
7586235
4382716
3630394
1565932
788554
6144138
8864554
4380154
4540353
12268370
4433602
1407103
26800193
4132868
880970
2274608
7126779
5439199
2057653
35017892
12171602
1865698
74022
5392783
9249364
10085495
34891883
6788458
1889575
1952038
655933
4432560
12250418
1454039
5846222
3062968
5748572
60453
4758001
32169733
26386798
7461206
890426
19051236
5191649
10201134
2170503
1034418
16796970
356859
4142307
2508481
2929589
117003
5348130
3791820
18867615
106226
355391
588887
2616142
7923245
112547
616879
20553
2108077
3000097
1802325
3240967
18746756
9840517
2605429
2775901
5592525
21486110
22008017
5953566
24653895
22946147
2898453
20570725
2477106
310470
3623091
3622956
10204949
28962478
657115
1841723
398848
1111975
7817615
3727891
7398778
7827494
481859
1400669
3700653
2383075
12537252
480096
75333
8720104
4859536
16204363
7651607
4547557
2289353
7882912
38905285
4489353
2068166
12360851
19619766
20529062
4506227
146600
6885074
208596
59658
4207274
96378
9136084
9052339
39954292
3495524
37801
2239447
3925445
145378
410492
3283843
3155962
848572
27314711
4261288
746929
351188
6384931
56852
11750410
8580635
3675019
4699550
3818408
2334061
4735473
3060185
2187622
1128139
3816422
12531
3804754
1397327
14818
26925149
5199606
3334545
19596971
63472
350480
627024
1907640
863722
12776359
9878043
1342732
4851628
2577175
4586078
610474
379439
29439242
35
4060495
178813
234169
5049914
7565439
7016052
4489035
10836986
244964
1717118
11185955
15324653
791016
776244
289665
2522658
6206477
5492174
6073046
2594185
856470
17110546
2069215
11740621
1272614
6977296
809217
1631626
5331290
3606471
2989463
6890930
4479568
17553354
5021131
3743054
6756292
4876718
2771666
6513120
5788794
1367815
468040
6622691
4016188
4062744
25757746
13050386
4605755
3696587
3203378
758307
826826
5418707
4387077
10627702
23243299
2858523
5808501
4825081
4005632
19477307
2069547
7145718
456194
7288909
16410823
2467380
1256525
23763
13261505
13544432
10556052
3892786
7732480
1772781
5484955
7379016
75336
3270082
2625011
3771593
1993027
3971453
42302
862443
835258
12313423
170219
361047
1397453
9587
6289530
2571401
413897
2131598
2225932
25940708
1975907
14030181
2536121
426909
8839882
3197
7084116
3647503
30181404
3675479
3238694
15519187
6018035
12467938
1800396
29343417
19779268
33486674
17149948
4522100
4189807
6465133
4517015
12415205
12649839
5335996
29206849
2140747
30381
14346034
3797532
6380585
5288477
3387543
3755016
5472005
5177148
16167732
4324655
12639877
4763829
905226
1582525
3348452
317874
7676
129314
25164
3562037
24590848
6632598
92026
2604449
10700939
13263010
7851351
2919640
10072295
2523036
12206409
1989696
974339
33981960
9429163
137225
89795
1109563
2465800
5888301
316226
4404650
4435
23335526
1395551
1852154
29645511
106255
19179308
2113395
5035534
925678
2410513
27508266
2008986
138174
11648708
1074965
23477235
2650789
142855
368672
26387010
1517781
12593927
14896439
3665839
239718
12653339
30577178
17351808
2917342
465635
3391058
22567554
409872
12997007
3534375
6866977
11625637
1655216
76044
5143273
1321491
19647563
4393937
840549
8243989
22641996
21071973
14955029
2034509
5346629
5451605
1559637
24310621
72782
576590
2207050
72360
10658034
6517924
3390160
4120468
365942
1128070
2057754
422293
6602841
1589825
281666
156244
26987942
486164
2091768
6976992
40792
5469515
908220
1331402
9312739
30008719
987861
3370077
1602581
4853138
32756710
609887
3615573
4216567
174569
4616959
292785
15274205
24195140
986336
721421
10604102
7119209
3808744
23096954
1790080
21624132
5973219
6691352
2873791
7702162
3114305
3796128
25755410
25743454
6272690
4285867
362072
14863982
1150096
11205105
6034886
715582
4581218
2142250
7867706
4200312
5982766
5124590
4472612
17065362
2058051
1450694
4967169
12021102
5732889
6873030
2089060
6527469
736042
2043257
15743441
10914108
12538270
35179101
1637831
279963
5420347
1445203
8499331
7222613
5911854
4694460
3176605
1289655
412486
14629414
1383469
1440565
29399312
32346486
4354341
9499480
5842594
3817499
15632131
2911777
1190083
295595
3328542
8351338
8163308
11100691
3059140
990136
3110713
2155343
308174
14417228
10843321
318362
432623
75358
10232121
10568512
6456383
1757489
6197112
3468772
15779743
39750830
27897840
2336391
284815
6603421
26209921
40886
5205192
8551767
3163334
2892782
1288089
3012675
2618438
3884935
2110438
1309101
27461232
1069741
23745
362936
5030449
5936039
5260290
2633689
686389
7564029
3355281
2687028
1256496
421925
14724876
26574345
3036907
554756
5885522
214535
17764177
866964
4551887
33212
538859
3694802
4803332
4422378
10010836
12880503
14601043
11061827
3200041
1229975
28492043
26374999
1776985
3672654
789580
12824373
16380802
10780032
995227
32094
950382
606843
29704620
5038591
14281051
7745000
491421
21101831
5803203
1161820
1860917
59494
3194038
7267891
4152743
758535
1136613
6977832
25151122
1475943
2857220
2080174
10529298
10254102
2676017
11246779
5302312
5207920
19823111
197222
2136144
10215706
4394586
1619516
1040196
7286818
5507165
3116314
20767684
3486285
925342
5707585
17781522
7470665
5468805
7826022
21185436
29143752
1496876
3468779
311631
4236658
10311876
8578123
2896555
32164643
10477041
10361501
2629865
3321357
19383
2409247
2177221
7235762
5742655
8765219
135823
6921844
10234851
127121
719835
383391
8531483
4442451
22587052
2982040
11269463
1504948
7923118
3438918
1133777
21875356
19655752
260284
9487549
232379
5470782
2602471
1844631
1739105
3438158
4785735
12006602
7541226
1070000
2371920
8382986
1447081
24476118
3634242
19105276
6363540
493
5347823
4347682
3767574
67963
1729329
2043184
16272625
7460711
149665
23263139
5108072
4030239
579033
3355377
26774196
2544955
17469477
703628
4070769
3611083
5994
208659
4575663
2042967
284472
1078878
20837849
2217586
15640012
6460122
11242457
1223456
389789
438601
1265199
1589347
2175435
11692175
2225681
3307795
2549947
3309897
2761043
8900275
1615033
7648583
982735
349634
919043
1543563
13474690
19311898
3184175
1774014
21756058
10899285
26447372
5492622
21787976
8509395
15951864
4617238
13858785
3867091
10329553
188230
3363145
3720947
2686768
9122229
12544154
1933911
10476919
5844206
26857576
5738106
13663612
429823
7944984
2172517
15626698
10397270
38336268
15802371
349009
6359757
9043267
21632420
10006251
7339
2459962
2766491
2448592
14298020
27062750
4710477
20924825
2477461
18171240
25945301
8540731
13321
26826138
6816440
6301177
4748002
21923041
1033179
2432330
24613
187097
1048081
17087633
5980624
14458057
6173418
19379688
22388131
6975453
27875372
7806827
30629331
2836805
874180
5654100
23555362
5866069
4426674
4635369
3336371
29204059
7750200
10952065
9482657
13030509
2413591
25483264
5090476
726994
16327351
4250268
1686094
437679
14128315
11413004
2918348
1631852
15469997
6586219
527204
7358021
26643273
22445011
54065
31767562
13232873
2187892
8609128
5300426
35276024
1440150
10028118
36964
6021301
3908823
28294296
10422756
7545468
10237129
5484068
7567030
603283
4331265
12761283
1462093
27733029
7620949
1794533
28444689
23125557
2288128
23733605
5085991
4544031
10694857
1037131
2043141
85231
16325210
2145981
3859396
1284776
7002681
2557070
97737
10865094
1186676
1271496
12570258
3234549
47624
60835
1507078
209579
1621053
4799258
2825254
377733
2509533
620792
23599940
2353335
1454062
2162325
595976
10963953
5772124
1609677
2277541
460590
7531998
3035712
98995
7896716
2699550
12893378
180963
15925575
6352423
818535
1501082
32158
31362139
22283124
653449
3680164
10430045
381084
1999611
9642881
2451181
5116479
17004
32997
15536767
2940375
11435422
12656441
2224683
2079156
7268077
9632459
6081313
4485970
10319595
18025298
2578530
6518223
4184912
12440892
9211159
157185
1915565
498812
436740
15663007
3967970
5032368
2107211
5398226
3697726
2304677
1287792
26547848
458642
607557
26497147
87591
15932621
832022
21054240
6085321
903763
1753474
8331074
4496050
10693912
91793
778953
23881476
24366398
746674
21211591
14469725
22676
1734519
137402
7019947
2361076
25554328
4184996
4600442
2426487
2117715
2578955
6323832
96976
1249698
270653
255515
688634
18248164
5184887
5106149
4265311
64841
10827265
2876276
2073800
12834422
8475173
4344681
8481563
18687801
4735526
3459679
164980
4615884
8529085
3984134
804282
7664629
5821932
30303108
7836271
263067
4303842
18012451
59893
5611170
9126073
25517
5594568
17440443
28285122
8058673
1188064
18231758
1498677
15433265
3268652
1624087
17632406
413057
13065180
14420623
856916
566082
4594546
4400097
8693489
2605464
1105830
11740512
448143
2254467
17574214
2047900
1266209
4557526
1055186
4316969
15284828
22409487
12359092
116095
68126
2019120
182257
655131
10717248
2009792
27027
27605216
17773644
2413569
4468184
2664220
2255290
5064787
9908057
3820057
133475
4015521
187088
1642048
1165260
2930253
3509625
38657615
77130
6326340
20499640
14564417
17448946
6281891
7104720
41008504
10372686
10334546
9257697
1590849
8401008
11363186
5985893
2409401
1260125
21800255
4829086
31523483
10471793
23100
24076786
6596798
2791172
789983
36184483
1105175
18951711
1993749
177927
1440489
1026557
1942638
3139121
5930219
2630269
6223338
3819682
4875938
4430837
15447191
1523746
7833899
23011155
27059894
16913461
37052591
12419266
9031026
8088322
8746979
750998
3384011
332930
23283389
8676630
1086012
4164592
9592230
2091001
2022580
2471262
1529439
2014234
9028785
15455885
4544999
3582127
115555
10740978
10192777
330380
9559736
1441368
3756541
2000647
23610107
37460390
109097
15306292
1343831
1781286
11425956
6844315
9043229
32011196
384616
25755823
23654233
6579517
380982
226796
12545945
20574228
24037716
3866096
173532
8076250
9471902
975211
8630072
30977463
1463554
45636
1618173
3756050
39507
4486291
2835136
9058273
3257213
1878902
276783
13053916
1554373
11068226
8346856
32234905
246367
7602019
19853034
145578
6136896
6495556
17201866
63615
1847427
9686780
4499401
45036
1031432
5239139
4918292
82903
1184121
1217149
10419610
2157511
510444
4779434
15204602
173279
709629
1990722
909547
5994211
11228799
5625966
26467264
4145183
9965965
4787392
27003770
12093809
10243469
2906149
13850289
14538462
7714032
4508788
1989174
1191774
2473008
2520816
738798
13604298
196022
13445567
2549747
