562
2972404
5083255
2414071
3845988
1192527
208968
4815490
13265474
14981
174987
3700
403597
3013423
798057
16654879
19277008
5662907
2940421
1135393
3353728
13222709
779178
4867980
60712
6526691
91836
9208197
6682483
453564
3713008
2032323
25412
12985444
1732
77577
5223690
4870943
5261664
4476618
1018982
2583596
3462535
2366713
40175
172941
42463
10267961
965666
4597021
11470211
4600285
6837396
146809
299
4081105
10076664
11979194
94531
2424065
3148941
2469422
12245921
140199
4262
1141506
4931179
6635639
1349932
12596354
11610631
7590350
4298170
2875528
34593
8843078
81887
1865584
20813957
4006848
1318962
1449542
5824533
4983671
146854
3949570
6917667
25587802
9279019
2149861
2259846
9071090
482833
3817489
21682
19571
3244123
337774
321597
28321
630365
2830596
4748122
2886542
41599
345442
1605290
168811
14143836
284716
4229950
4444667
6271199
1309784
3938345
5759085
3947763
1697648
11676399
2260091
1302958
334405
119352
560829
23511230
886544
2217247
5015896
10136505
39526
8747
6219991
14567016
8332565
48226
226859
5979348
7664670
4145009
5935362
4082196
11210604
5187329
0
5190999
911416
7695453
194215
1128434
102373
145986
2499792
8288756
24546229
254418
5338450
5577016
4290441
154344
135649
2532057
7503205
14107065
14142324
271354
5555170
3072423
298759
3929695
1561607
5325781
222199
4894694
2011062
4100982
4462150
334363
4069634
213790
4406103
11667553
12207823
9697537
16120789
1445642
16496316
33170471
289821
5651567
5083158
5151008
677143
541589
1683546
6338728
1837967
7007002
4082907
4480303
7
5421656
593595
142676
288074
1181107
5299544
2880025
3202475
1832010
9075737
2014292
15416676
53645
1629767
11201340
29186
3386497
25391
3216086
2120717
6467200
8163500
916043
1875356
14570767
542396
17625195
5887366
2685713
1935160
6637125
5164879
4368171
6527203
8101322
2886414
6712070
1727238
5066900
11164933
2751082
4393
11379731
1504822
871436
5152306
811778
2902101
7970688
3185392
8760897
296872
450975
5347996
12272965
27244969
206099
4998216
8443829
7072388
12839921
2561450
29622820
8305997
12377770
4384780
19082
65657
1260893
147785
581614
3575683
11645557
601724
6858255
4748924
2516402
1820314
91856
6755932
12069125
4258803
5662119
5650077
3268671
526250
5012036
490252
9765191
1489956
3547514
166347
11748016
74503
5985453
1141558
5959970
3853547
9051863
128
3793993
5735262
3658153
8653054
6063314
1563748
27932498
11250956
587887
9371994
5004428
10579567
1376047
28605413
10974345
11178855
4564243
4648907
6340757
833047
34009
4876513
3777714
1360123
4791011
13113543
84958
1411223
7657275
325693
4985051
16993107
3087043
2507238
4534460
10749421
5800120
1340424
10715087
12325246
10326307
1
32920594
2890583
681752
26892836
3380158
30785218
4579158
807765
6403960
22209873
3533875
4973336
4146380
18318459
26107898
13058730
16660
3077038
3240285
2091450
6905
5909486
7689067
248971
63329
1098667
907701
17700959
25592491
3018551
16063
2070533
4998524
24127059
13939577
284525
11263732
24075509
19582700
902689
1132479
3654934
6688492
2363033
5830084
7794025
9662428
34384991
5373373
9070545
8435364
1009133
14295391
28952605
11215519
3522817
2880505
2594110
467313
8554266
376939
54773
9357280
13905933
6858529
17794218
7905162
2172271
4572964
8406539
23707475
8713705
433260
7690560
1992054
18455
8401472
875285
6656598
69617
1040164
6866859
5199277
11132091
1784377
3489688
3954703
23938743
21173
10890800
112765
5214603
4842821
1098340
23460946
350078
72568
4355113
8706995
9486038
367398
4389737
9258764
4262513
12792906
287480
12246614
8498911
5764670
3200571
13011480
1723232
5204292
456018
356576
768013
17910588
7016725
8594566
23715
2490858
532344
2190708
4461978
3834412
17146421
9359415
9640594
6986873
3361299
8900246
4663905
15620108
11537940
2886286
4888050
4372766
4803384
130490
320021
9755476
312153
1140605
815202
504640
32984674
8525586
19014774
233629
8799110
3287311
5154906
34831
1765469
2444481
2069879
467470
9217582
7233602
81536
10389169
7591456
1218020
15933158
9698723
4383375
328425
7075949
2627073
4660552
8307145
11476676
3908336
7239949
2237225
1252090
19603115
9834084
353230
3643000
27001622
5898488
5843656
1512492
8683933
1555
2121115
26126
450381
1836746
7570110
991963
6142147
1058532
18419969
7981930
3388126
13148080
2884781
39465
13272173
8573039
2007468
219772
12469287
986628
5459505
7914136
5348995
4727436
6332849
7602936
4512826
14621978
3344730
8897863
12838
11514135
356403
43267
8907538
9645610
19341821
4337324
638280
5778704
5119715
2024234
1218057
34404452
4344552
1854661
3372204
204298
1676052
5266199
96631
9173777
1389329
361607
581137
57632
5875710
9064866
7749254
64885
10277184
26830938
4104149
9563990
4882011
1623516
1252461
48928
2226070
4894168
1274362
173384
4161527
82585
1487144
3164343
13323221
608456
52650
19019648
7264267
15473802
11393058
1454845
236893
15005103
1638790
11805481
16480553
2917771
1226036
434688
4139013
6025681
5655928
7687786
11671222
1454190
2700766
2159506
26572
1545354
757989
7904621
2306328
8409364
6400929
2778194
14618437
3622346
26339691
156766
2203009
67329
674547
1058108
5975546
66140
5498417
1090325
201120
85223
4671971
5416972
13192663
3174485
9517655
1290803
4652543
2180861
7979050
3361223
15511154
16598418
10463575
177768
111063
7821524
59414
11382874
9104569
15692598
11416515
191987
6485639
2659479
815216
650584
3720014
4626737
226670
29706
829149
2722345
110933
8613514
3883106
1597562
3069724
4492847
1014789
14234751
694160
988
6730675
6371353
19292605
2699567
449048
19688490
5721425
12680417
2756598
893605
678148
2109701
70491
11200327
29371590
2300296
203655
1897088
581692
5541554
343743
3030999
5420072
6356306
4171042
1185297
32285
2755818
2626390
5026087
12901533
8074080
18995603
2094029
58188
2307010
16890
7169810
6767236
499344
1561292
74787
5432626
1880760
3865264
27401
1187456
279246
17438667
968918
2544139
32588
4350709
632867
1110847
23759547
11934769
5777093
27401157
23278805
26609931
3348709
1356805
5085230
3960140
4425333
1083311
2288852
30852502
7577049
25857311
13619896
400765
5022049
9636556
91997
5843774
452767
698503
3766304
3240705
370236
10106781
74186
2064721
5998749
2444232
4823792
10212284
2128170
4728214
881790
4652512
2431908
8169119
1008907
3794456
2965928
1678354
4398654
4019823
25897
761396
13278876
2717568
13878015
266093
2158820
163240
1702076
14530497
12911949
4672614
1457828
3032846
13670310
15986989
56976
4867978
59434
331503
1402357
22470622
23698105
225220
10230330
8718233
20802453
4795333
56248
761493
1027611
8094194
544829
2092940
7150869
1593251
8964
25991
9922626
7133956
3142950
865672
12759633
22457842
13917696
1683625
2001248
3489739
4660003
8751621
16130
2652367
276796
15462080
173476
15320991
3648285
3835149
317903
6534192
5833786
48858
221030
5609897
9208442
723837
1707037
7162371
1362093
3992988
2163199
2813324
3335427
12019146
31847917
1050134
27731335
1269913
4370990
9641617
280316
8118370
1344585
56204
207258
28468449
3648623
5876651
9865404
4191112
122882
2184739
19839111
1379252
432988
4050904
29801570
4352849
818082
2940482
93777
4377701
7928884
3289157
24511790
876609
9886993
215673
5615572
2828729
1281303
7759523
1223936
115442
7443
8045637
22521120
17261235
6928272
18338868
1440780
9419527
8643404
262190
599717
26645665
2675435
33027301
2082681
76600
5039509
713959
6647
1951520
10677969
674552
1956775
1437811
493455
619617
9708071
96062
20156202
1991663
9449985
85353
3972716
2618613
6409399
3674098
2879492
12412035
3258183
2723772
1770661
8302467
4149673
25396420
401941
1696648
1122651
783290
2396673
7234998
6449736
40342167
10325523
3074490
4550233
22522228
16848385
3625532
1678234
1753645
18073084
2272286
1250
6814482
7131398
1286699
10818013
3182655
35465070
2523460
316799
14860941
5884734
23467888
1572023
32817989
28383547
3061958
4111439
10208
7298065
308367
21486110
4506227
410492
351188
3562037
421925
26374999
2047900
