562
2972404
5083255
2414071
3845988
208968
4815490
14981
174987
3700
403597
3013423
798057
16654879
19277008
5662907
1135393
3353728
779178
4867980
60712
91836
9208197
6682483
453564
3713008
2032323
77577
4870943
5261664
4476618
1018982
2583596
2366713
40175
172941
42463
10267961
965666
4597021
11470211
6837396
146809
299
4081105
10076664
11979194
94531
3148941
2469422
12245921
140199
1141506
12596354
11610631
7590350
2875528
34593
8843078
81887
1865584
4006848
1318962
1449542
5824533
4983671
3949570
6917667
9279019
2149861
482833
3817489
19571
3244123
337774
630365
2830596
4748122
2886542
41599
1605290
168811
14143836
284716
4229950
4444667
6271199
1309784
5759085
3947763
1697648
11676399
1302958
334405
119352
2217247
8747
6219991
14567016
8332565
48226
226859
5979348
7664670
5935362
4082196
5187329
0
5190999
911416
7695453
194215
1128434
145986
2499792
8288756
5338450
5577016
4290441
154344
2532057
7503205
14107065
14142324
271354
3072423
298759
3929695
1561607
5325781
222199
4894694
2011062
4100982
4462150
334363
213790
4406103
11667553
12207823
9697537
16120789
1445642
16496316
289821
5651567
5151008
677143
1683546
6338728
1837967
7007002
4082907
7
5421656
593595
142676
288074
1181107
5299544
2880025
53645
1629767
11201340
29186
25391
3216086
6467200
916043
1875356
14570767
542396
17625195
5887366
1935160
6637125
5164879
4368171
6527203
2886414
5066900
11164933
4393
11379731
1504822
811778
2902101
7970688
3185392
8760897
296872
5347996
12272965
206099
4998216
7072388
2561450
8305997
4384780
1260893
581614
3575683
601724
6858255
4748924
91856
5012036
490252
9765191
1489956
5985453
1141558
3853547
128
3793993
3658153
1563748
27932498
9371994
5004428
1376047
11178855
4564243
4648907
34009
4876513
3777714
4791011
84958
1411223
3087043
2507238
10715087
10326307
1
2890583
807765
3077038
5909486
248971
63329
1098667
17700959
25592491
16063
284525
902689
9662428
9070545
8435364
14295391
467313
8554266
376939
54773
6858529
4572964
8713705
7690560
1992054
3954703
112765
13011480
532344
2190708
17146421
8900246
4888050
130490
1140605
815202
81536
7591456
8307145
3908336
2237225
19603115
8683933
13148080
39465
7914136
4512826
8897863
1218057
1676052
4161527
3164343
14618437
15692598
581692
3030999
58188
3348709
13619896
5022049
544829
31847917
207258
28468449
10208
