2972404
5083255
2414071
3845988
208968
4815490
14981
174987
3700
403597
3013423
798057
19277008
5662907
1135393
3353728
4867980
60712
91836
9208197
6682483
453564
3713008
2032323
77577
4870943
5261664
4476618
2583596
2366713
40175
172941
42463
10267961
965666
4597021
11470211
6837396
146809
299
4081105
10076664
11979194
3148941
2469422
12245921
140199
1141506
12596354
7590350
2875528
34593
8843078
81887
1865584
1449542
5824533
3949570
6917667
9279019
2149861
19571
337774
630365
2830596
4748122
2886542
41599
1605290
168811
4444667
6271199
1309784
5759085
3947763
1697648
11676399
1302958
334405
119352
2217247
6219991
14567016
48226
226859
7664670
5187329
0
911416
7695453
194215
1128434
145986
2499792
8288756
5577016
154344
2532057
7503205
14107065
14142324
271354
3072423
298759
1561607
4894694
2011062
4100982
334363
213790
11667553
12207823
1445642
16496316
289821
5651567
5151008
677143
1683546
6338728
1837967
7007002
4082907
7
5421656
593595
142676
1181107
5299544
53645
1629767
11201340
25391
3216086
6467200
916043
1875356
14570767
5887366
1935160
6637125
5164879
4368171
6527203
2886414
5066900
4393
1504822
811778
7970688
3185392
8760897
296872
5347996
12272965
206099
4998216
7072388
2561450
4384780
1260893
581614
3575683
601724
6858255
5012036
1489956
5985453
128
3658153
27932498
5004428
1376047
11178855
34009
4876513
3777714
10715087
1
807765
248971
63329
17700959
25592491
16063
9070545
54773
1992054
3954703
112765
2190708
1140605
7914136
4512826
8897863
1676052
4161527
3164343
58188
13619896
