34305
558545
1489367
4320
344027
42497
6707
157614
12371
79768
54535
38461
427246
55443
423343
43300
336389
200535
50489
20137
13294
562148
334926
81
86865
555388
55060
13234
42462
9777
114989
2636278
27867
54532
221614
6727
52980
364765
53278
33622
38465
1124609
569503
2111858
1071903
3983221
33721
123917
107531
78133
407715
16809
369022
217533
35482
2892
13137
115815
56350
664951
562203
182984
54470
412752
54190
258378
291148
211893
405723
257791
45458
61190
1744085
180804
56039
68899
405303
6148
13560
2883
640384
115580
204092
8450
1651961
12839
11519
136751
52452
16113
248852
21591
78554
9558
81188
4772
817231
459345
20969
54480
6728
57686
79838
607399
58106
154765
13396
385958
277251
114646
58880
9787
2181580
1820498
640403
78033
61690
6705
62998
408108
56344
53245
186110
263256
293399
34288
333964
282379
100780
45466
107518
369832
174095
347788
55440
210742
53220
550935
39407
8143
7833
265259
312786
93934
736387
23205
1858695
40991
3389
321464
62078
62844
1072689
177291
29092
209925
278050
309815
701
327058
66184
6693
86122
44140
338225
504915
13744
50993
393798
11157
107548
62661
55514
9851
38775
54685
60724
107812
388301
261281
21795
77455
1774970
23249
13558
901031
6689
495133
93341
62682
53297
2890
116275
409317
12378
5638
52147
12602
208244
15960
59320
54448
382932
210663
180763
417937
43319
416143
1320079
9765
57497
6168
28094
16120
31185
52984
6744
151449
231066
200162
53790
216504
50842
423255
269411
294847
33703
207842
34295
563889
177292
12368
1242451
278041
387751
270711
17775
57768
57440
18154
243234
17168
4128
81225
282380
368659
204874
1737672
1215
59275
