316315
322781
34305
928620
102086
59344
206223
54275
65720
657646
1215666
335549
94999
316653
613277
204561
563641
389013
358198
514455
81463
1289
74895
1198690
591955
499312
166
745224
328553
1644119
55831
612737
217520
550304
368340
333727
1474037
610509
114973
463252
9845
218692
889832
265674
564090
530008
49632
52345
294702
78905
558545
429235
648900
691722
40069
74233
844435
877017
249297
855851
30326
66974
595442
567748
35350
311103
43187
505707
114969
511830
486045
27417
328680
310745
304877
3685333
347553
481940
20829
45585
214565
434519
355446
411526
103530
999398
915326
205411
412214
59672
268639
69669
268360
381295
430555
1081
65394
61714
212484
34292
348258
132810
1431675
471800
549827
414661
531892
90448
393808
344004
55597
538398
208677
519866
604435
716601
411111
33736
3942
119
38235
52159
77343
303787
52043
60065
1528716
313034
394088
493192
272844
585583
85240
810973
841725
80715
76440
431119
535976
339220
287777
34063
65809
65505
76530
326502
63828
859344
316305
349553
989188
199289
316042
20128
297024
212856
380368
280301
586689
709943
53289
85155
883547
520565
48485
755210
293830
33610
22215
706447
41638
8127
290506
351176
294128
953893
78974
66328
75577
21396
339040
1326382
78092
85230
418293
54675
446505
409962
299424
281056
1347837
640940
544819
191814
353128
55667
1489367
268643
269428
36125
2560
53211
784263
230926
1264
55599
204361
52779
57460
519213
38068
392153
79351
213475
25745
200360
67163
210427
51975
58646
952617
23133
99470
55241
15854
340979
59113
46774
585236
317959
39233
342355
317325
35880
282009
89583
76511
358517
209183
55767
512267
458827
658729
836257
408920
4320
330008
299880
602012
200518
304095
41282
1232
317270
83688
215257
26663
112169
784219
556035
428470
499774
348252
88638
305113
87468
181181
308254
17777
125918
15898
73090
380866
225014
6701
338553
60552
552384
423199
875341
296230
1112076
40983
22602
296554
344027
421520
411055
466767
403948
410043
213800
214212
184896
41327
85711
76338
366699
217951
629255
42497
320003
38333
361025
949850
50960
474313
562755
474316
544784
320246
328554
77827
654690
463655
296201
57218
50354
338637
116071
47615
34118
218285
1187853
284455
339995
93582
7650
20841
78021
293519
217193
272291
44698
265187
598551
346424
416159
59513
107747
210960
329397
572994
58025
20972
547167
376850
48045
642668
397281
56022
229440
38129
64857
34193
77024
288866
121506
352742
25376
416626
57788
538741
51721
53285
347290
371751
361119
276638
499470
314360
314720
34556
461865
210680
53831
839679
19877
268474
486731
269442
472710
778662
275130
781644
628909
440729
478552
424759
11173
696101
492284
35864
64854
468726
709851
22945
381352
18412
42333
299886
278267
69982
401033
270792
204214
653235
604526
631805
293405
447358
279213
596873
41758
50610
873810
306954
535685
388349
63555
16116
668434
292437
49065
392611
52207
226439
286693
280889
301028
497418
204071
268916
511993
129357
343171
276622
79601
4744
49672
89265
2515139
205405
338710
22530
446939
260948
430661
25458
81661
967153
328226
345675
357707
180763
536991
251128
78739
213836
218646
414700
97593
57497
519935
16499
293779
200342
431944
98884
276258
76501
383332
34313
217890
81656
434525
435035
210453
500749
38041
7485
63489
249080
311834
435781
287868
470461
207667
364693
513490
310648
513134
22158
316060
503793
27431
6707
59014
353839
439992
408941
38482
784279
304355
66622
91003
1573905
113250
658592
217527
52790
444762
592971
2924
1007292
420822
213396
525498
820082
276945
595870
313702
506973
385131
600658
591094
266936
288422
123337
33594
1099983
360865
330697
556476
386216
1527798
202212
47992
355644
409741
84365
692250
210283
965260
871225
12046
719996
15635
300078
439199
407326
20788
290792
287122
48629
64604
520094
410056
1084782
1880945
553747
338157
338609
206329
1174
397030
416106
929865
780316
289466
84387
424198
272776
217130
268082
95368
1284
420485
196740
157614
291995
839395
81878
416268
864786
539722
319837
467120
7691
282593
253148
378987
294234
362288
364059
23253
34034
211305
210792
6740
814679
58370
77825
212922
590248
14393
631859
64865
54975
17463
429244
330533
572423
376233
419210
218506
311030
9551
56481
539410
9719
72876
37355
361762
330262
1406150
108163
82812
54997
378857
17453
56696
77471
27869
3894384
278048
19362
269201
202257
508801
20417
359831
297145
44279
527479
668412
276531
75672
1056780
318224
260838
738846
406605
72224
213749
282041
12371
308648
474246
73775
41618
286697
280761
79768
109377
319085
56641
54535
898174
34557
74241
97304
445013
39026
539144
66906
938886
2223
474249
383909
716780
842102
60812
196439
215224
813256
1275597
370949
35498
1267136
278054
425630
418262
410139
1786801
284364
806444
30375
73181
107590
83226
286432
55760
116115
43960
109876
3649920
357297
513564
88791
215002
63255
203664
18052
70733
289317
1235627
853757
54672
886042
33804
556558
114898
357970
319819
669101
38461
64848
370512
33317
321715
577105
439824
587369
429203
27297
483506
64863
584200
458508
362034
823544
42167
293044
324389
296355
366286
85519
19725
60428
370667
317642
115121
546255
306222
5137
1560925
563424
640394
273333
872020
59881
10556
557241
306977
521566
784107
52731
22407
431205
2315093
365538
6718
472275
56809
202526
515090
589989
79431
77014
65051
26080
51663
524834
301832
327066
63033
269176
427246
56255
11717
107356
279922
121205
33751
108986
1167571
29634
208245
492549
