43295
55965
42826
43030
43607
42828
195578
90501
42609
22217
356089
43717
195647
42427
43804
377663
248093
44051
996849
714700
249435
43366
44148
992798
460700
42395
989281
990318
42986
119081
477377
65384
997741
43587
533903
43213
43612
359064
42527
42572
468392
43429
42164
307337
42281
44114
224655
998284
43918
42595
43901
43727
461288
1083925
55903
8159
248707
306962
476386
1011056
42513
8122
55938
32768
42976
42591
43167
195675
30634
42823
42642
43029
65760
42603
497362
42380
42436
42712
43244
42651
195482
461757
46277
45161
42147
55990
46375
94826
1013011
476128
42529
1012721
248955
42191
43642
46315
42924
476176
43440
356940
249594
985058
42549
42247
999251
43191
509743
46439
248944
8194
42153
42430
46431
991860
1002038
467351
534192
42495
42808
1129001
42962
42662
42156
1398287
4636
43411
44197
446174
43898
102115
43357
43132
994590
43205
446486
186056
26777
184624
476154
44038
992234
1030389
468777
116297
41028
50512
45336
8174
987
84005
