21709
104634
103001
9377
77
12926
1190
397682
1179
5798
82462
49800
280435
6540
4562
196
251218
677124
105031
30295
362
6415
847
17583
218240
645643
642664
658202
20726
6267
1384
189260
146483
23044
4279
94297
21252
514
88678
109522
1311
469
20373
179211
131024
645916
20134
110104
11955
15711
3960
5037
90851
6510
645647
101267
889
482708
10843
108601
14777
1999
94018
3900
92674
66332
2686
4630
3162
4418
273098
11834
20011
77264
93539
3365
646255
51821
27562
181087
3813
347330
3490
115673
21026
97260
3491
21058
1001507
715155
587114
37312
113693
63622
2538
107261
20429
122873
20390
60955
125067
704607
645596
155431
107575
38316
660238
111634
60320
1244
1065702
89827
38282
800
4221
72639
17750
722
38373
48772
2661
46
1019953
622419
111520
219
196364
21312
5050
110194
2513
20538
4950
104540
64040
5139
10111
84334
76517
20363
1259
20350
17105
518634
1071
167905
2539
25649
194
143923
20164
87920
141
1868
2282
4889
123
20303
3477
4718
732815
567317
4409
115240
8956
662416
89950
92959
167576
25524
644398
6331
2584
1242
568027
5425
3414
94728
2087
20089
21159
20026
662219
11879
664092
266851
451
807584
2603
688078
6130
10038
95697
645595
220754
2462
35682
94481
966
6459
642539
21170
862
28513
1021638
45154
78618
640858
108623
2817
662189
23840
315154
7867
27245
17316
97520
740743
7784
63507
874
928
20610
661234
16531
20249
11816
60358
6599
676429
101830
97028
31842
2232
78445
6009
4935
2299
383
30173
38017
86185
95895
78730
17292
66021
662634
644567
516
479
642689
29974
3155
14122
88985
266722
17855
42957
354217
112194
10039
17845
375
780140
105925
20704
24977
64061
264202
642501
118680
167694
4833
77321
2810
186750
30322
59853
217570
3306
21112
320049
99646
60362
72481
21147
21053
39862
4459
6407
106315
6683
63414
79801
100761
11811
108493
69786
6651
22033
4735
1182
77327
21341
1068955
7886
3777
20356
998605
61543
518
29312
1012
30215
20125
642509
1489
77316
20145
645490
5000
266829
942
4613
197770
63743
21193
3053
642464
1998
643183
1088
2316
4049
21473
72587
2525
37068
646634
10284
105
160769
21325
642490
643181
8522
4694
690002
159641
44012
1504
662159
38371
28220
807
350
3803
4456
8000
20672
1986
19943
104127
188807
20024
18008
27210
96965
86430
17263
4669
702853
199860
867
93479
20506
63547
91029
1974
48368
674
84144
58495
1963
643719
29504
37352
20941
9038
11909
15895
3458
726
261432
5995
19821
62744
93536
63461
20484
3424
6457
23462
26622
112195
649137
694116
106990
3505
62853
649283
7606
20643
642861
21321
4259
2834
646812
36654
649251
2420
33705
20369
4958
104704
447745
16822
268933
10788
656722
529
27685
3903
642536
62792
82102
106982
11849
63353
7883
176613
72459
8405
35660
1528
47543
71092
419378
104136
27803
27161
3652
11896
33541
18679
644100
20415
20566
61517
35825
30049
1440
8954
20891
64017
95743
104543
21224
12704
1709
93706
6514
4868
11813
3
9304
67860
276656
2293
661664
2724
1077021
1118
104832
166737
138773
93857
2527
7806
18172
32542
105939
4084
21249
36072
23669
1490
179149
112235
101916
18105
677979
18812
643250
15763
4636
74738
71120
821
1273
511
14823
1168
68010
17361
701
1983
22689
20288
97416
178233
38384
43734
85996
75543
33594
126291
23129
78451
12682
1020
101864
8705
17920
698531
702943
8419
97138
2632
110048
94665
2464
802
4351
663021
9492
274921
3671
27792
19241
166705
95945
138675
213
11919
27836
62518
950593
5273
47112
72526
679387
4312
666953
1431
20321
642838
234659
21231
73279
118676
2348
68030
5800
686673
403
30256
5693
642549
191415
4877
66565
10072
33626
189524
122126
4657
175669
20422
36580
454
72485
4082
10
103453
4177
3948
4696
95705
20472
758404
8837
106655
21133
3401
644353
731
59878
78446
9291
91404
5934
38357
82110
4561
11778
649184
5513
17119
12094
87866
3461
26781
27259
5727
672244
366
35016
644577
676883
266806
20558
25030
1833
13696
6466
3015
4117
4814
7347
96964
21351
9357
31339
27814
26353
70144
108611
166685
11809
27358
20826
118858
30097
14602
772
44005
106354
47794
14250
991775
92703
695405
108221
79955
1008
89985
49750
170155
77217
269348
80279
22014
1243
27801
62719
616
7621
801
20575
177006
108983
91359
21100
84482
19270
44004
17391
60083
4515
175794
1853
70405
96987
86605
6391
1107700
20804
105477
17955
26481
807472
61507
4965
21181
406019
90508
1069968
177794
660251
11934
1258
647829
97502
2774
67934
93032
92796
1006931
77987
701424
2809
451731
71127
114921
11238
93930
831
46296
117224
939
103
7915
108563
66421
96268
5004
38541
1411
31427
4249
20998
21248
108477
42412
53319
105934
188460
23007
2485
20724
228945
104701
20990
406
12576
661070
77294
643591
57936
662437
79309
18034
3005
38387
47555
30291
35565
94238
77989
4787
4716
1086053
20592
25157
7682
20912
88672
95152
93752
409121
5584
21081
26352
223429
279476
113768
33787
4955
28026
642550
13693
95008
1202
60204
1063054
186698
202884
91520
401876
644543
4144
67434
133389
31
60260
2559
1991
43376
5423
1819
95576
702852
643213
5451
3433
6494
20799
17709
5053
21219
1845
697830
18854
89951
97346
645727
9255
111351
640978
190320
107535
104690
1333
77599
3548
83930
92843
3551
2473
78548
766810
665215
4293
20201
766576
70818
82342
44
96241
35896
5366
4910
314096
126133
18674
6429
97094
21116
117549
62544
20679
651012
643836
265301
3568
759687
738883
17258
734445
20381
104126
6492
3695
100270
129268
203
4311
4570
807041
390
18634
4435
226654
22778
6964
3402
2117
10874
650456
90087
20398
61496
186756
66376
172077
658204
460539
661399
690
60606
135717
6225
238008
37194
90162
69931
27463
97019
2344
96750
162223
77838
17317
37057
787053
7856
3119
71245
110697
878291
95
104091
825
494
94145
39681
4623
62312
20078
12213
1218
4388
710975
2782
699729
78647
175725
5203
880
4610
4482
681379
646131
20638
1704
108927
649257
184333
22463
33
106648
645702
1176
92633
65478
3677
642571
9880
72467
60449
7205
24616
1269
1897
7790
919
678827
118729
2673
640579
732340
280252
639858
69813
21013
24434
195547
1808
122853
4234
70141
1009453
3482
90888
20876
1112
234693
63732
18389
649536
20658
30138
20137
91284
85529
84514
25653
689971
75011
57889
9051
2993
30374
104534
687
3408
9849
3555
16343
689813
6536
2569
6778
77598
147411
4921
60068
78450
196045
19583
8548
20158
9954
57914
275744
106143
82321
4850
83987
106694
727690
17152
96051
21137
295268
30250
37398
838
37334
21062
64066
1251
21222
20392
83213
90
673984
231216
84862
645693
17
20997
43921
660678
31413
676602
107224
33893
716316
9358
90534
10052
33623
498917
20203
166181
37353
7869
5455
92731
1239
63668
167980
21073
2732
93823
6558
9398
110068
592
18302
71060
51268
671658
2708
8682
1866
2953
1064
20215
166594
21
645686
20798
126741
30963
12019
122057
1029195
20721
226625
92834
85555
27543
122773
77883
20746
28959
50561
147826
410196
1043838
84865
1073128
18938
10419
125688
20316
47764
104677
9123
78499
9800
89469
305845
4174
1097739
404396
6902
3515
20059
4916
3837
684219
96225
71075
106318
20395
3549
1018
20121
310
93659
1187
340
107408
75006
714495
79180
5464
17238
82057
22641
21352
74794
20033
995816
111352
2444
122753
89583
527
59369
9027
222761
105217
1089811
60368
208126
408040
59838
102805
131135
21050
62206
38246
4193
4733
21883
27
104553
4899
1856
95289
2548
2720
3802
27682
1121294
1495
660072
5702
30248
3227
6932
9895
103388
20325
104019
2710
1316
20349
78611
126117
6462
14029
1574
1185
20692
29662
637276
63621
101094
4305
662331
39062
21472
104698
109988
145166
20898
75287
636746
51825
93764
46884
54528
740137
1271
9239
21234
2608
5701
4235
10598
94140
1997
645612
643049
77335
96106
29280
10418
11887
230514
29590
1628
661610
30883
11837
11796
198858
68175
7731
15691
2689
12
12415
112702
270806
18420
18863
680246
810
126756
108495
221169
102606
30274
69391
18366
644920
94026
24739
26084
65170
91447
39827
647927
94846
252825
60309
657450
24206
211274
114385
660328
75621
96262
7831
62528
1224
97009
22223
1530
164220
62903
9149
7895
1210
3064
73963
20384
38450
140019
62632
1087816
110904
673305
143850
20297
104696
93452
177219
79719
4828
20306
6379
63585
640016
10866
100771
672393
95508
20774
18710
20199
104093
663503
71211
63989
104169
6640
20557
20364
6539
20458
13846
641866
140669
17259
59675
3508
2194
1018746
122791
291185
126129
38428
11916
11761
402
1368
11945
1024
104133
9383
20448
647043
97284
2775
26163
167635
1036
85657
14182
19572
646419
75044
38350
1101
37956
97413
6210
82341
21430
1911
108465
6578
20866
85592
789
2196
29579
84957
642803
2422
1813
18047
63055
3744
265314
50599
790701
6576
11726
6371
3728
38409
10007
9402
15242
138054
20483
71093
8099
9147
29675
20758
9040
38340
659969
1
75045
113679
91995
6543
402216
356924
20457
57911
9192
640017
22751
126608
94844
7789
6448
640862
1188
21783
3882
9021
189364
25520
95489
513
645456
4856
201469
37055
38470
222724
662194
93528
1450
698535
951
8745
1002514
97098
18088
20345
164464
91977
1018614
805
23072
155
96529
962
39194
221835
2602
1319
850
24312
124214
18502
70548
658706
657377
30022
17086
27218
22994
62915
765567
391
179192
241
2246
8386
5134
2664
77634
20586
18823
20511
649853
649240
11697
27302
1958
157707
126136
661951
1039398
20454
6472
92940
1041717
244773
11009
7975
91512
98193
215775
676110
234689
21963
97373
1007432
94531
20945
12579
21020
657640
60423
77295
208273
106718
3179
92029
20358
4872
1703
11484
77935
444254
1011428
23858
8952
3101
186478
298366
132538
30141
323006
220916
102395
2286
3842
20394
124023
155423
904
6404
956
642768
1843
111467
636736
69
3851
85285
14778
100794
60121
12987
95927
138504
20817
39087
96018
60392
7924
249069
95848
642631
133563
20205
101817
2058
247
90562
80276
822
19988
77297
62613
19951
21076
33825
255
1068
25127
694078
35520
481204
222550
4904
5594
7777
1228
112330
384
712
11413
649214
24803
6453
30344
21771
46682
8640
4141
883
94199
660221
18783
119778
71119
114984
21550
1248
20948
92787
737274
833
17262
7999
28576
62921
21241
947
47574
74581
7329
8423
1282
265268
7918
32997
13499
234732
1055453
12258
20058
125251
13904
20933
661142
673641
186563
3099
313
107485
2234
515983
21289
940
20906
94524
6485
93567
4398
2046
200394
710
9250
81944
660570
1033692
1860
4139
434141
69834
5093
29975
21008
9381
126034
2822
101495
11461
33584
177239
1265
17828
95004
3211
60473
71240
91505
45391
95019
6437
10668
83681
20878
1025810
3473
63836
212420
661987
209
661420
20720
4443
1030432
1584
136589
77110
84996
8291
4989
1901
279498
645526
145242
9348
661654
642989
37661
3457
23429
6497
107273
638611
3912
372105
220135
22803
20844
660471
642877
18614
8934
638610
78799
1885
84023
64005
18108
18841
74619
1499
17342
686692
80282
2099
126748
4230
5234
672637
16172
155328
61315
20989
16930
146832
63956
85490
1007
230052
212536
195331
20961
10634
37314
9497
373537
21513
167658
73092
23314
9129
2870
69780
172960
110043
20572
29769
8256
21158
61716
1005208
20927
240395
640895
4571
33606
160264
21122
49474
94578
22457
1735
684215
21329
74566
6151
11881
208974
638603
126107
6974
6418
63945
660234
21161
649411
21408
846
206
2378
6318
37609
17267
24816
130338
4885
3305
22210
8839
77889
126104
38397
7904
63370
4951
178614
128617
3959
813
63968
4902
661448
63715
17087
232103
662158
146934
8744
37396
63481
20204
639
646628
117130
71602
20710
108464
402225
1003560
5753
57840
105662
5546
94579
8029
1026495
3681
1013678
96886
2759
4943
658281
20423
93074
149666
646193
39160
3996
6475
30024
20234
125694
63515
93965
13889
3606
67438
60528
30230
105327
71
656720
3052
225104
2719
759077
710072
640399
82469
357530
30888
103963
1040337
18619
175710
96350
124961
1600
100125
21144
8181
60602
907
72323
662157
30212
2496
20012
106883
94613
36698
106984
20195
2507
47763
3231
66737
6044
106986
52989
46679
1027561
12295
4347
32877
143753
254926
70413
354470
96560
66350
21789
148275
231364
2844
82049
15558
7811
154506
873
314229
4905
57893
3207
555
104132
91476
2423
5654
33783
20910
185094
4986
110046
101156
661746
102513
244113
12951
3230
84758
639960
21175
80066
20069
63049
17422
4088
1661
11848
27053
311
13024
20928
15715
188455
30669
20491
87290
30951
645680
645626
88709
79927
1275
79562
4799
657993
5538
176952
25988
24198
2301
96155
105045
93559
25
77320
121553
7651
266855
24810
2982
18244
675
1837
18009
19462
2900
94184
1887
96424
23991
671685
54859
655630
21146
4238
736804
227987
79558
92300
9395
90991
91327
96969
268336
20425
114445
661611
83731
183681
20659
25229
20831
5860
176182
20231
89639
15152
3864
122710
296
38070
107898
2121
1910
652428
178560
4421
23904
674420
659787
1013167
66500
33772
82163
106987
104092
20209
93219
3546
13737
8879
8547
27976
18914
77338
646046
713685
5829
18876
3405
4244
5960
100140
3394
1794
932
21139
646687
8633
7694
15472
6424
127492
114462
4771
530
107908
15143
33015
20313
97144
5951
101719
272448
22437
36
21326
2773
28905
89800
21627
642998
1394
20587
65093
9403
644766
12472
8969
714304
107902
23704
1261
21957
20269
20087
657978
167572
77275
1381
20018
1023
114327
4865
18810
35752
153914
4897
63420
117086
3727
3971
20932
23070
1029159
11931
96698
103449
658225
37184
4239
1011763
186759
20637
122147
112150
6754
20169
5197
668181
2721
49933
100126
914
7708
15289
1041416
2363
696509
21616
79689
186704
133947
14254
73060
20939
57407
12976
6139
4332
164829
71173
94127
6526
81481
104836
240396
137363
83889
29599
9109
37339
672137
63277
642976
72524
92644
1181
65210
87867
638922
21171
77607
4711
91958
273581
178507
657449
5826
88573
20157
2312
16686
123338
12365
3578
104031
175822
7779
657336
172439
1232
20694
374671
38294
6471
20486
373833
6508
2076
64787
30131
6395
85228
155191
112301
21205
1773
101807
147056
62875
4368
37403
136695
100768
21143
6810
3042
21304
62877
49647
1822
21250
18117
60345
107901
103209
20412
77414
16115
95480
14702
97325
78345
7028
3506
1262
3647
102636
9324
136653
647994
60614
1070001
75020
37379
74538
78677
22465
24320
102376
38374
71132
20051
69487
6425
84872
2062
717
338325
77459
27019
6655
551389
117314
6731
93521
3986
2727
18370
18054
167815
93411
1069
71243
188544
2683
21589
7718
303637
63331
66349
170441
93
2973
55121
104196
649813
38343
74638
63717
24710
1642
107977
64083
647301
21599
1257
51599
4309
171133
100176
27901
91298
71153
77299
17275
7681
4541
231215
188936
305336
20725
130965
21017
78577
4847
71187
50906
9115
69853
17309
866
6680
649222
95475
69794
200788
95622
77329
29954
87959
32
1886
91409
1006519
679657
116547
643985
106688
21079
77659
104129
69833
26850
3008
12573
60085
23933
707
155746
11866
20007
927590
324203
2820
79641
1063070
656704
11905
68027
20044
22573
11061
97399
38337
28179
75025
116468
146021
29574
202261
435225
3503
55802
280986
703683
38472
77541
177809
6633
112743
80178
839
31199
6674
3126
60095
1635
1246
20946
94242
20772
61454
641261
94301
72399
1070219
997
73203
1631
530631
20951
23133
157176
171758
77340
659798
111436
33132
93632
9393
107899
266503
558
30260
20964
660553
44029
107928
11870
1023466
266758
20663
96582
1891
71084
67734
22486
3167
650993
635705
175625
160734
175739
136850
672652
93523
51892
3523
78676
25017
30343
218666
243544
3085
314873
537
106983
165783
93476
4220
90995
640379
62199
4728
62900
104181
689962
21083
282823
20280
28925
291544
20351
96928
51709
30153
208123
155865
50392
6659
3533
3935
28961
643033
62760
391474
104862
11892
1801
47714
728304
124941
2939
701577
3481
37621
80488
4242
3371
1107786
1049
85658
112292
95252
135351
661498
671840
104236
32464
728
160830
93945
91961
24109
79071
162138
71488
170698
713024
1171
18304
95627
104697
95579
62850
37649
21503
101623
127072
61491
674081
409552
4997
60913
20982
103426
6504
241905
25933
26575
38537
94014
104702
81568
95285
17154
6575
2166
16060
7887
3024
118516
101951
154445
646289
1985
94914
233413
139
415700
96561
651485
1364
202299
74664
229396
30269
38675
5987
9124
62824
22867
16346
80175
715909
4258
18147
381938
1789
108830
38279
151258
38398
649225
20434
20031
19998
22932
5698
22951
646129
87951
93583
35331
656342
89888
5148
4741
679347
3883
234692
1226
19724
658219
376276
15716
5630
648298
263711
21344
125304
4949
38477
3446
1351
4781
2197
20873
22532
20603
684217
27035
27647
115332
1110376
94248
425796
91994
15365
21117
64240
741573
678165
77942
342060
1038581
211139
20477
223178
2962
20800
96081
103913
8791
297710
62847
11395
737534
116162
22747
30799
1085146
104533
101669
10236
140862
2026
657448
23000
17246
3168
8940
36712
134141
107560
13567
26856
47488
1084
107924
77319
20851
11904
717436
94229
3265
23536
121953
480825
95010
9840
110900
4928
20780
6274
231050
93892
1063
192967
21055
287959
6456
20227
106802
71164
86340
154085
17684
649311
81447
643162
97378
20159
884279
60243
3384
30933
7961
27985
222602
23497
17283
9500
59970
9378
752362
126106
12140
18858
75060
72468
104683
2433
686811
16875
93269
644178
777229
78625
192412
132922
122845
93310
542
2057
157635
429902
30345
63745
3154
5457
160560
3460
20320
153277
107367
641848
21033
1078
645670
154600
60930
93424
1096010
656668
447
491
122673
123828
72549
118723
648308
35775
668255
71460
5129
18324
54527
100149
36313
2693
643337
94255
79215
44292
45267
657357
274786
642369
44549
5077
123842
33688
1041808
8516
63674
640363
155527
648375
21632
12858
82009
387
60061
3530
427230
85274
455314
98868
25460
9024
252753
67922
646139
686372
179088
95340
20156
93407
907684
24420
105821
5927
63886
196483
93718
510
29171
1741
168057
38308
642613
18527
20578
69754
94084
82472
235227
664169
649525
232413
3009
9344
200632
23224
20323
252958
322922
105960
685972
105791
781521
101882
684221
10795
22658
175827
5472
11894
656730
78488
2251
193227
8856
48558
67931
305466
27171
3403
164636
747721
26073
87927
271846
158709
20879
22568
5788
13697
31544
107683
6481
6956
290
341247
8677
661238
6706
71191
907982
672650
78757
94171
101442
9734
104693
63450
4555
107558
649286
71178
112188
134032
59946
37305
29230
2479
82007
1867
2557
106347
713734
77627
9326
4314
107228
95272
642964
29977
661652
10031
62677
15708
18878
20474
108113
93326
122737
155178
181787
642794
70085
312340
19616
62361
24013
4393
112196
6349
8617
62843
20256
16007
30444
3516
6385
107900
104125
20327
97140
27323
2487
71179
230028
4526
660216
38806
138595
12676
20924
1041
3191
5059
108616
662351
37293
66217
71267
138375
345162
85054
133962
11960
665214
20635
114465
160814
740772
38231
9206
642873
77342
21303
51841
643094
15640
14436
72589
77306
642478
100419
71112
1073107
92252
96344
9429
288
117935
177076
20551
7994
134129
75879
3589
20049
29447
26574
281679
67741
7813
655623
21549
23631
116989
2407
124112
26391
20761
92855
47544
25169
12954
77330
77311
180685
42
10283
637510
71195
64077
640774
7962
8197
11793
70661
93296
2134
43
94556
11795
19999
7292
130997
643374
43482
8364
4791
112129
23016
211598
62842
182
20944
9411
20116
649236
6623
117009
809
47848
89634
1899
33129
102915
129953
4852
63973
62184
20795
652673
200695
20102
227895
30776
23734
12269
7416
3683
991906
20621
646083
9658
37177
91251
96
95237
46720
21211
20781
122874
4820
118777
118527
79236
62638
640384
118503
4724
13641
195579
646231
20152
137650
108785
137982
18571
697819
21226
65
270072
454700
70107
3969
10729
620268
3112
21182
645583
644827
178175
90221
197040
1059
27651
8447
104555
93419
25378
38298
693224
96568
33164
8216
147637
21016
93112
104582
28206
175624
86138
8717
17303
77934
4010
8607
26164
23566
15328
409103
11877
94664
8184
22551
77420
729
60317
17062
110744
167008
275
1820
678398
752616
78622
267793
198091
45341
341292
142358
17268
104363
234777
660223
1063520
7985
107354
640376
177282
9905
183844
476460
207918
1587
21039
132759
69946
20176
5237
100
3779
653360
927
6422
4817
245509
6215
20067
20142
43680
20455
118759
38250
30000
30948
9606
642671
4285
35290
67440
7005
112236
19813
661924
1156
663311
742
118893
1023269
36597
202789
91760
59613
196423
21028
95933
167
202176
29999
674264
28988
20517
177336
9362
21447
91966
1870
61905
21199
179775
23132
2605
1751
288850
640300
82092
196614
71564
656706
1056445
60455
94996
23866
649273
95374
1014206
638849
106557
7758
30288
643560
708998
83557
122704
647928
98098
3967
670892
101695
95064
58419
118768
24070
2318
1006176
3807
696115
14255
20618
46868
178126
33707
51832
20063
21660
20041
1814
37130
62192
265284
1044927
37378
1834
3796
75183
20163
6400
23217
80044
662350
104149
99641
44142
68124
634
994088
5205
51767
2879
96015
515150
5048
1061557
56385
29827
43513
1063987
642645
136261
3583
426134
28623
24395
71018
21080
4881
2056
657677
91009
20220
661408
72401
129959
30809
108617
20405
108561
15577
743910
89454
24163
130378
18148
3733
1996
1847
642782
7805
38362
97108
20464
6440
37027
21029
642499
8689
91412
88533
37171
33472
241784
20494
278192
95308
678965
4776
175758
9356
5874
108459
83377
638790
155685
92534
706780
4028
37190
93594
21202
3219
101770
219819
1526
64854
23582
735981
50111
137829
9366
4813
20988
116948
181147
6088
20334
122850
17270
126092
82415
20324
715780
92726
29139
97317
95458
788435
151914
70629
95908
87251
104532
100173
52296
18436
74773
3708
1848
2245
1160
26443
20803
88649
661681
11356
95491
6375
100127
38534
60900
158585
104299
129372
13657
243554
204100
78369
1454
71125
8788
21274
20992
8719
20902
1593
116
665749
79243
408
139157
90867
218159
638807
9939
20959
21310
181790
649209
166655
1890
4908
33801
12574
20052
657973
8938
275015
63640
20247
181165
124071
60649
105533
280407
30258
8591
72426
3973
107567
21015
189366
272436
660793
132891
277758
9883
649527
3046
881
70055
3497
92745
161439
73213
62756
4751
18112
278203
92552
20576
20095
20810
20867
63325
20767
9004
23022
753669
96945
25861
644167
1836
636156
60341
4993
658459
78640
90545
645507
640503
1032183
20856
3478
107563
101790
90891
81453
21969
118706
49643
695747
646367
1010357
71176
4229
66336
18518
21084
691965
92262
37063
167881
33565
18462
62517
1649
30113
2227
104029
33581
3097
96711
744
22512
31904
134044
48603
5872
20580
20682
90046
3429
11546
71181
643559
138421
1294
663582
364508
6426
81981
18481
533
7877
255352
69888
20709
104350
643035
59608
104130
122109
20190
94059
61867
4886
21163
78860
12000
248393
5156
209878
70153
2122
3790
661391
63993
1016792
31038
115897
30040
649267
11286
1038962
63943
758957
686421
30862
30360
10009
713047
101646
17435
21070
142963
29388
407839
1037570
6465
106418
94618
13441
175594
175697
11929
6812
265315
94614
2470
648562
114243
435316
84977
82156
11303
7988
7878
1030085
377962
100751
178473
4981
1035
170686
9995
96654
1057881
4870
6386
73259
78951
93478
127232
94550
48360
82460
23521
180594
2049
184155
22409
92128
96553
154862
92074
91861
145655
74770
10967
5803
118673
4739
59967
101699
30648
665596
4855
101883
175715
126137
71067
228491
3459
143837
2242
20789
118812
3194
24391
6399
18208
101721
68196
6710
765202
11963
248
126112
155184
87852
9440
315907
148636
2029
212189
21097
93713
20596
43742
132750
39551
355471
77260
1048329
20081
111330
93195
11908
35313
643467
643229
21275
64315
4963
80439
662129
8497
30134
90607
63672
192814
175786
3739
20106
27416
20180
40488
61120
21065
28559
4925
102617
1108018
9391
16407
3537
113629
18264
47804
175688
114468
645631
159537
79635
102522
47525
9450
16994
100924
18684
4463
15552
153
75186
22364
38388
313012
115880
163630
13956
4112
162625
1119714
99715
155521
2846
20805
37026
33694
86031
35941
1005895
4079
104675
4196
741544
92852
640292
37031
20813
1461
137052
1305
257532
21465
35451
156605
25098
150064
146802
6269
4723
3399
81573
103843
7487
10672
82420
192010
1688
96515
29761
28134
85327
5929
664530
182928
20126
939679
9349
94113
3899
20649
244962
649939
1779
43687
3514
78641
118789
63531
21067
139346
1236
54633
643543
14459
91942
49687
107678
172173
396761
230964
64357
660325
4324
39748
204925
5420
22362
3061
158900
20809
638632
92321
64041
266523
174831
68255
6761
21562
662527
653564
84425
11863
109657
659841
160868
1750
149240
17299
122785
92696
991893
211108
26791
2135
179176
163440
87926
24033
186459
29663
71038
5099
320560
123040
22615
607
7735
426101
148763
90921
695911
206548
107476
147866
60123
63878
27038
37705
85963
31028
1001949
110105
9917
21502
247255
21725
21891
21077
20228
113751
90212
25997
83626
348
168595
639471
107760
671019
8117
11479
1679
238761
60279
642
2898
138508
20289
21153
15533
2244
37134
30137
186778
3450
4333
9867
8870
37952
642763
27130
20393
202147
655767
95602
7577
645576
94252
88559
803
73244
91291
296785
29660
11886
113440
74518
91270
63632
663013
1708
73232
90535
4081
245293
679777
21120
7707
60426
33577
16777
78649
93172
107858
658388
997937
20502
100468
6147
127697
6018
6319
131309
25097
20365
9900
15928
1016684
3950
9351
21240
3740
98120
155525
137900
3835
138963
5394
43679
3976
33654
52260
133109
18280
622595
20086
33876
14523
75026
57863
63520
176957
30363
645621
643238
30482
71169
604306
89880
92106
95829
69856
70978
269046
128675
17404
94267
78286
26989
92521
32497
73005
77252
35429
90863
94962
27655
6779
97434
269998
4767
6474
30788
91763
72488
62068
20954
643172
459972
4725
1839
3215
186648
30107
96705
71136
4942
324178
665843
90931
84871
3427
56589
1011424
271961
53414
272086
207108
88534
662289
234756
31041
6518
28974
6405
3066
9935
5123
16049
97513
20167
27157
175814
2600
95109
3480
78263
22367
60493
207574
82109
62571
648421
32553
1767
435250
20829
324281
158582
21916
640353
102942
90787
3558
18459
713825
152701
8571
60499
37244
210690
643349
27203
28927
20060
21169
646714
20417
865
642585
132509
7389
705950
658362
93190
33632
73
13703
224536
108556
6501
19415
20508
33918
6464
20518
9449
101920
4318
397211
223580
141697
43369
96113
29588
69816
916000
21210
29578
92264
21187
11273
4642
643119
96729
7863
657680
14484
110695
266843
37967
108463
117458
105014
60224
3908
3916
78759
5160
1147
21681
36675
140049
56388
21575
90543
20908
10573
38030
2699
1967
6423
100119
247474
64102
37243
20870
77333
39126
107011
108608
86177
74672
131825
3921
26213
195841
778686
80289
79232
37329
14812
234683
741791
30119
28051
88450
175816
23298
104201
10071
77305
8834
641
72593
205421
20794
11839
6707
2037
4320
145275
60296
694399
916
1061600
657913
196425
640822
110370
228175
85052
51616
184442
644786
33586
640334
10549
142239
317
77474
60233
44370
213003
303713
21965
672677
53608
101600
674219
1524
28935
30887
38360
2118
36433
665189
78273
127542
44206
20111
640636
11823
671145
17927
134027
14785
96243
3673
190367
643335
70121
28097
59894
153647
10751
1074
182509
338895
1039296
5889
661362
172694
21460
4190
102787
138567
2519
1592
66335
646685
4987
118537
6721
122843
2095
231489
104541
642273
33741
223430
2576
2711
20567
343396
507156
28921
19560
59979
21604
11822
60028
22892
1707
88588
88480
63881
7182
12194
1009462
20542
3335
122974
18819
646711
240982
71140
66342
69823
30246
3747
63427
20295
78787
29840
27339
193016
77276
182421
7799
633923
71251
92287
638828
95652
101971
30292
60585
6460
29402
11026
108796
94161
78636
94845
678108
117059
20973
38453
39064
139464
92374
59764
187112
25909
80606
8480
665765
2520
656631
59827
4730
13121
77278
6525
175599
12825
85373
100159
2850
657916
645607
23802
635830
17886
20129
44427
92011
639371
1354
25256
25075
21782
3152
71138
16008
134845
98081
593582
78639
19875
22190
20066
19223
700
73355
645673
130577
994368
8690
28514
4241
22657
9609
62564
643161
8643
25847
641835
4977
18691
2131
638634
640424
90938
660236
95218
191650
305422
2105
20754
41561
1092
111353
162026
644688
51046
226650
100165
649910
161030
4834
96085
52183
371211
87930
59999
829
6299
26624
224770
20687
413964
131599
20197
112751
325243
177101
679480
11884
159328
12738
3665
636792
71106
2161
994753
764510
7560
36908
159303
91767
86900
93225
95538
38511
101492
58097
9956
20901
33587
82217
4052
85978
19997
117307
33860
134061
663010
69875
36553
94069
94953
4843
5109
660225
104131
11865
1049173
38248
91527
60229
57844
158583
402817
75027
4844
2599
95785
71166
1832
4369
5130
55879
82153
775
663549
33767
88620
222864
30175
278859
75799
764160
37129
132779
167247
59846
89911
59983
36628
23045
662172
82
102905
94958
176456
916468
11350
210485
37255
146937
6533
130389
75013
20512
157654
91358
660267
85697
4804
9552
93351
3340
24896
101781
328166
29170
20050
206751
226563
1149
82125
20514
637244
20723
198747
122395
82157
21030
53400
91488
226129
77308
4915
234735
29951
90597
126250
19297
78061
22746
50869
8209
3511
160697
55490
182635
677950
264193
25118
140833
23151
123134
557531
71204
33669
78607
257648
21237
539
92739
6196
4248
658214
112773
1793
640046
205818
57082
15335
73384
213325
176578
20232
71221
293556
9531
101462
695819
91259
32941
72650
101857
198390
745661
219915
73122
62127
85360
5739
106726
140849
129400
101870
25745
60226
44750
29810
30341
101771
63537
8476
9742
20598
18028
266653
60477
8730
20335
96904
1046602
95825
41515
354125
645634
234731
91302
112708
170114
88660
18138
94924
118741
158698
184269
21499
65930
9405
98768
186741
94343
17416
649248
20650
1893
9056
648365
647754
644036
37297
37306
7827
104135
102389
198031
20207
672370
38303
61712
3420
229031
77269
50592
28148
693312
90897
2333
196481
95148
3848
243303
118529
662614
62629
222785
25732
13164
706
218973
122053
181262
59507
65245
126808
86798
1522
645845
24732
37201
6469
954
71238
175804
133936
122688
105750
42129
20166
230682
360335
714496
73079
14019
20252
11921
175290
116888
3116
176998
20753
104423
110480
645860
689957
96919
82167
191964
22705
47549
33596
37188
101585
58412
75097
862133
221741
96188
37300
262984
646745
104320
642492
37179
37127
82047
101933
660639
884110
96360
17291
4914
35396
55600
3998
693476
27514
60203
21784
802056
699925
11914
19431
24061
148650
397183
689455
67980
228728
5162
644008
37250
27331
1267
361017
95346
91938
172078
135632
21261
676904
22745
4106
643702
51827
972594
106500
89732
902
657994
114470
234699
122094
132863
4964
36755
131027
18792
253421
69858
837082
177753
82451
637333
35753
82128
81926
150036
6322
3750
689001
33936
199208
110899
89564
57751
106976
749275
37872
20921
4303
75179
17287
21069
114326
4858
180165
29149
176466
640488
164549
23102
91372
44894
178589
184439
175833
3769
104171
30217
212329
339697
124014
4215
99484
167608
101697
886
3999
280712
6559
20874
41815
20065
2556
4488
75069
3856
17943
85007
89755
643030
18972
78779
649266
20291
657692
4280
82325
692199
179121
694765
8874
148671
3025
640820
715450
642529
27849
5072
31884
122677
4075
89841
521930
185904
59934
914321
97322
442153
29728
20911
264203
71885
27774
17148
77336
676940
8368
87912
660345
158754
93692
678168
38315
112197
21108
213776
339141
137385
4194
4894
30092
20595
47496
38301
96224
9382
6442
1254
96900
642709
14668
4891
647789
95930
94903
716446
21343
123220
93329
234708
20481
651571
4788
35808
22478
23966
63646
59610
131144
160681
173183
30149
110466
8382
23955
287153
13691
5024
9321
21156
5675
78632
4773
11869
174632
1797
82113
101356
20507
93344
104329
78624
513204
84800
113890
95176
59486
1667
125371
81288
175835
27308
79458
167226
705
3577
102937
426874
3616
33717
2814
55184
1013878
1081077
158
419356
18894
113678
673962
290288
1925
44521
107726
143890
653432
20409
22116
37054
71216
5044
60573
20923
617151
1418
649232
65407
92804
116052
75
138401
63618
97015
92278
62540
94528
89771
77298
154
30719
7376
77287
25845
210992
640404
18845
127717
61659
112300
726585
36750
2714
104365
670437
36236
63634
25802
107405
339712
152094
1227
6898
24794
719
26016
177311
168381
204490
94413
102903
72512
21453
389
127835
117346
30646
112192
101921
93933
1175
30952
686665
11414
135771
124129
30168
78290
3581
37954
1015292
71212
26079
91525
28904
41357
684216
30225
21068
660561
132384
727200
21165
188774
8047
3540
30395
465616
335
58786
27318
79272
18364
2825
26639
93723
101572
73038
43850
47546
62992
662160
93239
680296
112737
100226
647073
684303
21106
188441
1249
19578
79473
21072
85015
30376
62336
7611
126211
21345
23718
72437
637220
108485
37148
101455
643279
8478
732
132981
648872
1143
480
221749
107684
62524
645120
93634
5042
198183
11694
79404
8026
6473
122784
95866
12366
66436
1015
2431
4383
718
684316
92531
238037
64116
137824
13244
257652
658609
12320
175652
640500
144624
107672
5869
7166
188458
59597
9804
114657
12257
888
649123
643002
124360
2840
180386
80027
97099
172774
73356
27320
73050
89752
664171
195384
180566
94983
66355
4947
1850
35280
48367
27650
78805
20210
678163
60333
643354
77312
161288
140593
38531
160788
30127
62578
85746
112168
187041
49688
764542
33635
94751
660572
645172
124592
3496
175130
989
62815
2660
656638
207792
1841
12127
21038
134094
63543
1858
231819
4499
712038
42658
205673
93182
32672
226567
83818
134117
77331
71051
71087
32103
3711
1060918
78650
29672
713699
30604
228056
16255
4102
93937
82721
93936
69791
25395
37598
95600
117144
122924
2701
211400
114387
96709
2213
216122
232018
95839
167863
156463
198149
6054
164517
7709
95342
646
635519
75606
5563
20863
189010
17434
23154
26414
649234
215073
660219
118297
645688
5549
28938
83490
69320
92771
4653
30393
226703
18270
172933
47435
93926
218062
22214
130385
124055
224756
75008
1015239
644679
639961
21160
1024171
1015992
72602
92126
19888
137366
15999
630
93315
29556
735382
122929
89690
46218
269981
17874
20216
69863
9258
675452
667483
1047838
72454
664531
8665
104554
59903
33605
20401
262190
1308
71185
1908
91448
20881
337817
131826
694932
38392
645694
257653
122405
135672
118686
66418
60211
27659
176640
660526
10073
211190
677881
91275
5463
2208
48598
118525
714928
60603
76927
40403
658186
7840
694026
685071
4860
17725
543
642547
397394
143319
4009
71233
654
642672
6094
118747
91014
11632
123978
94739
79166
177384
104538
20442
278200
108521
63911
101942
5572
665744
8941
112901
104830
95110
287958
27881
696294
77486
638192
75017
160789
191444
50223
82318
129280
218201
7044
8131
29955
3718
140678
661421
96011
3774
1007584
2240
17310
135193
4501
318695
104857
63923
79606
188166
104134
132507
6550
21559
85331
164485
4719
108534
124730
20808
104840
18371
13
25700
3542
49535
72590
68021
8844
13437
63528
104552
93511
135329
23976
38381
36506
175423
375774
661612
123963
178457
640371
104539
11850
640628
177059
701317
122165
662287
2032
77273
84948
3500
653537
176912
341613
91985
70137
72724
104537
112237
4756
7925
230993
8558
4980
69766
649970
30303
90589
85315
652267
266189
5204
26029
78652
649608
107478
7114
126704
663327
1871
9240
70
9416
4063
1380
22120
37666
23888
194880
131400
37132
9355
1072
81324
8713
4926
114447
1666
9061
84174
84022
93404
9028
93662
8108
1095805
122180
21561
62826
63724
60613
3352
93322
99679
342103
5172
995708
57575
221610
197779
170957
3757
101795
360505
15807
50680
63269
889125
76595
155517
21868
67720
25569
74582
95740
1018765
698119
29577
17825
77468
18342
743481
4738
897945
28942
14205
71141
74689
4995
106988
672136
644774
47438
82022
3792
9070
884
303724
88733
108439
219445
93977
3894
108441
124040
47436
22246
20432
190383
12892
295011
88617
102936
133195
26776
174590
63992
96271
114313
95562
645580
105789
62572
7926
272808
88852
167214
37908
189348
159164
80107
266505
103824
37290
649250
209833
21655
60277
3034
78181
37037
106534
2394
655580
87963
60520
92764
3237
676936
104128
3171
926
217380
17266
20165
80008
86439
9335
82454
26668
69940
639567
23947
21214
58778
13119
93316
727861
20691
778939
1064790
102315
123093
266819
15154
89789
228409
21306
79778
716
106956
234785
12240
11902
21299
27972
321917
16948
66506
187409
646130
22685
1013584
88797
640547
153272
92267
865853
47860
3929
93297
4961
104685
3821
83080
92326
7125
62828
104846
3901
5695
82195
4326
3267
661922
637240
22467
25167
430850
104167
98198
63983
89748
27714
87857
22570
59723
49335
155828
653253
685773
272522
22027
13821
91777
3618
84019
230013
122175
132282
98231
133095
5837
4185
231657
93495
171754
23136
6587
91186
107427
94915
23097
20353
136992
814940
657503
4763
37012
995135
20368
145259
3941
187635
71368
672473
122765
4263
37277
21014
285047
4880
94738
388243
94035
1247
102453
90874
659800
1025519
244830
43410
18508
25709
27760
63513
2249
73917
104407
83929
60452
69074
97208
72462
96245
270679
84907
63962
60982
10298
110896
9376
640524
164262
827
63987
429436
89804
8141
18763
635970
104726
6287
90976
11988
3834
155234
60285
107270
679086
664511
74690
20916
3357
91249
191108
29732
70578
23517
3560
95533
192019
219035
3471
96767
88506
11964
122763
122759
25715
75015
101521
4382
17685
63372
23777
92792
86906
71076
6490
122914
192568
226566
39121
99665
352209
640047
7858
566331
60611
101532
45892
106959
9271
912
77279
4020
101482
112239
22922
21635
82142
88451
11768
6345
645523
162635
661182
431932
4018
108516
37450
39102
4854
9212
118230
196138
3221
92009
4879
6337
25031
101486
209514
678402
165516
80821
152719
21273
17737
38555
29500
91959
21697
93636
28919
3962
3840
95357
60322
17256
248502
20529
2965
6780
22500
71193
89654
106317
1272
260605
97170
26562
130669
1020953
20728
189054
133185
1015038
62788
687793
333650
33862
4959
127652
659796
680045
23676
65857
17905
45088
31287
40310
90058
96572
104848
73256
685055
159637
637262
171707
141926
6722
210612
38264
1066345
709
19832
4516
66341
88758
77326
96204
38098
5462
91537
1895
2855
27632
33561
42952
188127
649243
48764
107600
678999
241794
11906
23139
660229
57431
23978
4440
26125
3638
4878
11747
63347
94535
5690
736523
74810
95314
923232
92618
64302
643011
97072
394393
67754
44935
69793
27538
23035
656298
5114
114461
13449
69799
2107
18123
45459
21685
643278
104462
170519
28509
13255
41397
139223
15339
202276
118329
108603
678971
20853
169738
201383
16235
174524
92122
1932
36085
75046
72504
220436
62610
567635
130557
17724
218232
210694
74863
31252
13363
18523
887
91603
114464
649526
32166
100677
25906
693222
17281
21064
643041
81687
24514
126616
73342
208971
5504
100881
295326
180605
270341
77240
47454
4759
656727
2185
101884
21206
31219
679090
14853
1203
563670
104703
4322
125034
81533
7588
3492
4007
94185
51801
88527
180583
92686
23850
678481
88452
97125
7938
503156
137058
154555
143003
114106
905
473799
155186
5422
408572
90000
662426
3772
663745
92301
9011
122667
60434
97119
100760
3862
217670
440890
71159
6180
75009
105386
1017295
37238
649210
71117
131393
51781
71149
204250
1014857
8918
11401
73332
640364
7737
238981
87330
651942
251527
21466
223799
99754
680616
86182
50426
219651
73272
880810
431579
28137
145002
697492
82042
3927
31138
38352
87810
695779
30192
715136
84193
66334
305515
3493
90542
645505
17228
174444
316
36474
160838
26319
21087
186285
47523
3217
660235
172874
80674
1196
221413
16889
24778
20010
184314
55114
17858
64091
132626
204213
77328
108503
7815
75024
104523
163447
72446
101633
23796
122889
118286
29851
104774
341980
29565
4012
2353
94401
165440
140612
113744
94505
75063
288001
226698
55539
230564
56925
195987
24190
95249
104686
378523
20654
55143
123297
16812
27521
153310
95339
1657
68315
99769
102551
22511
167855
345704
195585
186188
35814
21034
521623
77460
418952
89593
63736
6410
117742
86355
20021
9161
87744
96573
43192
3071
1016
26197
713508
109022
17716
19923
101955
2300
8595
179201
643447
10605
25683
693780
176927
84856
18497
108800
138511
3225
27652
157579
98174
113845
57361
646684
35522
420322
78580
1008561
260071
440380
43690
4301
102878
649093
646346
71109
101217
63495
6751
116631
30664
24875
94019
107897
58283
22755
26334
122891
92098
60540
20729
165799
43399
305901
270031
8043
313030
95581
170939
73236
26172
122825
24588
8394
1010
63279
80250
175643
167985
28232
61595
127124
173200
33864
257135
104384
242614
94537
63924
38390
63387
646066
84811
1037083
75003
95143
644872
71219
692761
10496
642530
103891
9286
660573
9936
62167
642480
18727
126444
165550
26595
91568
660026
94518
62662
66016
11833
276917
153648
101677
33497
22677
733484
251863
131002
657619
642667
18830
60882
84449
63092
92803
20972
151412
1079206
20371
6939
55356
112234
110641
103452
92034
82158
81680
496846
63571
181718
714282
642771
587389
29772
76204
556924
242978
94209
1896
20092
494735
176232
8701
100994
17993
9359
18654
109924
134991
645987
126049
237690
126375
26978
222240
2233
122896
14925
59852
1052
22898
62172
26087
997900
100197
83995
66013
60588
1005038
35377
93856
37595
22493
236639
30629
100039
1159
6455
4178
219236
112392
112201
328
90845
445305
117740
94015
29602
81673
92000
87758
278211
249814
32208
698500
176831
85609
33898
70613
78865
681268
50487
2425
93843
94670
77304
62615
91039
94393
20408
1092019
94631
166041
94362
63544
139152
96850
71091
234652
233533
4848
79794
203823
111492
17252
586677
104542
596761
65584
213206
216544
216435
17936
31475
79813
107822
98082
92472
104688
14297
830692
21940
649310
51428
684441
190381
595440
678985
96977
415425
5848
41785
644311
113743
301848
160751
7356
185910
83549
242331
71529
656425
22538
83895
10110
64071
146470
40876
1921
656084
660454
53407
143001
672595
679392
22460
189343
85713
661650
62575
675628
154907
20984
127172
1090
88477
62689
190140
8335
95749
71591
640781
354894
264833
687801
122761
690391
88574
36130
37368
171054
130945
4803
172997
63615
19642
6665
646404
36618
62545
621245
748427
1022475
639677
16260
18287
35585
644878
91268
173193
792
24536
472211
202026
692623
20639
80827
26666
29839
159184
955859
22471
198097
153702
566049
1070
212387
376
24530
71183
1034251
71224
22433
221123
104202
140051
91894
31435
22748
100033
46232
21567
140471
97055
78338
20257
645502
181176
90536
183729
63471
671588
3844
8922
94000
96946
9990
27750
215755
161227
20071
20076
27332
167619
4372
232346
189063
36341
37961
43685
26365
116986
2110
104177
4110
91349
638614
4900
713655
138985
3651
13600
35806
77222
285983
187431
269952
1066251
3363
22270
402251
30029
12684
17619
658376
7277
21001
92639
11860
95694
105467
146226
88912
296608
92219
179090
91941
97389
115914
17312
680313
179887
107848
242939
71147
106945
104039
3923
21003
62522
215078
60324
48071
78525
95681
68390
202006
71095
661989
96710
26068
147354
127179
424689
32732
643569
96556
62683
69821
1138
28072
842792
12293
3452
81849
29664
126900
732626
20206
91949
27872
646621
97054
684239
744733
5086
234296
22224
661957
36269
271219
106992
94755
95030
18309
92733
170045
174944
139514
39169
20391
90018
162685
732816
104466
4267
104700
78557
21814
1507
145168
101570
167326
20648
637293
47545
72542
732826
2385
38399
108431
176101
79792
647825
21142
39224
223184
18519
28950
93596
3978
561748
8935
5862
266510
640973
6521
224670
170325
4284
69787
17778
97383
3783
47556
71218
307540
126037
222688
126728
95761
5996
77322
37051
7276
81540
6235
130974
68307
108808
112163
656651
163793
92313
19193
919254
639999
28556
100778
31965
3412
36432
8186
80906
87293
4979
26600
70148
307548
1006086
82097
1252
29146
20326
341327
24064
227998
29217
13922
672864
7327
1045
101568
673035
132602
134101
102244
238929
217187
30412
137483
3742
29820
28174
24052
636145
75082
94465
49955
107163
62340
187293
63700
170320
32923
798104
100831
642504
132935
45374
40058
690388
21061
85162
21244
78613
234504
21183
110664
4046
95827
116527
20668
93166
114320
101443
701578
90964
135172
324434
205232
174197
42274
181013
68388
698537
6328
2943
37522
18248
218975
175666
70154
660237
4236
107905
226552
222850
534076
30003
67
94371
1038038
794695
94930
649130
658527
695908
27297
166656
24690
26316
8177
96154
637039
208621
18329
3467
117859
63025
4752
96487
60708
643151
59834
104705
90809
660224
50544
18430
17399
18307
101902
684313
8226
29292
483103
804688
307034
38543
45898
331137
92288
166763
159128
288699
705155
70996
997404
178640
32881
4806
3946
175523
37259
33032
61504
3425
139482
339302
643474
100171
100489
169753
88749
156802
664741
92684
9875
638587
21096
64013
12881
581929
6594
62624
20531
59611
728608
4154
154449
649453
352716
82306
135358
73141
33600
168401
78738
80157
1052212
89589
86274
59647
82131
74440
197142
92974
231362
47409
4945
57870
661978
88732
176187
227961
71244
92837
203999
706630
21959
20520
66380
37616
24515
155835
203901
227195
90149
62833
78633
36283
1029824
30370
93556
90517
644790
60128
37363
108612
2265
226946
92520
170017
4188
645121
17356
93598
203438
8762
3811
640056
94753
70081
7140
118647
188333
176953
5175
29685
63291
86053
689979
97010
6216
1069343
256514
237438
23506
74779
647981
192980
6936
637855
95734
74031
29756
8798
194824
133080
365710
122676
117365
37355
63181
79601
142797
459539
10931
22816
4824
26868
96803
72413
1007994
4316
1124
68012
13012
63406
3808
640319
94954
3600
26216
473492
179221
21324
27644
3974
4895
586171
1073472
67667
187356
127581
11910
643177
43361
64215
186794
11167
177028
96708
734791
2237
53450
167589
22577
21111
3630
245703
1114267
991740
69866
112202
95094
655575
30435
91276
30635
264705
95813
85743
186012
64034
33613
22888
184090
97297
22760
181880
46195
192022
111389
643799
92475
271310
28943
752813
63316
658205
126125
167685
60893
9401
91386
20869
168800
37219
126636
3479
87627
88590
4972
20084
100803
234697
222918
27004
18552
20480
112232
38899
659383
36063
107571
660523
52578
92621
854342
4024
125199
177013
96419
110052
2815
118479
172002
263881
445263
29439
110674
77256
344696
25629
234733
174681
643765
141817
210399
30242
27206
23472
687584
675054
9088
23492
600762
488
9062
307598
30687
9862
4946
9077
79216
2254
146168
643420
99226
191997
66501
643065
96934
39546
245019
84735
30879
78597
28535
672555
845
265283
642482
148946
8724
255075
3869
20828
643148
206945
84580
129084
101169
1013749
75047
234956
2221
681080
689858
6720
175975
234787
82601
686663
88939
176637
176708
243065
342243
660227
264655
5486
77262
4918
234864
115977
1081297
156542
124908
95172
88586
141746
27109
301607
647679
177213
201099
700575
59941
25791
19144
84683
727988
32978
786938
180989
4217
114111
4384
13771
35471
95776
216585
52354
1090082
314872
64117
7817
191445
125849
701359
62938
23193
701576
639926
1039106
82327
126287
24920
91344
112161
660166
647023
101705
1042088
192249
90002
207799
24839
269886
65516
638817
660700
104687
17264
167803
373809
79902
408026
114349
133074
71098
18799
92715
18941
22088
4903
3604
75567
59549
9146
50993
684437
47472
23666
122507
52304
2075
23528
186383
1374
675774
62739
331246
51113
124951
101636
216
76206
97166
4838
282364
63850
29679
5875
99795
217221
93205
96594
151061
216560
30339
87942
381699
643694
62806
71071
172602
77523
1066844
653975
293527
229120
177071
647872
278981
20056
82702
660164
687528
49662
174547
24995
19074
19790
1031265
30102
164664
93651
79880
21230
28796
20468
79252
285463
660705
44583
676663
214319
265275
23273
169757
100166
67752
124011
51829
20470
6728
333685
22456
25917
71165
657257
4930
680375
4225
22954
668740
177917
35656
28908
189495
20880
3886
811479
639177
1933
14477
25068
89565
9407
14413
134075
66549
84350
412634
94584
645598
4778
115939
245683
101639
62598
643850
385721
93151
108510
227619
30267
237777
24482
191305
310443
12296
69514
731593
73441
263104
469173
136089
63939
71090
534115
217323
94713
20814
217686
656344
17414
700684
162035
1090958
649220
20189
4299
6819
112305
63416
167305
4800
812385
83102
274612
367127
745858
78063
853240
13494
166646
3610
1888
727733
112227
100117
71107
93318
14795
63426
267663
40174
644120
662075
231142
105464
33568
1048343
108467
129397
54836
158901
21043
43150
26887
48922
90310
111177
663849
8171
101867
16969
14126
733870
643676
566846
13146
25083
3526
686812
20868
94164
226603
25138
80227
24048
235458
8154
287957
3909
29815
108489
92799
738706
125477
51062
23017
71123
138722
36934
21935
99796
4062
33043
249286
60186
683371
93650
283999
93608
689829
91315
39790
88835
33894
264750
55023
660548
92710
31753
176726
170992
159927
5135
91905
7320
649215
63138
29846
642880
783620
47124
123485
6148
274684
105754
18943
64054
5998
20001
5855
424
2114
642965
3017
38845
264206
106932
85930
713868
73018
301524
229911
1071508
20246
25562
137084
37587
88595
9740
995807
194368
725875
166021
519165
196258
37374
89582
30386
715559
662073
642787
3176
92604
96717
94326
660451
676579
63366
1004461
648362
1059692
222206
139399
64022
202924
206141
137989
86116
88958
99035
107566
95003
66387
8859
101772
37561
202408
94583
212745
94470
160844
88410
127388
63838
11900
356533
95611
23778
25152
106977
657924
93364
643024
906
97175
28852
62755
170991
4313
660462
94693
64031
63568
148644
35678
58246
225615
488413
20185
172277
2682
4149
838170
178702
4790
234784
106869
227687
90844
327831
78606
32176
649455
378576
154702
59657
8737
36547
20267
2044
20397
1118125
206271
159312
12114
94803
37951
642542
53222
125589
97417
61023
3106
3602
36802
97112
182813
217667
693176
122887
20554
307597
273583
129583
77384
123419
11843
26951
647854
104689
126340
221503
133124
29449
85675
226572
107098
134982
89777
86307
83855
263345
306892
5138
20616
101447
272846
96570
21276
111480
11806
101567
31298
92004
1080180
7275
104510
126527
664091
22918
20935
6654
11925
131364
106961
591696
371163
91274
3220
139068
89313
71194
656639
181637
105595
169703
211577
678972
6549
269962
11355
182918
105733
644313
127213
47779
57886
73246
79909
640351
104163
35666
645679
685465
71131
314653
197843
26438
117838
2812
88556
44582
314220
83896
196414
202298
15585
205322
677039
38379
86289
83789
25591
30747
25166
21347
102625
62917
145007
79781
2031
91990
91582
88857
266942
43019
90873
32110
9211
31994
20482
163501
23009
164681
336471
98180
114070
208898
871543
662176
1067230
46192
197778
94471
21706
82424
93842
36670
640928
165989
85218
60237
136696
85757
64028
104028
1060667
134049
82334
52318
97309
126087
680391
78572
1050
643684
24700
370284
137316
4153
62966
18036
96090
16940
125778
656689
102661
84884
11882
12619
687221
45936
24585
125411
94347
638930
191569
93185
4433
661613
21607
22149
63718
231991
64033
829999
684435
92299
46613
182701
181962
113779
3120
98099
307564
865470
139227
110751
3360
58345
170487
48511
175778
20490
151072
91972
77263
124700
17714
95108
1076336
133492
4243
100384
677775
54813
110599
164600
659104
5035
24201
397194
93974
4772
21004
28922
712001
86334
88721
4819
23596
43371
113813
43743
713422
71213
917613
6277
678361
27375
691880
9508
65868
18795
269315
349270
176255
1013727
146359
6348
697415
17318
137513
189321
28129
101727
1059290
59532
643274
100486
108502
175789
97219
271591
72627
73353
711939
91026
295099
170044
104695
101624
21441
29440
6704
628216
215720
20177
145945
95655
102768
203157
20083
63871
15723
154694
677561
110676
21671
73159
18174
664100
78576
749451
115917
32056
247430
713388
635672
263018
236652
102441
4272
226683
1014568
69902
107910
430547
108539
149456
106991
788157
137907
41532
71079
79009
278222
6546
124325
3934
212022
314606
29780
86855
2722
111474
3438
94207
11923
667551
108497
11830
1106716
276935
50629
75697
117040
4
82146
825828
11940
146251
160688
122806
103871
122800
200414
143935
692167
4050
101181
21127
10066
278209
175761
371165
17125
5133
137512
91507
88597
93686
52802
187212
143842
14918
141854
498747
24042
658590
4754
61438
85903
82837
38154
139436
163176
60873
413562
274991
116955
272722
123869
3355
2454
8362
660175
293128
108543
94430
180661
182368
681392
179134
129497
8229
60312
33481
44751
191233
212340
84976
303768
188447
95464
101632
167914
104024
3474
3128
82316
96290
61600
131302
202152
2089
649255
138992
81959
1810
3234
139596
512683
122650
31483
728998
192661
93831
20713
170368
24164
213723
17933
88005
657919
57500
10621
645868
4349
170948
14844
88960
962893
68309
208988
943243
11695
101869
30082
695525
94523
655569
3594
176235
14017
1426
35747
49493
54830
63319
60396
78620
645622
49056
76123
78964
47533
14569
379056
348450
22890
4994
33601
71634
1220
5954
35738
92197
1289
6312
143878
357976
126419
173301
93497
284046
2004
104252
107559
126085
96254
5651
205189
639869
123306
11219
113758
40088
33916
64029
123462
31080
89524
687671
173238
94394
10049
189904
1828
78568
1032818
148492
705834
648784
50518
95323
83915
30851
22624
59521
115866
103906
37781
44090
125060
20333
125069
212412
8113
648818
36646
578661
31752
10699
159832
33826
177474
3980
123715
151639
123293
36630
16515
1032923
196295
343060
100152
69934
397152
96186
1568
27683
147182
116951
33910
21849
70061
202769
108526
172980
60308
108541
452260
699491
31453
138978
37825
154697
23127
74868
30261
7976
108449
237413
89405
343697
23836
85449
45645
15195
24372
222362
3463
185312
29195
84421
71072
265293
126122
3337
245233
101801
123959
8158
100958
186239
28964
406933
82220
71069
95941
27110
60252
118918
32009
174227
88933
8319
131152
891277
176939
24347
20344
2931
707803
9375
8329
84923
686113
18445
75019
145006
660571
210107
16864
61519
190018
90914
27268
200306
31274
238019
662466
679529
101608
33914
344607
94088
207800
86093
6341
637292
108818
3613
35911
283459
106245
7200
273305
640550
13869
43055
38529
106653
943334
17869
69781
110626
107582
94823
38320
124435
178164
32965
199358
13514
98169
1071876
94453
172869
85312
111126
126158
101652
128569
94781
2250
37052
95337
21590
1580
165533
82336
116167
20965
136843
228737
60504
90117
80210
3925
54095
65437
1030950
20361
4821
44689
13640
126488
28966
153926
31756
96376
90982
19425
59688
1113706
661996
177016
72534
78254
100348
4323
208671
101552
4406
92906
106
292119
63964
4924
97239
193021
703763
265265
225180
42470
684833
66592
607515
836570
30627
393269
182953
211537
240470
62142
663963
37197
659991
221516
104334
25179
142609
131574
108817
146823
84928
86087
28491
8442
658336
25945
584
49695
214299
231065
174808
740
258385
13052
168305
3675
656065
89715
10004
28992
186953
675411
93408
63529
73045
97547
108490
8178
95258
38585
9350
429917
29641
631101
94068
157104
5838
37939
337884
92031
95955
93332
18277
29850
112683
82475
93196
20093
226661
42976
1115788
477418
11622
30574
133813
74785
90811
182324
831093
1715
222814
58489
208896
23654
781096
661994
29673
683352
93552
33849
178526
640934
1077975
21078
713471
331654
60411
8696
131659
75093
138968
6676
22976
13978
32929
94545
59836
4765
87892
29817
125985
1057428
102619
85279
36358
734977
59227
21468
20139
35765
112199
1539
329058
117214
234436
60890
200869
649444
35651
5216
94735
633
30008
264905
28614
134133
49689
95462
224356
2678
242039
23106
115916
92310
288216
77720
112242
135787
108462
70621
641694
94079
675170
145010
26116
193854
196559
72937
43763
27804
188886
101946
7023
35380
134036
3768
72896
178416
1878
117129
123100
185311
63678
108511
696110
20339
177820
74097
9947
234351
655546
471192
94151
86324
139726
75043
75228
186571
12950
745633
108118
660942
226812
26662
5926
233392
90956
694961
108546
663104
535092
88677
190657
87405
21640
109729
90586
731412
8433
172254
51723
576381
122381
170990
1002218
243378
8110
679617
397565
103078
1004841
146279
1930
84610
176976
684416
112928
92782
696189
7820
117939
94272
649092
173372
133207
45714
180680
554920
715561
23907
19996
58956
84205
9054
287951
83630
361817
48828
685971
152517
72698
79870
125404
642652
197091
63609
32824
142965
30199
126990
60179
14617
264914
686106
137523
8871
45014
62
27138
780127
37722
660230
568447
3676
679093
510853
25372
82457
169756
214187
104410
23141
98214
5115
179054
129907
94787
20376
3437
747669
20300
212291
1072137
643462
2890
221104
762339
109021
280004
37653
677876
678874
37048
134082
754127
112156
23698
143828
164604
93553
28971
856803
20411
672567
129292
92375
131859
661458
95187
126315
101715
7712
3187
182588
89002
78582
60737
59499
60053
122900
20797
17215
10954
75081
20836
419827
5480
89913
95953
5331
104012
80042
99166
4893
23187
874122
42515
164581
110099
135809
680455
636782
167847
268946
129266
20559
89579
266609
642908
8514
101897
210759
24555
109170
83807
156906
4998
47434
206584
3359
35720
125994
146246
133842
71167
636605
122872
141417
127822
71171
100926
24878
712128
307559
775072
112247
138986
688300
1219
645591
221932
80078
201949
145235
11043
94503
48947
123469
114724
79526
234331
278205
21565
102610
8323
91247
20122
641849
134924
71248
50322
85276
96988
95860
31364
59618
191793
717146
6194
77351
377392
21781
287187
5223
97109
898377
385577
1112790
115867
115986
30031
144989
289368
126827
57761
84807
62602
134988
192650
637537
93232
161745
100124
70186
236869
71101
108198
2974
101237
3660
156227
658657
1089732
22852
27642
6482
161632
43507
60456
265154
90979
3853
131799
687100
77325
11845
260615
78959
9384
265076
1922
162305
115931
63699
126134
649260
3564
126195
112221
138717
19808
382335
17295
6560
9155
665179
191513
119724
660101
129
113746
42962
220983
29570
13417
78148
641506
646408
212500
22947
435354
178988
226602
141833
100277
1037441
651554
642477
81330
198732
101463
94961
20314
5824
258222
95432
212295
37533
103385
1110081
24184
34920
7135
18807
406189
160275
49263
11981
36323
18409
311621
6369
1612
172929
118293
55905
89885
646420
649217
245516
25048
61464
23898
354625
598549
48482
1148
145652
95350
711199
680458
22552
189833
204308
761
5851
217121
177225
33507
101185
93550
177428
105206
647869
180652
681378
578902
155388
8809
4094
23221
177017
1052207
78388
679131
153338
94348
24766
33392
794244
465125
4455
137008
92893
2750
63116
89734
649204
307299
2174
82473
185288
639979
188595
110591
30568
37914
69533
250441
6544
149988
1104942
77303
156168
31285
108832
59963
4892
23030
95789
53815
88347
746834
95178
85347
103919
63294
175287
7733
99790
145245
87879
643724
111475
431481
106933
64122
11922
2658
381936
674207
2126
649552
63635
678158
13503
190352
194440
37969
16829
692381
64112
171753
56461
1014555
5541
25114
74709
91243
3641
644650
216911
645848
222516
176244
169718
256847
176947
23320
84974
490021
71070
176681
47531
20843
21823
1123756
31633
30404
75049
86697
79745
667330
71121
82052
961425
397431
61922
95663
673350
696592
277946
14752
29746
24084
763286
124590
137928
157603
49364
29213
48036
273643
84899
9925
3746
202415
639921
62873
79934
307550
633891
174638
691175
96567
96492
3650
191995
328122
253575
8898
15626
643146
235566
26380
218549
92224
1082937
650653
173116
101489
474162
12248
50613
84767
124372
87233
408571
89585
129081
129279
241980
113690
24963
18683
1007583
661449
110159
97391
59453
20539
76991
26195
62746
692462
93203
270231
65959
24464
96585
175315
127347
54210
17720
54561
210381
3918
212883
94820
141963
84066
131376
3926
193049
23036
18675
211105
62908
18188
8267
153296
1035119
172879
3685
22361
1010199
183799
179151
216432
101545
3277
643256
87093
660326
81734
640651
92359
84970
132517
618598
92638
125458
700175
61397
162760
192368
142330
35594
150498
772097
210603
93169
18828
649275
95522
18421
648347
26225
215333
86058
489992
33537
106831
122910
25044
9177
8122
214799
1048714
32857
69812
183541
4004
70690
662116
88443
173315
92735
58922
30407
667113
142813
88978
474246
71226
270496
62925
192802
135785
62890
2669
43724
923
175298
17354
59187
91024
3993
885857
91923
164355
2692
661433
696946
59485
13666
596182
493362
143924
34
759097
216660
131449
60553
100836
4113
8250
36544
69460
26921
30690
98092
9075
186152
79929
104826
637477
79795
156516
160677
38351
94031
640372
101187
176991
67607
135135
117936
96576
684548
212748
137766
122810
91449
713991
103696
112298
222328
28945
49641
100045
74504
773752
27346
93565
4254
219246
23427
94376
204161
112455
86657
4991
92662
212904
8924
102579
93377
293716
242525
704606
60431
4124
994762
196268
90679
216868
1039047
95982
56348
156
1043368
85351
97164
27709
137375
63827
81370
213167
329061
665683
94032
8010
212872
442176
21572
29907
202993
192003
262967
139388
199490
1022883
1010001
9327
218037
43097
62653
727377
307593
29722
839501
642738
104228
142623
92901
1097176
72614
7807
22704
145004
127694
7256
