73943
66089
2755
27333
5180
33103
4359
44387
59206
9892
41530
307
5287
12701
9514
2418
9033
4259
19849
11689
35381
2943
6814
21800
67767
3309
11733
128964
21509
40339
3007
46345
76582
36264
26811
33872
10888
19360
2512
3293
6578
13581
35644
3606
24903
844
19100
15824
5367
55437
30323
7986
6169
3031
8362
50428
2420
16228
5529
1906
11496
31144
2274
42533
3175
32481
1455
1892
83461
2909
22804
64248
6446
95528
18955
5331
22282
9473
28664
2908
5433
45733
32925
10125
10709
32902
5908
11164
65272
24539
13157
18919
32491
37825
54022
15459
2286
10498
26331
1335
13722
89305
16657
26741
4063
90506
3256
504
1267
16986
27835
12223
2038
44799
9929
45207
28122
38662
25452
4085
4806
33882
72003
15692
20010
4061
22348
14829
21483
28310
6858
14763
32251
60340
12699
