73943
66089
2755
27333
26581
12497
4754
9259
5180
3443
30397
33103
4359
44387
3366
59206
9892
39028
35078
41530
307
2860
2807
2050
5287
12701
83839
9514
7046
2418
9033
4259
19849
5239
3527
6662
64956
11689
35381
38747
2943
6814
21800
67767
4533
18380
3309
11733
128964
21509
40339
3007
46345
76582
36264
69109
50330
26811
33872
10888
19360
2512
35607
3293
6578
13581
66848
35644
3606
24903
844
20397
19100
98800
58744
15824
5367
55437
30323
46226
7986
6169
663
13976
15626
3031
10927
45141
8282
19732
20119
31266
8362
13388
50428
4559
13757
4863
2420
914
16228
5529
1906
348
34076
11496
2137
31144
2274
42533
3175
32481
1455
22523
1892
83461
9399
2909
13751
22804
64248
2821
6446
95528
18955
5331
7624
22282
9473
28664
2908
5433
26938
45733
32925
10125
4744
7034
10709
32902
2925
5908
11164
65272
24539
13157
27476
18919
37370
32491
37825
1426
5558
54022
15459
2286
10498
5344
26331
1335
13722
89305
14402
73748
16657
20355
26741
4063
90506
3256
22594
504
17285
1267
16986
27835
16679
12223
2038
44799
9929
20358
45207
28122
38662
9774
5679
25452
4085
10135
4806
33882
72003
18415
20331
15692
9372
34269
5045
20010
4061
22348
14829
21483
1895
28310
6858
15686
14763
10013
32251
60340
24437
12699
