1
8
12
14
15
23
27
36
37
41
42
44
51
52
56
57
60
63
66
68
76
80
85
89
92
99
100
105
110
111
116
122
124
128
131
140
145
150
151
156
159
192
196
200
210
214
221
224
230
236
239
240
247
249
255
266
274
287
295
305
307
312
315
316
326
349
359
360
363
367
382
393
396
403
408
412
417
423
435
436
457
459
460
474
503
507
512
515
525
535
545
559
562
563
572
582
586
590
592
599
606
613
622
632
634
639
646
649
650
657
670
682
688
690
695
705
709
721
724
736
741
770
788
839
842
858
861
863
866
885
911
915
927
945
972
985
989
1033
1044
1060
1074
1078
1094
1103
1115
1121
1152
1153
1156
1159
1162
1169
1171
1188
1210
1212
1238
1277
1282
1292
1312
1320
1327
1351
1361
1370
1390
1391
1410
1413
1423
1429
1434
1449
1467
1488
1515
1516
1520
1521
1549
1570
1599
1610
1620
1635
1637
1665
1690
1692
1730
1755
1758
1759
1765
1784
1810
1827
1869
1888
1944
1955
1969
1987
2015
2017
2033
2038
2040
2050
2061
2100
2119
2123
2127
2133
2137
2150
2153
2182
2185
2237
2246
2247
2259
2283
2301
2314
2331
2341
2374
2389
2409
2417
2454
2461
2485
2505
2518
2540
2552
2557
2602
2625
2638
2652
2681
2696
2703
2740
2747
2773
2795
2799
2803
2816
2840
2847
2915
2927
2952
2963
2985
2996
3007
3009
3041
3051
3094
3098
3117
3119
3127
3129
3137
3159
3209
3211
3239
3266
3344
3391
3422
3462
3530
3533
3566
3641
3647
3683
3684
3696
3707
3736
3770
3779
3792
3826
3827
3847
3852
3870
3914
3947
3948
3978
4089
4141
4181
4228
4266
4280
4353
4374
4380
4446
4488
4495
4578
4609
4612
4614
4635
4649
4658
4693
4777
4799
4800
4804
4824
4854
4860
4919
4973
5020
5022
5033
5080
5097
5176
5220
5231
5263
5287
5335
5428
5443
5446
5496
5550
5594
5597
5600
5607
5624
5629
5645
5712
5731
5828
5904
5922
5936
5948
5973
5996
6040
6057
6068
6072
6165
6174
6244
6250
6252
6271
6364
6477
6482
6573
6583
6638
6693
6754
6836
6841
6873
7070
7155
7166
7185
7226
7252
7267
7299
7304
7397
7417
7563
7724
7758
7854
8194
8195
8210
8238
8322
8330
8346
8450
8461
8467
8471
8548
8574
8778
8838
8899
9132
9180
9308
9378
9403
9422
9437
9541
9634
9825
9908
9994
10104
10122
10128
10155
10278
10644
10844
10946
11078
11334
11649
11716
11832
11857
12065
12117
12177
12239
12424
