1
8
9
12
14
15
16
19
20
21
23
26
27
28
31
36
37
38
41
42
43
44
48
51
52
56
57
60
62
63
66
67
68
72
74
75
76
77
80
85
87
89
90
92
99
100
105
107
110
111
113
115
116
117
120
122
124
128
129
131
133
134
135
136
140
144
145
150
151
154
156
159
162
164
183
186
192
194
195
196
200
210
214
220
221
224
230
231
236
238
239
240
241
242
245
247
249
251
252
254
255
265
266
268
274
278
285
287
288
295
299
302
305
306
307
312
315
316
322
323
326
349
354
356
359
360
363
367
375
382
383
393
396
401
403
409
412
415
417
421
423
426
435
436
437
442
452
457
459
460
468
474
482
487
492
494
503
507
509
511
512
515
517
523
524
525
531
535
542
545
547
553
557
559
562
563
571
572
582
586
587
590
592
597
599
604
606
608
609
613
622
624
629
631
632
634
638
639
642
646
647
649
650
653
654
657
659
660
661
670
676
680
682
687
688
690
695
696
705
709
713
721
724
726
733
736
741
746
750
753
754
763
770
772
775
777
779
786
788
793
797
799
800
804
806
810
815
828
834
835
839
842
844
850
854
857
858
861
863
866
879
883
885
889
890
901
907
909
911
915
920
923
927
933
941
944
945
950
954
960
964
969
972
981
985
989
990
995
997
1002
1010
1014
1025
1029
1033
1038
1039
1043
1044
1045
1060
1067
1069
1074
1078
1086
1094
1096
1098
1103
1115
1117
1120
1121
1127
1133
1134
1138
1152
1153
1156
1159
1160
1162
1166
1169
1171
1179
1184
1188
1189
1190
1198
1202
1210
1212
1218
1224
1226
1227
1232
1238
1240
1241
1248
1252
1256
1257
1260
1277
1282
1286
1292
1304
1307
1312
1313
1316
1320
1321
1326
1327
1332
1339
1340
1343
1347
1351
1354
1357
1361
1362
1370
1372
1379
1380
1383
1390
1391
1392
1402
1405
1410
1411
1413
1414
1423
1429
1434
1441
1447
1449
1452
1458
1460
1467
1469
1472
1476
1484
1488
1494
1506
1510
1513
1514
1515
1516
1520
1521
1524
1528
1534
1537
1540
1542
1547
1549
1562
1565
1569
1570
1579
1584
1589
1594
1599
1605
1607
1609
1610
1614
1617
1620
1621
1635
1637
1639
1642
1644
1646
1652
1656
1657
1658
1661
1665
1667
1670
1671
1673
1676
1678
1688
1689
1690
1692
1700
1706
1710
1713
1720
1724
1730
1731
1734
1748
1751
1755
1758
1759
1761
1764
1765
1773
1775
1783
1784
1787
1799
1801
1803
1805
1810
1812
1815
1821
1824
1827
1843
1848
1850
1852
1855
1861
1869
1885
1887
1888
1890
1901
1906
1911
1912
1915
1922
1924
1929
1934
1937
1943
1944
1946
1954
1955
1963
1965
1967
1969
1974
1979
1987
1999
2002
2005
2015
2017
2019
2025
2031
2033
2035
2038
2040
2044
2047
2050
2056
2061
2067
2069
2075
2086
2087
2091
2100
2117
2119
2121
2123
2127
2133
2137
2139
2141
2143
2148
2150
2153
2154
2161
2170
2180
2182
2185
2186
2193
2195
2209
2222
2225
2229
2231
2237
2246
2247
2259
2262
2275
2280
2283
2294
2301
2314
2320
2331
2335
2338
2341
2345
2350
2356
2362
2367
2374
2377
2378
2381
2385
2388
2389
2391
2394
2407
2408
2409
2414
2417
2419
2421
2426
2430
2438
2441
2445
2449
2454
2458
2461
2462
2463
2470
2485
2490
2505
2508
2518
2526
2528
2533
2540
2544
2545
2550
2552
2557
2560
2567
2578
2580
2582
2591
2602
2609
2611
2614
2623
2625
2627
2638
2643
2647
2650
2652
2659
2674
2677
2678
2681
2684
2696
2703
2705
2712
2713
2728
2732
2740
2747
2749
2759
2763
2769
2771
2773
2779
2782
2784
2786
2787
2790
2795
2798
2799
2800
2803
2809
2816
2820
2825
2830
2832
2840
2845
2847
2848
2851
2859
2875
2878
2882
2893
2896
2900
2901
2905
2915
2927
2942
2944
2952
2961
2963
2976
2985
2996
3001
3006
3007
3009
3017
3024
3027
3028
3036
3041
3045
3049
3051
3069
3072
3084
3089
3094
3095
3098
3101
3104
3106
3111
3115
3117
3119
3127
3129
3137
3142
3144
3148
3159
3163
3172
3178
3189
3190
3195
3209
3211
3214
3216
3221
3226
3228
3230
3233
3239
3244
3246
3253
3256
3260
3261
3266
3274
3284
3324
3328
3331
3335
3344
3346
3349
3352
3353
3354
3357
3361
3371
3376
3381
3391
3403
3414
3422
3425
3431
3434
3447
3453
3458
3461
3462
3464
3470
3492
3493
3512
3519
3526
3530
3533
3536
3549
3562
3566
3576
3584
3590
3594
3607
3616
3622
3635
3640
3641
3644
3647
3651
3663
3672
3673
3679
3683
3684
3688
3691
3696
3705
3707
3715
3723
3726
3728
3731
3736
3744
3752
3761
3764
3770
3771
3779
3789
3792
3801
3802
3806
3810
3814
3817
3819
3822
3826
3827
3833
3840
3847
3850
3852
3854
3857
3870
3880
3906
3914
3916
3924
3925
3927
3947
3948
3949
3967
3974
3978
3985
3989
3995
3999
4002
4005
4010
4025
4053
4058
4059
4072
4085
4089
4092
4095
4099
4104
4108
4111
4114
4117
4123
4128
4131
4133
4136
4141
4150
4161
4167
4170
4176
4181
4186
4189
4193
4199
4203
4210
4212
4217
4221
4222
4228
4238
4244
4254
4266
4279
4280
4284
4296
4302
4309
4310
4323
4330
4331
4339
4343
4345
4352
4353
4357
4361
4369
4373
4374
4378
4380
4383
4392
4396
4402
4408
4410
4411
4413
4420
4432
4446
4457
4458
4467
4469
4473
4474
4476
4482
4488
4495
4496
4499
4500
4504
4508
4510
4515
4517
4518
4522
4523
4526
4531
4541
4547
4552
4560
4565
4572
4578
4579
4589
4591
4595
4603
4608
4609
4612
4614
4621
4625
4632
4635
4640
4644
4649
4658
4659
4670
4672
4677
4683
4690
4693
4708
4713
4716
4724
4728
4731
4749
4754
4757
4758
4763
4768
4777
4796
4799
4800
4804
4807
4824
4835
4840
4843
4854
4855
4860
4863
4866
4870
4878
4913
4915
4919
4922
4924
4926
4936
4944
4946
4951
4953
4962
4973
4979
4988
4996
5000
5012
5020
5022
5027
5033
5040
5050
5051
5054
5071
5080
5083
5089
5095
5097
5108
5115
5123
5130
5134
5150
5158
5164
5170
5176
5183
5190
5195
5201
5211
5220
5231
5242
5244
5261
5263
5266
5274
5277
5287
5290
5292
5293
5301
5308
5314
5319
5320
5324
5330
5335
5340
5341
5344
5346
5389
5402
5406
5419
5426
5428
5431
5436
5443
5446
5454
5482
5496
5516
5521
5523
5526
5533
5536
5540
5546
5548
5550
5569
5572
5591
5593
5594
5597
5600
5604
5606
5607
5623
5624
5625
5629
5633
5636
5643
5645
5655
5677
5685
5697
5706
5712
5715
5726
5730
5731
5734
5735
5745
5749
5751
5755
5759
5764
5768
5774
5780
5795
5810
5821
5828
5832
5835
5844
5851
5855
5856
5864
5870
5886
5893
5894
5899
5904
5922
5932
5936
5948
5951
5965
5973
5978
5981
5987
5996
5998
6002
6034
6038
6040
6047
6048
6057
6068
6070
6072
6074
6079
6093
6097
6098
6106
6109
6121
6127
6142
6152
6157
6160
6165
6174
6176
6180
6185
6186
6194
6200
6223
6225
6226
6244
6250
6252
6271
6274
6282
6288
6311
6330
6334
6339
6347
6349
6352
6367
6370
6374
6382
6391
6396
6400
6417
6425
6436
6448
6464
6473
6477
6479
6482
6501
6512
6515
6521
6527
6530
6531
6547
6573
6583
6592
6597
6600
6610
6615
6622
6635
6637
6638
6642
6647
6675
6686
6693
6698
6725
6732
6737
6754
6759
6765
6775
6789
6794
6797
6808
6836
6841
6843
6847
6852
6867
6873
6879
6893
6899
6906
6912
6915
6926
6931
6935
6936
6947
6953
6958
6966
6972
6973
6976
6980
6988
6992
6995
7010
7022
7025
7028
7034
7037
7046
7051
7056
7058
7060
7065
7070
7071
7089
7093
7118
7123
7127
7139
7145
7152
7155
7160
7166
7170
7175
7183
7185
7188
7194
7203
7225
7226
7237
7246
7249
7254
7255
7267
7279
7283
7286
7288
7295
7298
7299
7302
7304
7309
7310
7317
7320
7331
7339
7375
7387
7396
7397
7404
7406
7414
7417
7421
7426
7430
7432
7449
7455
7459
7470
7473
7476
7480
7486
7500
7504
7510
7512
7517
7521
7525
7532
7539
7543
7547
7563
7566
7594
7600
7604
7613
7615
7620
7628
7633
7636
7639
7640
7660
7663
7665
7674
7676
7688
7694
7696
7699
7712
7714
7724
7735
7741
7750
7758
7782
7791
7803
7815
7818
7825
7827
7831
7835
7841
7843
7854
7864
7874
7879
7888
7890
7896
7897
7902
7908
7911
7922
7925
7946
7951
7972
7984
7997
8000
8002
8007
8012
8018
8042
8046
8050
8059
8067
8071
8083
8093
8099
8104
8131
8162
8165
8169
8171
8175
8178
8186
8190
8194
8195
8200
8202
8204
8210
8218
8219
8224
8228
8231
8238
8245
8247
8250
8252
8255
8256
8264
8290
8307
8311
8316
8322
8330
8333
8336
8343
8346
8351
8358
8364
8365
8382
8389
8415
8416
8420
8424
8428
8434
8450
8454
8457
8461
8465
8467
8468
8471
8474
8477
8487
8515
8520
8539
8541
8548
8556
8561
8563
8566
8573
8574
8576
8582
8587
8594
8600
8604
8633
8647
8653
8666
8677
8681
8682
8684
8697
8702
8705
8711
8716
8721
8725
8737
8778
8790
8795
8798
8801
8806
8811
8828
8834
8838
8839
8859
8863
8887
8895
8904
8911
8913
8921
8923
8925
8928
8933
8936
8942
8950
8952
8955
8963
8966
8972
8987
8991
9008
9022
9026
9044
9052
9055
9063
9069
9081
9087
9091
9113
9122
9126
9129
9132
9137
9157
9160
9163
9166
9178
9180
9202
9213
9224
9227
9235
9244
9249
9253
9255
9258
9261
9264
9270
9294
9302
9306
9308
9311
9315
9320
9326
9343
9365
9378
9379
9381
9384
9392
9395
9403
9408
9410
9418
9422
9426
9428
9431
9433
9437
9441
9443
9445
9450
9457
9470
9489
9516
9519
9523
9527
9528
9532
9535
9537
9541
9544
9563
9564
9581
9586
9596
9601
9610
9615
9621
9629
9631
9634
9639
9664
9679
9691
9699
9702
9705
9731
9760
9762
9767
9769
9781
9797
9800
9813
9817
9819
9825
9834
9838
9883
9886
9890
9893
9895
9897
9907
9908
9915
9926
9932
9942
9945
9954
9956
9993
9994
9999
10010
10012
10035
10037
10042
10050
10051
10058
10070
10104
10106
10112
10122
10124
10128
10146
10148
10153
10155
10161
10163
10169
10205
10219
10241
10253
10265
10269
10273
10278
10307
10334
10339
10346
10351
10354
10360
10364
10366
10372
10378
10412
10430
10438
10440
10446
10453
10466
10474
10480
10484
10498
10506
10513
10525
10528
10544
10549
10572
10575
10578
10584
10589
10596
10598
10602
10604
10607
10613
10618
10625
10629
10644
10673
10677
10689
10699
10704
10707
10712
10726
10727
10729
10733
10745
10752
10762
10769
10779
10805
10812
10822
10823
10827
10832
10834
10844
10852
10881
10885
10891
10901
10939
10949
10955
10977
10980
10982
10984
10989
11008
11023
11034
11037
11064
11067
11071
11076
11078
11079
11082
11088
11098
11118
11130
11132
11157
11169
11171
11176
11178
11191
11198
11201
11203
11208
11212
11216
11269
11272
11282
11314
11319
11321
11325
11327
11329
11334
11358
11392
11409
11433
11450
11456
11465
11466
11477
11483
11492
11497
11517
11539
11554
11561
11578
11582
11593
11624
11630
11649
11658
11660
11676
11678
11688
11697
11698
11707
11713
11716
11727
11731
11733
11736
11781
11790
11801
11806
11812
11813
11829
11832
11836
11843
11846
11850
11856
11857
11869
11911
11916
11928
11934
11935
11937
11941
11943
11950
11993
12017
12021
12023
12025
12027
12034
12037
12052
12058
12065
12071
12095
12108
12117
12124
12141
12144
12147
12154
12159
12162
12177
12179
12184
12191
12193
12196
12203
12212
12239
12268
12273
12293
12300
12302
12308
12310
12312
12317
12323
12327
12329
12355
12363
12372
12375
12376
12384
12400
12403
12412
12415
12424
12429
12485
12490
12510
12517
12522
12530
12539
12553
12562
12597
12634
12638
12644
12647
12698
12702
12716
12721
12726
12728
12730
12735
12749
12756
12804
12825
12830
12832
12847
12861
12864
12877
12892
12900
12908
12926
12951
12962
12966
12968
12999
13001
13006
13008
13010
13012
13017
13024
13028
13030
13037
13059
13066
13129
13131
13147
13163
13168
13215
13220
13226
13248
13257
13282
13288
13290
13293
13312
13346
13355
13389
13395
13398
13400
13404
13407
13427
13456
13469
13475
13490
13498
13502
13508
13511
13519
13521
13526
13527
13541
13563
13583
13587
13598
13603
13608
13612
13637
13645
13649
13654
13661
13669
13670
13682
13692
13703
13720
13725
13729
13734
13745
13749
13752
13769
13770
13779
13785
13786
13817
13822
13855
13861
13883
13897
13934
13936
13939
13942
13946
13956
13959
13964
13966
13971
13979
13998
14016
14018
14021
14030
14038
14041
14045
14095
14099
14103
14112
14114
14125
14131
14139
14169
14247
14258
14260
14283
14321
14330
14344
14350
14357
14385
14388
14397
14400
14403
14417
14441
14450
14452
14458
14480
14523
14528
14557
14592
14606
14612
14614
14623
14684
14686
14688
14695
14699
14705
14716
14723
14729
14731
14733
14783
14788
14799
14817
14820
14827
14829
14867
14879
14883
14890
14899
14912
14914
14924
14930
14942
14946
14951
14954
14958
14963
14991
15002
15014
15019
15029
15030
15035
15041
15046
15052
15074
15153
15156
15159
15199
15228
