14
15
23
27
36
37
41
42
52
56
60
63
66
76
80
92
99
100
105
110
111
122
124
128
131
140
145
150
156
159
192
196
210
221
224
236
239
247
255
266
274
287
307
326
349
359
363
382
393
396
403
412
417
423
435
474
507
512
515
525
535
545
559
562
563
572
586
590
592
599
606
613
632
634
639
646
649
657
682
688
695
705
721
724
839
861
866
885
989
1038
1078
1115
1156
1159
1162
1169
1171
1188
1238
1282
1292
1312
1320
1327
1370
1413
1423
1429
1434
1449
1488
1506
1515
1516
1520
1521
1570
1599
1635
1692
1784
1827
1888
1987
2015
2017
2033
2040
2061
2067
2100
2133
2153
2283
2331
2389
2461
2505
2602
2625
2652
2703
2773
2795
2799
2840
2927
2963
3041
3094
3119
3127
3137
3209
3266
3344
3462
3566
3641
3647
3684
3696
3770
3827
3847
3978
4141
4181
4266
4612
4649
4824
5020
5176
5263
5335
5607
5629
5712
5996
6057
6072
6271
6477
6583
6638
6693
6754
6836
7070
7145
7185
7267
7417
8450
8778
9908
9994
10155
11078
