137
206
289
328
574
637
710
1049
1114
1301
1500
1599
1634
1867
1966
1979
1998
2405
2412
2537
2692
2764
2935
2943
3285
3387
3576
3728
3757
3774
3787
3926
3975
4010
4203
4294
4425
4439
4627
4747
4966
5043
5331
5363
5687
5784
5904
6035
6197
6214
6224
6371
6419
6559
6661
6827
7121
7147
7247
7689
7937
8096
9194
9534
9685
9747
10141
10559
10848
11058
11488
11799
11828
11915
12070
12124
12185
12458
12817
12892
13010
13231
13314
13641
13687
13720
13726
13815
13865
13948
14006
14058
14119
14124
14431
14546
14647
14734
14739
15180
