1
3
4
5
7
8
9
10
12
14
15
16
17
19
20
21
23
26
27
28
30
31
32
33
35
36
37
38
39
41
42
43
44
46
47
48
51
52
54
56
57
60
61
62
63
64
66
67
68
69
70
71
72
74
75
76
77
78
79
80
81
82
83
84
85
86
87
88
89
90
92
93
97
98
99
100
101
103
104
105
107
110
111
113
114
115
116
117
118
120
121
122
124
126
127
128
129
130
131
133
134
135
136
138
140
141
142
144
145
147
150
151
152
154
155
156
157
159
162
163
164
166
167
169
171
173
174
176
178
180
183
186
188
189
190
192
194
195
196
198
200
201
204
205
207
209
210
211
214
215
218
219
220
221
222
224
225
226
229
230
231
232
233
234
235
236
237
238
239
240
241
242
244
245
246
247
249
251
252
254
255
258
259
260
261
262
263
265
266
267
268
269
271
273
274
275
277
278
279
281
282
283
284
285
287
288
290
292
293
295
296
297
298
299
302
303
305
306
307
308
310
311
312
313
315
316
317
319
322
323
324
325
326
328
330
331
332
335
336
337
338
340
341
342
343
344
345
346
349
350
354
356
357
359
360
361
363
367
370
375
376
377
381
382
383
385
388
392
393
396
398
401
403
404
406
408
409
410
412
413
414
415
416
417
419
420
421
422
423
426
429
432
435
436
437
438
439
440
442
444
446
447
449
452
454
457
459
460
462
464
465
466
468
469
471
473
474
476
478
480
481
482
483
485
487
488
491
492
494
495
498
500
503
506
507
509
511
512
514
515
516
517
518
519
521
523
524
525
526
530
531
533
534
535
536
539
541
542
544
545
547
548
549
553
556
557
559
561
562
563
564
566
567
569
570
571
572
574
575
580
582
583
584
586
587
589
590
592
593
595
597
598
599
600
601
602
603
604
605
606
607
608
609
610
612
613
614
616
620
621
622
624
625
626
627
628
629
631
632
634
635
636
637
638
639
642
643
645
646
647
649
650
652
653
654
655
656
657
658
659
660
661
662
664
667
668
670
672
674
675
676
680
682
684
686
687
688
690
692
693
695
696
698
700
702
704
705
707
708
709
712
713
716
717
718
721
722
723
724
726
729
733
735
736
737
739
740
741
742
744
746
747
750
751
752
753
754
756
757
758
759
760
761
762
763
765
768
769
770
772
773
775
776
777
779
780
784
786
788
789
791
793
794
795
797
799
800
802
804
805
806
807
809
810
813
815
817
820
822
827
828
833
834
835
837
839
841
842
844
845
847
848
850
851
853
854
857
858
859
861
862
863
865
866
867
871
872
874
875
876
877
879
880
881
882
883
884
885
887
888
889
890
891
893
895
899
901
902
904
907
908
909
911
913
915
916
918
920
923
924
927
929
932
933
935
936
937
940
941
943
944
945
948
949
950
952
953
954
956
958
959
960
964
967
969
971
972
974
976
978
981
985
987
988
989
990
991
993
995
996
997
999
1001
1002
1004
1005
1008
1010
1011
1014
1015
1017
1018
1019
1020
1023
1024
1025
1026
1027
1029
1030
1031
1032
1033
1035
1036
1037
1038
1039
1040
1043
1044
1045
1046
1047
1048
1049
1050
1052
1054
1057
1059
1060
1062
1067
1069
1071
1073
1074
1075
1078
1084
1086
1088
1091
1092
1094
1096
1098
1099
1102
1103
1105
1106
1109
1110
1112
1114
1115
1117
1120
1121
1124
1127
1128
1130
1133
1134
1137
1138
1139
1141
1146
1147
1148
1152
1153
1155
1156
1159
1160
1162
1164
1165
1166
1167
1169
1171
1172
1174
1175
1178
1179
1180
1182
1184
1186
1188
1189
1190
1191
1193
1195
1198
1199
1202
1204
1206
1208
1209
1210
1212
1213
1215
1216
1218
1221
1223
1224
1226
1229
1232
1234
1237
1238
1240
1241
1243
1245
1247
1248
1254
1256
1257
1260
1262
1264
1267
1270
1275
1277
1279
1282
1283
1286
1291
1292
1295
1296
1299
1300
1302
1304
1307
1308
1310
1312
1313
1314
1316
1317
1318
1320
1321
1324
1326
1327
1328
1329
1331
1332
1333
1335
1337
1338
1339
1340
1343
1344
1345
1347
1348
1350
1351
1352
1354
1357
1358
1361
1362
1363
1364
1370
1372
1374
1379
1380
1383
1387
1388
1389
1390
1391
1392
1394
1399
1400
1401
1402
1404
1405
1408
1410
1411
1413
1414
1415
1417
1420
1421
1423
1425
1427
1429
1432
1434
1436
1438
1439
1441
1442
1443
1445
1447
1449
1450
1452
1453
1456
1458
1460
1462
1465
1467
1469
1471
1472
1473
1474
1475
1476
1478
1481
1482
1484
1486
1488
1491
1492
1494
1497
1498
1501
1504
1505
1506
1507
1510
1511
1513
1514
1515
1516
1517
1519
1520
1521
1523
1524
1526
1528
1529
1530
1533
1535
1537
1539
1540
1542
1544
1545
1547
1548
1549
1551
1556
1559
1562
1564
1565
1568
1569
1570
1572
1575
1578
1579
1581
1583
1584
1587
1589
1592
1593
1594
1596
1597
1599
1600
1602
1605
1607
1609
1610
1611
1613
1614
1615
1616
1617
1619
1620
1621
1623
1626
1629
1632
1633
1634
1635
1637
1639
1642
1644
1646
1648
1650
1652
1653
1655
1656
1657
1658
1660
1661
1662
1664
1665
1666
1667
1670
1671
1673
1675
1676
1677
1678
1683
1684
1688
1689
1690
1691
1692
1694
1695
1698
1699
1700
1702
1704
1706
1707
1708
1710
1711
1713
1716
1719
1724
1725
1726
1727
1728
1730
1731
1735
1736
1738
1739
1740
1741
1743
1746
1747
1748
1750
1751
1754
1755
1756
1757
1758
1759
1761
1764
1765
1767
1772
1773
1775
1776
1778
1781
1783
1784
1787
1788
1789
1793
1794
1795
1799
1801
1803
1805
1808
1810
1812
1815
1817
1818
1821
1822
1824
1826
1827
1828
1830
1832
1834
1837
1838
1843
1844
1848
1850
1851
1852
1854
1855
1857
1859
1861
1863
1868
1869
1870
1872
1877
1879
1881
1885
1886
1887
1888
1890
1894
1895
1897
1899
1901
1902
1904
1906
1907
1911
1912
1915
1916
1917
1918
1921
1924
1927
1928
1929
1930
1933
1934
1937
1941
1943
1944
1946
1947
1952
1953
1954
1955
1956
1957
1958
1960
1962
1963
1965
1966
1967
1969
1970
1971
1974
1976
1977
1979
1980
1981
1982
1983
1984
1987
1988
1991
1992
1995
1997
1999
2000
2002
2004
2005
2006
2008
2009
2011
2013
2015
2017
2019
2020
2023
2025
2026
2028
2030
2031
2033
2035
2036
2038
2040
2044
2046
2047
2049
2050
2053
2055
2056
2058
2060
2061
2062
2066
2067
2069
2070
2071
2075
2077
2080
2086
2087
2090
2091
2097
2099
2100
2103
2105
2107
2109
2113
2114
2115
2117
2119
2121
2123
2127
2130
2132
2133
2134
2137
2139
2141
2142
2143
2146
2147
2148
2150
2152
2153
2154
2156
2159
2161
2162
2163
2165
2167
2170
2173
2176
2177
2180
2182
2183
2184
2185
2186
2188
2189
2193
2194
2195
2199
2200
2203
2205
2206
2208
2209
2210
2215
2218
2220
2221
2222
2225
2227
2229
2230
2231
2233
2234
2237
2238
2243
2246
2247
2250
2252
2254
2255
2256
2259
2262
2266
2267
2273
2275
2276
2280
2281
2283
2285
2286
2288
2290
2292
2293
2294
2297
2298
2299
2301
2302
2303
2307
2309
2312
2314
2315
2317
2320
2324
2328
2331
2332
2333
2335
2337
2341
2343
2345
2347
2350
2353
2356
2361
2362
2364
2367
2371
2374
2377
2378
2381
2384
2385
2388
2389
2390
2391
2394
2396
2399
2400
2402
2405
2407
2408
2409
2413
2414
2417
2419
2421
2424
2426
2429
2430
2435
2436
2438
2439
2441
2444
2445
2447
2448
2449
2452
2454
2455
2457
2458
2459
2461
2462
2463
2468
2470
2472
2474
2475
2478
2480
2483
2485
2487
2490
2493
2496
2500
2501
2503
2504
2505
2508
2509
2516
2518
2521
2526
2528
2530
2533
2536
2537
2539
2540
2544
2545
2548
2550
2552
2553
2555
2557
2558
2560
2564
2566
2567
2568
2569
2572
2573
2578
2579
2580
2582
2585
2590
2591
2593
2595
2597
2599
2601
2602
2606
2607
2608
2611
2614
2619
2621
2623
2625
2627
2629
2632
2635
2638
2640
2642
2643
2645
2647
2648
2650
2652
2654
2656
2658
2659
2660
2664
2667
2668
2670
2673
2674
2677
2678
2679
2680
2681
2682
2684
2686
2688
2689
2692
2696
2699
2703
2705
2706
2708
2712
2713
2716
2717
2720
2721
2722
2728
2730
2732
2735
2739
2740
2741
2742
2744
2745
2747
2751
2752
2754
2756
2758
2759
2760
2763
2765
2766
2768
2769
2771
2772
2773
2774
2778
2779
2780
2782
2784
2785
2786
2787
2789
2790
2795
2798
2799
2800
2801
2802
2803
2804
2807
2809
2814
2816
2820
2825
2827
2828
2829
2830
2831
2832
2833
2835
2839
2840
2845
2847
2848
2851
2859
2861
2863
2867
2868
2872
2873
2874
2875
2878
2880
2882
2885
2888
2891
2893
2894
2896
2900
2901
2903
2905
2906
2908
2910
2914
2915
2916
2918
2919
2926
2927
2928
2929
2931
2932
2934
2938
2942
2944
2946
2948
2952
2954
2958
2961
2963
2966
2968
2970
2971
2975
2976
2978
2980
2985
2988
2991
2992
2995
2996
2997
2998
3001
3002
3004
3006
3007
3008
3009
3012
3014
3015
3017
3019
3024
3025
3026
3027
3028
3029
3030
3032
3036
3039
3040
3041
3042
3045
3046
3047
3049
3051
3056
3060
3063
3065
3069
3070
3072
3073
3077
3079
3080
3082
3086
3087
3089
3091
3094
3095
3096
3098
3099
3101
3104
3105
3106
3107
3111
3115
3117
3119
3120
3121
3122
3123
3126
3127
3129
3131
3132
3133
3136
3137
3139
3140
3142
3144
3146
3147
3148
3152
3156
3157
3159
3163
3165
3170
3172
3173
3174
3176
3178
3179
3185
3189
3190
3193
3195
3196
3197
3198
3203
3204
3209
3210
3211
3213
3214
3216
3217
3221
3222
3226
3228
3230
3233
3235
3236
3238
3239
3241
3242
3243
3244
3246
3247
3248
3250
3252
3253
3254
3255
3256
3257
3258
3260
3261
3265
3266
3268
3270
3272
3276
3279
3280
3281
3284
3286
3289
3291
3295
3296
3299
3303
3305
3306
3309
3311
3316
3319
3320
3322
3324
3325
3328
3329
3331
3333
3335
3337
3338
3341
3343
3344
3347
3349
3352
3353
3354
3357
3359
3361
3363
3364
3366
3367
3371
3375
3376
3378
3381
3384
3389
3390
3391
3392
3397
3399
3401
3403
3404
3415
3417
3419
3421
3422
3423
3425
3428
3429
3431
3433
3434
3438
3439
3441
3442
3443
3446
3447
3448
3449
3453
3456
3458
3461
3462
3463
3464
3466
3468
3471
3472
3475
3476
3478
3480
3487
3488
3490
3491
3492
3493
3495
3497
3498
3500
3501
3502
3506
3507
3509
3512
3513
3514
3518
3519
3520
3524
3526
3530
3531
3533
3535
3536
3538
3540
3547
3548
3549
3552
3553
3556
3559
3562
3563
3566
3569
3572
3573
3576
3577
3581
3582
3584
3585
3586
3589
3590
3592
3594
3597
3601
3603
3605
3607
3608
3614
3616
3618
3622
3624
3627
3628
3632
3633
3635
3637
3640
3641
3643
3644
3646
3647
3649
3651
3654
3656
3658
3661
3663
3664
3667
3668
3670
3672
3673
3675
3677
3679
3682
3683
3684
3685
3688
3689
3691
3694
3695
3696
3698
3703
3705
3707
3708
3709
3710
3715
3717
3719
3723
3726
3728
3731
3736
3739
3744
3746
3752
3754
3760
3761
3763
3764
3770
3771
3775
3778
3779
3780
3781
3786
3788
3789
3791
3792
3795
3799
3802
3806
3809
3813
3814
3817
3819
3822
3824
3826
3827
3830
3831
3833
3836
3837
3840
3841
3843
3845
3846
3847
3848
3850
3852
3854
3855
3858
3859
3860
3863
3864
3869
3870
3872
3873
3875
3877
3878
3880
3884
3885
3889
3892
3894
3899
3900
3904
3906
3907
3908
3909
3912
3913
3914
3915
3916
3918
3921
3924
3925
3927
3931
3934
3935
3937
3940
3943
3947
3948
3949
3950
3952
3956
3957
3959
3962
3963
3965
3968
3971
3972
3973
3976
3978
3980
3983
3984
3985
3986
3989
3992
3993
3995
3999
4002
4003
4005
4008
4010
4011
4016
4017
4019
4021
4023
4025
4027
4031
4035
4038
4041
4045
4047
4051
4054
4056
4058
4059
4063
4065
4070
4072
4075
4076
4078
4081
4083
4084
4085
4087
4089
4092
4094
4095
4097
4099
4103
4104
4107
4109
4111
4115
4116
4117
4118
4121
4123
4125
4126
4128
4129
4131
4133
4136
4138
4140
4141
4146
4148
4150
4151
4152
4157
4158
4161
4164
4167
4171
4173
4175
4176
4177
4181
4185
4189
4190
4193
4196
4199
4200
4203
4206
4208
4210
4212
4213
4215
4219
4221
4222
4224
4225
4228
4230
4236
4238
4239
4240
4242
4244
4250
4254
4257
4259
4261
4263
4266
4270
4272
4273
4275
4279
4280
4282
4284
4285
4286
4288
4290
4292
4293
4296
4297
4299
4302
4305
4307
4309
4310
4311
4314
4316
4318
4319
4323
4325
4329
4330
4331
4333
4334
4336
4338
4339
4342
4343
4344
4345
4346
4349
4351
4352
4353
4357
4358
4361
4363
4366
4369
4370
4373
4374
4375
4377
4378
4380
4383
4385
4387
4389
4392
4393
4394
4396
4398
4400
4403
4404
4407
4408
4410
4411
4413
4414
4416
4417
4418
4419
4424
4425
4426
4428
4432
4434
4435
4436
4438
4440
4444
4446
4448
4453
4457
4458
4459
4467
4468
4469
4470
4471
4473
4474
4476
4477
4479
4481
4482
4483
4485
4488
4489
4491
4493
4495
4496
4499
4500
4504
4506
4508
4510
4512
4513
4515
4517
4518
4522
4523
4526
4529
4531
4533
4535
4538
4540
4541
4543
4545
4547
4548
4552
4555
4556
4559
4560
4561
4564
4565
4571
4572
4578
4579
4580
4583
4585
4586
4588
4591
4592
4593
4595
4597
4599
4602
4603
4605
4606
4608
4609
4612
4613
4614
4615
4618
4619
4621
4624
4625
4627
4629
4632
4633
4635
4636
4639
4640
4641
4643
4644
4646
4649
4651
4655
4658
4659
4662
4663
4665
4667
4669
4670
4672
4677
4679
4683
4685
4688
4691
4693
4699
4701
4704
4708
4711
4713
4715
4716
4719
4723
4724
4728
4731
4732
4737
4749
4750
4752
4754
4755
4757
4758
4760
4762
4763
4767
4770
4773
4775
4777
4780
4781
4784
4788
4793
4796
4798
4799
4800
4801
4804
4805
4806
4808
4811
4813
4816
4824
4825
4829
4830
4834
4835
4838
4840
4841
4842
4843
4845
4847
4849
4854
4855
4857
4859
4860
4863
4865
4866
4870
4872
4874
4875
4876
4878
4882
4889
4890
4891
4896
4898
4902
4906
4907
4912
4913
4915
4916
4919
4922
4924
4925
4926
4931
4933
4936
4937
4940
4943
4944
4946
4951
4952
4953
4962
4963
4965
4970
4973
4976
4978
4979
4983
4988
4989
4995
4996
4997
5000
5003
5004
5010
5012
5014
5017
5020
5022
5024
5027
5029
5031
5033
5034
5036
5038
5040
5042
5044
5046
5048
5053
5054
5057
5060
5063
5066
5068
5069
5071
5073
5074
5077
5080
5081
5083
5089
5091
5093
5094
5095
5097
5098
5101
5103
5106
5107
5108
5115
5118
5119
5120
5123
5124
5125
5128
5130
5132
5134
5136
5137
5138
5143
5146
5149
5150
5153
5154
5158
5161
5163
5166
5167
5170
5174
5176
5177
5179
5183
5184
5187
5188
5192
5193
5195
5196
5198
5202
5204
5206
5209
5211
5212
5214
5217
5219
5220
5221
5223
5225
5227
5230
5231
5233
5235
5239
5240
5241
5242
5243
5244
5247
5253
5256
5260
5261
5263
5266
5269
5271
5273
5274
5276
5277
5279
5282
5285
5286
5287
5288
5290
5292
5294
5295
5297
5299
5301
5304
5307
5308
5312
5313
5314
5317
5319
5320
5324
5326
5328
5330
5335
5340
5341
5342
5344
5346
5351
5353
5358
5363
5366
5367
5370
5373
5376
5383
5384
5389
5391
5393
5396
5398
5401
5402
5403
5406
5411
5413
5414
5416
5417
5419
5421
5425
5426
5428
5431
5434
5437
5438
5440
5443
5444
5446
5449
5450
5451
5454
5455
5456
5460
5461
5466
5467
5472
5477
5478
5482
5483
5484
5487
5490
5492
5496
5499
5505
5507
5516
5518
5521
5522
5523
5526
5528
5532
5533
5534
5536
5540
5541
5546
5548
5550
5553
5554
5555
5558
5561
5562
5563
5564
5569
5572
5575
5578
5581
5588
5591
5592
5593
5594
5597
5599
5600
5601
5604
5606
5607
5612
5613
5616
5620
5622
5623
5624
5625
5628
5629
5633
5636
5643
5645
5646
5647
5649
5651
5655
5658
5662
5664
5667
5674
5677
5679
5681
5682
5685
5688
5694
5697
5699
5700
5702
5705
5706
5711
5712
5715
5716
5717
5719
5720
5725
5726
5730
5731
5734
5735
5738
5740
5741
5745
5747
5749
5750
5751
5754
5755
5758
5759
5761
5764
5765
5767
5768
5769
5772
5773
5774
5778
5780
5782
5786
5788
5793
5795
5801
5810
5812
5814
5816
5819
5821
5824
5825
5828
5831
5832
5836
5838
5841
5844
5845
5848
5851
5852
5854
5855
5856
5858
5860
5862
5864
5870
5873
5874
5882
5883
5886
5888
5890
5892
5893
5894
5896
5899
5901
5904
5906
5909
5912
5916
5920
5922
5928
5930
5934
5936
5937
5941
5943
5945
5946
5948
5950
5951
5953
5956
5958
5960
5963
5964
5965
5967
5969
5971
5973
5978
5982
5987
5988
5991
5995
5996
5997
5998
6002
6006
6008
6009
6018
6021
6028
6034
6036
6038
6040
6043
6047
6048
6049
6052
6055
6056
6057
6060
6067
6068
6070
6071
6072
6074
6076
6079
6086
6087
6092
6093
6097
6098
6102
6106
6109
6112
6113
6116
6117
6121
6122
6123
6124
6127
6132
6133
6137
6139
6142
6149
6152
6154
6157
6158
6160
6162
6165
6168
6169
6172
6174
6176
6179
6180
6182
6183
6186
6189
6190
6192
6194
6200
6205
6208
6211
6219
6221
6223
6225
6226
6229
6233
6237
6238
6242
6243
6244
6245
6248
6250
6252
6255
6259
6260
6263
6265
6267
6268
6270
6271
6274
6276
6281
6284
6286
6288
6290
6292
6293
6294
6297
6300
6305
6307
6309
6310
6312
6313
6314
6320
6323
6330
6334
6339
6343
6344
6347
6349
6350
6352
6353
6356
6359
6362
6364
6366
6367
6369
6370
6371
6374
6376
6378
6381
6382
6385
6387
6388
6390
6391
6393
6396
6398
6401
6402
6407
6409
6413
6415
6417
6421
6423
6425
6427
6435
6436
6439
6443
6446
6447
6449
6455
6458
6461
6464
6466
6470
6471
6473
6477
6479
6481
6482
6483
6484
6494
6501
6504
6507
6509
6510
6512
6513
6514
6515
6519
6520
6523
6527
6528
6531
6533
6535
6537
6539
6547
6549
6551
6557
6558
6561
6573
6576
6580
6583
6587
6592
6593
6597
6600
6602
6603
6610
6611
6613
6615
6616
6618
6622
6623
6626
6631
6633
6635
6636
6637
6638
6641
6642
6644
6647
6649
6651
6653
6661
6664
6667
6670
6671
6674
6675
6680
6681
6683
6684
6686
6692
6693
6695
6698
6699
6708
6711
6719
6723
6725
6726
6728
6729
6732
6733
6737
6738
6740
6745
6746
6749
6752
6754
6757
6759
6762
6764
6765
6767
6769
6773
6775
6788
6789
6794
6795
6797
6798
6800
6805
6807
6808
6811
6813
6815
6817
6819
6821
6823
6825
6829
6832
6834
6836
6837
6841
6843
6845
6847
6851
6853
6856
6860
6862
6864
6867
6868
6870
6872
6873
6876
6879
6881
6891
6893
6894
6895
6896
6899
6901
6902
6903
6906
6912
6915
6916
6923
6926
6929
6931
6935
6936
6939
6944
6947
6949
6951
6953
6956
6957
6958
6959
6961
6963
6966
6969
6970
6973
6976
6980
6982
6985
6987
6988
6992
6994
6995
7000
7002
7010
7022
7024
7025
7027
7028
7030
7034
7035
7036
7039
7040
7046
7048
7051
7054
7055
7058
7061
7063
7065
7066
7069
7070
7071
7074
7076
7077
7080
7087
7088
7089
7091
7093
7094
7097
7099
7101
7109
7116
7118
7119
7121
7124
7126
7128
7130
7131
7133
7138
7139
7141
7143
7144
7145
7148
7150
7152
7154
7155
7158
7159
7160
7164
7165
7166
7167
7170
7172
7175
7176
7177
7179
7183
7185
7186
7188
7191
7194
7195
7197
7201
7203
7207
7212
7214
7217
7224
7225
7226
7229
7231
7236
7237
7240
7247
7249
7252
7253
7254
7255
7262
7263
7266
7267
7268
7272
7276
7277
7279
7280
7281
7283
7286
7288
7291
7293
7295
7296
7298
7299
7301
7302
7304
7307
7309
7310
7312
7315
7317
7318
7320
7330
7331
7333
7339
7340
7345
7351
7354
7355
7360
7366
7368
7369
7372
7373
7375
7380
7382
7384
7387
7391
7395
7397
7399
7404
7405
7406
7408
7412
7413
7417
7419
7421
7423
7425
7426
7428
7430
7432
7434
7435
7436
7442
7449
7455
7459
7461
7465
7470
7473
7476
7477
7480
7486
7488
7491
7494
7496
7499
7500
7504
7506
7508
7510
7512
7515
7516
7521
7523
7525
7531
7532
7537
7539
7541
7542
7545
7546
7547
7553
7555
7557
7559
7561
7563
7566
7568
7571
7579
7584
7586
7589
7593
7594
7597
7598
7600
7602
7604
7607
7609
7613
7615
7617
7618
7620
7622
7623
7628
7630
7633
7635
7636
7639
7640
7642
7644
7646
7659
7660
7663
7665
7666
7668
7669
7671
7674
7675
7676
7679
7685
7688
7690
7694
7695
7698
7699
7702
7703
7707
7710
7712
7714
7716
7717
7724
7725
7729
7730
7732
7734
7735
7737
7739
7741
7744
7749
7750
7755
7756
7758
7759
7764
7772
7775
7778
7779
7780
7782
7783
7784
7787
7790
7791
7794
7801
7803
7807
7809
7810
7812
7814
7815
7818
7820
7825
7826
7829
7831
7833
7835
7839
7841
7842
7843
7848
7849
7853
7854
7855
7858
7859
7862
7864
7865
7872
7874
7877
7880
7882
7883
7885
7888
7891
7893
7895
7896
7897
7898
7901
7902
7905
7906
7908
7911
7914
7916
7918
7922
7923
7925
7926
7928
7930
7938
7939
7940
7941
7946
7951
7956
7957
7958
7959
7962
7964
7970
7972
7981
7983
7984
7985
7989
7990
7992
7993
7995
7996
7997
8000
8002
8003
8004
8007
8012
8014
8017
8021
8024
8035
8036
8042
8045
8046
8049
8050
8051
8055
8056
8059
8062
8063
8066
8067
8071
8079
8084
8086
8089
8093
8095
8097
8101
8102
8105
8110
8112
8113
8115
8120
8123
8129
8131
8132
8134
8137
8140
8147
8148
8149
8156
8162
8165
8169
8171
8173
8175
8178
8181
8182
8183
8186
8187
8192
8194
8195
8200
8202
8204
8205
8207
8210
8211
8213
8218
8219
8221
8224
8227
8228
8231
8232
8233
8236
8237
8238
8241
8242
8243
8248
8250
8252
8255
8256
8257
8259
8260
8264
8265
8267
8271
8276
8280
8283
8290
8293
8294
8296
8297
8302
8303
8306
8308
8312
8313
8316
8321
8322
8326
8330
8333
8336
8339
8342
8343
8344
8346
8347
8348
8350
8351
8354
8357
8358
8360
8364
8365
8370
8372
8377
8379
8382
8384
8389
8390
8393
8395
8399
8412
8415
8420
8421
8422
8424
8428
8431
8434
8436
8438
8441
8445
8450
8451
8452
8454
8457
8458
8461
8463
8465
8467
8469
8471
8472
8474
8478
8479
8481
8483
8487
8489
8492
8495
8496
8501
8502
8507
8515
8517
8518
8520
8523
8524
8532
8537
8539
8543
8544
8547
8548
8550
8552
8553
8556
8557
8561
8563
8564
8566
8570
8572
8573
8574
8576
8578
8581
8582
8583
8585
8587
8589
8591
8594
8597
8599
8600
8604
8608
8615
8619
8621
8623
8626
8630
8633
8635
8640
8642
8645
8646
8647
8649
8653
8655
8658
8659
8666
8669
8671
8675
8677
8678
8680
8681
8682
8684
8686
8687
8688
8689
8690
8691
8696
8697
8701
8702
8705
8706
8708
8711
8713
8715
8716
8721
8724
8725
8728
8737
8739
8742
8744
8750
8753
8760
8761
8764
8775
8777
8778
8780
8782
8790
8792
8795
8798
8801
8803
8804
8806
8809
8811
8818
8823
8825
8827
8828
8829
8832
8834
8838
8839
8841
8844
8846
8851
8856
8859
8861
8863
8864
8867
8868
8874
8875
8879
8885
8886
8887
8889
8893
8895
8899
8901
8902
8905
8909
8911
8913
8916
8921
8923
8925
8927
8928
8930
8933
8935
8936
8940
8942
8945
8946
8948
8950
8954
8955
8957
8960
8961
8962
8963
8964
8966
8969
8970
8974
8979
8983
8985
8987
8988
8990
8991
8995
9002
9003
9006
9008
9009
9014
9016
9018
9022
9024
9026
9028
9031
9034
9035
9039
9041
9043
9044
9046
9047
9048
9052
9053
9055
9056
9059
9061
9063
9069
9073
9081
9084
9087
9091
9095
9097
9109
9111
9113
9116
9120
9121
9122
9124
9126
9129
9130
9132
9133
9134
9136
9141
9143
9145
9149
9150
9153
9157
9158
9160
9163
9164
9166
9168
9170
9173
9175
9177
9180
9181
9183
9188
9190
9202
9206
9208
9211
9213
9215
9220
9224
9225
9227
9230
9235
9237
9239
9242
9244
9246
9249
9253
9254
9255
9258
9263
9265
9267
9268
9271
9273
9274
9275
9276
9278
9279
9280
9281
9284
9286
9288
9290
9293
9294
9299
9300
9302
9306
9307
9308
9311
9316
9318
9320
9323
9325
9326
9332
9333
9334
9339
9342
9344
9345
9347
9348
9354
9359
9360
9365
9370
9378
9379
9380
9381
9384
9386
9392
9395
9396
9398
9401
9402
9403
9406
9408
9410
9414
9417
9418
9422
9426
9430
9431
9433
9435
9437
9439
9441
9443
9444
9447
9448
9450
9457
9465
9467
9469
9470
9476
9486
9488
9489
9499
9502
9505
9510
9513
9514
9516
9519
9521
9523
9528
9530
9531
9532
9533
9535
9537
9540
9541
9544
9549
9554
9559
9561
9563
9564
9567
9568
9573
9576
9580
9581
9586
9588
9594
9596
9600
9601
9602
9608
9610
9612
9615
9616
9619
9621
9626
9629
9631
9634
9637
9638
9639
9648
9659
9664
9670
9672
9674
9676
9679
9683
9684
9687
9691
9694
9696
9698
9699
9700
9702
9705
9706
9709
9722
9723
9725
9727
9731
9733
9734
9740
9742
9749
9752
9757
9759
9760
9761
9764
9767
9769
9771
9772
9774
9775
9780
9781
9782
9787
9788
9794
9797
9800
9802
9804
9805
9807
9809
9811
9813
9815
9817
9819
9822
9825
9828
9830
9832
9834
9840
9842
9843
9851
9852
9854
9867
9873
9875
9882
9883
9886
9889
9892
9893
9895
9899
9902
9907
9908
9909
9910
9913
9917
9918
9922
9923
9926
9928
9931
9933
9934
9938
9942
9943
9945
9948
9950
9954
9956
9957
9959
9963
9964
9978
9988
9993
9994
9996
10001
10006
10011
10012
10019
10024
10026
10028
10032
10035
10036
10037
10042
10044
10046
10048
10051
10055
10058
10062
10063
10070
10071
10079
10081
10084
10085
10088
10091
10093
10098
10103
10104
10105
10106
10107
10110
10112
10114
10117
10119
10122
10124
10125
10128
10131
10134
10136
10137
10142
10144
10145
10148
10149
10153
10155
10158
10161
10162
10165
10170
10172
10174
10177
10182
10184
10190
10192
10194
10197
10204
10206
10210
10215
10216
10217
10222
10224
10225
10227
10230
10231
10234
10235
10237
10239
10241
10244
10247
10249
10252
10255
10262
10263
10265
10267
10269
10273
10276
10277
10278
10280
10284
10289
10295
10298
10302
10307
10308
10309
10311
10314
10319
10321
10326
10327
10330
10334
10337
10340
10342
10345
10346
10353
10354
10357
10358
10359
10360
10362
10364
10366
10370
10372
10373
10376
10378
10383
10396
10400
10406
10418
10422
10425
10426
10430
10434
10436
10438
10440
10441
10446
10448
10450
10455
10457
10462
10465
10467
10472
10473
10474
10477
10481
10482
10484
10488
10495
10498
10500
10501
10506
10507
10508
10511
10513
10516
10519
10523
10525
10528
10534
10539
10542
10543
10544
10546
10549
10561
10567
10569
10571
10572
10575
10578
10584
10586
10589
10590
10596
10598
10602
10603
10604
10607
10609
10612
10613
10616
10617
10618
10619
10624
10625
10626
10629
10630
10632
10638
10644
10647
10657
10666
10667
10673
10677
10685
10689
10691
10698
10702
10704
10707
10711
10712
10714
10718
10720
10723
10726
10727
10729
10733
10735
10744
10745
10746
10749
10752
10753
10762
10765
10768
10769
10771
10775
10779
10782
10785
10786
10788
10789
10790
10805
10809
10810
10813
10816
10822
10823
10827
10832
10834
10836
10838
10841
10844
10846
10848
10852
10856
10857
10863
10866
10868
10871
10874
10875
10878
10881
10883
10884
10886
10890
10891
10892
10895
10901
10906
10911
10930
10931
10936
10937
10941
10943
10944
10945
10946
10947
10949
10952
10953
10957
10958
10967
10969
10972
10973
10975
10977
10980
10981
10984
10986
10989
10999
11001
11007
11009
11014
11015
11018
11019
11020
11023
11024
11027
11030
11032
11033
11034
11035
11037
11042
11044
11056
11064
11067
11071
11074
11077
11078
11079
11081
11082
11083
11088
11090
11098
11104
11111
11118
11119
11126
11130
11132
11137
11139
11140
11143
11145
11149
11155
11157
11161
11163
11167
11169
11171
11175
11178
11185
11186
11187
11189
11191
11192
11195
11198
11201
11203
11206
11209
11212
11213
11215
11216
11224
11227
11233
11236
11238
11239
11248
11250
11256
11268
11273
11282
11284
11287
11289
11291
11294
11296
11299
11304
11306
11309
11310
11312
11315
11319
11321
11324
11325
11326
11327
11328
11331
11333
11334
11337
11340
11346
11347
11355
11356
11358
11365
11366
11369
11370
11371
11376
11379
11380
11381
11382
11384
11389
11392
11394
11396
11399
11406
11408
11410
11411
11412
11413
11417
11418
11420
11421
11423
11427
11428
11429
11432
11433
11440
11450
11452
11456
11460
11461
11465
11466
11469
11471
11473
11477
11480
11483
11485
11487
11492
11494
11497
11499
11501
11502
11514
11516
11517
11533
11534
11535
11539
11544
11548
11551
11554
11558
11561
11563
11564
11566
11571
11573
11578
11579
11582
11587
11592
11593
11595
11608
11612
11613
11619
11624
11626
11627
11630
11631
11634
11641
11647
11649
11658
11659
11662
11666
11668
11672
11676
11678
11682
11684
11688
11691
11693
11695
11697
11698
11703
11704
11705
11707
11710
11715
11716
11720
11724
11727
11729
11731
11734
11735
11736
11740
11752
11755
11759
11769
11770
11781
11785
11786
11790
11791
11794
11795
11796
11801
11804
11806
11809
11812
11813
11816
11822
11824
11826
11829
11832
11836
11837
11839
11841
11842
11848
11852
11853
11856
11857
11864
11868
11872
11874
11879
11881
11885
11889
11890
11894
11898
11901
11908
11911
11914
11915
11916
11919
11921
11923
11924
11925
11929
11934
11935
11937
11939
11941
11943
11944
11950
11952
11959
11963
11967
11970
11974
11981
11986
11991
11993
11997
12005
12013
12015
12017
12021
12023
12025
12027
12028
12029
12035
12037
12039
12047
12052
12054
12056
12058
12060
12062
12064
12065
12068
12071
12078
12084
12089
12095
12096
12108
12112
12115
12117
12120
12124
12130
12137
12139
12140
12144
12147
12150
12154
12156
12159
12162
12165
12166
12170
12173
12177
12178
12179
12181
12184
12186
12189
12192
12196
12199
12201
12203
12207
12211
12222
12224
12226
12227
12234
12236
12239
12240
12249
12254
12257
12258
12262
12264
12269
12273
12279
12281
12284
12285
12288
12293
12295
12299
12302
12304
12305
12307
12308
12310
12313
12316
12317
12320
12323
12325
12327
12329
12339
12340
12347
12355
12362
12363
12368
12370
12372
12375
12376
12379
12383
12384
12388
12396
12399
12400
12403
12404
12407
12409
12412
12413
12417
12418
12420
12424
12429
12432
12436
12440
12446
12449
12454
12464
12468
12469
12470
12472
12478
12482
12485
12488
12492
12498
12501
12502
12503
12504
12508
12510
12511
12515
12518
12522
12525
12529
12533
12535
12537
12539
12544
12546
12548
12553
12560
12562
12564
12567
12571
12574
12582
12583
12588
12591
12594
12597
12604
12613
12616
12618
12620
12623
12627
12629
12632
12636
12638
12640
12642
12644
12647
12650
12656
12659
12666
12668
12680
12687
12695
12697
12699
12702
12705
12709
12716
12719
12721
12728
12730
12732
12734
12737
12739
12741
12744
12746
12749
12750
12753
12755
12756
12760
12764
12775
12781
12783
12784
12786
12797
12798
12804
12809
12812
12819
12825
12829
12832
12835
12838
12841
12843
12847
12851
12854
12857
12859
12861
12864
12869
12872
12875
12877
12878
12879
12883
12888
12891
12892
12898
12901
12903
12908
12910
12912
12916
12918
12921
12924
12925
12929
12930
12932
12937
12939
12951
12957
12959
12961
12962
12964
12966
12968
12971
12980
12982
12991
12998
12999
13002
13003
13006
13008
13010
13012
13015
13018
13019
13021
13024
13028
13030
13031
13034
13037
13053
13056
13057
13059
13061
13063
13065
13071
13076
13085
13092
13097
13112
13114
13118
13123
13129
13131
13138
13139
13145
13147
13150
13154
13156
13158
13159
13161
13163
13166
13168
13173
13178
13182
13184
13203
13217
13222
13223
13226
13230
13232
13234
13238
13242
13243
13244
13245
13249
13250
13252
13254
13255
13261
13262
13264
13266
13269
13271
13277
13280
13282
13283
13288
13290
13293
13294
13295
13297
13300
13304
13309
13312
13323
13328
13330
13339
13343
13346
13354
13355
13361
13363
13366
13368
13371
13373
13375
13381
13382
13389
13393
13395
13396
13398
13401
13404
13405
13408
13410
13413
13427
13441
13446
13448
13450
13451
13455
13456
13458
13463
13467
13469
13473
13477
13479
13481
13484
13489
13493
13499
13500
13506
13508
13509
13511
13513
13515
13518
13519
13521
13523
13525
13527
13528
13541
13544
13551
13553
13560
13564
13565
13571
13580
13583
13585
13587
13590
13592
13594
13598
13599
13602
13603
13605
13608
13610
13612
13618
13630
13631
13632
13633
13637
13639
13644
13645
13647
13649
13654
13655
13660
13664
13668
13670
13671
13673
13684
13688
13690
13692
13701
13703
13705
13709
13710
13715
13720
13721
13724
13727
13728
13731
13733
13737
13742
13743
13747
13749
13750
13751
13752
13757
13760
13766
13769
13770
13772
13775
13780
13783
13785
13786
13788
13793
13802
13811
13813
13815
13817
13820
13822
13824
13829
13831
13833
13844
13848
13850
13852
13853
13855
13860
13863
13869
13870
13872
13874
13879
13882
13883
13890
13892
13895
13897
13899
13902
13904
13906
13913
13922
13929
13934
13935
13938
13939
13941
13946
13948
13954
13956
13958
13960
13963
13964
13967
13968
13971
13972
13976
13980
13984
13985
13989
13993
13998
14003
14014
14015
14018
14021
14022
14024
14026
14029
14035
14037
14038
14040
14041
14044
14045
14065
14066
14068
14070
14075
14082
14090
14092
14095
14097
14098
14102
14105
14110
14112
14114
14119
14127
14129
14131
14134
14138
14142
14143
14145
14149
14151
14153
14169
14171
14174
14178
14185
14195
14204
14210
14211
14217
14221
14223
14228
14232
14239
14242
14244
14247
14250
14256
14257
14259
14260
14262
14279
14283
14284
14292
14302
14303
14307
14311
14314
14317
14321
14330
14341
14344
14348
14355
14357
14359
14364
14367
14374
14376
14380
14386
14387
14393
14396
14400
14401
14405
14413
14417
14442
14446
14448
14453
14454
14457
14459
14461
14462
14464
14467
14478
14480
14486
14496
14502
14504
14510
14512
14514
14517
14518
14523
14524
14529
14530
14548
14557
14565
14568
14574
14577
14579
14586
14591
14592
14606
14612
14614
14616
14620
14621
14623
14625
14639
14647
14658
14663
14672
14673
14676
14678
14682
14683
14685
14686
14688
14689
14694
14699
14700
14704
14705
14713
14717
14719
14720
14722
14729
14731
14753
14761
14762
14764
14768
14773
14783
14784
14785
14788
14789
14792
14795
14797
14799
14803
14804
14810
14811
14815
14818
14820
14823
14824
14827
14829
14834
14845
14875
14879
14883
14886
14889
14890
14896
14899
14902
14904
14912
14914
14916
14924
14927
14931
14938
14939
14942
14943
14947
14951
14954
14955
14956
14958
14960
14963
14973
14980
14991
15002
15009
15012
15014
15015
15017
15019
15023
15029
15030
15033
15034
15040
15046
15050
15052
15054
15059
15061
15072
15074
15081
15084
15087
15094
15103
15109
15130
15147
15153
15156
15159
15161
15164
15168
15172
15174
15175
15179
15181
15184
15186
15189
15190
15195
15198
15200
15201
15203
15214
15216
15217
15221
15225
15226
15228
