0
1
3
4
5
7
8
9
10
12
13
14
15
16
17
18
19
20
21
22
23
25
26
27
28
29
30
31
32
33
34
35
36
37
38
39
40
41
42
43
44
45
46
47
48
49
50
51
52
53
54
55
56
57
58
59
60
61
62
63
64
65
66
67
68
69
70
71
72
73
74
75
76
77
78
79
80
81
82
83
84
85
86
87
88
89
90
91
92
93
94
95
96
97
98
99
100
101
103
104
105
107
108
109
110
111
112
113
114
115
116
117
118
119
120
121
122
123
124
125
126
127
128
129
130
131
132
133
134
135
136
138
139
140
141
142
143
144
145
147
149
150
151
152
153
154
155
156
157
158
159
160
162
163
164
165
166
167
168
169
170
171
172
173
174
176
177
178
180
182
183
184
185
186
187
188
189
190
191
192
193
194
195
196
197
198
199
200
201
203
204
205
206
207
208
209
210
211
212
213
214
215
216
218
219
220
221
222
223
224
225
226
227
229
230
231
232
233
234
235
236
237
238
239
240
241
242
243
244
245
246
247
249
250
251
252
254
255
256
257
258
259
260
261
262
263
265
266
267
268
269
271
272
273
274
275
276
277
278
279
280
281
282
283
284
285
286
287
288
289
290
291
292
293
294
295
296
297
298
299
300
301
302
303
304
305
306
307
308
310
311
312
313
314
315
316
317
318
319
320
321
322
323
324
325
326
327
328
329
330
331
332
333
334
335
336
337
338
339
340
341
342
343
344
345
346
347
349
350
351
354
355
356
357
359
360
361
363
365
367
368
370
371
374
375
376
377
380
381
382
383
385
386
387
388
389
390
391
392
393
394
395
396
397
398
401
402
403
404
406
408
409
410
411
412
413
414
415
416
417
419
420
421
422
423
424
425
426
428
429
430
431
432
434
435
436
437
438
439
440
441
442
444
445
446
447
449
450
452
454
455
456
457
459
460
461
464
465
466
467
468
469
471
473
474
475
476
477
478
480
481
482
483
485
486
487
488
490
491
492
494
495
496
498
499
500
501
502
503
505
506
507
509
510
511
512
513
514
515
516
517
518
519
520
521
522
523
524
525
526
527
528
530
531
532
533
534
535
536
537
538
539
540
541
542
544
545
546
547
548
549
550
551
552
553
554
555
556
557
558
559
560
561
562
563
564
566
567
568
569
570
571
572
573
574
575
576
578
580
581
582
583
584
585
586
587
589
590
592
593
594
595
596
597
598
599
600
601
602
603
604
605
606
607
608
609
610
611
612
613
614
616
617
618
620
621
622
623
624
625
626
627
628
629
630
631
632
633
634
635
636
637
638
639
640
641
642
643
645
646
647
648
649
650
651
652
653
654
655
656
657
658
659
660
661
662
664
666
667
668
669
670
671
672
673
674
675
676
677
678
679
680
681
682
683
684
685
686
687
688
689
690
692
693
695
696
698
700
701
702
704
705
706
707
708
709
710
711
712
713
716
717
718
720
721
722
723
724
725
726
729
731
733
734
735
736
737
738
739
740
741
742
743
744
745
746
747
748
749
750
751
752
753
754
756
757
758
759
760
761
762
763
765
766
767
768
769
770
771
772
773
774
775
776
777
778
779
780
782
783
784
785
786
787
788
789
791
792
793
794
795
796
797
798
799
800
802
804
805
806
807
808
809
810
812
813
815
817
818
819
820
821
822
823
826
827
828
829
831
832
833
834
835
836
837
839
840
841
842
843
844
845
846
847
848
850
851
852
853
854
855
856
857
858
859
861
862
863
865
866
867
869
871
872
873
874
875
876
877
878
879
880
881
882
883
884
885
887
888
889
890
891
893
894
895
896
897
898
899
901
902
904
906
907
908
909
911
912
913
915
916
917
918
920
922
923
924
925
927
929
930
931
932
933
935
936
937
938
939
940
941
942
943
944
945
946
948
949
950
952
953
954
956
957
958
959
960
963
964
966
967
969
970
971
972
974
976
977
978
980
981
982
983
985
987
988
989
990
991
993
994
995
996
997
999
1001
1002
1004
1005
1006
1007
1008
1010
1011
1014
1015
1017
1018
1019
1020
1023
1024
1025
1027
1028
1029
1030
1031
1032
1033
1034
1035
1036
1037
1038
1039
1040
1041
1042
1043
1044
1045
1046
1047
1048
1049
1050
1051
1052
1053
1054
1057
1059
1060
1062
1063
1064
1067
1069
1071
1072
1073
1074
1075
1078
1081
1084
1085
1086
1088
1089
1090
1091
1092
1093
1094
1095
1096
1097
1098
1099
1100
1101
1102
1103
1105
1106
1108
1109
1110
1112
1114
1115
1116
1117
1118
1120
1121
1124
1127
1128
1130
1133
1134
1136
1137
1138
1139
1141
1142
1143
1144
1145
1146
1147
1148
1150
1152
1153
1154
1155
1156
1158
1159
1160
1162
1164
1165
1166
1167
1169
1171
1172
1174
1175
1176
1177
1178
1179
1180
1182
1184
1186
1188
1189
1190
1191
1192
1193
1194
1195
1196
1197
1198
1199
1202
1203
1204
1206
1207
1208
1209
1210
1211
1212
1213
1215
1216
1218
1219
1220
1221
1222
1223
1224
1226
1227
1229
1230
1232
1233
1234
1236
1237
1238
1240
1241
1242
1243
1244
1245
1248
1249
1250
1252
1253
1254
1256
1257
1260
1261
1262
1263
1264
1265
1266
1267
1268
1269
1270
1272
1275
1277
1279
1282
1283
1285
1286
1288
1289
1290
1291
1292
1293
1295
1296
1297
1298
1299
1300
1301
1302
1303
1304
1305
1306
1307
1308
1310
1311
1312
1313
1314
1316
1317
1318
1320
1321
1324
1326
1327
1328
1329
1331
1332
1333
1335
1337
1338
1339
1340
1342
1343
1344
1345
1346
1347
1348
1350
1351
1352
1353
1354
1355
1357
1358
1359
1361
1362
1363
1364
1369
1370
1372
1374
1375
1377
1378
1379
1380
1383
1385
1386
1387
1388
1389
1390
1391
1392
1394
1395
1397
1398
1399
1400
1401
1402
1403
1404
1405
1406
1407
1408
1410
1411
1413
1414
1415
1417
1418
1420
1421
1422
1423
1424
1425
1426
1427
1429
1431
1432
1434
1435
1436
1437
1438
1439
1441
1442
1443
1444
1445
1447
1449
1450
1452
1453
1454
1455
1456
1458
1460
1462
1464
1465
1466
1467
1469
1470
1471
1472
1473
1474
1475
1476
1478
1480
1481
1482
1483
1484
1485
1486
1488
1489
1490
1491
1492
1493
1494
1496
1497
1498
1500
1501
1503
1504
1505
1506
1507
1509
1510
1511
1513
1514
1515
1516
1517
1518
1519
1520
1521
1522
1523
1524
1525
1526
1528
1529
1530
1533
1534
1535
1536
1537
1539
1540
1541
1542
1543
1544
1545
1546
1547
1548
1549
1551
1552
1554
1555
1556
1557
1559
1561
1562
1565
1566
1568
1569
1570
1572
1573
1574
1575
1576
1577
1578
1579
1581
1583
1584
1585
1587
1588
1589
1590
1591
1592
1593
1594
1596
1597
1598
1599
1600
1601
1602
1603
1605
1606
1607
1608
1609
1610
1611
1613
1614
1615
1616
1617
1618
1619
1620
1621
1623
1624
1625
1626
1627
1628
1629
1631
1632
1633
1634
1635
1637
1639
1640
1641
1642
1644
1645
1646
1647
1648
1649
1650
1652
1653
1654
1655
1656
1657
1658
1659
1660
1661
1662
1663
1664
1665
1666
1667
1670
1671
1672
1673
1675
1676
1677
1678
1682
1683
1684
1685
1686
1688
1689
1690
1691
1692
1694
1695
1697
1698
1699
1700
1702
1704
1706
1707
1708
1709
1710
1711
1713
1714
1715
1716
1718
1720
1723
1724
1726
1727
1728
1729
1730
1731
1734
1735
1736
1737
1738
1739
1740
1741
1743
1744
1746
1747
1748
1750
1751
1753
1754
1755
1756
1757
1758
1759
1761
1764
1765
1767
1768
1769
1770
1771
1772
1773
1774
1775
1776
1777
1778
1779
1781
1782
1783
1784
1786
1787
1788
1789
1791
1793
1794
1795
1798
1799
1800
1801
1803
1805
1808
1810
1811
1812
1814
1815
1816
1817
1818
1819
1820
1821
1822
1824
1825
1826
1827
1828
1829
1830
1831
1832
1834
1837
1838
1840
1841
1842
1843
1844
1845
1846
1848
1850
1851
1852
1853
1854
1855
1856
1857
1859
1861
1863
1864
1865
1866
1867
1868
1869
1870
1871
1872
1877
1878
1879
1880
1881
1882
1885
1886
1887
1888
1889
1890
1891
1893
1894
1895
1897
1898
1899
1900
1901
1902
1904
1906
1907
1909
1911
1912
1913
1914
1915
1917
1918
1920
1921
1924
1926
1927
1928
1929
1930
1931
1933
1934
1937
1940
1941
1943
1944
1945
1946
1947
1950
1951
1952
1953
1954
1955
1956
1957
1958
1960
1961
1963
1965
1966
1967
1969
1970
1971
1972
1973
1974
1975
1976
1977
1978
1979
1980
1981
1982
1983
1984
1987
1988
1989
1990
1991
1992
1994
1995
1997
1998
1999
2000
2002
2004
2005
2006
2008
2009
2010
2011
2012
2013
2015
2017
2018
2019
2020
2022
2023
2024
2025
2026
2027
2028
2030
2031
2033
2034
2035
2036
2038
2039
2040
2042
2043
2044
2045
2046
2047
2049
2050
2051
2053
2054
2055
2056
2057
2058
2059
2060
2061
2062
2063
2066
2067
2068
2069
2070
2071
2072
2075
2076
2077
2078
2080
2081
2083
2085
2086
2087
2088
2089
2090
2091
2092
2094
2096
2097
2099
2100
2101
2102
2103
2105
2106
2107
2109
2112
2113
2114
2115
2117
2118
2119
2121
2123
2124
2125
2127
2129
2130
2131
2132
2133
2134
2136
2137
2139
2141
2142
2143
2144
2145
2147
2148
2149
2150
2152
2153
2154
2156
2157
2159
2161
2162
2163
2165
2166
2167
2170
2171
2172
2173
2174
2175
2176
2177
2178
2180
2182
2183
2184
2185
2186
2187
2188
2189
2191
2193
2194
2195
2196
2197
2199
2200
2202
2203
2204
2205
2206
2208
2209
2210
2212
2215
2216
2218
2220
2222
2223
2224
2225
2227
2228
2229
2230
2231
2233
2234
2237
2238
2240
2241
2243
2244
2245
2246
2247
2249
2250
2252
2253
2254
2256
2258
2259
2262
2263
2265
2266
2267
2269
2273
2274
2275
2276
2278
2279
2280
2282
2283
2284
2285
2286
2288
2289
2290
2291
2292
2293
2294
2295
2296
2297
2298
2299
2300
2301
2302
2303
2305
2307
2309
2312
2314
2315
2316
2317
2318
2320
2321
2322
2324
2325
2326
2328
2329
2331
2332
2333
2334
2335
2337
2338
2341
2343
2344
2345
2347
2350
2351
2352
2353
2354
2356
2357
2361
2362
2363
2364
2365
2366
2367
2369
2370
2371
2372
2374
2375
2377
2378
2381
2382
2383
2384
2385
2386
2387
2388
2389
2390
2391
2393
2394
2396
2398
2399
2400
2402
2404
2405
2407
2408
2409
2411
2412
2413
2414
2415
2416
2417
2419
2420
2421
2423
2424
2425
2426
2428
2429
2430
2432
2434
2435
2436
2437
2438
2439
2441
2444
2445
2447
2448
2449
2451
2452
2454
2455
2456
2457
2458
2459
2460
2461
2462
2463
2468
2470
2471
2474
2475
2478
2480
2482
2483
2485
2487
2488
2490
2492
2493
2495
2496
2497
2499
2500
2501
2502
2503
2504
2505
2506
2508
2509
2510
2511
2512
2514
2516
2517
2518
2520
2521
2523
2525
2526
2527
2528
2529
2530
2531
2532
2533
2535
2536
2537
2539
2540
2544
2545
2547
2548
2550
2551
2552
2554
2555
2556
2557
2558
2560
2561
2564
2565
2566
2567
2568
2569
2570
2571
2572
2573
2578
2579
2580
2582
2584
2585
2587
2589
2590
2591
2593
2595
2597
2598
2599
2600
2601
2602
2606
2607
2609
2610
2611
2612
2614
2615
2616
2617
2618
2619
2620
2621
2622
2623
2624
2625
2627
2628
2629
2630
2632
2633
2634
2635
2636
2637
2638
2640
2641
2642
2643
2644
2645
2647
2648
2650
2652
2653
2654
2655
2656
2657
2658
2659
2660
2661
2662
2664
2667
2668
2670
2672
2673
2674
2675
2677
2678
2679
2680
2681
2682
2684
2686
2688
2689
2691
2692
2696
2697
2698
2699
2702
2703
2704
2705
2706
2707
2708
2709
2711
2712
2713
2716
2717
2718
2719
2720
2721
2722
2723
2724
2725
2726
2727
2728
2729
2730
2731
2732
2735
2736
2737
2738
2739
2740
2741
2742
2743
2744
2745
2746
2747
2748
2749
2750
2752
2754
2755
2756
2757
2758
2759
2760
2762
2763
2764
2765
2766
2768
2769
2771
2772
2773
2774
2776
2778
2779
2781
2782
2784
2785
2786
2787
2789
2790
2792
2795
2798
2799
2800
2801
2802
2803
2804
2806
2807
2809
2814
2816
2819
2820
2824
2825
2827
2828
2829
2830
2831
2832
2833
2835
2837
2838
2839
2840
2842
2845
2847
2848
2850
2851
2852
2857
2858
2859
2860
2861
2863
2866
2867
2868
2870
2872
2873
2874
2875
2877
2878
2880
2882
2884
2885
2886
2887
2888
2891
2892
2893
2894
2896
2897
2898
2900
2901
2903
2905
2906
2907
2908
2910
2911
2912
2913
2914
2915
2916
2918
2919
2921
2922
2923
2925
2926
2927
2928
2929
2931
2932
2933
2934
2936
2938
2940
2942
2944
2945
2946
2948
2949
2952
2954
2955
2956
2957
2958
2961
2963
2966
2967
2968
2969
2970
2971
2972
2974
2975
2976
2977
2978
2980
2982
2984
2985
2986
2987
2988
2989
2990
2991
2992
2995
2996
2997
2998
2999
3000
3001
3002
3005
3006
3007
3008
3009
3010
3012
3014
3015
3016
3017
3019
3021
3022
3023
3024
3026
3027
3028
3029
3030
3032
3035
3036
3037
3039
3040
3041
3042
3043
3045
3046
3047
3049
3051
3055
3058
3059
3060
3062
3063
3065
3066
3067
3069
3070
3071
3072
3073
3076
3077
3078
3079
3080
3081
3082
3084
3086
3087
3088
3089
3091
3092
3093
3094
3095
3096
3098
3099
3101
3102
3103
3104
3106
3107
3108
3111
3112
3113
3114
3115
3117
3119
3120
3121
3122
3123
3126
3127
3128
3129
3130
3131
3132
3134
3135
3136
3137
3139
3141
3142
3144
3146
3147
3148
3150
3151
3152
3156
3157
3159
3160
3162
3163
3165
3168
3170
3172
3173
3174
3176
3177
3178
3179
3182
3183
3184
3185
3186
3187
3189
3190
3191
3193
3194
3195
3196
3197
3198
3201
3202
3203
3204
3206
3207
3208
3209
3210
3211
3212
3213
3214
3215
3216
3217
3220
3221
3222
3223
3226
3227
3228
3230
3233
3235
3236
3237
3238
3239
3240
3241
3242
3243
3244
3246
3247
3248
3250
3252
3253
3254
3255
3256
3257
3258
3260
3261
3263
3265
3266
3268
3270
3271
3272
3273
3275
3276
3278
3279
3280
3281
3282
3284
3286
3289
3291
3292
3293
3294
3295
3296
3297
3298
3299
3303
3305
3306
3309
3310
3311
3312
3313
3314
3315
3316
3319
3320
3321
3322
3323
3324
3325
3326
3328
3330
3331
3333
3335
3336
3337
3338
3340
3341
3343
3344
3346
3347
3349
3351
3352
3353
3354
3357
3358
3359
3360
3361
3362
3363
3364
3365
3366
3367
3369
3371
3373
3374
3375
3376
3377
3378
3379
3381
3382
3384
3387
3389
3390
3391
3392
3393
3396
3397
3399
3401
3402
3403
3404
3408
3409
3413
3415
3416
3417
3418
3419
3420
3421
3422
3423
3424
3425
3426
3427
3428
3429
3431
3433
3434
3436
3438
3439
3440
3441
3442
3443
3446
3447
3448
3449
3450
3451
3453
3455
3456
3458
3461
3462
3463
3464
3466
3468
3469
3470
3471
3472
3474
3475
3476
3478
3479
3480
3481
3482
3483
3485
3486
3488
3489
3490
3491
3492
3493
3494
3495
3496
3498
3499
3500
3501
3502
3504
3506
3507
3508
3509
3511
3512
3513
3514
3518
3519
3520
3523
3524
3526
3530
3531
3532
3533
3535
3536
3538
3539
3540
3541
3543
3544
3547
3548
3549
3551
3552
3553
3554
3555
3556
3558
3559
3560
3561
3562
3563
3564
3566
3569
3571
3572
3573
3576
3577
3579
3580
3581
3582
3584
3585
3586
3587
3588
3589
3590
3592
3594
3596
3597
3598
3601
3603
3604
3606
3607
3608
3610
3613
3614
3615
3616
3618
3619
3620
3622
3624
3625
3627
3628
3629
3631
3632
3633
3634
3635
3637
3640
3641
3643
3644
3646
3647
3649
3650
3651
3652
3653
3654
3656
3658
3659
3661
3663
3664
3667
3668
3670
3672
3673
3675
3676
3677
3679
3680
3681
3682
3683
3684
3685
3686
3688
3689
3690
3691
3693
3694
3695
3696
3697
3698
3700
3701
3703
3704
3705
3707
3708
3710
3712
3714
3715
3717
3719
3720
3721
3723
3725
3726
3728
3730
3731
3735
3736
3738
3739
3741
3742
3743
3744
3746
3749
3750
3751
3752
3753
3754
3756
3758
3759
3760
3761
3763
3764
3767
3768
3770
3771
3774
3775
3777
3778
3779
3780
3781
3782
3783
3784
3786
3787
3788
3789
3791
3792
3793
3794
3795
3798
3799
3801
3803
3804
3806
3808
3809
3811
3813
3814
3815
3816
3817
3819
3821
3822
3824
3826
3827
3829
3830
3831
3833
3834
3836
3837
3838
3840
3841
3843
3844
3845
3846
3847
3848
3850
3852
3853
3854
3855
3856
3857
3859
3860
3861
3863
3864
3866
3867
3869
3870
3871
3872
3873
3874
3875
3876
3877
3878
3880
3883
3884
3885
3888
3889
3890
3892
3894
3895
3896
3898
3899
3900
3901
3902
3904
3905
3906
3907
3908
3909
3910
3911
3912
3913
3914
3915
3916
3918
3920
3921
3922
3924
3925
3927
3928
3929
3931
3932
3933
3934
3935
3937
3938
3939
3940
3941
3943
3945
3947
3948
3949
3950
3952
3953
3954
3956
3957
3959
3962
3963
3965
3966
3967
3968
3969
3971
3972
3973
3974
3976
3977
3978
3980
3982
3983
3984
3985
3986
3987
3989
3992
3993
3995
3997
3999
4000
4002
4003
4004
4005
4008
4010
4011
4016
4017
4019
4020
4021
4023
4025
4026
4027
4029
4030
4031
4032
4034
4035
4036
4038
4039
4040
4041
4045
4046
4047
4048
4051
4052
4053
4054
4055
4056
4058
4059
4061
4062
4063
4065
4067
4068
4070
4072
4075
4076
4078
4081
4083
4084
4085
4086
4089
4090
4092
4095
4096
4097
4099
4101
4103
4104
4106
4107
4109
4111
4114
4115
4116
4117
4118
4121
4122
4123
4124
4125
4126
4127
4128
4129
4131
4133
4134
4135
4136
4138
4140
4141
4143
4144
4145
4146
4147
4148
4150
4151
4152
4153
4155
4156
4157
4158
4160
4161
4163
4164
4167
4169
4170
4171
4173
4174
4175
4176
4177
4178
4179
4181
4183
4185
4186
4188
4189
4190
4193
4195
4196
4199
4200
4203
4204
4205
4206
4208
4210
4212
4213
4215
4217
4219
4221
4222
4223
4224
4225
4228
4229
4230
4231
4232
4233
4234
4236
4238
4239
4240
4243
4244
4245
4247
4250
4251
4252
4254
4255
4257
4258
4259
4260
4261
4263
4264
4265
4266
4267
4268
4270
4272
4273
4274
4275
4276
4278
4279
4280
4281
4283
4284
4285
4286
4287
4288
4290
4292
4293
4294
4296
4297
4299
4300
4301
4302
4303
4305
4306
4307
4309
4310
4311
4314
4316
4317
4318
4319
4320
4323
4325
4327
4329
4330
4331
4333
4334
4335
4337
4339
4341
4342
4343
4344
4345
4347
4348
4349
4350
4351
4352
4353
4354
4356
4357
4358
4359
4361
4362
4366
4369
4370
4371
4372
4373
4374
4375
4376
4377
4378
4380
4381
4382
4383
4385
4386
4387
4388
4389
4392
4393
4394
4396
4397
4398
4400
4402
4403
4404
4405
4406
4407
4408
4409
4410
4411
4412
4413
4414
4416
4417
4418
4419
4420
4421
4423
4424
4425
4426
4428
4429
4431
4432
4433
4434
4435
4437
4439
4443
4444
4446
4448
4450
4451
4453
4457
4458
4459
4461
4463
4466
4467
4468
4469
4470
4471
4472
4473
4474
4476
4477
4479
4481
4482
4483
4484
4485
4486
4488
4489
4491
4492
4493
4494
4495
4496
4498
4499
4500
4502
4503
4504
4506
4507
4509
4510
4511
4513
4515
4516
4517
4518
4519
4520
4522
4523
4525
4526
4527
4529
4530
4531
4533
4535
4537
4538
4540
4541
4544
4545
4546
4547
4548
4549
4550
4551
4552
4554
4555
4557
4559
4560
4561
4562
4563
4564
4565
4568
4569
4571
4572
4573
4576
4578
4579
4580
4582
4583
4585
4586
4589
4590
4591
4592
4593
4595
4596
4597
4599
4600
4602
4603
4604
4605
4606
4607
4608
4609
4610
4612
4613
4614
4615
4618
4619
4620
4621
4624
4625
4627
4629
4630
4632
4633
4635
4636
4637
4638
4639
4640
4641
4643
4644
4646
4649
4650
4651
4653
4654
4655
4658
4659
4662
4663
4664
4665
4666
4667
4669
4670
4672
4675
4677
4678
4680
4681
4683
4685
4686
4688
4690
4691
4692
4693
4694
4696
4697
4699
4700
4701
4702
4704
4707
4708
4711
4712
4713
4714
4715
4716
4717
4719
4723
4724
4725
4726
4727
4728
4731
4732
4733
4734
4735
4737
4739
4741
4742
4743
4744
4746
4749
4750
4752
4753
4754
4755
4757
4758
4760
4762
4763
4764
4766
4767
4768
4770
4773
4774
4775
4776
4777
4780
4781
4782
4783
4784
4785
4788
4789
4790
4791
4793
4796
4797
4798
4799
4800
4801
4802
4803
4804
4805
4806
4807
4809
4810
4811
4813
4816
4818
4820
4823
4824
4825
4827
4829
4830
4831
4832
4834
4835
4837
4838
4840
4841
4842
4843
4844
4845
4847
4849
4851
4853
4854
4855
4857
4859
4860
4861
4862
4863
4864
4866
4869
4870
4872
4873
4874
4875
4876
4878
4882
4883
4888
4889
4890
4891
4896
4897
4898
4901
4902
4906
4907
4909
4911
4912
4913
4915
4916
4919
4920
4921
4922
4923
4924
4926
4930
4931
4932
4933
4936
4937
4940
4942
4943
4944
4945
4946
4948
4949
4950
4951
4953
4954
4955
4956
4958
4960
4962
4963
4965
4968
4969
4970
4972
4973
4975
4976
4978
4979
4981
4982
4983
4984
4985
4988
4989
4991
4992
4994
4995
4996
4997
4998
4999
5000
5001
5002
5003
5004
5007
5008
5010
5011
5012
5014
5016
5017
5018
5020
5021
5022
5024
5027
5028
5029
5031
5033
5034
5035
5036
5038
5039
5041
5042
5044
5046
5048
5049
5052
5053
5054
5056
5057
5058
5060
5061
5063
5066
5068
5069
5071
5072
5073
5074
5075
5076
5077
5078
5079
5080
5081
5083
5085
5086
5087
5089
5091
5092
5093
5094
5095
5097
5098
5101
5103
5105
5106
5107
5108
5111
5113
5114
5115
5117
5118
5119
5120
5123
5124
5125
5127
5128
5130
5133
5134
5136
5137
5138
5142
5143
5144
5145
5146
5148
5149
5150
5151
5152
5154
5155
5156
5157
5158
5159
5161
5162
5163
5164
5165
5166
5167
5168
5170
5172
5173
5174
5176
5177
5179
5181
5183
5184
5187
5188
5191
5192
5193
5195
5196
5198
5200
5201
5202
5204
5206
5207
5209
5211
5212
5213
5214
5217
5219
5220
5221
5222
5223
5224
5225
5227
5229
5231
5233
5235
5239
5240
5241
5242
5243
5244
5246
5247
5251
5252
5253
5256
5258
5259
5260
5261
5263
5264
5265
5266
5267
5268
5269
5270
5271
5273
5274
5276
5277
5279
5281
5282
5283
5285
5286
5287
5290
5292
5293
5294
5295
5296
5297
5298
5300
5301
5304
5306
5307
5308
5309
5310
5312
5313
5314
5316
5317
5319
5320
5322
5324
5325
5327
5328
5330
5332
5333
5334
5335
5340
5341
5342
5344
5346
5347
5351
5354
5356
5358
5359
5360
5361
5363
5364
5366
5367
5368
5370
5371
5372
5373
5375
5378
5379
5380
5383
5384
5385
5386
5387
5389
5391
5393
5394
5395
5396
5398
5399
5400
5402
5403
5404
5406
5408
5411
5412
5413
5414
5415
5416
5417
5418
5419
5421
5422
5425
5426
5428
5431
5433
5434
5435
5436
5437
5438
5440
5443
5444
5446
5448
5449
5450
5451
5454
5455
5456
5457
5458
5460
5461
5462
5466
5467
5472
5473
5476
5477
5478
5479
5480
5481
5482
5483
5484
5486
5487
5489
5490
5492
5495
5496
5499
5501
5502
5503
5505
5506
5507
5509
5510
5512
5516
5518
5521
5523
5524
5525
5526
5527
5530
5532
5533
5534
5536
5538
5539
5540
5541
5542
5543
5545
5546
5548
5550
5553
5554
5555
5558
5561
5562
5563
5564
5569
5571
5572
5574
5575
5577
5578
5580
5581
5584
5586
5588
5589
5591
5592
5593
5594
5595
5597
5599
5600
5601
5602
5604
5606
5607
5609
5612
5613
5616
5619
5620
5622
5623
5624
5625
5628
5629
5633
5634
5636
5639
5642
5643
5644
5645
5646
5647
5649
5651
5652
5653
5655
5657
5658
5661
5662
5663
5664
5665
5666
5668
5669
5671
5672
5673
5674
5677
5679
5680
5681
5682
5683
5684
5685
5687
5688
5689
5690
5692
5693
5694
5695
5697
5699
5700
5702
5704
5705
5706
5709
5710
5711
5712
5713
5714
5715
5716
5717
5719
5720
5721
5722
5725
5726
5728
5730
5731
5732
5734
5735
5738
5740
5741
5744
5745
5747
5748
5749
5750
5751
5752
5754
5755
5759
5760
5761
5762
5763
5764
5767
5768
5769
5770
5772
5773
5774
5776
5779
5780
5782
5785
5786
5788
5789
5790
5791
5792
5793
5794
5795
5798
5799
5800
5801
5802
5804
5806
5808
5810
5812
5813
5814
5816
5819
5821
5822
5824
5825
5826
5827
5828
5829
5830
5831
5832
5835
5836
5837
5838
5839
5840
5841
5843
5844
5845
5847
5848
5850
5851
5854
5855
5856
5858
5859
5860
5861
5862
5863
5864
5866
5867
5869
5870
5873
5874
5878
5879
5881
5882
5883
5885
5886
5888
5890
5892
5893
5894
5895
5896
5899
5901
5904
5905
5906
5909
5912
5916
5917
5918
5920
5922
5925
5927
5928
5929
5930
5932
5933
5934
5936
5937
5938
5940
5941
5943
5945
5946
5948
5949
5950
5951
5952
5953
5954
5955
5956
5957
5958
5959
5960
5961
5963
5964
5965
5966
5967
5969
5971
5973
5975
5977
5978
5982
5983
5984
5985
5987
5988
5989
5991
5993
5994
5995
5996
5997
5998
5999
6000
6001
6002
6003
6006
6007
6008
6009
6010
6011
6013
6017
6018
6019
6020
6021
6022
6024
6028
6029
6030
6031
6032
6034
6035
6036
6038
6040
6042
6043
6044
6046
6047
6048
6049
6051
6052
6054
6055
6056
6057
6060
6063
6065
6066
6067
6068
6069
6070
6071
6072
6074
6076
6079
6080
6081
6083
6086
6087
6089
6091
6092
6093
6095
6096
6097
6098
6100
6101
6102
6104
6105
6106
6107
6109
6112
6113
6116
6117
6118
6119
6120
6121
6122
6123
6124
6125
6126
6127
6129
6131
6132
6133
6137
6138
6139
6142
6143
6147
6148
6149
6153
6154
6157
6158
6159
6160
6162
6163
6165
6167
6168
6169
6170
6171
6172
6174
6175
6176
6178
6179
6180
6182
6183
6184
6186
6188
6189
6190
6192
6194
6195
6196
6197
6200
6201
6203
6204
6205
6206
6208
6209
6210
6211
6213
6215
6217
6218
6219
6220
6221
6222
6223
6225
6226
6229
6232
6233
6235
6237
6238
6239
6241
6242
6243
6244
6245
6247
6250
6252
6255
6259
6260
6261
6263
6265
6266
6267
6269
6270
6271
6272
6274
6276
6278
6279
6280
6281
6284
6285
6286
6287
6288
6289
6291
6292
6293
6294
6297
6298
6300
6301
6303
6304
6305
6306
6307
6309
6310
6311
6313
6314
6316
6318
6320
6322
6323
6325
6328
6329
6330
6333
6334
6335
6338
6339
6340
6341
6342
6343
6344
6346
6347
6348
6349
6350
6352
6353
6357
6358
6359
6361
6362
6364
6365
6366
6367
6368
6369
6370
6371
6372
6373
6374
6375
6376
6377
6378
6382
6383
6385
6387
6388
6390
6391
6393
6395
6396
6397
6398
6400
6401
6402
6404
6405
6407
6409
6410
6412
6413
6414
6415
6417
6420
6421
6423
6425
6427
6429
6430
6434
6435
6436
6438
6439
6440
6442
6443
6444
6445
6446
6447
6448
6449
6450
6451
6452
6454
6455
6456
6458
6460
6461
6463
6464
6466
6469
6470
6471
6473
6475
6476
6477
6479
6481
6482
6483
6484
6487
6491
6492
6494
6495
6498
6500
6501
6504
6507
6510
6512
6513
6514
6515
6516
6517
6519
6520
6521
6522
6523
6525
6526
6527
6528
6529
6530
6531
6533
6535
6537
6539
6540
6542
6544
6545
6547
6549
6550
6552
6555
6557
6558
6560
6561
6563
6564
6565
6566
6567
6568
6571
6572
6573
6576
6577
6578
6580
6583
6584
6585
6586
6587
6589
6591
6592
6593
6595
6596
6597
6600
6602
6603
6604
6605
6606
6609
6610
6611
6613
6614
6615
6616
6618
6620
6621
6622
6623
6624
6625
6626
6628
6629
6631
6632
6635
6636
6637
6638
6639
6640
6641
6642
6644
6646
6647
6649
6651
6653
6657
6658
6659
6660
6661
6662
6663
6664
6667
6669
6670
6671
6673
6674
6675
6677
6680
6681
6682
6683
6684
6685
6686
6687
6688
6690
6691
6692
6693
6694
6695
6697
6698
6699
6701
6702
6704
6708
6711
6712
6713
6714
6717
6719
6720
6721
6722
6723
6725
6726
6727
6728
6729
6730
6732
6734
6735
6736
6737
6738
6740
6744
6745
6746
6748
6749
6750
6752
6753
6754
6757
6759
6760
6762
6763
6764
6765
6766
6767
6769
6771
6772
6775
6776
6779
6783
6784
6785
6786
6788
6789
6794
6795
6797
6799
6800
6801
6802
6803
6804
6805
6807
6808
6809
6810
6811
6813
6815
6817
6819
6821
6822
6823
6825
6829
6831
6832
6833
6834
6835
6836
6837
6839
6840
6841
6842
6843
6845
6847
6850
6852
6853
6855
6856
6857
6858
6859
6860
6862
6864
6867
6868
6870
6872
6873
6875
6876
6877
6879
6880
6881
6882
6883
6885
6886
6889
6890
6891
6892
6893
6894
6896
6899
6901
6902
6903
6905
6906
6909
6910
6912
6915
6916
6917
6918
6919
6920
6921
6923
6924
6926
6927
6928
6929
6931
6934
6935
6936
6938
6939
6944
6945
6946
6947
6948
6950
6951
6952
6953
6955
6956
6957
6958
6959
6960
6961
6963
6966
6967
6969
6971
6972
6973
6974
6976
6980
6981
6982
6987
6988
6990
6992
6994
6995
6997
6999
7000
7002
7004
7006
7007
7008
7010
7015
7019
7021
7022
7024
7025
7026
7027
7028
7030
7034
7035
7036
7038
7039
7040
7041
7044
7045
7046
7048
7049
7050
7051
7053
7054
7055
7056
7057
7058
7061
7062
7063
7064
7065
7066
7068
7069
7070
7071
7073
7074
7075
7076
7077
7078
7080
7082
7083
7084
7085
7086
7087
7088
7089
7091
7093
7094
7095
7097
7098
7099
7101
7102
7103
7104
7105
7107
7109
7110
7111
7112
7113
7114
7115
7116
7118
7119
7120
7121
7123
7124
7125
7126
7127
7128
7130
7131
7133
7138
7139
7140
7141
7143
7144
7145
7146
7147
7149
7150
7151
7152
7153
7154
7155
7158
7159
7160
7161
7163
7164
7165
7166
7167
7168
7169
7170
7172
7173
7175
7176
7177
7179
7182
7183
7185
7186
7188
7190
7191
7192
7194
7195
7197
7199
7200
7201
7203
7206
7207
7209
7211
7212
7213
7214
7215
7216
7217
7219
7220
7221
7224
7225
7226
7227
7228
7229
7231
7235
7236
7237
7238
7240
7243
7244
7245
7247
7248
7249
7251
7252
7253
7254
7255
7257
7258
7262
7263
7265
7266
7267
7268
7269
7273
7274
7276
7277
7279
7280
7281
7282
7283
7284
7286
7288
7289
7291
7292
7294
7295
7296
7297
7298
7299
7300
7301
7302
7304
7306
7307
7308
7309
7310
7312
7314
7315
7316
7317
7318
7320
7323
7324
7325
7326
7330
7332
7333
7334
7337
7339
7340
7343
7344
7345
7346
7349
7351
7352
7354
7355
7356
7358
7359
7361
7365
7366
7367
7368
7369
7370
7372
7373
7375
7377
7380
7382
7384
7387
7389
7390
7391
7395
7397
7399
7402
7403
7404
7405
7406
7407
7408
7409
7410
7412
7413
7414
7416
7417
7419
7421
7423
7424
7425
7426
7428
7430
7432
7434
7435
7436
7437
7438
7439
7443
7444
7449
7451
7453
7455
7457
7458
7459
7460
7461
7463
7464
7465
7466
7467
7469
7470
7473
7476
7477
7479
7480
7486
7488
7490
7492
7493
7494
7495
7496
7497
7499
7501
7503
7504
7506
7509
7510
7511
7512
7515
7516
7517
7519
7521
7522
7524
7526
7527
7531
7532
7534
7536
7537
7538
7539
7540
7541
7542
7543
7545
7546
7547
7550
7553
7554
7556
7557
7559
7561
7562
7563
7564
7566
7567
7568
7571
7575
7576
7578
7579
7580
7581
7584
7585
7586
7588
7589
7590
7591
7593
7594
7596
7597
7598
7600
7602
7604
7605
7607
7609
7613
7615
7617
7618
7620
7621
7622
7623
7626
7628
7630
7631
7633
7634
7635
7637
7638
7639
7640
7642
7644
7646
7647
7649
7655
7657
7658
7659
7660
7662
7663
7665
7666
7667
7668
7669
7670
7671
7673
7674
7676
7677
7679
7682
7685
7686
7688
7690
7694
7695
7697
7698
7699
7702
7703
7707
7710
7711
7712
7713
7714
7716
7717
7718
7720
7721
7723
7724
7725
7726
7727
7728
7729
7730
7733
7734
7735
7737
7739
7741
7743
7744
7746
7747
7748
7749
7750
7753
7754
7755
7756
7758
7759
7761
7762
7764
7765
7766
7769
7771
7772
7773
7775
7777
7778
7779
7780
7781
7782
7783
7784
7785
7786
7787
7790
7791
7793
7794
7795
7797
7799
7800
7801
7803
7804
7807
7808
7809
7810
7811
7812
7813
7814
7815
7818
7819
7820
7823
7825
7826
7828
7829
7831
7832
7833
7835
7836
7838
7839
7841
7842
7843
7844
7845
7846
7848
7849
7850
7851
7852
7853
7854
7855
7856
7857
7858
7859
7860
7861
7862
7863
7864
7865
7868
7871
7872
7874
7876
7877
7879
7880
7881
7882
7883
7885
7886
7887
7888
7891
7892
7893
7895
7896
7897
7898
7899
7900
7901
7902
7903
7904
7905
7906
7908
7909
7911
7912
7913
7914
7916
7918
7921
7922
7923
7925
7926
7928
7929
7930
7932
7935
7936
7938
7939
7940
7941
7942
7945
7946
7947
7949
7951
7952
7953
7954
7956
7957
7958
7959
7961
7962
7964
7967
7968
7969
7970
7972
7975
7977
7979
7981
7983
7984
7985
7987
7988
7989
7990
7992
7993
7994
7995
7996
7997
7998
8000
8002
8003
8004
8006
8007
8008
8010
8012
8014
8015
8017
8018
8021
8023
8024
8032
8035
8036
8038
8039
8042
8043
8044
8045
8046
8049
8050
8051
8052
8053
8054
8055
8056
8059
8060
8061
8062
8063
8064
8065
8067
8069
8071
8072
8075
8076
8077
8078
8079
8080
8082
8084
8085
8086
8088
8089
8090
8093
8095
8097
8099
8101
8102
8104
8105
8107
8109
8110
8111
8112
8113
8118
8119
8120
8123
8126
8127
8128
8129
8131
8132
8133
8134
8135
8136
8137
8138
8140
8144
8145
8146
8147
8148
8149
8150
8152
8153
8154
8155
8156
8159
8162
8164
8165
8167
8168
8169
8171
8173
8174
8175
8176
8178
8181
8182
8183
8185
8186
8187
8190
8192
8194
8195
8196
8198
8200
8202
8203
8204
8205
8206
8207
8209
8210
8211
8213
8218
8219
8221
8222
8224
8225
8227
8228
8229
8230
8231
8233
8235
8236
8237
8238
8241
8242
8243
8245
8247
8248
8250
8252
8253
8255
8256
8257
8259
8260
8261
8262
8264
8265
8267
8268
8269
8271
8274
8276
8277
8278
8279
8280
8282
8283
8285
8290
8292
8293
8294
8296
8297
8300
8301
8302
8303
8306
8307
8308
8309
8310
8311
8312
8313
8316
8318
8321
8322
8323
8324
8327
8330
8331
8332
8333
8335
8336
8339
8340
8341
8342
8343
8344
8345
8346
8347
8348
8349
8350
8351
8353
8354
8355
8357
8358
8360
8363
8364
8365
8367
8368
8370
8371
8372
8374
8376
8377
8378
8379
8382
8383
8384
8385
8386
8387
8389
8390
8391
8393
8394
8395
8397
8399
8400
8401
8408
8410
8412
8415
8416
8417
8418
8419
8420
8422
8424
8428
8429
8431
8434
8436
8438
8439
8440
8441
8445
8449
8450
8451
8452
8454
8455
8457
8458
8461
8462
8463
8465
8467
8468
8469
8470
8471
8472
8474
8476
8477
8478
8479
8480
8481
8483
8485
8487
8489
8491
8492
8494
8495
8496
8498
8500
8501
8502
8503
8505
8506
8507
8508
8509
8510
8511
8512
8515
8517
8519
8520
8521
8523
8524
8525
8528
8529
8530
8531
8532
8534
8535
8536
8537
8539
8541
8543
8544
8545
8547
8548
8550
8552
8553
8556
8557
8558
8560
8561
8563
8564
8566
8569
8570
8571
8572
8573
8574
8575
8576
8578
8581
8582
8583
8585
8587
8589
8590
8591
8594
8597
8599
8600
8601
8604
8605
8607
8608
8612
8613
8614
8615
8617
8618
8619
8621
8623
8625
8626
8627
8628
8630
8631
8632
8633
8635
8636
8639
8640
8641
8642
8645
8646
8647
8648
8649
8652
8653
8655
8656
8658
8659
8662
8663
8666
8668
8669
8671
8672
8674
8675
8676
8677
8678
8680
8681
8682
8684
8685
8686
8687
8688
8689
8690
8691
8694
8696
8697
8698
8699
8700
8701
8702
8703
8705
8706
8708
8710
8711
8712
8713
8715
8716
8717
8718
8721
8722
8724
8725
8726
8727
8728
8729
8733
8735
8736
8737
8739
8740
8741
8742
8743
8744
8745
8746
8750
8751
8752
8753
8755
8756
8757
8760
8761
8762
8764
8766
8767
8768
8771
8775
8777
8778
8780
8781
8782
8785
8786
8787
8790
8792
8793
8794
8796
8798
8801
8802
8804
8806
8808
8809
8810
8811
8813
8815
8817
8818
8819
8820
8821
8822
8823
8825
8827
8828
8829
8831
8832
8833
8834
8836
8837
8838
8839
8841
8844
8845
8846
8851
8854
8855
8856
8857
8859
8861
8862
8863
8864
8867
8869
8872
8874
8876
8878
8879
8881
8882
8883
8884
8885
8886
8887
8889
8891
8892
8893
8894
8895
8897
8899
8901
8903
8904
8905
8907
8909
8911
8913
8915
8916
8920
8921
8922
8923
8925
8927
8928
8929
8931
8933
8935
8936
8937
8940
8941
8942
8943
8944
8945
8946
8948
8950
8953
8954
8955
8956
8957
8959
8960
8961
8962
8963
8964
8966
8967
8968
8969
8970
8972
8973
8974
8977
8978
8979
8980
8983
8985
8986
8987
8988
8989
8990
8991
8994
8995
9000
9001
9002
9003
9004
9005
9006
9007
9008
9009
9010
9011
9012
9014
9016
9018
9021
9022
9024
9026
9028
9031
9034
9035
9037
9039
9041
9043
9044
9046
9047
9049
9050
9052
9053
9055
9056
9057
9059
9061
9063
9069
9071
9072
9073
9076
9079
9081
9083
9084
9087
9090
9091
9095
9098
9099
9104
9105
9109
9111
9113
9115
9116
9117
9119
9120
9121
9122
9124
9126
9128
9129
9130
9131
9132
9133
9134
9136
9137
9138
9139
9140
9141
9142
9143
9144
9145
9146
9147
9148
9149
9150
9151
9153
9154
9155
9156
9157
9158
9160
9163
9164
9166
9168
9170
9173
9175
9178
9179
9180
9182
9183
9188
9189
9190
9192
9193
9194
9195
9198
9202
9203
9204
9205
9206
9207
9208
9209
9211
9212
9213
9215
9217
9219
9220
9221
9222
9224
9226
9227
9230
9234
9235
9237
9239
9240
9241
9242
9243
9244
9246
9249
9252
9253
9255
9258
9261
9262
9263
9264
9265
9266
9267
9268
9269
9270
9271
9272
9273
9274
9275
9276
9277
9278
9279
9280
9281
9282
9283
9284
9286
9287
9288
9289
9290
9292
9293
9294
9296
9297
9299
9300
9302
9304
9305
9306
9307
9308
9311
9313
9314
9315
9316
9317
9318
9320
9323
9325
9326
9327
9330
9331
9332
9333
9334
9335
9337
9339
9342
9343
9344
9345
9346
9347
9348
9349
9350
9352
9353
9354
9358
9359
9360
9362
9363
9364
9365
9367
9369
9370
9371
9372
9375
9376
9377
9378
9379
9380
9381
9382
9383
9385
9386
9388
9392
9395
9396
9398
9400
9401
9402
9403
9404
9405
9406
9408
9410
9411
9413
9414
9417
9418
9420
9421
9422
9425
9426
9427
9429
9430
9431
9433
9434
9436
9437
9440
9441
9443
9444
9446
9447
9448
9450
9454
9456
9457
9459
9460
9461
9465
9467
9468
9470
9471
9473
9475
9477
9480
9481
9482
9483
9486
9488
9489
9494
9495
9496
9497
9498
9499
9501
9502
9504
9505
9508
9510
9511
9513
9514
9516
9518
9519
9521
9523
9524
9526
9528
9530
9531
9532
9533
9535
9537
9539
9540
9541
9542
9544
9547
9548
9549
9553
9554
9559
9560
9561
9563
9564
9567
9568
9571
9573
9575
9576
9577
9578
9580
9581
9583
9585
9586
9589
9591
9594
9595
9596
9598
9599
9600
9601
9602
9604
9605
9608
9609
9610
9612
9613
9615
9616
9618
9619
9621
9624
9626
9629
9631
9634
9636
9637
9638
9639
9640
9641
9642
9643
9645
9647
9648
9650
9651
9652
9654
9657
9658
9659
9661
9662
9663
9664
9667
9669
9670
9672
9673
9674
9675
9676
9677
9679
9680
9682
9683
9684
9685
9687
9689
9691
9694
9696
9698
9699
9702
9705
9706
9708
9709
9710
9714
9715
9716
9718
9722
9723
9724
9725
9727
9731
9733
9734
9735
9736
9739
9740
9742
9744
9745
9746
9748
9749
9750
9752
9753
9754
9755
9756
9757
9759
9760
9761
9762
9763
9764
9767
9769
9771
9772
9773
9774
9775
9776
9779
9781
9782
9784
9785
9786
9787
9788
9789
9790
9793
9794
9796
9797
9798
9800
9801
9802
9804
9805
9807
9809
9811
9813
9815
9817
9819
9821
9822
9825
9826
9827
9828
9830
9832
9833
9834
9835
9837
9839
9840
9841
9842
9843
9844
9845
9846
9850
9851
9852
9853
9854
9856
9857
9859
9860
9864
9865
9866
9867
9870
9871
9872
9873
9875
9876
9877
9881
9882
9883
9886
9887
9888
9889
9890
9892
9893
9894
9895
9897
9899
9902
9906
9907
9908
9909
9910
9912
9913
9914
9915
9916
9917
9921
9922
9923
9926
9927
9928
9930
9931
9932
9934
9936
9938
9942
9943
9944
9945
9946
9947
9948
9950
9953
9954
9955
9956
9958
9959
9960
9963
9964
9965
9966
9968
9969
9975
9977
9978
9981
9982
9983
9984
9985
9986
9988
9989
9990
9991
9993
9994
9995
9996
9997
9999
10000
10003
10004
10005
10006
10007
10009
10010
10012
10019
10021
10023
10024
10026
10027
10028
10029
10030
10031
10032
10033
10034
10035
10036
10037
10042
10044
10046
10049
10050
10051
10054
10055
10058
10060
10061
10062
10063
10064
10065
10067
10069
10070
10071
10075
10076
10077
10078
10079
10081
10084
10085
10086
10087
10088
10091
10092
10093
10094
10096
10097
10098
10100
10101
10102
10103
10104
10105
10106
10107
10110
10111
10112
10113
10114
10115
10117
10119
10122
10124
10125
10126
10127
10128
10129
10130
10131
10133
10134
10135
10136
10137
10140
10142
10144
10145
10146
10148
10149
10151
10152
10153
10154
10155
10157
10160
10161
10162
10163
10165
10167
10168
10169
10171
10172
10173
10174
10176
10177
10179
10181
10182
10184
10186
10187
10188
10189
10190
10191
10192
10195
10196
10197
10198
10201
10203
10204
10205
10206
10209
10210
10212
10213
10214
10215
10216
10217
10218
10220
10221
10222
10224
10225
10227
10230
10231
10234
10235
10237
10239
10241
10244
10246
10247
10249
10250
10252
10254
10255
10257
10261
10263
10265
10267
10269
10271
10272
10273
10274
10275
10277
10278
10280
10282
10284
10286
10289
10291
10295
10296
10298
10299
10301
10302
10306
10307
10308
10309
10311
10314
10317
10319
10321
10322
10326
10328
10330
10331
10334
10335
10336
10337
10338
10339
10340
10342
10345
10346
10351
10352
10353
10354
10355
10357
10358
10359
10360
10362
10364
10365
10366
10367
10370
10372
10373
10375
10376
10378
10381
10383
10386
10388
10390
10392
10394
10396
10399
10400
10404
10406
10407
10411
10412
10413
10414
10420
10421
10422
10424
10425
10426
10428
10429
10430
10432
10433
10434
10435
10436
10437
10438
10439
10440
10441
10443
10444
10445
10446
10447
10448
10449
10450
10451
10453
10455
10457
10461
10462
10463
10465
10466
10467
10468
10469
10471
10472
10473
10474
10475
10477
10478
10479
10480
10481
10482
10484
10487
10488
10490
10495
10498
10500
10501
10506
10507
10508
10510
10511
10512
10513
10514
10516
10518
10519
10520
10522
10523
10525
10528
10531
10533
10534
10537
10538
10539
10540
10541
10542
10543
10544
10546
10547
10548
10549
10551
10553
10556
10559
10560
10561
10565
10566
10567
10570
10571
10572
10574
10575
10577
10578
10579
10581
10584
10585
10586
10588
10589
10590
10594
10596
10598
10600
10602
10603
10604
10606
10607
10609
10612
10613
10616
10617
10618
10619
10620
10622
10623
10624
10627
10629
10630
10631
10632
10633
10634
10637
10638
10639
10643
10644
10647
10648
10649
10650
10651
10652
10653
10655
10657
10660
10661
10662
10664
10665
10666
10667
10669
10670
10673
10675
10677
10678
10679
10683
10684
10685
10686
10688
10689
10691
10692
10694
10695
10697
10698
10701
10702
10703
10704
10705
10707
10711
10712
10713
10718
10720
10723
10726
10727
10729
10733
10735
10738
10739
10741
10742
10743
10744
10745
10746
10747
10748
10749
10750
10751
10752
10753
10755
10756
10757
10758
10759
10761
10762
10763
10764
10767
10768
10769
10770
10771
10772
10773
10775
10779
10780
10781
10782
10784
10785
10786
10787
10788
10789
10790
10791
10792
10794
10797
10798
10799
10800
10801
10802
10803
10804
10805
10807
10809
10810
10812
10813
10814
10816
10818
10819
10820
10822
10823
10825
10827
10828
10829
10830
10831
10832
10834
10836
10838
10840
10841
10842
10843
10844
10846
10848
10852
10853
10854
10856
10857
10858
10859
10861
10863
10866
10867
10868
10869
10871
10872
10873
10874
10875
10876
10877
10878
10880
10881
10882
10883
10884
10885
10886
10889
10890
10891
10892
10895
10898
10901
10903
10904
10906
10907
10910
10911
10913
10914
10916
10917
10918
10921
10922
10926
10930
10931
10932
10935
10936
10938
10939
10940
10942
10944
10945
10946
10947
10949
10952
10953
10954
10956
10957
10958
10960
10965
10967
10969
10972
10973
10975
10977
10980
10981
10982
10984
10986
10989
10990
10993
10994
10996
10999
11001
11003
11006
11008
11009
11010
11011
11012
11013
11014
11015
11017
11018
11019
11020
11021
11023
11024
11027
11030
11031
11033
11034
11035
11036
11037
11041
11042
11043
11044
11046
11047
11051
11052
11053
11055
11056
11058
11060
11062
11063
11064
11065
11066
11067
11071
11074
11075
11077
11078
11079
11081
11082
11083
11084
11085
11088
11089
11090
11091
11094
11096
11097
11098
11099
11100
11101
11104
11107
11111
11113
11115
11117
11118
11119
11120
11121
11124
11126
11127
11130
11132
11134
11137
11138
11139
11140
11141
11142
11143
11145
11149
11155
11157
11160
11161
11163
11164
11166
11167
11169
11171
11174
11176
11178
11179
11180
11181
11183
11184
11185
11187
11188
11189
11191
11192
11195
11196
11198
11200
11201
11203
11204
11205
11206
11209
11210
11211
11212
11213
11214
11215
11216
11219
11220
11222
11224
11225
11227
11228
11230
11231
11233
11234
11235
11236
11237
11238
11239
11241
11242
11243
11246
11247
11248
11249
11250
11251
11252
11253
11256
11260
11262
11263
11265
11267
11268
11270
11272
11274
11275
11276
11282
11284
11289
11291
11294
11295
11296
11298
11299
11302
11304
11305
11306
11307
11308
11309
11310
11312
11314
11316
11317
11318
11319
11321
11324
11325
11326
11327
11328
11329
11330
11331
11332
11334
11337
11338
11340
11341
11342
11343
11345
11347
11348
11350
11351
11352
11355
11356
11357
11358
11361
11363
11365
11366
11369
11370
11371
11376
11378
11379
11380
11381
11382
11383
11384
11386
11388
11389
11391
11392
11394
11395
11396
11399
11401
11402
11403
11404
11405
11406
11408
11409
11410
11411
11412
11413
11414
11415
11416
11417
11418
11420
11421
11422
11423
11424
11425
11426
11427
11428
11429
11430
11431
11432
11433
11434
11436
11439
11440
11441
11442
11445
11447
11449
11450
11452
11454
11455
11456
11458
11459
11460
11461
11462
11464
11465
11467
11468
11469
11471
11473
11475
11477
11479
11480
11482
11483
11485
11487
11492
11494
11495
11497
11499
11500
11501
11503
11505
11506
11508
11511
11514
11516
11517
11518
11520
11521
11522
11523
11524
11525
11529
11531
11533
11534
11535
11537
11539
11541
11544
11548
11549
11550
11551
11553
11554
11556
11557
11558
11559
11561
11563
11564
11566
11567
11568
11569
11571
11573
11578
11579
11582
11583
11584
11587
11588
11590
11591
11592
11593
11595
11596
11598
11599
11602
11603
11604
11608
11610
11612
11613
11614
11616
11617
11618
11619
11622
11624
11625
11626
11627
11630
11631
11633
11634
11635
11637
11640
11641
11642
11646
11647
11649
11652
11654
11655
11657
11658
11659
11660
11661
11662
11665
11666
11668
11672
11676
11678
11682
11683
11684
11686
11688
11690
11691
11692
11693
11694
11695
11697
11698
11699
11702
11704
11705
11707
11710
11713
11715
11716
11720
11721
11724
11727
11728
11729
11731
11732
11733
11734
11735
11736
11740
11742
11744
11745
11751
11752
11755
11756
11757
11759
11761
11762
11763
11766
11769
11770
11774
11778
11781
11784
11785
11786
11788
11790
11791
11792
11793
11794
11795
11796
11798
11801
11803
11804
11806
11809
11811
11812
11814
11815
11816
11819
11821
11822
11824
11826
11829
11831
11832
11836
11837
11839
11841
11842
11843
11844
11845
11846
11848
11850
11852
11853
11856
11857
11859
11860
11862
11863
11864
11867
11868
11869
11872
11873
11874
11878
11879
11880
11881
11883
11884
11885
11887
11889
11890
11893
11894
11896
11898
11901
11908
11909
11910
11911
11912
11913
11914
11915
11916
11919
11921
11922
11923
11924
11925
11928
11929
11934
11935
11937
11939
11940
11941
11942
11943
11944
11948
11950
11952
11954
11955
11960
11963
11964
11965
11967
11970
11973
11974
11976
11977
11978
11979
11981
11982
11983
11984
11985
11986
11988
11991
11992
11993
11994
11996
11997
12000
12002
12003
12005
12006
12009
12010
12011
12013
12015
12016
12017
12018
12021
12023
12025
12027
12028
12029
12031
12032
12033
12035
12036
12037
12039
12040
12042
12044
12045
12046
12048
12049
12050
12051
12052
12053
12054
12056
12058
12060
12062
12064
12065
12068
12071
12073
12077
12078
12080
12082
12084
12085
12088
12089
12091
12092
12094
12095
12096
12098
12102
12103
12104
12108
12112
12114
12116
12117
12118
12120
12122
12123
12124
12126
12127
12129
12130
12132
12133
12137
12139
12140
12144
12145
12147
12148
12150
12153
12154
12156
12159
12161
12162
12163
12165
12166
12167
12168
12170
12171
12173
12175
12176
12177
12178
12179
12182
12183
12184
12186
12189
12191
12192
12194
12196
12199
12201
12203
12205
12207
12209
12211
12212
12213
12216
12218
12220
12222
12224
12226
12227
12230
12231
12232
12234
12237
12239
12240
12241
12243
12244
12245
12247
12248
12249
12254
12255
12256
12257
12258
12259
12260
12262
12264
12266
12268
12269
12270
12272
12273
12278
12281
12284
12285
12286
12289
12290
12291
12293
12294
12295
12299
12300
12301
12302
12304
12305
12307
12308
12310
12312
12314
12316
12317
12319
12320
12322
12323
12325
12327
12329
12331
12336
12337
12339
12340
12341
12343
12345
12348
12350
12352
12355
12358
12360
12362
12363
12367
12368
12370
12372
12375
12376
12379
12383
12384
12388
12396
12397
12399
12400
12403
12404
12405
12407
12409
12411
12412
12413
12414
12415
12417
12418
12420
12422
12424
12429
12431
12432
12436
12439
12440
12442
12444
12445
12446
12449
12453
12454
12455
12456
12457
12463
12464
12465
12466
12467
12468
12469
12470
12472
12474
12477
12478
12480
12481
12482
12485
12487
12488
12490
12491
12493
12496
12497
12498
12501
12502
12503
12504
12507
12508
12509
12510
12511
12513
12514
12515
12516
12517
12519
12520
12522
12525
12528
12529
12531
12533
12535
12536
12537
12538
12539
12540
12543
12544
12545
12546
12548
12551
12553
12557
12560
12562
12564
12566
12567
12571
12574
12576
12579
12582
12583
12587
12588
12590
12591
12594
12597
12600
12603
12604
12609
12612
12613
12617
12618
12620
12621
12622
12625
12628
12629
12633
12634
12636
12638
12640
12642
12644
12645
12647
12649
12650
12651
12656
12658
12659
12661
12663
12664
12665
12666
12668
12671
12676
12680
12683
12688
12689
12692
12693
12694
12695
12697
12698
12699
12701
12702
12705
12706
12708
12713
12716
12718
12719
12721
12722
12725
12726
12728
12730
12732
12734
12735
12737
12739
12741
12744
12746
12748
12749
12751
12752
12753
12754
12755
12756
12757
12758
12760
12764
12766
12770
12771
12772
12774
12775
12777
12778
12780
12781
12783
12784
12785
12786
12787
12789
12791
12793
12794
12797
12798
12801
12803
12804
12805
12806
12807
12808
12809
12810
12812
12815
12816
12817
12818
12819
12821
12824
12825
12826
12829
12830
12832
12833
12835
12836
12837
12838
12841
12843
12845
12846
12847
12851
12854
12857
12858
12859
12861
12863
12865
12866
12867
12869
12871
12872
12873
12874
12875
12876
12877
12878
12879
12880
12883
12884
12887
12888
12890
12891
12892
12893
12896
12898
12901
12902
12903
12905
12906
12907
12910
12912
12915
12916
12918
12919
12921
12924
12925
12926
12927
12928
12929
12930
12931
12932
12934
12937
12939
12942
12943
12944
12946
12948
12949
12950
12951
12953
12955
12956
12957
12958
12959
12960
12961
12962
12963
12964
12965
12966
12968
12970
12971
12974
12976
12978
12979
12980
12982
12984
12986
12988
12991
12992
12995
12996
12997
12998
12999
13001
13002
13003
13005
13006
13008
13010
13012
13013
13015
13016
13017
13018
13019
13021
13022
13023
13024
13025
13027
13028
13030
13031
13032
13033
13034
13035
13037
13039
13040
13043
13045
13049
13050
13051
13052
13053
13056
13057
13059
13061
13063
13065
13066
13068
13069
13071
13073
13074
13076
13078
13082
13084
13085
13087
13091
13092
13093
13096
13097
13098
13099
13107
13112
13114
13116
13118
13119
13121
13123
13126
13127
13129
13131
13136
13138
13139
13140
13144
13145
13146
13147
13148
13150
13152
13153
13154
13156
13157
13159
13161
13163
13166
13168
13171
13173
13177
13180
13181
13182
13184
13188
13194
13199
13200
13201
13203
13206
13207
13209
13210
13211
13212
13216
13217
13220
13221
13223
13225
13226
13227
13230
13232
13234
13238
13242
13243
13244
13245
13246
13247
13248
13249
13250
13251
13252
13254
13255
13256
13257
13258
13259
13260
13261
13262
13263
13264
13265
13266
13267
13269
13271
13276
13277
13278
13280
13282
13283
13286
13288
13290
13293
13294
13295
13297
13298
13300
13304
13305
13309
13311
13312
13315
13319
13320
13321
13322
13323
13325
13326
13328
13330
13336
13339
13343
13344
13345
13346
13348
13349
13350
13354
13355
13357
13359
13361
13363
13364
13366
13368
13370
13371
13372
13373
13375
13376
13377
13379
13380
13381
13382
13384
13386
13389
13393
13395
13396
13398
13400
13401
13404
13405
13408
13409
13410
13413
13415
13416
13421
13422
13424
13427
13429
13433
13434
13437
13441
13443
13445
13447
13448
13449
13450
13451
13452
13455
13456
13458
13462
13463
13467
13469
13471
13472
13473
13475
13477
13478
13479
13481
13483
13484
13486
13489
13490
13491
13492
13493
13496
13497
13499
13500
13501
13507
13508
13509
13511
13513
13515
13517
13519
13520
13521
13522
13523
13524
13526
13527
13528
13529
13530
13533
13536
13537
13538
13539
13541
13543
13544
13546
13547
13550
13551
13553
13556
13557
13559
13563
13564
13565
13566
13567
13569
13570
13571
13574
13576
13578
13579
13580
13581
13583
13585
13587
13590
13591
13592
13593
13594
13595
13597
13598
13600
13601
13602
13603
13604
13605
13607
13608
13609
13611
13612
13615
13616
13618
13623
13625
13629
13630
13631
13632
13634
13635
13636
13637
13639
13643
13644
13645
13647
13649
13651
13652
13654
13655
13657
13658
13659
13660
13661
13663
13665
13667
13669
13670
13671
13673
13675
13676
13679
13682
13683
13684
13687
13688
13689
13690
13692
13694
13700
13701
13703
13705
13708
13709
13710
13711
13712
13715
13716
13717
13718
13720
13721
13722
13723
13724
13725
13727
13728
13729
13730
13731
13733
13734
13737
13739
13742
13743
13745
13746
13747
13748
13749
13750
13751
13752
13753
13754
13755
13756
13757
13758
13759
13760
13761
13763
13765
13766
13768
13769
13770
13772
13775
13779
13780
13782
13783
13784
13785
13786
13787
13789
13792
13793
13794
13797
13802
13803
13804
13805
13806
13807
13810
13812
13813
13814
13815
13817
13820
13822
13824
13826
13829
13830
13831
13833
13835
13837
13838
13840
13842
13845
13846
13847
13848
13849
13851
13852
13853
13855
13858
13860
13862
13863
13866
13869
13870
13871
13872
13873
13874
13877
13878
13880
13883
13885
13888
13889
13890
13892
13895
13897
13899
13901
13902
13904
13906
13912
13913
13915
13919
13920
13921
13922
13927
13928
13929
13932
13933
13934
13937
13938
13939
13941
13942
13945
13946
13948
13954
13956
13958
13959
13960
13962
13963
13964
13965
13967
13968
13971
13972
13976
13978
13979
13980
13983
13984
13985
13987
13988
13989
13992
13993
13994
13995
13996
13997
13998
14003
14004
14005
14007
14008
14012
14013
14014
14016
14018
14021
14022
14024
14026
14029
14030
14033
14035
14037
14039
14040
14041
14043
14044
14045
14046
14047
14049
14050
14055
14056
14063
14066
14068
14070
14073
14074
14075
14078
14082
14089
14091
14092
14095
14096
14097
14098
14099
14102
14103
14105
14107
14110
14112
14114
14116
14118
14120
14122
14124
14125
14127
14129
14131
14134
14138
14139
14140
14141
14143
14144
14145
14147
14149
14150
14151
14153
14154
14156
14159
14169
14172
14173
14174
14178
14179
14180
14185
14187
14188
14189
14190
14194
14195
14198
14199
14200
14203
14204
14208
14212
14216
14217
14221
14223
14225
14226
14227
14228
14229
14232
14236
14237
14239
14240
14242
14244
14246
14247
14248
14249
14250
14253
14254
14255
14256
14257
14258
14259
14260
14262
14265
14266
14272
14274
14278
14284
14285
14287
14288
14289
14290
14292
14293
14296
14297
14298
14300
14302
14304
14307
14308
14311
14314
14317
14321
14324
14326
14329
14331
14335
14336
14337
14338
14339
14340
14341
14342
14343
14344
14345
14349
14350
14352
14354
14355
14357
14359
14362
14363
14365
14367
14374
14376
14379
14380
14381
14385
14386
14388
14389
14393
14396
14397
14398
14400
14401
14403
14405
14410
14411
14412
14415
14417
14421
14422
14424
14431
14433
14434
14435
14440
14441
14442
14444
14446
14448
14450
14451
14452
14454
14456
14457
14459
14460
14461
14462
14464
14467
14468
14473
14475
14478
14480
14481
14482
14483
14486
14487
14489
14490
14493
14496
14502
14504
14510
14512
14514
14516
14517
14518
14521
14522
14524
14529
14530
14532
14534
14535
14536
14537
14539
14544
14545
14546
14548
14549
14554
14557
14562
14565
14568
14574
14576
14577
14579
14580
14581
14583
14586
14590
14591
14592
14596
14602
14603
14604
14606
14609
14610
14611
14612
14614
14616
14620
14621
14623
14625
14627
14638
14639
14647
14651
14652
14653
14655
14658
14660
14661
14663
14667
14668
14671
14672
14673
14674
14675
14676
14678
14679
14682
14683
14684
14685
14686
14688
14689
14691
14692
14695
14696
14697
14698
14699
14700
14702
14703
14704
14705
14710
14711
14713
14716
14717
14719
14720
14722
14724
14727
14729
14730
14731
14733
14734
14735
14736
14737
14738
14740
14743
14753
14758
14760
14761
14762
14763
14764
14766
14767
14769
14773
14775
14778
14779
14780
14781
14782
14783
14784
14785
14786
14787
14788
14789
14792
14795
14797
14799
14803
14805
14806
14807
14808
14810
14811
14812
14813
14814
14815
14817
14818
14820
14822
14824
14826
14827
14829
14834
14836
14837
14843
14845
14846
14859
14861
14864
14865
14866
14867
14869
14870
14871
14874
14875
14878
14879
14882
14883
14886
14887
14888
14889
14890
14891
14892
14893
14895
14897
14898
14902
14904
14907
14909
14912
14914
14916
14919
14920
14921
14922
14924
14927
14929
14930
14935
14936
14937
14939
14940
14941
14942
14943
14945
14947
14948
14951
14953
14954
14955
14956
14958
14960
14963
14966
14969
14971
14972
14974
14975
14980
14985
14988
14991
14996
14997
14998
14999
15002
15004
15005
15008
15009
15012
15013
15014
15015
15016
15018
15019
15021
15022
15023
15027
15028
15030
15031
15032
15034
15036
15040
15041
15043
15046
15050
15052
15054
15058
15059
15060
15061
15062
15063
15065
15067
15068
15069
15072
15073
15074
15075
15081
15083
15084
15087
15088
15089
15092
15094
15103
15106
15107
15108
15109
15110
15111
15115
15118
15122
15123
15124
15130
15135
15142
15143
15147
15151
15152
15154
15155
15156
15157
15159
15161
15164
15168
15171
15172
15174
15175
15176
15177
15179
15181
15182
15185
15186
15188
15189
15190
15192
15193
15194
15197
15198
15199
15201
15203
15207
15208
15211
15213
15214
15216
15217
15220
15221
15223
15225
15227
15228
