1
8
12
14
15
20
23
27
36
37
41
42
44
48
51
52
56
57
60
63
66
68
72
74
76
77
80
85
90
92
99
100
105
110
111
116
122
124
128
129
131
140
145
150
151
156
159
192
194
196
200
210
214
221
224
230
236
239
240
245
247
249
255
266
274
285
287
295
305
307
312
315
316
326
349
359
360
363
367
382
393
396
401
403
412
415
417
423
426
435
436
457
459
460
474
503
507
512
515
517
525
531
535
545
547
553
559
562
563
572
582
586
590
592
599
606
613
622
629
632
634
639
646
649
650
657
659
670
680
682
688
690
695
705
709
713
721
724
736
741
770
775
788
793
839
842
858
861
863
866
885
901
911
915
927
941
945
954
972
985
989
990
1002
1014
1033
1044
1067
1074
1078
1086
1103
1115
1121
1133
1134
1152
1153
1156
1159
1162
1169
1171
1188
1210
1212
1238
1240
1241
1257
1277
1282
1292
1312
1320
1327
1351
1361
1370
1390
1391
1392
1410
1413
1423
1429
1434
1449
1467
1484
1488
1514
1515
1516
1520
1521
1549
1570
1599
1607
1610
1617
1620
1635
1637
1661
1665
1689
1690
1692
1706
1724
1730
1755
1758
1759
1765
1784
1810
1827
1869
1888
1943
1955
1969
1987
1999
2002
2015
2017
2033
2038
2040
2050
2061
2067
2100
2119
2123
2127
2133
2137
2139
2141
2150
2153
2182
2185
2194
2231
2237
2246
2259
2283
2301
2314
2331
2341
2374
2381
2389
2409
2417
2454
2458
2461
2485
2505
2518
2540
2552
2557
2582
2602
2625
2627
2638
2652
2681
2696
2703
2705
2713
2740
2747
2765
2773
2782
2795
2799
2800
2803
2816
2832
2840
2847
2915
2927
2952
2963
2985
2996
2998
3007
3009
3028
3041
3051
3069
3094
3098
3106
3117
3119
3127
3129
3137
3159
3178
3209
3211
3216
3230
3239
3253
3266
3328
3344
3391
3423
3425
3458
3462
3530
3533
3566
3608
3641
3647
3683
3684
3691
3696
3707
3736
3770
3779
3792
3817
3826
3827
3847
3852
3870
3914
3947
3948
3978
3989
4085
4089
4141
4161
4181
4222
4228
4266
4279
4280
4309
4319
4353
4374
4380
4408
4432
4446
4474
4482
4488
4495
4499
4526
4565
4578
4609
4612
4614
4635
4649
4658
4665
4693
4731
4777
4799
4800
4804
4824
4840
4854
4860
4919
4924
4973
5020
5022
5027
5033
5080
5097
5176
5211
5220
5231
5263
5287
5335
5346
5428
5431
5443
5446
5482
5496
5550
5591
5594
5597
5600
5607
5624
5629
5645
5702
5712
5731
5768
5795
5828
5832
5855
5904
5922
5936
5948
5960
5973
5996
6002
6040
6057
6068
6072
6097
6174
6244
6250
6252
6271
6334
6352
6364
6370
6382
6477
6482
6512
6573
6583
6600
6638
6675
6693
6698
6754
6765
6836
6841
6873
6958
7022
7070
7155
7166
7170
7185
7225
7226
7252
7267
7283
7299
7304
7397
7417
7426
7486
7547
7563
7663
7676
7724
7758
7854
7896
7897
8194
8195
8210
8228
8238
8322
8330
8346
8450
8457
8461
8467
8471
8548
8574
8594
8681
8778
8838
8899
8987
9052
9122
9132
9180
9253
9268
9306
9308
9378
9403
9422
9437
9470
9541
9634
9781
9825
9907
9908
9994
10070
10104
10105
10122
10128
10155
10278
10513
10572
10575
10629
10844
10852
10946
11078
11098
11130
11334
11582
11649
11716
11731
11832
11857
12021
12065
12117
12177
12239
12424
12825
13243
13971
