1
9
12
14
15
19
23
27
36
37
41
42
44
51
52
56
57
60
63
66
68
76
80
85
92
99
100
105
110
111
115
122
124
128
131
140
145
150
151
156
159
192
194
196
200
210
221
224
236
239
240
242
247
249
255
266
274
287
295
305
307
312
315
322
326
349
354
359
360
363
367
382
393
396
401
403
412
417
426
435
436
457
459
460
474
482
503
507
512
515
517
525
535
545
553
559
562
563
572
582
586
590
592
599
606
613
622
632
634
639
646
649
650
657
682
688
690
695
705
709
721
724
736
741
770
793
839
842
858
861
866
885
911
915
927
945
950
954
972
985
989
1014
1033
1044
1074
1078
1103
1110
1115
1121
1152
1153
1156
1159
1162
1169
1171
1188
1210
1212
1238
1241
1257
1277
1282
1292
1312
1320
1327
1351
1361
1370
1391
1392
1410
1413
1423
1429
1434
1449
1467
1484
1506
1515
1516
1520
1521
1549
1570
1599
1609
1620
1635
1637
1656
1665
1689
1690
1692
1724
1730
1758
1759
1765
1784
1810
1827
1852
1869
1888
1890
1912
1943
1969
1987
1999
2002
2015
2017
2033
2038
2040
2050
2061
2067
2100
2119
2123
2127
2133
2137
2147
2150
2153
2182
2185
2231
2237
2246
2247
2259
2283
2301
2331
2341
2345
2374
2389
2417
2454
2458
2461
2485
2505
2518
2540
2552
2557
2582
2602
2625
2643
2652
2681
2696
2703
2705
2740
2747
2773
2795
2799
2800
2803
2816
2840
2847
2878
2915
2927
2963
2985
2998
3007
3009
3041
3051
3069
3094
3098
3117
3119
3127
3129
3137
3159
3209
3266
3344
3391
3422
3425
3462
3530
3533
3566
3607
3641
3647
3683
3684
3691
3696
3707
3736
3770
3779
3792
3826
3827
3847
3852
3870
3914
3947
3948
3978
3989
4085
4089
4141
4181
4222
4228
4266
4279
4280
4353
4374
4380
4408
4432
4446
4474
4488
4495
4523
4526
4565
4578
4609
4612
4614
4635
4649
4693
4799
4804
4824
4854
4859
4919
4973
5020
5022
5027
5033
5080
5097
5176
5211
5221
5231
5263
5287
5335
5428
5443
5446
5496
5550
5594
5597
5600
5607
5624
5629
5645
5712
5731
5768
5828
5855
5904
5922
5936
5948
5973
5996
6002
6040
6057
6068
6072
6097
6165
6174
6244
6250
6252
6271
6330
6352
6477
6482
6512
6573
6583
6638
6693
6698
6754
6836
6841
6873
7022
7070
7155
7166
7185
7225
7226
7237
7254
7267
7299
7304
7369
7397
7417
7563
7676
7724
7758
7854
8194
8195
8210
8228
8238
8322
8330
8346
8450
8461
8467
8471
8548
8574
8600
8778
8838
8899
8987
9132
9272
9308
9378
9403
9422
9437
9541
9634
9781
9825
9908
9994
10104
10122
10128
10155
10278
10575
10844
10946
11078
11098
11334
11649
11716
11731
11832
11857
12021
12065
12117
12239
12375
12424
13248
