1
3
4
7
8
9
12
14
15
16
19
20
21
23
26
27
28
31
35
36
37
38
41
42
43
44
46
47
48
51
52
56
57
60
61
62
63
65
66
67
68
71
72
74
75
76
77
78
80
82
84
85
86
87
89
90
92
97
99
100
101
105
107
110
111
113
115
116
117
118
120
121
122
124
128
129
131
133
134
135
136
140
142
144
145
150
151
154
156
157
159
162
164
169
171
176
182
186
189
192
194
195
196
198
200
205
207
209
210
214
215
219
220
221
222
224
229
230
231
232
234
235
236
238
239
240
241
242
244
245
246
247
249
251
252
254
255
258
260
262
265
266
267
268
273
274
277
278
283
284
285
287
288
293
295
296
298
299
302
303
305
306
307
308
310
312
313
315
316
322
323
324
326
328
330
336
337
340
342
344
345
349
350
354
356
357
359
360
361
363
367
370
375
382
383
385
388
393
396
401
403
404
406
408
409
412
413
414
415
416
417
419
421
422
423
426
432
435
436
437
439
440
442
444
446
447
452
457
459
460
465
466
468
469
473
474
478
482
487
488
491
492
494
495
503
506
507
509
511
512
514
515
516
517
518
521
523
524
525
526
531
533
534
535
541
542
544
545
547
549
553
556
557
559
562
563
564
569
571
572
575
582
583
586
587
589
590
592
595
597
599
600
604
605
606
608
609
612
613
614
622
624
629
631
632
634
635
637
638
639
642
646
647
649
650
653
654
656
657
658
659
660
661
662
667
668
670
674
679
680
682
687
688
690
693
695
696
698
700
702
705
707
708
709
713
721
724
726
729
733
735
736
737
739
741
742
744
746
750
751
752
753
754
757
761
763
765
768
770
772
775
777
779
784
786
788
789
791
793
794
797
799
800
804
806
807
809
810
815
820
828
834
835
837
839
842
844
847
850
851
854
857
858
859
861
863
866
872
875
876
879
881
883
884
885
889
890
891
899
901
902
904
907
909
911
913
915
918
920
923
927
929
933
936
937
940
941
944
945
948
950
954
956
959
960
964
971
972
978
981
985
987
988
989
990
991
995
996
997
1002
1004
1005
1010
1014
1015
1017
1018
1020
1025
1029
1031
1032
1033
1037
1038
1039
1043
1044
1045
1046
1048
1049
1054
1057
1059
1060
1067
1069
1073
1074
1075
1078
1084
1091
1094
1096
1098
1099
1103
1105
1106
1110
1112
1115
1117
1120
1121
1124
1127
1128
1130
1133
1134
1138
1139
1143
1147
1148
1152
1153
1156
1159
1160
1162
1166
1169
1171
1174
1179
1180
1182
1184
1186
1188
1189
1190
1191
1198
1202
1206
1210
1212
1215
1216
1218
1223
1224
1227
1229
1232
1238
1240
1241
1245
1248
1252
1256
1257
1260
1264
1267
1275
1277
1279
1282
1283
1286
1291
1292
1295
1299
1300
1304
1307
1308
1312
1313
1314
1316
1317
1320
1321
1324
1326
1327
1328
1329
1332
1333
1337
1338
1339
1343
1345
1347
1350
1351
1354
1357
1361
1362
1363
1364
1370
1372
1379
1380
1383
1387
1389
1390
1391
1392
1394
1399
1402
1404
1405
1408
1410
1411
1413
1414
1415
1417
1420
1421
1423
1427
1429
1434
1436
1439
1441
1443
1447
1449
1450
1452
1456
1458
1460
1465
1467
1469
1472
1473
1475
1476
1484
1486
1488
1492
1494
1497
1498
1501
1506
1507
1510
1511
1513
1514
1515
1516
1517
1520
1521
1523
1524
1526
1528
1529
1536
1537
1540
1542
1544
1547
1548
1549
1556
1559
1562
1566
1569
1570
1575
1579
1581
1584
1587
1589
1593
1594
1597
1599
1605
1607
1609
1610
1614
1615
1617
1619
1620
1621
1629
1633
1634
1635
1637
1639
1642
1644
1646
1648
1652
1656
1657
1658
1660
1661
1664
1665
1667
1671
1673
1675
1676
1677
1678
1684
1688
1689
1690
1692
1694
1695
1698
1700
1704
1706
1710
1711
1713
1719
1724
1728
1730
1731
1733
1736
1738
1739
1748
1751
1754
1755
1757
1758
1759
1761
1764
1765
1773
1775
1781
1783
1784
1788
1789
1793
1799
1800
1803
1805
1808
1810
1812
1815
1821
1822
1824
1826
1827
1828
1832
1834
1838
1843
1848
1850
1852
1854
1855
1857
1861
1863
1868
1869
1870
1872
1879
1885
1886
1887
1888
1890
1894
1895
1897
1901
1902
1904
1906
1907
1911
1912
1916
1918
1920
1924
1927
1934
1937
1943
1944
1946
1947
1952
1953
1954
1955
1957
1960
1963
1965
1966
1967
1969
1974
1979
1980
1983
1984
1987
1988
1992
1997
1999
2002
2004
2005
2011
2015
2017
2019
2025
2028
2031
2033
2035
2038
2040
2044
2047
2050
2055
2056
2061
2062
2066
2067
2069
2075
2077
2080
2086
2087
2090
2091
2099
2100
2103
2105
2107
2114
2117
2119
2121
2123
2127
2133
2134
2137
2139
2141
2143
2148
2150
2153
2154
2156
2161
2162
2170
2173
2176
2177
2180
2182
2184
2185
2186
2193
2194
2195
2200
2209
2210
2215
2222
2225
2229
2230
2231
2237
2238
2246
2247
2250
2252
2254
2259
2262
2269
2273
2275
2280
2283
2286
2288
2294
2297
2298
2299
2301
2303
2307
2312
2314
2320
2324
2327
2331
2333
2335
2337
2341
2343
2345
2347
2350
2356
2361
2362
2367
2371
2374
2375
2377
2378
2381
2384
2385
2388
2389
2390
2391
2394
2399
2405
2407
2408
2409
2413
2414
2417
2419
2421
2426
2430
2435
2439
2441
2445
2447
2448
2451
2454
2455
2458
2459
2461
2462
2463
2468
2470
2474
2475
2478
2480
2485
2490
2493
2496
2500
2505
2508
2516
2518
2521
2526
2528
2533
2537
2539
2540
2544
2545
2550
2552
2557
2558
2560
2564
2567
2568
2572
2573
2578
2579
2580
2582
2590
2591
2593
2595
2599
2601
2602
2607
2609
2611
2614
2619
2621
2623
2625
2627
2632
2635
2638
2640
2642
2643
2647
2650
2652
2656
2659
2664
2668
2670
2673
2674
2677
2678
2681
2684
2686
2689
2692
2696
2699
2703
2705
2706
2712
2713
2720
2724
2728
2730
2732
2735
2738
2740
2745
2747
2750
2759
2760
2763
2765
2769
2771
2772
2773
2774
2778
2779
2782
2784
2786
2787
2790
2795
2798
2799
2800
2802
2803
2807
2809
2814
2816
2820
2825
2828
2829
2830
2831
2832
2833
2835
2840
2845
2847
2848
2851
2858
2859
2861
2863
2867
2868
2872
2873
2874
2878
2882
2885
2888
2891
2894
2896
2900
2901
2903
2905
2906
2908
2910
2914
2915
2916
2918
2922
2927
2929
2931
2934
2942
2944
2946
2952
2954
2961
2963
2966
2970
2971
2976
2980
2985
2988
2991
2992
2996
3001
3006
3007
3009
3012
3017
3019
3023
3027
3028
3029
3030
3036
3040
3041
3045
3047
3049
3051
3060
3065
3069
3072
3073
3079
3082
3084
3086
3089
3091
3094
3096
3098
3099
3101
3104
3106
3107
3111
3115
3117
3119
3121
3123
3126
3127
3129
3131
3137
3142
3144
3148
3152
3156
3159
3163
3165
3170
3172
3173
3176
3178
3189
3190
3195
3197
3203
3204
3209
3211
3213
3214
3216
3217
3221
3226
3228
3230
3233
3236
3238
3239
3242
3244
3246
3248
3250
3253
3255
3256
3260
3261
3266
3270
3274
3284
3289
3291
3293
3299
3305
3306
3310
3312
3316
3319
3320
3322
3324
3328
3331
3335
3337
3341
3344
3346
3349
3352
3353
3354
3357
3359
3361
3369
3371
3376
3381
3390
3391
3397
3399
3404
3415
3417
3419
3422
3423
3425
3428
3429
3431
3433
3434
3439
3442
3443
3446
3447
3449
3453
3456
3458
3461
3462
3464
3466
3471
3472
3475
3476
3478
3492
3493
3500
3502
3507
3512
3514
3519
3526
3530
3533
3536
3540
3548
3550
3556
3560
3566
3569
3573
3576
3577
3582
3584
3590
3592
3594
3601
3603
3607
3608
3614
3616
3622
3628
3635
3640
3641
3644
3647
3651
3658
3663
3664
3667
3668
3672
3673
3679
3683
3684
3688
3691
3694
3696
3698
3705
3707
3710
3715
3717
3720
3723
3726
3728
3731
3736
3739
3744
3746
3752
3754
3760
3762
3764
3770
3771
3775
3779
3780
3781
3786
3789
3791
3792
3795
3801
3803
3806
3810
3813
3814
3817
3819
3822
3824
3826
3827
3830
3831
3834
3836
3840
3845
3846
3847
3848
3850
3852
3854
3857
3860
3864
3870
3872
3875
3880
3885
3892
3894
3899
3904
3906
3907
3913
3914
3916
3918
3924
3925
3927
3931
3937
3940
3943
3947
3948
3949
3962
3968
3971
3973
3974
3978
3980
3985
3986
3989
3992
3993
3995
3999
4002
4003
4005
4008
4010
4011
4021
4025
4027
4031
4035
4041
4045
4051
4054
4058
4059
4063
4070
4072
4075
4078
4081
4084
4085
4089
4092
4095
4097
4099
4103
4104
4106
4109
4111
4114
4117
4118
4123
4125
4128
4129
4131
4133
4136
4138
4141
4148
4150
4151
4152
4161
4167
4170
4175
4181
4185
4189
4190
4193
4196
4199
4200
4203
4208
4210
4213
4215
4217
4221
4222
4225
4228
4234
4239
4240
4244
4250
4254
4257
4266
4270
4272
4279
4280
4284
4286
4290
4292
4296
4297
4299
4302
4305
4309
4310
4314
4316
4319
4323
4325
4330
4331
4333
4339
4342
4343
4347
4349
4351
4353
4357
4358
4359
4366
4369
4373
4374
4377
4378
4380
4383
4387
4389
4392
4394
4396
4398
4400
4402
4408
4410
4411
4413
4418
4419
4423
4426
4432
4435
4444
4446
4457
4458
4459
4467
4468
4469
4470
4473
4474
4477
4479
4481
4482
4485
4488
4493
4495
4496
4499
4500
4504
4506
4510
4515
4518
4522
4523
4526
4531
4533
4535
4537
4541
4545
4547
4548
4552
4560
4565
4572
4578
4579
4580
4583
4585
4589
4591
4593
4595
4597
4600
4606
4608
4609
4612
4614
4618
4619
4621
4625
4632
4633
4635
4636
4640
4641
4644
4646
4649
4651
4658
4659
4665
4669
4670
4672
4680
4683
4685
4690
4693
4699
4704
4708
4713
4715
4716
4723
4724
4728
4731
4737
4749
4752
4754
4757
4758
4762
4763
4766
4770
4775
4777
4781
4796
4799
4800
4804
4808
4812
4816
4824
4829
4830
4835
4838
4840
4842
4843
4845
4847
4849
4854
4855
4859
4860
4863
4866
4870
4878
4889
4896
4898
4907
4913
4915
4919
4923
4924
4926
4931
4936
4937
4940
4944
4946
4951
4953
4962
4963
4965
4973
4978
4979
4983
4988
4989
4995
4996
5000
5012
5014
5017
5020
5022
5024
5027
5029
5033
5036
5040
5042
5044
5046
5049
5052
5054
5060
5066
5071
5073
5080
5083
5089
5094
5095
5097
5098
5101
5103
5108
5115
5119
5123
5125
5130
5134
5138
5150
5153
5158
5163
5166
5170
5176
5179
5183
5184
5191
5193
5196
5198
5201
5204
5211
5220
5221
5223
5225
5227
5231
5233
5242
5245
5261
5263
5266
5271
5274
5277
5279
5282
5286
5287
5290
5292
5294
5295
5301
5304
5312
5313
5314
5317
5320
5324
5325
5328
5330
5335
5340
5341
5344
5346
5358
5363
5367
5373
5383
5389
5402
5403
5406
5412
5416
5419
5421
5425
5426
5428
5431
5436
5438
5440
5443
5444
5446
5449
5451
5454
5461
5467
5479
5482
5483
5487
5490
5492
5496
5499
5507
5516
5518
5521
5525
5526
5532
5534
5536
5540
5546
5550
5553
5555
5558
5561
5562
5569
5572
5575
5588
5591
5593
5594
5597
5599
5600
5604
5606
5607
5613
5616
5620
5623
5624
5625
5628
5629
5633
5636
5643
5645
5647
5649
5655
5658
5664
5677
5679
5682
5685
5697
5702
5705
5706
5712
5714
5717
5720
5726
5730
5731
5734
5735
5738
5745
5747
5749
5750
5751
5755
5759
5764
5768
5769
5772
5774
5779
5786
5795
5801
5810
5814
5816
5819
5823
5824
5828
5831
5832
5838
5841
5844
5847
5848
5851
5854
5855
5856
5864
5870
5873
5874
5886
5888
5890
5893
5894
5899
5904
5909
5912
5922
5930
5933
5936
5941
5943
5948
5951
5955
5960
5963
5965
5969
5971
5973
5977
5983
5987
5991
5995
5996
5998
6002
6018
6028
6034
6036
6038
6040
6047
6049
6052
6056
6057
6060
6067
6068
6070
6071
6072
6074
6076
6080
6081
6091
6093
6097
6098
6102
6106
6109
6112
6113
6116
6121
6122
6124
6127
6142
6147
6152
6157
6160
6162
6165
6169
6172
6174
6176
6180
6184
6186
6190
6192
6194
6200
6208
6209
6221
6223
6225
6226
6237
6244
6245
6250
6252
6255
6259
6263
6265
6267
6270
6271
6274
6275
6276
6282
6285
6288
6294
6301
6305
6307
6311
6314
6320
6323
6330
6334
6339
6344
6347
6349
6352
6353
6356
6359
6364
6366
6369
6370
6374
6378
6382
6385
6388
6391
6393
6396
6398
6400
6401
6409
6417
6421
6423
6425
6427
6436
6449
6464
6466
6471
6473
6477
6479
6481
6482
6484
6501
6504
6512
6513
6514
6515
6520
6523
6527
6530
6531
6533
6535
6537
6549
6561
6563
6573
6583
6587
6592
6595
6597
6600
6603
6610
6616
6622
6635
6637
6638
6641
6642
6644
6647
6651
6653
6661
6664
6667
6675
6681
6684
6686
6692
6693
6698
6704
6725
6726
6729
6735
6737
6740
6745
6752
6754
6759
6764
6765
6767
6769
6775
6789
6794
6797
6798
6808
6811
6813
6815
6819
6821
6823
6825
6829
6836
6837
6841
6843
6845
6847
6850
6854
6860
6862
6867
6868
6870
6873
6879
6893
6894
6896
6899
6903
6906
6912
6916
6926
6931
6934
6936
6939
6947
6951
6956
6958
6963
6966
6969
6972
6973
6976
6980
6988
6992
6995
7010
7022
7024
7025
7028
7030
7034
7038
7040
7046
7051
7055
7056
7058
7062
7065
7066
7070
7071
7074
7080
7089
7091
7093
7097
7101
7118
7121
7126
7130
7131
7138
7139
7141
7145
7150
7152
7155
7158
7159
7161
7166
7167
7170
7174
7177
7179
7182
7185
7186
7188
7194
7197
7201
7203
7225
7226
7237
7240
7248
7249
7253
7254
7255
7263
7267
7268
7279
7280
7283
7286
7288
7295
7298
7299
7302
7304
7309
7310
7312
7317
7318
7320
7330
7333
7339
7369
7373
7375
7380
7382
7384
7387
7391
7397
7399
7403
7406
7412
7414
7417
7419
7421
7426
7430
7432
7449
7455
7459
7461
7470
7473
7476
7480
7486
7494
7496
7500
7504
7506
7510
7512
7515
7517
7521
7524
7532
7537
7539
7542
7547
7557
7559
7561
7563
7566
7568
7571
7584
7586
7593
7594
7600
7602
7604
7607
7609
7613
7616
7618
7620
7623
7626
7633
7638
7639
7640
7642
7644
7646
7663
7665
7667
7668
7671
7674
7676
7679
7684
7685
7688
7690
7694
7696
7699
7703
7712
7714
7724
7729
7730
7734
7735
7737
7739
7741
7744
7750
7756
7758
7779
7780
7782
7787
7790
7791
7805
7807
7811
7815
7820
7825
7828
7831
7841
7842
7843
7848
7854
7859
7864
7872
7875
7877
7882
7885
7888
7891
7893
7896
7897
7898
7902
7905
7908
7911
7914
7916
7918
7922
7925
7939
7941
7948
7951
7956
7957
7958
7959
7964
7972
7981
7984
7998
8000
8002
8004
8007
8012
8018
8021
8024
8035
8036
8042
8046
8051
8054
8056
8059
8064
8071
8079
8082
8086
8089
8093
8095
8097
8100
8102
8105
8113
8120
8123
8131
8132
8140
8148
8156
8162
8165
8169
8171
8176
8178
8181
8182
8186
8187
8192
8194
8195
8200
8202
8204
8205
8207
8210
8211
8213
8218
8219
8224
8227
8228
8231
8233
8238
8243
8248
8250
8252
8255
8256
8257
8259
8260
8264
8265
8271
8283
8290
8294
8297
8303
8306
8311
8316
8318
8321
8322
8330
8332
8339
8343
8346
8347
8351
8354
8358
8360
8364
8365
8370
8372
8382
8384
8389
8400
8415
8420
8422
8424
8428
8431
8434
8436
8441
8445
8450
8452
8454
8457
8458
8461
8465
8467
8470
8471
8474
8478
8481
8483
8487
8489
8492
8515
8517
8520
8537
8539
8542
8548
8550
8552
8553
8556
8557
8561
8563
8564
8566
8570
8572
8574
8576
8578
8582
8583
8585
8587
8591
8594
8597
8600
8604
8623
8635
8646
8649
8653
8659
8666
8669
8675
8677
8681
8682
8684
8688
8689
8690
8695
8702
8705
8706
8708
8711
8713
8715
8722
8725
8728
8737
8742
8753
8778
8780
8782
8790
8795
8798
8801
8804
8806
8811
8817
8823
8825
8828
8829
8834
8838
8839
8846
8859
8863
8864
8867
8887
8889
8895
8899
8904
8905
8908
8911
8913
8921
8923
8925
8928
8933
8936
8940
8946
8948
8950
8953
8955
8960
8961
8964
8969
8972
8974
8983
8987
8995
9007
9014
9016
9018
9022
9024
9026
9028
9031
9039
9041
9043
9044
9047
9052
9053
9055
9059
9061
9063
9069
9081
9087
9091
9095
9109
9111
9113
9115
9122
9124
9126
9129
9132
9134
9141
9149
9157
9158
9160
9163
9164
9166
9168
9170
9173
9175
9177
9180
9183
9202
9211
9213
9215
9224
9227
9235
9237
9239
9243
9246
9249
9253
9255
9258
9262
9266
9270
9276
9278
9282
9289
9293
9294
9299
9300
9302
9306
9308
9312
9316
9318
9320
9323
9326
9332
9339
9344
9345
9347
9354
9359
9365
9378
9379
9381
9383
9386
9392
9395
9401
9403
9406
9408
9410
9414
9417
9422
9425
9430
9431
9433
9437
9440
9442
9443
9448
9450
9457
9465
9467
9470
9489
9502
9514
9517
9519
9521
9523
9528
9531
9533
9535
9537
9541
9544
9550
9561
9564
9581
9586
9594
9596
9601
9602
9610
9612
9616
9619
9621
9626
9629
9631
9634
9638
9639
9648
9659
9664
9670
9679
9684
9687
9691
9696
9702
9705
9706
9709
9723
9727
9731
9748
9757
9759
9760
9764
9767
9769
9772
9775
9781
9782
9787
9794
9797
9800
9804
9805
9807
9809
9813
9815
9817
9819
9822
9825
9828
9830
9834
9842
9854
9867
9873
9875
9882
9883
9886
9890
9892
9894
9895
9899
9902
9907
9908
9909
9913
9914
9923
9926
9928
9930
9934
9938
9942
9945
9948
9950
9954
9993
9994
10001
10006
10011
10012
10019
10026
10035
10036
10037
10042
10044
10046
10050
10051
10058
10070
10081
10084
10085
10088
10098
10104
10105
10106
10112
10117
10122
10124
10128
10134
10145
10148
10153
10155
10158
10162
10163
10169
10174
10177
10182
10184
10192
10197
10205
10210
10215
10219
10222
10227
10231
10235
10241
10244
10253
10255
10263
10265
10267
10269
10273
10275
10278
10280
10284
10289
10302
10307
10309
10311
10319
10334
10337
10342
10345
10353
10354
10360
10362
10364
10367
10372
10373
10378
10383
10396
10400
10412
10425
10426
10432
10433
10436
10440
10441
10446
10450
10453
10457
10466
10474
10480
10484
10495
10498
10500
10501
10506
10508
10511
10513
10516
10523
10525
10528
10539
10542
10544
10546
10549
10572
10575
10578
10584
10589
10590
10594
10596
10598
10600
10604
10607
10609
10612
10616
10619
10624
10629
10632
10644
10647
10667
10675
10676
10689
10699
10702
10707
10712
10718
10720
10723
10726
10727
10729
10733
10735
10744
10746
10752
10762
10769
10772
10779
10790
10805
10809
10810
10813
10822
10823
10826
10834
10836
10838
10844
10846
10852
10856
10863
10866
10868
10874
10878
10882
10885
10886
10892
10895
10901
10906
10931
10938
10944
10945
10946
10947
10949
10955
10958
10967
10969
10973
10975
10977
10980
10983
10984
10986
10989
11006
11009
11015
11018
11022
11023
11024
11030
11034
11037
11064
11068
11071
11074
11077
11078
11079
11084
11088
11098
11104
11111
11118
11126
11130
11132
11139
11145
11157
11161
11167
11169
11171
11174
11178
11189
11191
11192
11198
11199
11204
11209
11212
11216
11238
11239
11270
11272
11282
11284
11289
11291
11296
11299
11312
11314
11319
11321
11324
11327
11328
11334
11340
11355
11358
11366
11370
11371
11376
11383
11384
11392
11399
11409
11410
11411
11413
11421
11433
11450
11456
11460
11465
11468
11469
11471
11473
11478
11483
11485
11487
11492
11497
11514
11518
11520
11534
11535
11539
11554
11561
11571
11573
11578
11579
11582
11593
11618
11624
11630
11649
11657
11661
11668
11672
11676
11678
11682
11684
11688
11697
11698
11705
11707
11713
11716
11724
11727
11729
11731
11735
11736
11740
11759
11769
11781
11786
11791
11794
11796
11801
11804
11806
11812
11813
11816
11822
11829
11832
11836
11837
11839
11841
11848
11852
11853
11856
11857
11870
11874
11885
11890
11894
11898
11901
11908
11911
11914
11916
11919
11921
11925
11928
11929
11934
11935
11937
11939
11943
11944
11950
11952
11974
11991
11994
11997
12005
12013
12017
12021
12023
12025
12027
12029
12035
12038
12052
12056
12058
12060
12062
12064
12065
12068
12071
12078
12084
12095
12102
12108
12112
12117
12124
12130
12137
12139
12144
12145
12150
12154
12156
12159
12162
12166
12173
12177
12179
12184
12186
12189
12193
12196
12199
12201
12203
12207
12211
12236
12239
12247
12257
12269
12273
12281
12293
12299
12302
12307
12310
12317
12323
12325
12327
12329
12355
12363
12370
12372
12375
12376
12379
12384
12388
12400
12403
12407
12409
12412
12415
12418
12420
12424
12429
12436
12440
12446
12449
12470
12472
12478
12482
12485
12492
12496
12497
12502
12504
12510
12511
12515
12517
12522
12525
12530
12533
12539
12548
12553
12560
12562
12567
12583
12594
12597
12618
12629
12634
12638
12640
12642
12645
12649
12650
12656
12659
12668
12695
12696
12699
12702
12716
12719
12722
12726
12728
12730
12732
12735
12737
12739
12741
12744
12746
12750
12755
12764
12775
12783
12804
12812
12824
12825
12830
12832
12835
12838
12841
12847
12854
12857
12859
12861
12866
12869
12878
12879
12883
12888
12892
12901
12903
12908
12910
12912
12915
12916
12921
12924
12929
12932
12937
12939
12951
12962
12964
12966
12968
12982
12999
13001
13006
13008
13010
13017
13019
13022
13028
13030
13037
13053
13056
13057
13059
13061
13063
13066
13071
13112
13114
13118
13122
13129
13131
13145
13150
13154
13159
13161
13163
13166
13168
13173
13184
13217
13221
13223
13226
13230
13232
13238
13244
13248
13250
13254
13257
13265
13269
13271
13280
13282
13283
13288
13290
13293
13295
13297
13300
13312
13328
13339
13346
13354
13355
13361
13366
13368
13373
13376
13389
13395
13398
13401
13404
13405
13407
13410
13413
13427
13441
13456
13458
13463
13467
13469
13475
13479
13484
13490
13493
13497
13502
13508
13509
13511
13515
13517
13520
13523
13526
13527
13541
13551
13563
13571
13580
13581
13587
13593
13597
13603
13605
13608
13612
13618
13631
13637
13639
13645
13647
13649
13654
13655
13659
13669
13670
13671
13684
13692
13701
13703
13705
13720
13724
13728
13731
13733
13737
13745
13748
13751
13757
13766
13770
13775
13780
13783
13788
13817
13822
13824
13831
13833
13851
13855
13862
13863
13874
13883
13890
13892
13895
13897
13899
13902
13904
13906
13935
13937
13939
13941
13946
13954
13956
13961
13964
13965
13968
13971
13972
13979
13989
13998
14008
14014
14018
14021
14024
14026
14029
14035
14038
14041
14045
14070
14075
14092
14097
14099
14102
14105
14110
14114
14125
14131
14134
14139
14140
14144
14169
14172
14174
14195
14204
14210
14217
14232
14239
14242
14244
14257
14258
14260
14262
14284
14311
14317
14321
14326
14331
14341
14344
14349
14357
14359
14363
14374
14376
14384
14387
14393
14396
14398
14401
14405
14417
14442
14448
14451
14454
14456
14461
14462
14464
14478
14480
14496
14502
14504
14510
14512
14514
14517
14518
14522
14524
14529
14557
14565
14568
14574
14577
14586
14591
14606
14612
14614
14615
14616
14620
14621
14623
14625
14639
14658
14663
14682
14686
14689
14694
14698
14705
14719
14720
14722
14728
14731
14753
14773
14782
14788
14792
14795
14797
14799
14813
14817
14820
14824
14827
14829
14875
14879
14883
14886
14888
14897
14902
14904
14912
14914
14916
14924
14927
14931
14937
14940
14943
14946
14951
14955
14956
14958
14960
14963
14975
14980
14991
15002
15009
15014
15015
15019
15023
15027
15030
15035
15041
15046
15052
15074
15081
15084
15087
15094
15103
15130
15147
15154
15157
15159
15161
15164
15177
15179
15190
15200
15203
15214
15216
15217
15221
15228
