14
15
27
36
37
41
60
63
66
76
80
92
99
100
105
111
122
124
128
131
140
145
150
151
156
192
196
210
221
224
236
239
240
255
266
274
287
307
326
349
359
363
382
412
417
474
507
512
517
525
535
553
559
562
563
572
586
590
599
606
632
634
639
646
649
657
682
688
695
705
721
724
741
839
861
866
885
989
1038
1115
1156
1159
1162
1238
1282
1292
1312
1320
1327
1370
1429
1434
1506
1515
1520
1599
1635
1689
1692
1758
1784
1827
1987
2033
2061
2133
2247
2283
2331
2389
2461
2602
2625
2652
2773
2795
2799
3094
3127
3137
3209
3266
3344
3462
3641
3696
3770
3827
3847
4181
4266
4800
4824
5020
5176
5335
5607
5629
6057
6072
6271
6477
6638
6754
6836
7417
8450
9908
9994
11078
