1
6
31
33
47
57
64
67
93
112
116
120
124
140
144
153
154
160
162
164
188
189
193
195
196
199
202
220
224
229
233
242
275
286
288
289
295
299
302
314
328
344
377
384
385
391
402
413
418
423
441
442
449
484
503
514
524
525
528
531
536
575
584
587
592
601
606
610
615
616
620
629
637
638
661
680
688
694
696
707
711
724
727
733
747
760
765
772
795
810
812
815
829
835
841
842
846
860
864
876
878
883
885
893
902
907
925
926
932
934
942
944
956
1007
1042
1049
1057
1064
1066
1084
1090
1101
1107
1121
1147
1161
1163
1165
1168
1172
1173
1189
1204
1209
1212
1220
1233
1248
1257
1259
1261
1271
1287
1306
1332
1343
1351
1352
1374
1385
1387
1389
1442
1449
1472
1501
1502
1520
1548
1555
1556
1558
1569
1574
1575
1596
1599
1607
1615
1616
1634
1673
1686
1695
1698
1713
1746
1749
1752
1760
1799
1852
1860
1870
1872
1892
1893
1898
1901
1918
1923
1925
1965
1970
1979
1986
2011
2016
2024
2028
2047
2049
2058
2080
2081
2083
2107
2118
2119
2122
2131
2149
2154
2165
2221
2228
2242
2246
2271
2280
2284
2291
2315
2319
2329
2345
2352
2372
2399
2402
2412
2425
2438
2460
2474
2482
2488
2523
2551
2560
2571
2579
2580
2600
2602
2613
2631
2633
2660
2666
2717
2723
2730
2760
2774
2782
2796
2801
2810
2812
2813
2829
2837
2841
2861
2882
2906
2914
2921
2928
2943
2959
2967
2985
2995
3007
3012
3021
3025
3029
3033
3035
3070
3071
3076
3081
3101
3104
3107
3141
3144
3163
3176
3191
3202
3215
3230
3237
3256
3261
3271
3294
3297
3321
3330
3341
3343
3379
3380
3383
3386
3402
3459
3465
3519
3522
3524
3526
3536
3550
3553
3556
3590
3613
3661
3686
3696
3697
3701
3710
3711
3714
3715
3729
3734
3746
3752
3757
3760
3764
3767
3774
3779
3781
3788
3792
3801
3820
3835
3849
3850
3860
3864
3867
3868
3878
3899
3906
3908
3911
3914
3916
3952
3960
3974
3984
3986
3995
4002
4017
4028
4033
4040
4041
4046
4063
4091
4093
4094
4103
4109
4112
4131
4144
4147
4200
4206
4215
4229
4245
4249
4251
4254
4258
4276
4280
4300
4307
4318
4330
4346
4364
4367
4368
4386
4392
4405
4407
4415
4418
4465
4473
4488
4489
4497
4507
4512
4521
4526
4536
4537
4563
4572
4574
4581
4583
4599
4603
4606
4614
4617
4620
4625
4637
4659
4660
4663
4664
4673
4680
4686
4696
4713
4720
4733
4754
4767
4774
4779
4787
4789
4807
4823
4825
4847
4850
4871
4873
4894
4896
4932
4941
4945
4949
4951
4955
4974
4984
4996
5023
5035
5058
5105
5112
5127
5147
5151
5152
5172
5174
5196
5197
5210
5220
5229
5245
5248
5253
5263
5300
5301
5305
5318
5323
5331
5334
5340
5363
5373
5376
5378
5384
5390
5395
5407
5430
5456
5464
5475
5500
5508
5520
5531
5550
5583
5600
5609
5615
5619
5624
5634
5637
5659
5664
5671
5683
5729
5730
5738
5751
5765
5767
5783
5792
5798
5812
5830
5834
5840
5868
5900
5908
5953
5978
5982
5992
6009
6015
6017
6029
6034
6035
6052
6070
6071
6078
6099
6110
6115
6160
6161
6178
6184
6205
6219
6228
6250
6266
6267
6276
6277
6282
6298
6322
6342
6346
6352
6362
6381
6403
6406
6412
6431
6434
6449
6451
6453
6485
6490
6509
6530
6532
6546
6569
6576
6596
6663
6670
6718
6722
6726
6756
6760
6773
6777
6782
6783
6811
6817
6835
6838
6877
6878
6890
6894
6898
6908
6921
6924
6927
6928
6936
6945
6956
6957
6959
6966
6977
6980
6983
6984
7001
7003
7013
7029
7037
7045
7049
7059
7089
7092
7094
7099
7114
7119
7141
7144
7147
7152
7161
7165
7183
7188
7190
7207
7208
7220
7221
7228
7236
7238
7239
7266
7284
7296
7302
7303
7306
7310
7322
7336
7387
7401
7412
7424
7425
7461
7467
7485
7488
7508
7529
7538
7563
7573
7577
7589
7601
7616
7628
7629
7631
7710
7711
7714
7724
7751
7757
7773
7785
7797
7812
7813
7814
7829
7847
7853
7854
7878
7884
7890
7953
7955
7956
7995
8002
8005
8011
8012
8026
8045
8052
8055
8059
8077
8085
8090
8097
8109
8118
8119
8129
8133
8147
8149
8153
8161
8171
8185
8201
8219
8220
8241
8267
8289
8296
8326
8327
8328
8338
8352
8367
8384
8402
8413
8431
8438
8456
8457
8460
8464
8481
8484
8495
8524
8549
8590
8609
8612
8630
8633
8640
8646
8656
8660
8661
8666
8667
8677
8678
8687
8698
8704
8726
8729
8742
8750
8756
8766
8769
8776
8817
8821
8827
8847
8859
8868
8875
8882
8886
8912
8923
8936
8944
8953
8969
8977
8987
8996
9010
9012
9035
9053
9058
9060
9063
9064
9085
9100
9101
9104
9106
9117
9125
9142
9154
9157
9159
9160
9162
9165
9167
9175
9183
9189
9192
9231
9234
9244
9249
9257
9267
9270
9272
9316
9341
9376
9381
9383
9389
9397
9398
9428
9430
9434
9441
9445
9466
9467
9480
9487
9488
9489
9504
9508
9518
9532
9536
9546
9549
9563
9568
9570
9584
9586
9608
9621
9622
9632
9638
9643
9655
9658
9665
9676
9696
9698
9702
9718
9731
9733
9740
9749
9750
9760
9771
9788
9802
9819
9827
9839
9853
9858
9861
9878
9890
9892
9901
9910
9950
9956
9958
9975
9979
10024
10027
10035
10039
10043
10049
10061
10069
10079
10097
10100
10110
10112
10123
10125
10138
10145
10146
10156
10169
10205
10206
10212
10214
10221
10243
10295
10314
10327
10344
10361
10364
10371
10378
10401
10408
10413
10418
10422
10423
10428
10435
10468
10474
10483
10484
10487
10492
10506
10522
10540
10545
10553
10561
10584
10590
10595
10597
10623
10649
10672
10675
10694
10700
10717
10719
10741
10743
10748
10751
10760
10770
10777
10794
10797
10824
10828
10832
10840
10853
10865
10873
10877
10879
10901
10902
10908
10911
10939
10947
10965
10978
10985
11005
11019
11038
11044
11075
11090
11108
11117
11118
11122
11166
11170
11181
11190
11214
11217
11231
11243
11256
11257
11270
11277
11279
11283
11319
11329
11333
11361
11369
11381
11383
11391
11399
11412
11442
11452
11454
11483
11498
11503
11517
11557
11594
11626
11629
11630
11634
11648
11662
11669
11679
11682
11684
11707
11714
11740
11743
11747
11750
11781
11782
11798
11805
11809
11828
11839
11847
11871
11876
11914
11918
11921
11922
11924
11937
11950
11973
11985
11994
11999
12017
12027
12050
12052
12053
12057
12070
12074
12075
12092
12123
12139
12165
12177
12178
12201
12205
12226
12239
12245
12249
12287
12288
12300
12304
12314
12323
12328
12339
12342
12353
12359
12386
12388
12403
12411
12422
12424
12425
12430
12431
12449
12463
12469
12482
12485
12487
12539
12545
12570
12572
12581
12597
12609
12612
12617
12676
12695
12699
12736
12746
12760
12768
12774
12784
12812
12817
12843
12859
12861
12867
12920
12938
12943
12969
12970
12998
13008
13014
13018
13025
13030
13031
13054
13058
13083
13095
13102
13114
13120
13123
13140
13175
13185
13204
13217
13224
13242
13280
13288
13314
13316
13319
13337
13346
13347
13364
13372
13407
13414
13415
13418
13435
13439
13451
13459
13473
13482
13486
13522
13526
13538
13542
13568
13577
13583
13604
13614
13634
13642
13645
13663
13677
13682
13694
13700
13704
13720
13726
13747
13775
13797
13807
13817
13823
13830
13833
13853
13871
13892
13894
13898
13912
13940
13950
13964
13969
13997
14031
14033
14036
14041
14065
14066
14069
14074
14078
14082
14094
14114
14119
14122
14131
14156
14157
14159
14169
14176
14185
14194
14204
14225
14226
14248
14260
14295
14298
14305
14309
14317
14350
14354
14381
14428
14433
14449
14469
14482
14501
14536
14542
14544
14546
14553
14568
14580
14586
14604
14606
14621
14629
14633
14638
14640
14642
14647
14651
14677
14723
14764
14773
14782
14791
14824
14835
14836
14849
14851
14866
14881
14915
14916
14929
14931
14942
14944
14947
14948
14964
14977
14983
14994
14995
15022
15025
15042
15053
15059
15068
15084
15089
15093
15105
15114
15115
15137
15153
15159
15164
15178
15180
15184
15186
15189
15219
15228
