8
10
36
47
55
85
87
111
130
153
157
162
184
188
191
193
222
232
233
247
256
289
314
340
347
375
392
395
423
441
451
453
467
503
512
515
517
521
524
531
542
578
583
648
664
670
680
684
689
694
700
717
724
730
738
751
766
783
793
808
809
835
841
860
861
892
895
908
944
946
947
993
1015
1048
1057
1064
1079
1094
1097
1101
1103
1105
1109
1114
1121
1134
1145
1165
1166
1172
1189
1205
1213
1221
1228
1248
1258
1277
1281
1286
1290
1308
1315
1318
1385
1419
1422
1434
1501
1516
1529
1535
1540
1543
1557
1565
1574
1590
1597
1611
1616
1632
1654
1657
1666
1673
1684
1691
1703
1721
1726
1747
1752
1767
1770
1779
1782
1799
1807
1810
1818
1829
1832
1836
1860
1870
1893
1921
1923
1925
1946
1955
1956
1963
1985
2055
2058
2060
2069
2086
2099
2107
2122
2125
2136
2144
2156
2166
2200
2221
2237
2242
2244
2271
2290
2291
2297
2372
2387
2392
2399
2403
2530
2551
2558
2579
2580
2588
2600
2629
2656
2682
2731
2741
2772
2778
2783
2786
2799
2805
2860
2880
2891
2897
2903
2908
2928
3010
3024
3051
3076
3081
3139
3144
3154
3167
3215
3226
3249
3253
3268
3277
3281
3290
3330
3332
3348
3357
3372
3381
3386
3394
3401
3441
3455
3464
3466
3495
3522
3524
3544
3559
3578
3598
3613
3616
3617
3658
3660
3661
3690
3697
3710
3722
3729
3734
3737
3751
3756
3769
3770
3777
3781
3783
3792
3795
3799
3801
3819
3820
3824
3849
3860
3870
3888
3895
3924
3928
3929
3933
3946
3952
3958
3962
3969
3973
3976
4021
4046
4116
4131
4133
4183
4190
4206
4230
4235
4245
4254
4258
4272
4280
4300
4322
4335
4346
4358
4361
4370
4376
4382
4390
4392
4398
4414
4418
4428
4458
4461
4465
4488
4516
4517
4562
4564
4588
4597
4602
4603
4624
4637
4654
4693
4698
4700
4701
4720
4728
4750
4767
4774
4789
4792
4825
4843
4854
4859
4915
4920
4922
4924
4927
4955
4983
4998
5016
5049
5080
5085
5105
5129
5131
5145
5160
5173
5187
5195
5227
5256
5261
5264
5305
5318
5351
5363
5396
5427
5438
5475
5479
5504
5508
5536
5540
5558
5587
5600
5602
5609
5629
5637
5660
5665
5690
5767
5782
5786
5815
5830
5831
5862
5868
5872
5886
5889
5941
5955
5980
5997
6017
6060
6065
6099
6113
6115
6134
6145
6167
6171
6173
6179
6184
6191
6205
6250
6251
6270
6276
6311
6321
6348
6375
6395
6434
6455
6471
6478
6479
6484
6490
6527
6530
6568
6574
6576
6577
6596
6612
6614
6617
6618
6700
6708
6709
6718
6735
6741
6765
6777
6781
6805
6829
6834
6851
6864
6877
6883
6927
6939
6973
6976
6980
6984
7003
7011
7013
7035
7068
7069
7089
7104
7139
7150
7157
7161
7165
7168
7182
7183
7190
7193
7224
7236
7284
7285
7292
7296
7301
7313
7316
7317
7318
7322
7350
7368
7372
7401
7417
7424
7435
7461
7472
7478
7482
7485
7486
7519
7531
7542
7549
7556
7616
7621
7629
7633
7654
7659
7669
7776
7781
7785
7786
7810
7825
7839
7873
7878
7887
7929
7957
7959
7972
7990
7992
7998
8001
8013
8015
8016
8020
8032
8057
8102
8178
8192
8236
8241
8288
8345
8361
8411
8416
8425
8428
8431
8437
8439
8455
8462
8476
8495
8507
8537
8588
8608
8609
8613
8622
8645
8650
8659
8661
8678
8679
8681
8684
8687
8689
8697
8698
8700
8732
8759
8776
8790
8811
8821
8841
8855
8870
8872
8879
8885
8939
8961
8981
8983
8987
8996
9003
9006
9030
9034
9048
9073
9080
9105
9117
9141
9144
9146
9165
9202
9229
9234
9246
9281
9292
9299
9316
9331
9332
9378
9383
9401
9422
9440
9445
9467
9502
9529
9533
9552
9553
9554
9577
9601
9606
9612
9632
9636
9655
9665
9740
9743
9810
9843
9844
9849
9866
9878
9890
9910
9936
10029
10050
10067
10079
10100
10133
10150
10160
10161
10166
10205
10212
10236
10257
10279
10283
10295
10357
10375
10378
10411
10453
10469
10471
10487
10506
10517
10528
10553
10566
10590
10610
10619
10635
10638
10639
10647
10653
10669
10676
10690
10693
10705
10717
10719
10721
10723
10753
10754
10757
10779
10782
10785
10803
10832
10850
10860
10865
10867
10879
10918
10942
10949
10950
10958
10964
10978
11000
11005
11007
11013
11021
11044
11082
11108
11143
11203
11217
11233
11237
11242
11272
11277
11322
11325
11337
11342
11350
11375
11396
11397
11401
11445
11447
11463
11482
11483
11489
11505
11533
11588
11594
11608
11624
11629
11673
11713
11718
11727
11738
11742
11747
11764
11779
11781
11795
11805
11825
11840
11841
11850
11864
11906
11908
11909
11918
12018
12047
12058
12081
12083
12087
12109
12123
12130
12139
12142
12154
12157
12177
12178
12186
12192
12200
12239
12240
12264
12285
12290
12304
12310
12322
12323
12328
12339
12343
12353
12391
12396
12422
12430
12444
12451
12453
12463
12482
12485
12511
12514
12519
12545
12552
12572
12581
12598
12602
12610
12611
12627
12629
12642
12655
12676
12693
12705
12738
12746
12769
12779
12787
12823
12830
12854
12866
12878
12930
12943
12954
12962
12968
12991
12996
13031
13054
13058
13062
13095
13120
13144
13212
13227
13250
13252
13266
13285
13293
13306
13346
13348
13370
13373
13386
13399
13450
13456
13468
13494
13521
13522
13528
13529
13542
13547
13553
13555
13558
13562
13566
13568
13576
13579
13588
13613
13624
13632
13674
13677
13697
13699
13713
13757
13758
13795
13799
13809
13811
13815
13833
13851
13887
13904
13948
13971
13993
13996
13997
14019
14033
14045
14047
14061
14066
14069
14086
14091
14094
14114
14149
14153
14156
14177
14180
14185
14237
14254
14266
14275
14314
14341
14353
14361
14406
14459
14467
14478
14484
14515
14535
14616
14633
14634
14640
14652
14706
14712
14719
14736
14800
14807
14809
14829
14872
14881
14883
14912
14917
14926
14947
14964
14983
14994
14998
14999
15017
15022
15023
15032
15040
15043
15054
15058
15111
15122
15145
15169
15178
