1071
362
35660
105
482708
642861
928
807
27836
108623
2686
642536
2632
1845
479
831
1244
1190
2525
642490
802
3424
44005
115673
383
21170
155431
4718
115240
516
8745
110104
105477
1431
280435
643719
676602
3
772
103
209
310
20363
2782
2538
27801
340
1489
687
27543
1490
661664
2673
2282
21472
110194
662634
1024
104136
357530
2316
94026
20011
21137
47763
62875
1011428
3162
27803
44012
106354
196
805
1983
93539
1273
108601
2548
1368
4613
21
3099
722
1182
403
672244
26084
643250
20024
657449
38337
939
646255
5995
20921
645916
93930
649283
825
2422
11879
94297
883
889
616
27814
6510
75543
660238
1069
60085
38384
665215
77327
642539
676429
2844
660328
4541
1210
20256
63055
104683
254926
104534
77838
1036
71075
8000
645693
684215
268336
2661
4935
2420
966
686673
640858
3482
13024
1001507
1271
3523
18858
880
4696
401876
1097739
638610
1258
402216
646289
71153
4562
23840
469
33541
18172
77
17404
105327
2286
642509
1226
801
114445
647829
167
77316
1239
9291
8791
3231
17342
1450
4986
4735
1703
4082
280407
104540
661610
27792
758957
69853
86430
644920
37057
2759
1185
1259
684219
375
6429
3491
2363
742
1012
1574
5693
2810
