1071
362
35660
105
482708
642861
928
807
27836
108623
2686
642536
2632
1845
479
831
1244
1190
2525
642490
802
3424
44005
115673
383
21170
155431
4718
115240
516
8745
110104
105477
1431
280435
643719
676602
3
772
103
209
310
20363
2782
2538
27801
340
1489
687
27543
1490
661664
2673
2282
21472
110194
662634
1024
104136
357530
2316
94026
20011
21137
47763
62875
1011428
3162
27803
44012
106354
196
805
1983
93539
1273
108601
2548
1368
4613
21
3099
722
1182
403
672244
26084
643250
20024
657449
38337
939
646255
5995
20921
645916
93930
649283
825
2422
11879
94297
883
889
616
27814
6510
75543
660238
1069
60085
38384
665215
77327
642539
676429
2844
660328
4541
1210
20256
63055
104683
254926
104534
77838
1036
71075
8000
645693
684215
268336
2661
4935
2420
966
686673
640858
3482
13024
1001507
1271
3523
18858
880
4696
401876
1097739
638610
1258
402216
646289
71153
4562
23840
469
33541
18172
77
17404
105327
2286
642509
1226
801
114445
647829
167
77316
1239
9291
8791
3231
17342
1450
4986
4735
1703
4082
280407
104540
661610
27792
758957
69853
86430
644920
37057
2759
1185
1259
684219
375
6429
3491
2363
742
1012
1574
5693
2810
649853
13567
4221
16172
1704
6440
37339
33
104543
726
454
15152
366
3948
31842
20234
529
622419
695405
1179
700
4889
694116
3101
77607
1077021
636736
951
644577
513
51841
8386
21159
1181
3477
10843
5701
406
179149
106143
77338
1243
1528
661399
2344
108611
1985
642782
69931
2245
2301
662159
42412
181087
491
5234
640017
710
1118
4049
702853
7827
4347
3803
657357
72399
106990
2900
71
645702
527
2134
15143
701
636156
24739
810
104131
1819
1311
2507
642838
649240
104698
11809
7784
38282
3009
104196
881
874
2720
1041
3306
37063
5273
697830
4955
1958
275
23462
645647
102903
195547
729
956
9027
3155
22033
4897
2774
4303
104533
27019
21065
57889
2732
3973
107408
8834
2423
6331
4443
91958
37334
1499
20323
515983
25524
18105
22014
23129
646367
4141
37027
46
642613
1999
63544
838
673641
25520
3220
642501
664092
24803
905
991906
60362
1242
649209
646046
77295
3695
480825
660639
847
8423
109988
4781
3802
36712
5702
717
78451
6400
7915
248
3899
947
678165
1112
2953
4235
6404
1063
116989
21408
646628
77217
862
2710
680246
95611
66013
104690
3848
6269
184333
105014
6462
2378
1018
104133
20789
1232
1023
47794
679347
850
642478
642549
131024
37314
8874
20483
1086053
33741
1168
1974
4958
10419
5425
20933
20726
8879
4383
21017
131027
29769
21249
919
9734
1007
90
31427
71119
106347
4963
86340
1009453
2244
221169
77110
20592
29149
4418
18674
21351
186778
279476
6395
21341
91961
27976
1187
2982
1592
21627
648298
78730
23631
104132
20507
11931
643162
800
13600
1834
5594
93857
1294
5129
153277
6459
4570
1910
32
69856
20199
373537
96350
672652
136261
123
5800
2559
646812
1269
63993
14702
37398
116
19999
30951
732815
21112
57936
1073128
5205
758404
649232
3959
3511
96945
20795
3371
5203
865
133563
132538
2775
4293
3739
20081
17845
92262
122761
93
1587
6425
2822
1044927
6381
542
122395
642464
20912
4814
6267
203
222724
20817
133185
79927
7708
63622
702943
107600
26352
36072
297710
79272
6518
23582
518634
3446
18619
20866
111467
117224
305336
6210
305845
1808
4848
323006
311
18823
18854
20799
661951
179192
926
20572
38428
645596
75044
3119
94059
1246
2251
20422
33783
100173
11009
208974
8548
998605
2425
21709
106984
68027
9304
665214
17263
719
661391
645456
2462
3727
8682
1007994
20720
1160
14250
62903
18613
5455
640292
110046
20902
643035
3168
927
5037
58097
95010
33623
21080
645583
44
21100
1032183
676883
20087
3480
5048
78636
1167
1041808
1088
660236
348
20780
648375
10598
822
18117
104181
4942
11866
833
907
93965
24434
21033
3112
14777
510
2820
9883
1203
702852
4852
2598
640636
60204
252958
21660
10007
79243
79558
62824
213776
2708
821
1064
650456
188936
803
660216
75183
5987
20049
38409
32877
105934
777229
4305
77342
8335
8591
8705
4860
94199
802056
93945
20041
689971
3008
20494
30131
17275
155423
20558
1267
123842
94664
24061
17270
60443
1767
660678
1707
11905
80175
122853
355471
1218
2608
92745
5860
634
89639
662189
77260
3405
407839
8256
20327
29504
79719
199208
9357
17955
607
104582
4623
11813
108464
7347
3916
660553
11816
104125
93823
179121
1411
20137
37290
887
8184
1384
11914
643213
7621
5423
252825
649273
11919
20429
7730
64787
886
658204
104539
4555
62522
646193
63732
18436
16013
104697
1025810
17
1600
4733
113768
112330
4787
1822
661070
663582
155186
643183
18088
1265
396761
75020
95895
679387
19951
2485
4820
37188
8476
18878
3403
110048
643420
27203
902
4843
4921
451
6424
70548
33787
698535
61543
12579
3941
160751
4259
104537
88672
3219
37277
1261
18763
90522
15365
104127
643161
94914
642
3457
643181
679657
160560
33876
114387
684216
6319
30374
20145
646129
94579
77294
3683
21237
6761
22551
83626
813
84977
63481
744
63585
1257
690002
643172
647070
20868
5826
87959
2026
33772
3638
20580
9378
3796
92011
20754
4351
28179
4028
107902
62828
2318
7895
1008
1015992
1657
130557
17709
11837
11849
6472
14026
3227
27171
3604
19988
4724
21312
13846
20964
59970
21029
69834
684221
1813
6659
59979
20586
447
789
114921
21117
17716
107977
7883
4456
162223
57914
661987
3908
108463
24198
4234
62833
10826
20813
651571
63543
3665
22467
17685
12825
652673
642768
11945
9051
713699
21013
638922
1708
660570
4946
77321
75567
20052
701424
160789
85052
17148
663503
175794
71060
962
240396
66332
7863
5869
104135
94578
111353
4657
20635
29579
59846
4904
2834
20687
4630
4174
51616
7887
30126
645172
662160
3551
3490
640862
16346
20911
2234
17258
10634
19462
106648
3555
25933
18841
38362
1041416
20672
4856
2846
61867
20157
9377
62518
94069
997937
642492
103453
17267
18054
20394
660234
480
96886
13737
47764
84871
7886
20457
234692
18148
1096010
29500
51827
3471
101695
30952
6721
638634
3882
2076
102395
648308
8640
11884
60392
2058
83377
17238
48360
104686
106883
20048
2724
66342
104130
104320
20012
3230
