1071
362
35660
105
482708
642861
928
807
27836
108623
2686
642536
2632
1845
479
831
1244
1190
2525
642490
802
3424
44005
115673
383
21170
155431
4718
115240
516
8745
110104
105477
1431
280435
643719
676602
3
772
103
209
310
20363
2782
2538
27801
340
1489
687
27543
1490
661664
2673
2282
21472
110194
662634
1024
104136
357530
2316
94026
20011
21137
47763
62875
1011428
3162
27803
44012
106354
196
805
1983
93539
1273
108601
2548
1368
4613
21
3099
722
1182
403
672244
26084
643250
20024
657449
38337
939
646255
5995
20921
645916
93930
649283
825
2422
11879
94297
883
889
616
27814
6510
75543
660238
1069
60085
38384
665215
77327
642539
676429
2844
660328
4541
1210
20256
63055
104683
254926
104534
77838
1036
71075
8000
645693
684215
268336
2661
4935
2420
966
686673
640858
3482
13024
1001507
1271
3523
18858
880
4696
401876
1097739
638610
1258
402216
646289
71153
4562
23840
469
33541
18172
77
17404
105327
2286
642509
1226
801
114445
647829
167
77316
1239
9291
8791
3231
17342
1450
4986
4735
1703
4082
280407
104540
661610
27792
758957
69853
86430
644920
37057
2759
1185
1259
684219
375
6429
3491
2363
742
1012
1574
5693
2810
649853
13567
4221
16172
1704
6440
37339
33
104543
726
454
15152
366
3948
31842
20234
529
622419
695405
1179
700
4889
694116
3101
77607
1077021
636736
951
644577
513
51841
8386
21159
1181
3477
10843
5701
406
179149
106143
77338
1243
1528
661399
2344
108611
1985
642782
69931
2245
2301
662159
42412
181087
491
5234
640017
710
1118
4049
702853
7827
4347
3803
657357
72399
106990
2900
71
645702
527
2134
15143
701
636156
24739
810
104131
1819
1311
2507
642838
649240
104698
11809
7784
38282
3009
104196
881
874
2720
1041
3306
37063
5273
697830
4955
1958
275
23462
645647
102903
195547
729
956
9027
3155
22033
4897
2774
4303
104533
27019
21065
57889
2732
3973
107408
8834
2423
6331
4443
91958
37334
1499
20323
515983
25524
18105
22014
23129
646367
4141
37027
46
642613
1999
63544
838
673641
25520
3220
642501
664092
24803
905
991906
60362
1242
649209
646046
77295
3695
480825
660639
847
8423
109988
4781
3802
36712
5702
717
78451
6400
7915
248
3899
947
678165
1112
2953
4235
6404
1063
116989
21408
646628
77217
862
2710
680246
95611
66013
104690
3848
6269
184333
105014
6462
2378
1018
104133
20789
1232
1023
47794
679347
850
642478
642549
131024
37314
8874
20483
1086053
33741
1168
1974
4958
10419
5425
20933
20726
8879
4383
21017
131027
29769
21249
919
9734
1007
90
31427
71119
106347
4963
86340
1009453
2244
221169
77110
20592
29149
4418
18674
21351
186778
279476
6395
21341
91961
27976
1187
2982
1592
21627
648298
78730
23631
104132
20507
11931
643162
800
13600
1834
5594
93857
1294
5129
153277
6459
4570
1910
32
69856
20199
373537
96350
672652
136261
123
5800
2559
646812
1269
63993
14702
37398
116
19999
30951
732815
21112
57936
1073128
5205
758404
649232
3959
3511
96945
20795
3371
5203
865
133563
