1071
362
35660
105
482708
642861
928
807
27836
108623
2686
642536
2632
1845
479
831
1244
1190
2525
642490
802
3424
44005
115673
383
21170
155431
4718
115240
516
8745
110104
105477
1431
280435
643719
676602
3
772
103
209
310
20363
2782
2538
27801
340
1489
687
27543
1490
661664
2673
2282
21472
110194
662634
1024
104136
357530
2316
94026
20011
21137
47763
62875
1011428
3162
27803
44012
106354
196
805
1983
93539
1273
108601
2548
1368
4613
21
3099
722
1182
403
672244
26084
643250
20024
657449
38337
939
646255
5995
20921
645916
93930
649283
825
2422
11879
94297
883
889
616
27814
6510
75543
660238
1069
60085
38384
665215
77327
642539
676429
2844
660328
4541
1210
20256
63055
104683
254926
104534
77838
1036
71075
8000
645693
684215
268336
2661
4935
2420
966
686673
640858
3482
13024
1001507
1271
3523
18858
880
4696
401876
1097739
638610
1258
402216
646289
71153
4562
23840
469
33541
18172
77
17404
105327
2286
642509
1226
801
114445
647829
167
77316
1239
9291
8791
3231
17342
1450
4986
4735
1703
4082
280407
104540
661610
27792
758957
69853
86430
644920
37057
2759
1185
1259
684219
375
6429
3491
2363
742
1012
1574
5693
2810
649853
13567
4221
16172
1704
6440
37339
33
104543
726
454
15152
366
3948
31842
20234
529
622419
695405
1179
700
4889
694116
3101
77607
1077021
636736
951
644577
513
51841
8386
21159
1181
3477
10843
5701
406
179149
106143
77338
1243
1528
661399
2344
108611
1985
642782
69931
2245
2301
662159
42412
181087
491
5234
640017
710
1118
4049
702853
7827
4347
3803
657357
72399
106990
2900
71
645702
527
2134
15143
701
636156
24739
810
104131
1819
1311
2507
642838
649240
104698
11809
7784
38282
3009
104196
881
874
2720
1041
3306
37063
5273
697830
4955
1958
275
23462
645647
102903
195547
729
956
9027
3155
22033
4897
2774
4303
104533
27019
21065
57889
2732
3973
107408
8834
2423
6331
4443
91958
37334
1499
20323
515983
25524
18105
22014
23129
646367
4141
37027
46
642613
1999
63544
838
673641
25520
3220
642501
664092
24803
905
991906
60362
1242
649209
646046
77295
3695
480825
660639
847
8423
109988
4781
3802
36712
5702
717
78451
6400
7915
248
3899
947
678165
1112
2953
4235
6404
1063
116989
21408
646628
77217
862
2710
680246
95611
66013
104690
3848
6269
184333
105014
6462
2378
1018
104133
20789
1232
1023
47794
679347
850
642478
642549
131024
37314
8874
20483
1086053
33741
1168
1974
4958
10419
5425
20933
20726
8879
4383
21017
131027
29769
21249
919
9734
1007
90
31427
71119
106347
4963
86340
1009453
2244
221169
77110
20592
29149
4418
18674
21351
186778
279476
6395
21341
91961
27976
1187
2982
1592
21627
648298
78730
23631
104132
20507
11931
643162
800
13600
1834
5594
93857
1294
5129
153277
6459
4570
1910
32
69856
20199
373537
96350
672652
136261
123
5800
2559
646812
1269
63993
14702
37398
116
19999
30951
732815
21112
57936
1073128
5205
758404
649232
3959
3511
96945
20795
3371
5203
865
133563
132538
2775
4293
3739
20081
17845
92262
122761
93
1587
6425
2822
1044927
6381
542
122395
642464
20912
4814
6267
203
222724
20817
133185
79927
7708
63622
702943
107600
26352
36072
297710
79272
6518
23582
518634
3446
18619
20866
111467
117224
305336
6210
305845
1808
4848
323006
311
18823
18854
20799
661951
179192
926
20572
38428
645596
75044
3119
94059
1246
2251
20422
33783
100173
11009
208974
8548
998605
2425
21709
106984
68027
9304
665214
17263
719
661391
645456
2462
3727
8682
1007994
20720
1160
14250
62903
18613
5455
640292
110046
20902
643035
3168
927
5037
58097
95010
33623
21080
645583
44
21100
1032183
676883
20087
3480
5048
78636
1167
1041808
1088
660236
348
20780
648375
10598
822
18117
104181
4942
11866
833
907
93965
24434
21033
3112
14777
510
2820
9883
1203
702852
4852
2598
640636
60204
252958
21660
10007
79243
79558
62824
213776
2708
821
1064
650456
188936
803
660216
75183
5987
20049
38409
32877
105934
777229
4305
77342
8335
8591
8705
4860
94199
802056
93945
20041
689971
3008
20494
30131
17275
155423
20558
1267
123842
94664
24061
17270
60443
1767
660678
1707
11905
80175
122853
355471
1218
2608
92745
5860
634
89639
662189
77260
3405
407839
8256
20327
29504
79719
199208
9357
17955
607
104582
4623
11813
108464
7347
3916
660553
11816
104125
93823
179121
1411
20137
37290
887
8184
1384
11914
643213
7621
5423
252825
649273
11919
20429
7730
64787
886
658204
104539
4555
62522
646193
63732
18436
16013
104697
1025810
17
1600
4733
113768
112330
4787
1822
661070
663582
155186
643183
18088
1265
396761
75020
95895
679387
19951
2485
4820
37188
8476
18878
3403
110048
643420
27203
902
4843
4921
451
6424
70548
33787
698535
61543
12579
3941
160751
4259
104537
88672
3219
37277
1261
18763
90522
15365
104127
643161
94914
642
3457
643181
679657
160560
33876
114387
684216
6319
30374
20145
646129
94579
77294
3683
21237
6761
22551
83626
813
84977
63481
744
63585
1257
690002
643172
647070
20868
5826
87959
2026
33772
3638
20580
9378
3796
92011
20754
4351
28179
4028
107902
62828
2318
7895
1008
1015992
1657
130557
17709
11837
11849
6472
14026
3227
27171
3604
19988
4724
21312
13846
20964
59970
21029
69834
684221
1813
6659
59979
20586
447
789
114921
21117
17716
107977
7883
4456
162223
57914
661987
3908
108463
24198
4234
62833
10826
20813
651571
63543
3665
22467
17685
12825
652673
642768
11945
9051
713699
21013
638922
1708
660570
4946
77321
75567
20052
701424
160789
85052
17148
663503
175794
71060
962
240396
66332
7863
5869
104135
94578
111353
4657
20635
29579
59846
4904
2834
20687
4630
4174
51616
7887
30126
645172
662160
3551
3490
640862
16346
20911
2234
17258
10634
19462
106648
3555
25933
18841
38362
1041416
20672
4856
2846
61867
20157
9377
62518
94069
997937
642492
103453
17267
18054
20394
660234
480
96886
13737
47764
84871
7886
20457
234692
18148
1096010
29500
51827
3471
101695
30952
6721
638634
3882
2076
102395
648308
8640
11884
60392
2058
83377
17238
48360
104686
106883
20048
2724
66342
104130
104320
20012
3230
60211
3516
97138
9239
907982
10071
107684
60317
661611
1107700
93567
11238
195579
60368
62629
62726
660221
280252
6494
94739
3533
11793
96698
21275
2719
69875
2242
2711
17292
3478
657448
2699
60955
33825
2444
27259
4910
38374
3015
33626
62517
186563
642571
678108
778686
11479
20595
2197
194
645727
20508
11286
18679
94924
20733
132891
21187
3046
3408
43513
445
1649
38017
1885
9895
18370
11955
78446
104365
51821
21004
77459
2962
7789
108477
75025
14812
106983
644543
88678
45154
62850
36553
37353
20603
20278
37352
91995
112201
4980
98174
6475
692623
12366
104688
20575
1033692
3438
30862
11916
2479
18302
104703
645688
18047
642877
290
41561
1021638
106986
1890
21329
20063
69863
8969
5394
60913
9411
77304
62571
674081
20836
18571
714304
104031
28232
228175
18938
101482
23904
3508
20881
77627
160814
90607
108563
111520
25097
640363
106976
20753
87758
2473
866
21343
6533
28925
1016
690
51268
30113
6722
6778
642689
20551
1202
2172
6018
23007
303637
6139
111634
88985
4776
5108
189343
646687
1860
94524
11963
3221
47543
201469
2122
101669
2312
41815
6675
154085
1679
78369
30053
662416
680616
77306
3458
9061
24064
3085
61315
15691
27760
1013167
30049
4905
660223
20231
11834
101817
694932
5042
105960
660573
30212
153914
20534
1820
2049
2121
93977
21783
59369
96155
325243
104704
1887
61905
656668
113679
3461
6674
82142
112392
2689
91942
21345
1351
649222
644786
14147
90589
27358
1059
106988
4799
3677
2131
24616
646
28514
9552
642499
20829
9405
166705
4773
3971
4024
6375
1922
18792
1319
125304
1642
639961
62638
288
775
20878
20205
1850
105791
20758
20415
93764
20209
9840
10111
106534
839
241
5148
164636
20538
706
20095
4759
66334
60606
3034
20988
18244
4667
1228
70818
2519
1018614
124730
108465
5093
734445
33129
6415
21039
3537
4398
153
2809
104236
20349
108439
78345
27647
16260
20106
873
78445
4188
8607
96
28559
112235
3217
77275
101600
2433
827
6474
7961
47555
92796
2166
20069
21338
20059
21020
313
17920
20867
104541
637333
21599
25157
1522
20941
1029195
73259
9358
126291
675
644398
3744
660793
9366
4301
104126
10284
3061
4728
71138
660235
12094
82
272086
75026
78450
9038
38340
107678
11872
4648
6453
298366
18147
1078
709
93296
83889
460539
20299
7878
1124
3207
1070001
237683
97346
96069
20116
20306
234784
90542
230013
8809
4012
1011763
95694
3708
20252
3360
8839
111389
231216
651485
11806
230052
104675
168057
60341
160769
78576
71038
107899
138511
5925
278192
20876
374671
77320
20999
104677
4220
112737
78582
740743
5463
637262
78273
107760
116547
104856
3673
3549
48362
13696
642547
139
4244
642998
5072
62853
20195
160788
11886
94185
2557
12926
20129
11877
4435
113
126125
4421
676936
1171
30809
5464
20910
713685
2075
22892
661448
20425
20166
3790
645631
20961
18819
20033
70141
5134
660345
37954
90888
4891
79232
277758
20567
23858
6427
22747
1709
20529
2161
22457
110697
643177
67934
26391
20481
646667
20562
155
85529
164464
33705
126107
665749
129268
107261
10418
4149
5139
1090
21224
105750
70137
3974
66341
4979
229031
1967
19888
707
63717
27130
71076
4607
131135
20192
9531
1750
66016
1530
21076
685071
732340
4805
6405
212536
1446
269348
21325
9344
62632
79641
38308
644688
20134
60083
26334
3225
81568
2232
20486
4788
104696
17391
153702
1019953
29590
4689
22210
69888
78577
108617
88480
247255
642738
649286
2641
123220
77340
249069
51892
194880
219819
17287
44521
20325
419356
2114
122825
521930
21116
662527
36
20189
6426
21466
1901
638807
16115
656730
44004
62127
110899
21062
46679
3473
643278
122914
30295
25715
103001
314096
21217
12676
104129
1156
43
21326
107901
21685
71093
32542
20092
1008561
649184
1270
2237
62744
3429
95743
11852
9192
106500
642550
21070
96360
38301
20150
122147
69821
27685
20392
3600
18208
2087
78632
6422
640628
114447
11303
60611
3903
708998
26481
11870
7999
5135
83681
126133
8856
25256
101267
84683
96717
35896
77276
22367
5889
649411
20432
5563
84866
15558
16255
196483
4987
20870
1354
3900
5059
296
3792
110904
643591
21306
20434
6386
642667
6780
4965
4185
25460
20227
11795
37068
38541
1085146
643151
20076
106982
8924
33164
24420
257652
642763
57840
18028
21204
7682
1159
1
155835
5035
396184
248393
63923
94614
20898
21182
104538
5951
117130
2105
406141
37355
642851
38371
112194
37201
94844
20317
60423
150064
24395
74773
1316
3568
97413
1007584
25649
661421
21226
151639
202026
19583
96567
705
636782
94140
36670
175710
107224
660227
658459
29974
93269
743910
71240
25
645607
3883
63632
49687
511
661996
1275
678168
15716
100127
51825
5929
112129
644567
9954
5138
518
14569
7005
18812
123093
10004
3807
7487
177006
93706
63547
210612
20058
2721
59613
4312
9355
1176
20417
641848
38390
5767
6473
20659
23133
20491
2046
10236
25591
108221
7356
35016
21008
21153
13922
20126
94618
16007
20690
108495
1121294
37952
105467
95252
18850
71245
638828
2107
1251
72549
101770
20013
3842
2213
146021
6371
20257
21016
21252
17993
684437
11900
4791
33767
15763
20532
20997
78757
4112
672370
3414
24320
12682
1014
11964
71178
646231
5872
3450
1417
4751
640820
6407
9206
8131
37177
20761
9021
38272
96919
21139
33670
105465
20874
20201
20423
108561
77252
209690
20277
104149
93926
844
8213
20266
741573
21725
7790
30444
21241
649236
106991
5446
22994
126085
4834
390
30907
71173
5472
672637
645576
84193
84542
101830
6754
71091
646745
96926
32497
35752
662331
17259
2603
4007
7904
455314
18420
60243
124360
61559
4902
9804
165989
20692
62843
643985
14694
9402
137052
9935
20280
4320
638817
78042
1944
60203
18943
3769
103824
17299
5109
3394
6810
21473
11904
47804
20289
26479
20654
44142
105821
8689
52863
1067230
63528
17870
6576
2249
59803
63838
118529
657640
61716
673305
75606
645694
1841
19998
12684
481204
3578
30274
199860
426134
83213
4730
639
829
20638
809
21161
23472
1025519
62756
658706
17301
21061
6390
37347
29280
3728
108502
20066
1526
18077
85327
69833
77889
35429
391
24033
21133
30343
8497
2693
10009
73213
1101
37171
113751
5160
3066
21344
3335
991775
3921
21143
78640
19989
104301
20078
13771
912
677561
1026495
72639
62921
21254
20928
95945
6460
20663
35396
94301
9261
94738
642753
181147
11839
90929
672473
11988
108785
42
176953
676940
7606
20643
3172
4790
105429
1037441
1891
11880
9109
26781
20576
657919
21001
62842
114327
108081
20456
4144
20880
17725
15743
1735
8319
4771
70578
4821
162026
40330
136992
643030
364
727200
663549
91346
22573
66500
81926
8617
28535
128675
77325
87867
37300
665596
23429
71185
38279
43680
20180
807472
241905
27109
15895
107928
731
20713
20989
60224
200788
11395
100270
5824
79562
79635
19483
110370
14523
644785
9147
97028
94401
30799
4318
96977
4241
21171
638614
175786
1038962
114465
77942
31453
20557
7651
29588
21081
93074
9375
38463
3459
2825
20803
75027
105789
18643
14088
4756
11778
795
642537
20518
84976
4767
30788
80439
30363
28513
4196
60900
195585
21321
19875
2773
642672
20316
29772
101920
6457
1015038
20709
79955
15472
2496
101623
20442
660523
21199
8141
158
20121
305515
907684
38352
96710
3999
1870
198858
514
73244
21549
21957
73236
3211
170155
59608
885
649311
13499
20861
15577
84907
91941
87093
111352
62340
1063987
7806
8571
638603
8099
13449
373809
20618
20781
100171
451731
112773
63507
169
16129
655623
63593
661612
20153
5584
20029
57911
37250
6067
63878
2247
99641
11356
89748
206
20616
26213
20071
30248
62760
65407
643765
6379
9326
71131
4239
2815
3750
70661
107726
75
69940
3025
264203
3675
77336
38343
3618
78647
2701
21147
160838
389
22088
20270
4828
20714
37961
83987
20269
3080
130338
78525
1014857
1656
114468
282823
20982
218201
36750
211274
38315
303713
12573
710072
95
1889
62719
1454
3503
764510
4653
26414
749451
6536
72485
11811
20077
643569
10242
69807
104689
18783
1305
14541
28509
30948
3976
147826
30272
1666
30345
21069
175643
37305
5927
6328
11350
82469
21168
21079
4926
10967
667483
1068955
186756
78613
7925
640364
100153
1839
90811
19997
6815
78063
20067
640016
26921
18562
75093
142358
1224
218666
107485
148275
1847
112301
107273
4333
160264
93559
324178
20458
89583
30145
18481
676110
114385
71251
175771
78611
660225
1998
234675
7889
1252
5960
24042
100761
11932
19572
307548
1068
27901
20844
78625
90046
105313
122850
7166
3514
77333
84957
320049
244773
30015
20395
994088
2779
268
104407
123828
204250
215078
105939
79309
133389
37344
647049
6423
94343
1996
578661
4459
867
5204
660561
12472
4991
104093
104700
86177
137363
637244
21304
17416
94209
1009462
8291
96918
3139
2600
95464
12140
81054
108510
494735
122763
67931
1494
4212
644036
30963
7028
279498
885857
5630
107270
592
3433
155191
93225
3193
6465
4642
114984
167881
78308
4139
101699
4531
4865
21302
172958
36755
31199
4738
153647
7681
643033
20368
3935
50561
97520
97003
39102
4729
2599
20364
10552
94958
4908
20484
63475
21294
71210
20247
20408
21604
741544
94983
1147
714928
118537
17361
37130
38322
21169
71084
59934
82334
33612
116313
1814
679090
18371
1539
63353
38294
3215
1003560
33632
25166
6466
197040
9077
20202
2993
119724
4669
586677
30192
21243
21632
94452
112199
29402
72682
87627
6651
4
47112
30303
30256
108832
17283
1927
30087
2625
95109
24839
20932
684217
1853
61517
69487
167799
20125
30291
6779
649123
78107
101933
2099
24536
33717
2085
888
5462
4584
11860
37598
30776
70413
220754
4885
77634
21043
103913
63911
107367
1152
105217
21125
30250
1831
20631
6519
11190
1899
2405
77319
649251
79880
9450
280986
81680
649204
1364
5077
429
1048329
20543
2135
20362
2240
31028
1073472
106318
942
4501
643587
107558
20772
20010
60426
664169
94695
727861
164
105386
20729
6731
4622
117939
96561
2727
2761
2153
20784
30173
15715
37179
661498
20216
5698
208123
63989
59852
172933
6540
10496
4194
4833
69794
104169
27247
6898
60649
4309
646634
2254
102936
20578
96987
77613
21072
66376
3052
5064
759077
101575
641866
211598
21562
20335
644120
37956
60309
20168
846
175804
118778
20553
713825
69799
20697
78799
1107786
759687
11334
124112
738883
5654
4895
5803
649234
20427
15611
678971
101883
1122517
20657
38246
10605
360505
737274
4877
3481
75935
231819
6437
71195
1135
71211
3497
9161
164829
11894
3156
69813
1010
23676
88939
212420
6287
3375
1886
186750
11933
20324
63513
29567
656631
9867
20655
1706
29595
645568
4997
95734
9351
117144
21289
649255
1793
23991
124023
3581
4516
644775
106418
112901
78411
174944
46195
11484
11331
8558
4844
176952
32997
3864
112196
95523
314220
649266
68175
4368
33635
29951
63049
10573
773752
64125
43734
170114
83930
90873
84144
20165
20345
28936
6345
6485
200695
26335
1070
27038
2222
46682
674
825828
660219
20897
94272
44751
96515
91404
4248
122688
4314
22745
24977
85490
160876
18887
20746
96709
7864
87290
21120
6039
4102
20140
20218
61922
95657
639471
4018
107011
653537
23976
104171
645595
19995
20030
17943
14122
43019
94326
765202
17714
5099
77330
275744
661408
8480
75011
38250
37255
649214
130997
95314
16694
175816
640006
21048
10031
26639
3402
69793
695747
5091
103449
222785
10549
44935
41397
11868
2031
47472
766810
9356
28959
69786
653253
99769
661957
30209
74638
68124
20455
18462
36313
71067
992
658281
27643
158582
79689
133095
20542
3357
13492
104552
79195
21097
91298
657503
313481
640579
4739
793
21192
21236
17927
192010
30888
126141
20901
20375
160830
4949
17295
224
20156
177282
7867
35771
62792
331654
43410
123040
23596
8893
30815
77266
94184
30260
37152
4854
20666
31080
2367
252756
142963
18025
78181
33669
108796
4388
20176
126608
77298
17874
47549
180594
688078
1049
96070
24732
1004461
11921
21248
118398
20159
96241
1061557
1896
1933
658219
86605
116162
644784
3862
82465
71109
15242
88732
1440
60322
60614
20288
640399
640047
1082937
104555
124592
25030
30174
30225
21276
651012
82109
644878
1114267
2227
37315
106959
21205
1090958
78639
649137
60528
21193
98180
376
226625
656651
1059290
175814
858
21185
672567
4488
481
645626
643335
20420
4272
643094
63442
20207
11934
77785
646661
20743
649310
3969
37587
23718
1593
2152
20877
30230
118551
26164
354470
2464
20021
30168
5753
5572
105662
24794
89585
102610
1836
20774
21214
8898
4847
16048
51832
17119
3370
224770
9393
678972
266851
645621
58
182324
3606
95019
21108
66565
35290
219445
95369
104586
46868
13697
16875
96553
206548
21028
2660
537
661924
4872
59836
18689
33860
20372
18894
642713
110591
234689
96964
1461
6448
221749
9468
645860
1773
20384
78622
27
232346
21347
211400
2868
2149
20636
14182
67980
29312
2233
160734
9391
1947
9024
63471
640353
3229
4062
4757
33570
25229
3733
14029
23154
1013749
20385
27714
101872
88452
9742
667551
25845
1897
3927
9067
3500
642989
23933
409103
122773
22755
38531
853240
4894
287958
8197
134129
12987
28964
123978
72526
91327
96424
2355
4886
27320
31965
105186
643337
21282
104134
21447
77474
644353
31041
678163
106977
266503
402817
1495
6337
640930
72650
4561
92009
60452
97099
17722
21965
884
278203
61397
20487
30044
86406
20351
53653
2898
70081
6216
642504
21181
77716
95652
37247
71193
6088
20879
96729
660325
37403
30032
20948
38585
7873
9939
159303
95749
94665
4406
37705
66350
71132
1991
88573
92974
122845
88471
245233
23947
8956
220916
9335
3837
11401
72462
402251
20055
335
714495
21136
87927
18385
78382
93326
914
234735
20686
637855
175715
1997
5197
20282
660230
639677
20026
82035
18972
21513
47454
37396
105533
242614
167570
6322
322922
213
90162
20152
2574
20342
227895
13641
107858
63531
25075
126129
63414
30861
101442
397682
643002
20334
694765
2223
20808
642457
1867
21239
18065
20650
21465
20976
21175
91172
154828
122057
29599
661420
9416
29664
234683
20624
5788
21146
12019
2511
20668
74582
247
79180
90863
3589
2095
373833
16940
10039
118893
67925
1112790
32553
118686
20513
71121
20321
143923
940
9324
6508
4777
141746
1041717
11791
20566
92731
28908
107331
38466
9286
20804
24184
154862
9284
6458
93511
10589
20110
20906
69812
35825
31298
127172
645629
9211
4553
72481
57431
646419
28491
1837
36675
5926
73279
167608
95848
637537
21499
20661
435225
33712
222550
78059
701317
9321
101902
312340
20412
141
126117
20685
1846
235227
660572
1925
342103
95627
649608
6397
38387
89985
64017
138992
1018765
9255
166328
75009
102787
593582
71221
2056
728998
3558
31339
819
347330
29574
22214
681379
20112
1133
219035
145655
1580
649260
91024
568027
666953
33594
63618
133936
59878
4741
643702
14438
85054
694961
87951
9429
645121
2569
1937
272448
112300
6481
664091
5133
20178
29810
71127
660700
93553
63138
20968
4480
27463
4945
72524
96983
92834
697819
20944
12240
80289
85007
566049
77598
6235
37048
20398
7811
657913
420322
33864
307599
4880
12295
5182
642718
20809
649250
9348
42129
135771
21015
20303
191444
7869
642664
30887
18523
82472
3427
1063070
434141
175614
989
51
63520
2299
4930
14297
12194
718
93479
93497
118297
99129
20082
234659
555
6751
40403
2539
991893
3192
138054
31413
635970
6683
6680
689813
20111
202176
92523
20856
24020
30029
107098
92812
29571
94094
4707
4225
30288
155746
222864
20511
653432
97502
38373
4800
99451
39160
78259
64117
706780
17418
153926
640503
21353
15230
26856
28206
20842
95785
2317
6382
995816
2483
384
646681
715450
27881
4177
28026
662129
71224
4113
129372
649248
104645
20401
90534
231362
1667
75799
175770
1066251
640334
93536
162035
5056
36005
656342
126741
1556
652267
93351
20107
101677
18795
2528
20727
25127
4783
29851
3154
111351
85347
78649
1039296
78677
2939
1661
8938
33694
85285
170939
242540
20596
63325
79412
118479
64240
645505
37049
167980
103426
6902
93419
643474
90515
1141
101639
660326
262190
67
94728
7881
33893
880810
849
1796
6543
172173
190657
9436
160697
151914
94113
1044823
20724
101721
63668
367127
104302
9368
32823
91966
5053
6488
183844
20621
62
3557
642771
2196
108493
20007
198390
2428
1030950
20406
20370
143842
122093
643447
7877
1986
100099
21084
1688
21868
94164
781521
4229
14415
223430
337884
20891
266505
319604
30000
37947
11923
11960
185311
21768
9062
106317
93841
93478
3506
2185
92940
126137
3872
30360
113440
105766
23506
20782
661922
6385
20800
94298
3515
92972
2764
264202
72534
20044
13657
50223
3996
101619
154435
62739
107478
77090
25709
71018
7799
20563
1007432
1039398
37194
20857
7994
20141
75060
82153
639371
91777
9873
1188
62826
35545
31475
20750
75186
728
122896
30234
114461
22888
125849
69816
45391
657921
3197
62815
92852
20220
146937
79813
18008
101864
222328
4836
60473
175624
17855
681268
653564
96988
3024
74738
105754
2943
33688
23566
105733
3869
60095
662289
93636
11170
316
20373
4240
92552
25098
426874
406019
657978
1604
642645
15755
23654
4915
77987
77326
22657
97284
69823
222602
21561
330
494
644348
1394
640488
3399
1038038
32881
50599
38298
4842
635830
649
29950
172077
4725
39062
657964
12399
158754
24312
104167
22816
166594
28220
22705
81826
1833
91767
88586
328
94953
646670
81498
18750
111263
71071
2385
100778
31274
404396
649527
90891
20983
1149
660226
38510
4384
88709
17435
95346
91861
172969
663745
104554
5690
38091
657619
37379
75024
20410
2194
19074
77240
6009
72512
37872
18863
26575
642647
460
9145
884279
6672
6094
29600
106521
50592
20843
660229
662437
89755
1065702
3652
20737
97373
93659
660571
68028
106653
2331
101921
5549
20443
20185
678999
14477
118922
25988
66357
6479
81687
20908
207
6655
88660
108459
18364
17422
673984
269998
88797
153584
122837
84019
26163
721
7731
150036
3813
670437
954
20488
9849
36628
7768
27849
96299
95825
2394
315154
176182
3526
3740
657377
92521
662350
6622
77486
100159
1081297
21891
100760
7988
1084
784912
90995
28919
77935
37120
84948
7023
95860
78607
90562
68030
172980
5905
35738
87866
25683
20232
20217
7370
1866
166695
2965
27332
93411
20356
82026
1060918
1832
73384
20811
19923
79781
65403
27774
27044
154
5340
59764
295326
26622
74672
10036
3811
656639
30175
70107
127852
93713
20845
1144
28223
21057
2470
950
20369
4482
3546
226129
200394
289368
21096
3998
109657
6418
97175
125688
20721
107559
658218
23866
29586
1272
1040337
662194
30080
122872
70153
32110
4691
112242
157176
78351
11869
18040
2499
607557
91302
660492
131859
1063520
180680
766576
4010
118816
21339
122180
18914
133
100768
60324
2879
71141
8934
29997
22658
67434
714496
649243
97297
4263
17062
74794
89804
20546
6526
20439
22486
30138
20035
183729
736523
642631
212
36597
18112
644178
20291
20984
110936
90212
63870
33601
1282
4994
27635
472211
7577
274921
21640
2032
11413
104702
142239
24710
20480
16515
99484
97009
18654
78395
69460
63678
69791
2648
1815
567317
94127
50317
175599
641261
11944
177792
30929
11977
4974
732826
71267
77989
3171
18009
2037
2349
177794
1089811
63743
10831
82306
108608
20972
38316
507156
8108
175739
77331
26850
270034
95623
65584
9403
704607
2722
78620
46218
660072
1498
2346
106245
25629
104685
78117
162138
95941
73217
192714
267793
29519
94834
54971
12442
5671
37661
692462
1781
21109
14
29230
29977
20863
649215
28938
9394
228945
21213
266819
104462
24173
20313
234756
84449
1013678
6658
890
63945
78606
104705
2062
20923
96529
60449
20359
677039
18266
22104
104343
693224
71212
104029
97260
4851
5156
20315
663311
665426
292635
178233
33625
287959
88534
4242
222814
208273
7751
1079206
21019
122753
18287
39332
3425
57863
95761
8665
660548
20998
91448
122891
20330
4813
93452
83756
125694
88978
3779
84808
4193
6497
21877
81915
639902
11865
23497
106609
27035
2855
77222
17762
17180
58778
78624
264206
1883
38264
1047838
38391
646684
26666
681062
95829
684303
376276
62847
60296
30222
753669
243544
106688
701577
90897
21315
4409
640774
81673
20888
206141
117188
218232
155521
83895
95508
11191
2973
643279
104848
131799
88604
22493
91268
20348
20520
9258
4892
95159
22471
11909
93182
9149
33581
130974
31994
214187
20204
408
5000
301607
20885
11867
30107
7389
643679
107908
38379
686664
686692
18518
101951
3152
57893
3957
114111
20610
167589
21058
27323
673035
74566
122900
197779
16384
341613
48558
100125
21202
156802
1811
408026
24810
21207
20051
192967
26216
32857
104091
1072
5177
189260
20924
167815
9306
126375
687801
63634
30056
33801
20945
2835
103906
96946
4463
11887
5024
317
36802
95584
640379
188807
51967
110664
175669
664531
20050
234296
280712
76785
6627
889125
104299
97109
47544
20660
169703
20623
2636
15640
17127
660164
1507
30669
110677
646478
5829
20679
143837
92604
24109
20519
2584
419378
388243
271846
20723
20297
21261
656727
