93239
20520
33752
12152
4815
70405
4879
22079
5171
84948
1138
1107
1886
61350
3305
419356
7205
1030118
110263
640807
11904
73092
657587
107902
106804
643279
3808
192967
44292
21067
3515
33783
24403
7712
83855
30948
63609
1148
52296
12976
115880
728
85568
33694
27308
104897
22669
18819
42274
159184
40058
181013
175709
132779
20641
91298
108462
5462
72488
112188
90863
59610
328
32110
13615
166181
2931
21814
20988
1883
20679
2399
108617
3061
636736
20159
100800
13164
758957
15500
69794
649453
646687
20262
2485
146927
6641
221749
101770
27849
3116
53256
199490
186553
16008
97215
122785
20220
28051
15976
30395
702943
143003
19951
656050
78332
179211
75324
104510
21052
1203
106350
1102663
160270
152586
29176
63507
216122
24493
645686
928
20518
60308
160677
1522
19995
279498
16389
6418
26216
8744
3162
43055
20119
680246
107311
92122
92616
96065
71240
14262
21231
2242
176905
11823
3491
3848
18880
379920
8677
23869
4908
39121
35812
6640
118554
59878
10284
649608
22457
63668
101619
82327
112197
694399
1224
5889
59968
7975
60392
687793
8809
660328
649221
396184
105659
20202
182928
11088
78738
1763
62929
356533
208123
17619
593582
18008
4891
10677
134967
38343
11761
21180
1779
24206
125371
104692
21127
29954
91359
387
29685
4702
20717
82454
445263
14
95958
78628
2126
130877
91777
88733
33565
126136
173183
57911
14638
1063987
22705
83213
91977
844
186285
94414
671620
72459
312340
104423
1530
3066
94888
9395
58419
4303
160788
72469
73244
14433
20055
26195
106655
2306
2898
96948
637295
59611
31544
410196
410382
118729
33717
24987
1332
2782
1063054
43019
104363
29577
127835
1068955
51
38472
2837
658387
199208
3974
29963
280986
231819
104389
9142
287959
1661
24588
167326
127857
646159
60603
78263
18462
5702
67923
94000
71176
74689
18117
92106
19724
20648
116678
94531
645526
645727
647927
646158
166763
402817
218232
13703
7887
94958
829
85657
78241
20725
637240
221848
86093
657619
18876
649240
4951
22321
758404
643591
38379
59983
23353
498917
7109
6018
117935
679480
23976
268
672652
1029159
658706
107273
22027
63543
110494
20184
17258
23933
8226
162138
116606
61507
90484
4772
16129
643560
394393
143923
9320
33605
676602
1034251
71074
58251
51840
20487
186461
2767
20214
110900
1014555
4744
17149
59532
78504
101677
26856
77778
87892
97309
714496
1495
5091
20637
5480
22778
4323
684316
713825
20802
592
3683
23036
23139
11191
103871
71140
78411
37297
71071
5004
402
20810
29732
234675
1793
106110
15242
39974
289368
20809
4634
212745
118553
101447
28936
82009
21891
9359
103425
30788
9358
4778
3112
4499
647043
6448
4312
108534
26742
43150
63455
3478
71164
59903
649522
105618
73141
91287
1232
62746
71169
642838
185311
73018
33690
22677
33618
4914
37956
95033
2870
10223
774646
69816
1631
108830
9161
230052
94921
98231
642803
3921
96926
136261
730
118647
29999
20618
23866
1364
52579
38307
21560
60528
7633
20375
92300
1210
11839
175315
87093
106718
53450
2708
665309
37611
19572
107900
30180
1048
118759
3638
44521
63427
212291
139388
6048
143597
1086053
104582
118293
20596
71227
78514
3459
49800
23129
692623
649220
2172
637281
650653
160697
44894
20166
20977
40103
23082
23070
5446
26887
280252
37275
93670
4754
648383
2847
18047
158582
167274
3034
110291
4122
166737
20185
97140
850
27947
2279
20586
211400
648562
6460
665193
5788
12579
78076
77333
91767
30809
874
12836
848
2855
12472
20125
3553
23676
37242
9145
994368
11856
107684
17905
3533
177282
188458
175804
92972
18280
77657
81533
8490
51827
112416
100419
118537
31274
4925
77342
1271
9225
122900
94967
152094
7409
4117
1380
660484
103913
8549
7865
20781
20201
30212
4921
96560
795
38269
100924
2254
355471
20484
122688
5701
62127
71224
649853
104365
26595
52260
65403
5108
18302
4443
17636
326699
16405
71159
9258
175747
106960
6381
277946
33632
25114
77327
20713
2458
6385
403
919
4309
8934
6754
83896
243554
7135
600631
58778
33627
88559
68196
104031
660231
11881
186759
138727
63515
59521
94140
8969
106360
167985
1968
134924
479
60226
106181
4942
95079
71885
4028
20754
5594
7945
84425
6379
17435
28261
2693
21408
77946
99817
5798
43743
103001
20041
5472
148671
644775
81324
20595
69821
1958
180661
649283
178614
6139
72549
63353
10242
480825
106354
32464
660639
111330
122874
5139
35911
20192
21207
123828
186664
4904
52578
106979
25256
17396
307592
145673
5148
17714
31781
1836
95681
44029
90867
4834
77784
551389
68011
1967
111533
13417
136716
57870
104132
20446
227806
71212
7389
5837
100762
43724
75020
662189
20018
62190
18938
2250
78450
264201
799296
637262
3779
1040337
76595
64117
122915
17190
30288
2427
110121
60611
1037570
649399
91778
78577
3046
64758
67583
77670
102903
656716
81981
77340
7880
77659
640820
8438
18382
21468
636156
101680
30209
191415
567317
4892
85352
9954
660227
106450
21341
189786
697492
616
660492
455314
16169
121553
20195
15745
2716
643146
23850
168002
20104
197779
44659
23429
107913
78142
20165
822
4409
222864
74438
1837
68051
7737
