928
3162
660328
2782
676602
1210
77327
403
479
649283
106354
616
115673
20024
883
1244
44005
110194
1036
2316
643250
2422
684215
357530
71075
27836
2686
27803
103
11879
3482
772
18858
4613
2548
47763
209
1258
362
3099
1011428
77
1273
21170
3
4935
401876
115240
2282
825
661664
20363
469
104534
939
33541
8745
4562
93539
1431
2525
642490
1097739
110104
1450
1190
60085
4541
1845
4986
687
722
77316
94297
642509
3424
643719
831
638610
167
383
18172
77838
280435
889
20011
75543
2420
4221
310
801
13567
402216
63055
662634
27801
516
660238
1069
