3
21
33
103
105
167
196
209
310
340
362
383
403
479
516
529
616
687
701
722
772
802
805
807
825
831
880
883
889
928
939
1024
1036
1071
1179
1181
1182
1185
1190
1210
1226
1239
1243
1244
1258
1273
1368
1431
1450
1489
1490
1574
1703
1845
1983
1985
2316
2525
2538
2632
2661
2686
2844
2900
3099
3101
3162
3306
3405
3424
3482
3491
3523
3802
3948
4082
4221
4718
4735
4781
4889
4897
4935
4955
4986
5995
6331
6510
8423
8745
8874
9291
11879
13024
17342
18858
20011
20024
20256
20363
20921
21137
21170
21408
21472
22014
22033
23840
26084
27019
27543
27801
27836
29149
30951
31842
35660
38384
44005
44012
47763
71075
71153
75543
77838
78730
93539
104136
104196
105477
106354
106990
108601
108623
110104
110194
115240
115673
131024
155431
280435
341274
350121
404648
487529
488544
489723
490645
490654
490688
490691
490949
491225
491566
492108
492774
492812
492820
492964
493190
493215
493276
493411
494106
494407
494957
495002
495355
499007
499062
500517
500577
500765
501256
501374
501414
501798
502151
507163
509341
509477
510180
511211
513087
513091
514345
517981
518788
520182
522507
522547
537505
557006
572334
708184
717785
727706
748461
793299
814017
