2414
2494
3523
6317
7427
9227
11670
14190
15060
15106
16903
17807
21147
21911
22566
22897
25687
27992
32681
38085
41290
44575
46513
46516
47532
56310
59758
59958
61296
65187
65450
68905
74040
74617
77150
79040
80702
85427
93796
94678
97555
97624
98428
100528
100709
103486
103500
103937
105464
110455
112879
115568
122094
123441
124085
124752
127621
136509
137624
143671
154785
154890
157821
161564
162352
163551
174522
177598
180795
182368
192648
194246
195130
198490
201852
202389
203622
209638
211723
214859
216951
219630
221092
222942
225729
225781
226660
230178
230287
230684
232696
247759
249530
253216
253393
254172
260724
263842
267484
267853
269832
271521
276292
278600
280499
282403
285582
287346
290471
290657
291054
291652
292656
293610
298510
299895
303560
305321
305593
305825
307041
307735
318427
318543
320370
336457
337327
341240
343018
345276
347967
348439
355048
356192
361855
365052
370596
372982
374839
378336
382420
387167
397918
399536
400593
402432
404503
415138
415808
421408
424085
430233
431007
439801
440077
445157
445763
448116
452680
458423
459707
460725
462137
463274
472744
473671
476798
477801
484318
486717
488499
489664
492760
493360
500906
504935
508271
508791
511161
513375
515013
516674
517798
525403
526566
530365
532880
535058
535521
538675
539972
540138
540664
544315
549708
551112
552711
554213
559193
561797
