3
10
14
23
24
34
35
56
61
68
69
78
80
89
95
129
148
153
158
185
203
234
235
258
262
271
275
279
285
304
307
344
357
363
372
387
389
397
398
406
454
462
475
509
516
517
525
532
534
537
541
544
553
555
571
580
589
590
591
594
596
598
601
607
608
611
613
616
617
621
630
633
641
650
651
655
656
658
661
662
664
675
678
690
693
694
695
704
711
715
719
727
749
753
759
762
763
773
778
796
802
804
839
843
848
884
890
898
900
901
903
904
907
918
925
931
936
942
949
951
952
953
954
963
964
965
971
972
974
976
978
991
999
1003
1026
1043
1053
1069
1080
1093
1115
1116
1122
1143
1170
1179
1181
1187
1223
1263
1264
1308
1348
1359
1362
1374
1381
1385
1400
1423
1425
1428
1448
1490
1504
1511
1513
1525
1550
1632
1641
1711
1727
1728
1734
1760
1764
1779
1794
1818
1837
1891
1893
1894
1926
1971
1987
1999
2009
2020
2067
2089
2118
2130
2143
2164
2166
2176
2187
2214
2229
2237
2261
2269
2271
2290
2333
2369
2388
2406
2407
2419
2428
2435
2447
2468
2478
2480
2486
2492
2522
2529
2533
2580
2581
2591
2632
2671
2681
2719
2732
2737
2746
2762
2763
2765
2767
2773
2789
2791
2802
2813
2823
2866
2912
2927
2938
2961
2973
3022
3027
3028
3061
3085
3096
3112
3135
3139
3149
3159
3160
3202
3219
3247
3293
3318
3355
3367
3368
3390
3422
3429
3431
3467
3471
3498
3524
3527
3539
3606
3617
3624
3663
3697
3726
3746
3761
3763
3809
3815
3842
3871
3876
3880
3884
3888
3916
3924
3947
3961
3968
3972
3981
3984
3989
4012
4063
4128
4134
4137
4138
4189
4191
4212
4237
4299
4316
4344
4350
4466
4551
4559
4560
4645
4814
4822
4946
5010
5052
5053
5107
5146
5157
5162
5166
5184
5185
5188
5195
5214
5217
5227
5230
5263
5269
5382
5478
5480
5849
6040
6106
6166
6205
6259
6353
6559
6617
6654
6679
6721
6779
6811
6822
6845
6880
6899
6932
6974
7010
7039
7044
7112
7155
7176
7380
7432
7448
7449
7687
7779
7879
7882
7924
8057
8145
8264
8285
8423
8530
8696
8838
9072
9075
9078
9097
9108
9123
9136
9141
9161
9170
9172
9175
9187
9200
9209
9216
9586
9733
9861
10195
10218
10304
10635
10916
10960
11179
11184
11321
11709
11811
11856
11858
11913
12427
12486
12499
12503
12506
12509
12512
12566
12601
12613
12624
12820
12834
12847
13058
13065
13073
13089
13103
13244
13323
13348
13352
13383
13387
13431
13448
13466
13479
13488
13491
13504
13547
13861
14168
14204
14216
14229
14246
14254
14286
14292
14341
14349
14361
14392
14402
14433
14436
14457
14507
14524
14526
14564
14594
14615
14622
14629
14656
14682
14693
14706
14749
14756
14770
14778
14784
14790
14833
14869
14917
14923
14951
14954
14975
14984
14990
14994
15011
15060
15062
15096
15106
15115
15127
15157
15192
15194
15206
15210
15222
15226
15258
15273
15293
15304
15329
15351
15362
15429
15441
15521
15533
15543
15582
15630
15743
15766
15807
15860
16005
16019
16347
16418
16792
16899
16903
17160
17260
17437
17485
17608
17713
17901
18052
18149
18204
18484
18764
18767
19093
19211
19423
19943
20060
20084
20314
20387
20471
20477
20478
20485
20503
20590
20753
20793
20919
21362
21604
21607
21721
21801
21804
22076
22081
22308
22366
22734
22735
23018
23262
24188
24259
24262
24326
24341
24348
24350
24364
24970
25222
25505
25527
25561
25733
25756
25762
25942
25973
25991
25996
26008
26038
26391
26571
26623
26648
26669
28051
28165
28421
29044
29357
29363
30010
30854
31341
31353
31484
31512
31734
33298
33460
33598
36624
36638
36654
36718
37362
37367
37488
37601
37686
37785
37791
37875
37915
37936
37981
38102
38310
39000
39106
39111
39192
39249
39314
39322
39353
39446
39713
39768
39769
39801
39832
40144
40547
41097
41167
41948
42700
42703
42709
42716
42728
42754
42836
42880
43078
43145
43360
43374
43390
43416
43447
44047
45379
45384
45385
45396
45467
45592
46352
46407
46435
46469
46490
46495
46501
46511
46514
46706
46861
47301
47422
47443
47497
47932
47942
47968
48226
48296
48301
48369
48558
48752
50153
50428
50582
51097
51321
51733
51774
52422
52546
52844
52989
52993
53172
53489
53789
53857
54056
54175
54228
54901
54915
54918
54950
54962
55145
55502
56139
56165
56495
56585
56615
56838
57477
58028
58269
58635
58908
59060
59799
60481
60543
61235
61508
61564
61594
61779
62028
62071
62263
62567
62568
62572
62606
62617
62886
62887
62893
62896
63011
63026
63225
63463
63579
64172
64358
64364
64842
65151
65288
65914
66043
66053
66063
67006
67102
67156
67506
68517
69703
69736
70205
70459
71298
71451
73651
73798
73847
73866
73985
74016
74087
74400
74406
74474
74870
77030
77590
77717
77743
77744
78417
78776
78886
78940
80233
80662
81649
87213
87490
88121
88266
89721
90242
90372
90460
90488
90944
91022
94152
96964
98963
98974
99003
99912
101278
102307
103324
103504
104688
106051
106517
107501
111491
113707
117088
120818
122600
125933
129419
130934
131580
135905
136292
137323
139929
140188
140246
140261
145924
147787
148002
148511
150580
153628
158315
162018
162537
174541
176443
176519
177758
193358
198760
199249
206727
207342
223515
224856
224987
225449
225526
225790
225860
226011
226094
226548
226554
226560
226562
226575
226589
226592
226600
226639
226726
226732
226760
226768
226901
226902
226911
226919
226921
226934
226960
227031
227177
227493
227502
227593
227655
227743
227791
227854
227866
227913
227944
227949
228041
228086
228157
228181
228200
228249
228336
228426
228527
228726
228853
229198
229209
229216
229222
229254
229456
229621
230912
231049
231075
231165
231324
231809
231825
231827
231829
231866
231986
232303
232366
232393
232514
232668
232925
233544
233807
233808
235334
235471
235722
236358
236405
236862
237156
237163
237230
237355
238172
238176
238786
239514
239523
240055
240477
240731
240890
241588
242507
242523
244327
247227
253550
256816
260976
275036
275664
275809
276330
276435
276594
276750
277780
278938
278969
279158
280830
281077
281311
281840
282454
282864
