2414
3386
3655
4390
6995
7566
8264
8356
8797
9072
9227
9965
11156
11833
11942
13828
14117
14127
15411
15730
16481
17054
17465
17633
17807
18206
18465
20339
20960
21086
21100
21147
22501
23821
24974
25687
26394
28019
28793
29549
30480
31079
31293
32783
33668
34005
34357
36334
38320
39358
40150
40186
41175
41290
41588
44575
48881
49022
51304
53445
57128
58813
61296
61614
62819
64318
64324
67036
68459
70631
71714
72073
72222
73939
74869
75159
76375
76481
76855
77526
79314
80264
80960
81521
81956
83795
85427
85574
88402
88757
92223
92322
93251
93386
93590
93753
93796
96807
97121
98428
98739
98857
99289
101069
102389
103179
104974
105143
105541
105878
106352
106655
108456
109233
110953
111222
113366
115484
116870
123164
123313
124510
125808
125915
126579
127191
127920
128010
129593
130384
131434
132321
132347
132538
132743
133895
134901
135608
136210
136509
136849
136945
139069
139101
141351
143225
143671
145552
146557
146938
150049
150767
151654
152966
152995
155190
155964
156604
160773
162352
162813
163551
163622
164151
165197
165279
167865
168032
168118
169774
171570
173677
177281
178346
179165
179483
180906
185461
185676
186911
187196
187870
189746
190365
190389
192648
193808
195747
196998
198244
198516
199840
202390
202693
203622
203679
205051
207214
207672
211623
212479
216382
218205
218559
219094
220444
221174
222096
222892
225528
225781
227025
229408
229505
232008
232374
232411
235556
235638
236052
236620
237330
238142
241939
242271
244098
244397
244755
245029
245414
246511
246942
247737
248056
250755
251887
253440
254379
256538
256721
257084
257209
257452
257633
258011
258066
259038
259067
259384
259616
260199
261045
262776
265002
267132
267853
269343
270884
271821
277369
278600
280161
280499
280700
289367
289436
291216
294196
294476
298025
298508
298603
298609
299752
299889
301069
304287
305825
306018
306203
306838
307370
308391
308630
309945
312856
313105
313429
314420
316894
317740
318100
318706
319500
319691
321911
327244
328520
328592
332321
335185
336310
336457
336576
337702
338387
341217
341431
345111
345193
345276
345599
346898
346945
347538
350847
351791
352832
353115
359546
360990
361828
362440
365014
365448
366084
367198
367925
368107
370853
372364
373754
373850
374839
375108
377037
377093
377171
378049
378092
378689
380196
381035
381401
381910
382420
382426
383265
383758
386772
391598
393871
394222
397746
397820
404503
405448
405706
405967
407941
408388
408577
411337
416087
418059
418379
418429
418460
419047
420730
424085
424207
425759
426323
426771
427323
429300
432956
433061
434690
434908
434993
435105
440862
441088
443930
444102
445006
447773
452393
453878
458101
458699
459246
461332
462263
464651
465278
469062
470732
472926
473466
474902
475403
476016
479056
479118
479573
481303
481394
481849
482085
482632
483370
484318
484786
485607
485695
486277
486585
486717
487755
491046
495362
495647
495779
497780
498584
498700
498719
499727
499769
499939
500071
504521
504560
504897
505347
505511
507017
510759
511514
511669
513617
514698
514840
514906
515013
515530
516228
517640
518026
519659
524375
524596
525329
525520
526164
526234
526248
528263
529260
529347
529525
530316
530365
531928
531943
532880
535916
536355
536636
537210
537817
539111
540138
540223
541132
545543
545562
545844
546403
546604
548575
548620
549234
550134
550726
551112
552179
553650
559244
560954
561770
562627
563748
565013
565217
567331
567380
