469
1257
1831
2073
2090
4684
5076
5121
5832
8246
8345
9493
10182
11190
12353
12459
13789
14145
14303
14506
14565
14688
15334
16279
16374
17306
17837
20373
20484
21333
21614
23994
24953
25082
25711
25759
25796
25989
26334
26345
28173
28852
29018
29318
29495
30386
30751
31012
32575
32942
32984
33043
33434
34256
36212
36375
36459
37037
37432
37794
39134
39965
40544
40746
40772
41596
41676
43667
43822
44102
44220
46748
48683
49375
51420
51488
52139
53075
53442
53755
53757
53932
54382
55007
55632
57183
57790
58335
60531
60963
63573
64752
65562
65904
66282
67416
69565
69977
70026
70407
70691
71948
72967
73570
74648
75112
76046
77088
78052
78633
79864
80102
80657
80755
82304
83593
83884
84373
86016
87170
87475
88530
88638
89392
91393
92647
93638
94110
94312
94797
97520
97636
98152
99514
99623
100724
101567
101574
101850
102250
102366
102476
103349
104278
105522
108021
108373
109706
110129
110884
111000
111325
112178
112521
112548
113079
114408
115486
115519
115624
117033
118872
119547
120610
120904
121940
124284
126917
129635
130568
131420
132245
132464
132487
132593
132604
132645
132850
133598
133702
133819
134663
135081
135195
135852
136156
137080
138054
139350
140833
140949
142682
143275
144513
144702
145594
147493
148738
148773
154155
154483
155855
157245
157790
157852
158825
159103
160006
160079
160290
161215
162546
162666
163842
164167
166061
166542
168102
168457
169186
169835
169935
169983
170495
171575
171636
172293
172678
173083
173212
174353
174654
174956
174960
175403
175706
175965
176500
176892
177529
178364
179274
179356
180827
181024
181409
182355
182583
183519
183928
185995
187021
187424
187650
189821
190105
191654
192066
192206
192535
193573
193695
195721
196017
196177
196197
196624
196663
199011
199281
199900
200585
202131
202592
203193
203428
203758
204659
204766
205162
206529
207253
207436
209479
210065
212688
216183
216488
216554
217463
218010
218149
219361
219566
219997
220360
222492
222570
222950
225779
226604
226760
226980
227668
229552
229851
231523
232015
232642
233433
235771
235810
236344
239153
239247
242652
242735
243118
243146
243328
243770
244084
244689
245087
245952
246391
246749
247254
247408
247988
250153
251658
252444
253449
254529
254960
256094
256844
259214
260907
261327
262005
262473
263092
263498
263806
268409
269799
270224
271027
272804
272970
273452
273531
273871
273889
274833
275908
279289
280149
280399
282163
283142
283631
284174
285012
286216
287773
289072
290249
291461
291539
291934
293270
293805
294228
296398
297496
298518
298555
298708
303080
305146
307937
308048
309239
309379
310335
310404
311956
312420
313104
313159
314539
314667
314807
319240
319538
321277
321616
321667
322682
324139
324329
324440
324503
324893
325362
326151
326635
327770
327842
329292
329468
329762
332175
334636
334681
335670
338375
340568
341027
341936
342720
344040
344540
345372
347265
347525
347916
349478
350264
350795
351269
352449
353572
354085
354217
357162
357576
358249
359654
360362
362089
363631
364019
364723
365093
365267
365920
368182
368517
369106
369515
370418
370764
370983
371924
373982
374441
376004
377068
377720
378811
378976
380919
382045
383300
384537
385012
385599
386568
386932
387119
388020
388047
388311
388732
388806
390308
391603
391968
392010
392770
393521
395310
395452
396157
397803
400962
400983
401543
401909
402798
404582
405245
406288
407666
409150
409452
411458
412412
412631
413726
414994
416824
418738
418814
419165
423325
423733
425549
427656
429104
430132
430285
430300
430449
430577
431348
432350
434346
434508
435094
438389
438423
438628
442405
442560
443701
444599
444750
445846
446991
447046
447184
447570
448782
450351
450488
451137
453086
453516
454115
454124
456250
457030
457109
457963
458295
458879
459004
459073
459716
459946
460032
460150
461594
462022
462187
464011
465960
466664
467760
468383
468414
468987
469322
469817
472499
472685
473513
475399
476827
477804
478130
478794
478955
479208
479567
480965
481651
482586
482741
482951
483768
484057
485269
486354
487600
487846
490182
491427
492527
493480
494701
495063
495267
496913
496946
498304
498476
498847
499533
499956
500215
500741
501030
502533
502755
503738
503758
504013
504394
504601
505450
505966
506229
506413
506767
508660
510346
510836
511940
512563
514322
515994
517066
518873
519746
520358
520385
521999
522349
523171
524199
524487
525854
526362
528427
529128
531309
533695
534451
535741
536088
536979
537264
538812
538935
542136
542459
544618
545596
546117
547059
547332
548191
548815
549763
551127
551330
552141
552622
552702
552972
555590
555599
555960
557066
559106
560093
560121
562291
562731
562893
564454
565322
565535
566876
567861
571141
571610
571692
574756
574857
575810
578816
579262
579452
580099
581689
582737
584873
585565
585567
585957
586125
587559
587590
587765
590716
590916
592459
593062
593343
594598
594894
597259
597359
598040
598940
599780
601511
602748
604673
605634
605875
606411
608677
609047
609292
609715
610328
611001
611135
611325
613087
613096
613256
614204
614552
615542
615792
615916
616195
616262
617421
618230
620087
620670
621191
622495
624514
626704
626931
627031
627300
627420
628084
629696
630788
631750
632482
632571
634522
635426
635564
635578
638376
639107
639379
639745
640385
641859
642340
642443
644432
645783
646199
646388
646600
647187
647529
647587
647749
648346
648597
651075
651745
651851
652054
652095
652127
654482
655498
655728
656096
656705
656762
657306
658164
658363
658410
661419
661423
661637
661991
662247
662355
662666
664844
666337
668769
668880
669223
669808
669975
670176
673502
674266
674298
677398
677606
678928
679161
679243
679746
680074
680630
680858
680888
681734
681858
682098
683557
684155
684811
684967
685688
688117
689355
689616
691171
691758
692791
693379
694337
695216
695507
697012
698624
699033
703216
704658
705785
708727
708827
712072
713020
715439
716570
717497
717986
719331
721156
721498
722012
722115
722602
722918
723188
724103
725374
726169
726362
726649
726662
727691
728275
730227
732007
732273
732582
732749
733922
734703
736825
738372
739210
739908
740076
742018
742347
742931
744511
744575
745310
745350
745631
746495
748512
748583
748627
750658
750832
751043
752104
755428
757776
758615
761520
762923
763286
763471
765884
767588
768037
768199
768618
769205
774618
777634
779314
779879
780477
780903
782191
783553
785011
786596
789297
790545
790803
790916
791943
792803
794854
795075
795205
795505
795677
797976
798313
798409
799498
799619
801236
801501
801678
801994
802494
802967
802993
803082
803601
806456
807374
809158
809359
810073
810241
811016
812556
813706
813849
814386
815602
816091
817207
817533
818072
818160
818811
818899
819299
819612
819746
821283
821397
821673
822018
823626
823951
825854
829986
831947
832499
833325
834852
836129
838303
838390
838604
839938
841996
842448
843054
843126
843908
844096
844796
846784
847062
847784
847853
848829
848873
849385
850796
