3
14
24
35
56
61
78
80
89
129
148
158
185
203
234
258
271
275
279
285
304
307
344
357
363
372
387
389
397
398
462
475
509
516
517
525
532
537
541
544
553
571
589
590
591
594
596
598
611
616
621
633
651
655
656
658
664
695
704
711
715
719
727
749
753
759
763
773
778
802
804
843
884
890
898
900
901
903
907
918
925
936
949
951
952
953
964
965
976
978
991
1003
1043
1080
1093
1115
1116
1122
1143
1170
1179
1181
1263
1264
1308
1359
1374
1385
1448
1490
1504
1511
1513
1525
1641
1728
1760
1764
1794
1818
1837
1891
1893
1987
1999
2009
2089
2118
2130
2143
2164
2166
2187
2214
2229
2237
2290
2333
2369
2407
2478
2480
2492
2522
2529
2581
2591
2632
2719
2732
2762
2765
2767
2773
2791
2802
2938
2961
2973
3027
3028
3061
3096
3135
3139
3149
3159
3219
3247
3293
3355
3422
3429
3498
3524
3539
3606
3617
3624
3663
3726
3746
3763
3809
3876
3916
3924
3961
3968
3981
3984
3989
4012
4063
4128
4191
4212
4237
4316
4344
4466
4551
4559
4814
4822
5053
5107
5157
5162
5166
5188
5195
5214
5217
5263
6106
6166
6205
6353
6559
6654
6679
6779
6811
6932
6974
7010
7039
7176
7380
7687
7882
8423
9072
9075
9123
9136
9170
9187
9861
10195
10218
10635
10916
11179
11184
11811
12427
12509
12566
12613
13065
13073
13103
13352
13383
13488
13491
14204
14216
14229
14254
14292
14436
14457
14524
14564
14682
14706
14790
14917
14923
14984
15011
15060
15115
15127
15210
15258
15273
15293
15304
15329
15351
15362
15441
15533
15543
15582
15630
16005
16019
16418
16899
17160
17437
18149
18204
18764
18767
19211
19423
20314
20471
20477
20478
20485
20503
20590
20753
21362
21801
22734
23018
23262
24188
24259
24326
24348
24970
25222
25527
25733
25756
25762
25973
25996
26038
26571
26623
26669
29357
29363
31484
33460
33598
36654
36718
37686
37936
39353
39446
39769
39832
40144
41097
41948
42700
42754
43374
43416
43447
44047
45379
45396
45592
46352
46469
46490
46495
46501
46706
46861
47301
47443
48226
48558
48752
51774
52989
53489
54915
54918
54962
56139
56495
56585
56615
56838
57477
58635
59060
59799
61594
62028
62572
62617
62887
62893
62896
63011
63463
63579
64364
64842
65288
66043
66053
66063
67102
67156
69736
70205
70459
73798
73866
74406
77590
77743
77744
78417
78776
78940
80233
87213
88266
98963
98974
99912
101278
102307
103324
106051
117088
131580
135905
139929
140246
140261
148002
148511
162537
176443
176519
198760
199249
206727
223515
224856
224987
225449
225790
226094
226548
226554
226560
226575
226589
226592
226600
226639
226732
226760
226768
226919
226960
227177
227502
227655
227854
227913
227944
228041
228086
228181
228200
228249
228426
228853
229198
229254
229456
231075
231829
231866
231986
232303
232366
232393
232668
232925
233808
235334
235722
236358
236405
236862
238172
238176
238786
240890
241588
242507
253550
275036
276435
276594
281077
281311
282454
