10425309
4512826
28185855
1799335
11173226
2982040
36184483
30887455
1196375
2794826
50211
537072
1092095
2357476
208968
9831785
2846044
7246569
18592521
6805241
10579567
2095106
9652435
947983
12135557
56918
26987080
16827
4272823
25109552
25378378
2529800
25402220
3202737
3186143
25869727
2297145
2956058
25839063
893273
10161706
6244223
299
25144481
796572
390162
19239595
4184996
1018948
23814738
1988832
3766304
184083
13226995
16016160
11530482
12154063
13726426
5188932
45854
23110964
7388598
24151059
605585
6189888
30316020
4831798
4484549
9056451
2285020
10301019
5575245
319347
5174229
5852680
54660
2271074
5778454
54065
3286967
16325210
1320249
692304
7499721
1867167
904755
5584715
6560648
18710745
11549235
2061291
9461062
13480762
5263
2440832
74778
6905170
32219736
5276472
17520661
2939913
3407340
8347679
3667186
9258763
23589715
18789331
2982830
2527652
4323340
6197612
3929695
8168911
67764
8959491
4986573
19337984
3903112
59740
8372603
498326
6490245
38989
22298602
6411
2116474
1449846
8692530
1669130
398416
3816739
29865020
19993988
9058
74503
1191739
7052036
1040564
32745871
19277709
4967878
13566931
4359251
8861485
3116477
7677685
3472371
5108406
246152
8379576
3940848
3018551
20403518
9492459
1720390
5029746
22528347
13778672
4267256
23125557
40179512
857048
8065283
7122401
10271307
5101919
2094029
586807
7277899
25114545
24209733
8512394
7813124
53346
4820429
3106913
587012
7475188
8347816
2229601
4187070
21378545
6367102
13851944
1057225
2896927
4814152
2539170
3644630
11656343
5526260
6025681
1287737
6344817
14312947
2784999
13789754
928603
6136896
475013
16678501
413063
4326304
17307320
7507511
900399
67324
8101322
2876948
6817711
7972232
5226872
8389963
4296137
25888596
6003399
12595663
3455921
12552647
13300703
6337113
5571142
3060185
5083158
21433935
22107268
296872
107938
35055443
7985789
1801291
19966960
257970
3127515
32874800
24167571
1853190
10666387
554094
404129
5866069
616887
324
558228
571325
12670327
7104146
4923117
1127705
22896047
11398551
2438019
6801173
9971750
8559528
11759706
12755057
2399108
18468022
34992
3610615
4480253
2448673
6912678
6502685
995180
19494137
3750463
3086511
38456374
4593465
522394
3483534
24075509
4226953
5134417
986311
23914126
26387816
3748527
23643004
5310567
7138263
3052150
7236366
31435815
6607453
2030492
2106832
12059124
2842938
15233331
8227393
11068226
24184453
16944243
4776527
29770747
453489
3704685
5269550
7052524
2648244
3554315
2028415
3462292
5427077
2978699
21528401
5772003
2371619
10502549
3824075
2984417
15814754
21156117
3095432
141456
12985444
16147217
6279237
1252090
20973083
13731042
2445719
1477024
8837694
3677032
3623091
11424825
412758
422293
6635639
429474
7104720
5133092
18357453
7228813
2083277
1438914
38000695
2957127
17709484
4009127
51308
5642544
6749958
11400794
13802213
1785989
16848385
7348488
864794
8415475
2014234
5670564
8498911
8495039
8259058
8979224
5911423
14060918
15933158
13648672
5414105
11463690
21510291
10899263
13242811
8546365
7539524
59610
1655993
2170503
14244139
1161748
5876691
21619352
340146
24988650
27537319
640403
12101593
120485
20601129
2103099
128434
10182364
16841977
1027603
4042749
8057579
51982
390498
7954335
3737478
9220544
465541
27782845
21593754
5152306
4660552
1451911
9429881
213638
6483714
4699550
5048328
22227862
9104667
4575663
1345787
40778260
10420731
2639390
30978044
1901641
18443661
7821230
1183192
27027
5594568
2754648
28013277
300579
1136367
7974769
5420072
2343212
4179620
17997262
7882414
10272549
12229099
3619370
19400991
15855244
4108289
7298949
15611380
3508789
9534630
703863
1072495
8632049
6441207
5814847
21478014
8897863
61627
20986340
21404584
1586126
10381423
2014292
4385539
1959534
10418882
633247
241443
7675397
2708253
3381786
2219003
4411455
5576220
2508440
12010599
12241857
764221
1723232
980427
323094
753835
1376332
1062817
1846804
34455834
1629284
4862140
20109105
7548834
480604
8517680
15087362
5298840
18154474
198290
2717228
14067741
