31122517
726269
10425309
4512826
28185855
1175842
2601508
9384847
1799335
1646601
3744383
11173226
2991320
2982040
36184483
3943280
11551102
293220
673125
170613
30887455
875958
2074472
26268334
7555755
2528611
7007937
13472835
1196375
2794826
50211
537072
1092095
4397002
2357476
208968
6181055
9831785
2846044
4108891
7246569
5970341
18592521
6805241
10579567
2095106
7106235
1068626
7091184
2300180
9992155
9652435
10375914
32384940
947983
12135557
237415
56918
26987080
6001838
3112846
16595020
18126673
10178164
16827
4272823
25109552
5530608
2697516
1213803
25378378
2529800
3361363
11742745
25402220
3134046
3202737
3186143
4005280
25869727
670929
382222
2297145
2956058
25839063
893273
10161706
6244223
11045656
299
25144481
796572
390162
19239595
11246922
4184996
3591530
3253273
1736655
1018948
23814738
1988832
3766304
187303
41232174
184083
16499921
13226995
6203814
6424419
16016160
3638684
24074582
11530482
16046217
5431570
1676034
12154063
13726426
5462177
5188932
45854
23110964
10968176
7388598
8321
2947476
6435345
24151059
605585
14917273
6189888
10790167
363632
4045719
30316020
4831798
24442275
2880196
2266098
4484549
9056451
2285020
20917122
6596148
35383
2498677
10301019
5575245
319347
17187524
5174229
11311174
1809335
17227074
5852680
54660
2271074
12689298
8074929
5778454
1040142
54065
1166163
12218586
3286967
11998943
18206853
735943
8161134
16325210
1320249
692304
7499721
354124
3667905
1867167
11528763
1067385
904755
5584715
16034131
6560648
18710745
1649085
11549235
2061291
9461062
974195
13480762
14901067
5263
2440832
74778
6905170
28049991
32219736
54975
3494547
5276472
17520661
13309578
1128718
2939913
3407340
8797072
3548883
8347679
339666
931805
18955278
3667186
9258763
23589715
18789331
2982830
2527652
4364432
251899
4323340
6197612
3929695
10641556
25828119
4874381
8168911
7311536
426389
67764
8959491
4986573
2783480
5581316
19337984
4970598
3903112
3888352
59740
19324207
8175314
8372603
498326
6490245
38989
22298602
6411
11693645
9300316
2000546
2116474
1449846
8692530
1669130
398416
3816739
29865020
9641732
19993988
70994
9058
74503
1191739
3229231
7052036
4549125
10806441
26311883
2469178
4534400
1040564
32745871
19277709
4967878
13566931
359482
2200883
3382231
20909616
4359251
8861485
3116477
5607662
7677685
3472371
5108406
246152
9019466
8379576
3940848
3018551
4192575
37626773
20403518
9492459
1720390
22163572
5029746
3502070
22528347
4546521
13778672
4267256
13771006
3973949
1776386
1480265
23125557
885561
24211896
8523753
40179512
857048
30098039
8065283
7122401
10271307
14124157
26882638
1001910
25744919
8790963
5101919
778915
2094029
586807
1643165
32063324
24191093
7277899
25114545
24209733
8512394
18184343
14348157
14527405
7813124
1347521
53346
4820429
3106913
3344308
587012
7475188
8347816
2229601
26757768
4187070
21378545
6367102
13851944
1057225
2896927
4814152
2310523
11504374
8836951
2539170
3644630
1649401
3528435
11656343
5526260
1247767
21877538
6025681
2340251
1287737
6344817
271105
14312947
21124748
2784999
3168019
884729
13789754
928603
6136896
5040945
475013
338749
22189109
39329978
16678501
12007530
413063
4326304
45629
17307320
7507511
2022073
44767
900399
67324
8101322
2876948
6817711
7972232
12227
2228721
18328272
482970
1349516
477982
657437
5522475
29696911
29858338
2103294
5226872
8389963
4296137
25888596
6003399
12595663
7550968
5805922
26588426
2040232
3455921
12552647
445225
2550748
13300703
11501765
3772362
6337113
5571142
7675963
3060185
1513200
5601665
3649063
5083158
10825
1683327
21433935
369200
22107268
296872
107938
25555649
520049
5009175
30726885
35055443
7985789
19107359
776768
1801291
19966960
18489097
18635711
257970
3127515
32874800
20520788
5091202
23878013
20094826
5368516
18164153
17839148
8829891
67187
2447420
24167571
5750643
1853190
10666387
554094
404129
24140201
6766459
5866069
616887
324
1901855
558228
40641295
2523667
3891490
571325
12670327
3836848
7104146
21873849
22753235
3167753
4923117
3932686
5429713
1127705
29099411
22896047
11398551
5768238
2438019
14250527
3883760
6801173
4220851
9971750
8559528
11759706
1889616
243836
2949273
12755057
2399108
8344887
18468022
5119243
2043265
999331
34992
14523605
1959645
5186880
13164506
3610615
1406167
52257
4480253
21263023
2448673
6912678
6502685
3820710
1921826
75283
995180
19494137
3750463
11154208
3086511
3251928
38456374
1940036
4593465
19910016
20988
522394
8144378
3483534
1239846
24075509
4226953
196346
5569746
5134417
11813135
6876283
986311
23914126
10118440
26387816
3748527
4051593
2447204
23643004
11746342
5310567
7138263
3052150
20948087
457910
7236366
5996605
2776536
1697849
4398915
259220
31435815
3368031
31777
6607453
13882701
2030492
127
2106832
4469611
4981681
12059124
2842938
15233331
1713924
25831667
5241209
3888954
8227393
11068226
1344516
9070722
5034120
38293264
24184453
8113142
16944243
4776527
12562046
29770747
5537167
453489
742945
3704685
950335
9188555
25128712
5269550
13946310
7052524
2296441
2648244
3554315
2028415
3462292
26887798
12579364
5427077
2978699
32907380
21528401
3449386
3419572
291604
1066205
60891
6698265
5772003
2371619
2699397
20267102
10502549
3904271
3824075
2984417
15814754
5385122
6486885
21156117
880126
3095432
141456
5720104
5194988
12985444
16147217
6279237
8182940
20446004
2624587
3372994
11568511
6430074
2501656
1252090
7879178
20973083
13731042
2445719
1477024
8837694
16609063
3677032
32370065
3623091
11424825
1478879
412758
422293
30301972
6139598
13076
6635639
429474
7104720
7001
5133092
9772210
18357453
8738647
7228813
2083277
1438914
5563672
38000695
893592
2957127
7819472
1221927
17709484
626055
458648
4009127
11038428
19045706
871289
24382731
23669570
143373
3132877
51308
1358843
5642544
6749958
1972099
11400794
13802213
1785989
3785178
16848385
7348488
7156657
864794
2872552
8415475
29958248
2014234
31018062
7918010
5670564
8498911
27303516
8495039
11903063
56745
8259058
550557
269886
824901
1633792
20513738
8979224
2872544
5911423
27016686
14060918
4828107
25446402
714132
15933158
13648672
5414105
5180035
11463690
23916190
21510291
10899263
10757643
13242811
8546365
7539524
2091517
59610
27958813
1655993
2170503
14244139
1161748
1998212
4061664
5876691
21619352
3728278
340146
24988650
5457396
3673121
27537319
3661069
302311
4027413
4336969
640403
12101593
120485
20601129
2103099
128434
10182364
16841977
1027603
4042749
8057579
16151069
42355
51982
4587096
191903
390498
7679182
13906051
7954335
3737478
5108015
9220544
465541
697602
27782845
21593754
