1071
928
362
1190
516
3424
3162
889
35660
403
280435
108623
1489
105
106354
642861
643719
155431
722
3491
801
115240
4541
18172
2525
642490
805
742
646255
27543
1845
196
2810
357530
657357
254926
75543
807
62875
110104
20024
2844
2282
479
108601
20363
21
94026
20011
3477
1226
645916
672244
881
72399
104540
1244
642536
2423
4562
4049
1011428
47763
687
27803
2686
850
1168
482708
167
2822
1232
27836
104683
71119
22014
71075
373537
646367
2316
2782
4814
94059
660238
340
1179
37398
131024
6269
2982
645693
640017
700
179149
20234
3523
2422
5203
702853
662634
60085
2538
1243
636736
1118
109988
6267
1311
106984
5693
636156
8335
93539
4935
33783
672652
1490
4613
831
1707
21341
642539
662159
69853
11905
2953
38384
32877
919
33
93
698535
825
1271
684219
1574
1182
77327
645647
697830
209
30374
17404
77607
3446
2286
1273
75044
5234
75183
1258
4942
3112
3
907
79927
122395
7827
1265
2378
678165
13024
62833
1239
17263
104127
1001507
46
480825
80175
406
4418
13567
38337
104537
695405
105477
57914
838
13737
644920
20323
104539
9357
642782
956
676602
3306
104582
123842
951
6425
280407
1708
3695
153277
311
20868
1910
3739
3665
94914
3168
3099
649853
23840
1368
86340
116
29769
880
44005
676429
4958
3948
1246
113768
11879
510
105327
694116
106347
469
642689
44012
114445
3482
772
4293
92011
14777
883
542
77295
2632
19951
679657
25520
27019
4443
1069
69856
20081
634
110194
5394
108439
662160
5995
20256
686673
2732
692623
69931
95895
2962
661399
17342
21709
527
1242
947
78451
643183
75567
8745
3119
278192
20572
33541
714304
103
2425
3220
3533
24198
645702
661951
61867
96886
231216
1024
701
4301
37277
6331
15143
96350
107408
5455
104181
20867
2197
21660
21137
63732
71
1431
115673
30049
108563
20087
3231
657449
27171
10843
513
179121
14250
24739
88985
27976
20720
675
2026
21112
66013
20486
93269
18571
94524
4221
5205
186563
162223
43
355471
684216
21029
203
116989
3101
6533
62632
802
57936
4112
62571
662416
37027
184333
64787
383
649209
71153
93296
5135
92745
637262
20829
4852
21065
31427
10418
3061
70137
62629
1834
5129
21472
1210
10598
106990
20145
213776
665215
77321
4435
18679
651485
2708
20049
1450
1704
84193
649232
642509
194880
5463
622419
20799
78582
221169
665749
4718
18105
89639
20558
2724
20457
77252
7784
401876
1185
268336
643172
664092
9402
20789
684215
645631
14569
4735
678168
181087
15691
3675
33129
8969
12366
37201
20654
63544
1011763
25715
20551
51825
101817
19462
33787
1587
8476
21329
758404
90522
78640
17258
23129
17709
6659
2232
3971
2661
36072
20921
20592
181147
4398
4897
63481
642838
28925
646129
17270
75026
1860
702943
6473
11916
202026
648308
3405
104196
228175
4910
807472
1384
647829
122761
30907
17391
230013
33741
21017
112235
78273
645583
7708
94297
4730
661448
8591
7961
114327
37057
21312
642499
18858
1077021
4979
1983
27109
758957
11866
20999
96567
37353
25256
21957
11919
37314
455314
12094
126107
4889
29149
201469
249069
1999
638610
1041808
269348
12684
9291
60392
20817
222724
6460
1735
374671
20442
732340
4955
138511
7621
690002
18841
195547
160788
4244
8386
4908
69813
133185
297710
649214
3803
3903
87758
18208
107485
9344
33876
642478
4185
59979
4771
66334
1203
104136
643161
3403
778686
641848
1021638
81568
168057
656668
407839
640364
645456
6536
7166
8682
1592
63923
3727
8834
107977
1059
44004
61517
26084
701424
18854
13696
108611
644577
4383
661664
59846
77342
22467
10009
155186
110697
1316
97003
31842
1013167
90542
6139
38017
3511
646046
96977
106976
1007
8607
20092
642613
679347
24064
1018
90811
1814
2134
4921
108785
105821
9405
4790
643569
208974
3899
37068
88678
640858
5860
43019
4751
3792
20928
4773
79243
126133
3883
43513
18819
657919
23631
7878
11350
643250
3537
657640
275
186778
1036
714495
252958
69812
802056
196483
638922
160838
1009453
62726
11809
14702
2161
29504
3750
33635
83377
9378
3478
96926
96919
2809
646289
66342
37250
24061
3973
21604
91961
644567
640399
63838
667483
88732
33860
172933
123828
643162
6510
4235
5048
4082
4986
89985
20216
4248
22033
231819
126608
22892
122763
305336
481204
31453
1032183
11870
20988
95
20422
95010
122853
103001
1041416
101933
27203
672637
30295
10007
714928
77260
20231
91995
28206
1096010
1224
690
248393
60955
732815
88452
23472
4194
658204
85054
288
91958
4028
6404
26334
100127
133563
10284
197040
179192
9024
118922
114465
112301
652673
375
646193
103913
396761
62842
1044927
991906
72524
4759
141746
649283
4777
90607
644543
96945
679387
646231
643765
18117
3769
24616
645172
649123
642672
1008561
112201
660234
23947
93567
646419
702852
118537
3790
29280
71067
1073128
20429
5698
151914
1819
781521
103453
4229
266503
11813
41561
1124
2227
46868
11914
77336
143837
94185
22551
11900
47555
1750
4259
96561
96987
82142
69888
1097739
9954
646812
1066251
79635
102903
90888
118686
20455
665214
643181
28232
24184
991893
4833
30952
28514
21080
123040
172077
6674
126129
20538
637333
151639
337884
18938
3360
1294
92972
25933
16260
661391
95945
131859
991775
160751
25683
247255
10071
3740
47454
689813
954
234659
164829
515150
10004
73213
68175
1048329
85052
24536
279476
9742
880810
69791
20189
1107700
69786
649527
48598
71084
16875
3802
701317
17845
689971
1015038
4847
741544
661924
27038
198858
18147
40403
63513
277758
303637
51821
82026
108796
88978
1985
114387
100270
305845
14812
71251
3941
67934
20672
62826
183844
22888
77110
4050
33864
4657
107928
59878
188807
7028
8874
222602
24803
298366
160264
59613
13449
133389
673641
7651
42129
680246
18674
87627
677039
47112
241905
70818
16255
107600
78577
90589
153647
998605
252825
154085
7487
60452
645505
646628
50592
78730
103824
3842
1089811
123134
995816
719
33623
64061
1351
26391
124730
11963
87867
307548
104236
1181
7999
7356
3882
92128
9162
21513
51827
643035
660230
243544
23007
713825
38409
5138
101902
132538
75008
245019
125849
4848
1832
644398
14541
777229
89951
1006931
77340
1068
37063
219819
19074
1767
95848
4239
8423
130557
22457
7023
91298
649092
827
18028
657450
37355
206548
193227
718
60611
84449
20159
122896
30951
21499
660328
88939
649608
15365
28491
137766
166594
