657449
1239
3424
26084
3491
469
662634
1071
883
38384
928
1210
362
645916
268336
1036
1190
18858
20234
516
13024
2759
3162
3523
889
35660
403
280435
661610
684215
108623
1489
105
106354
642861
643719
1259
2344
155431
722
3101
801
115240
4541
18172
2525
642490
805
742
646255
27543
1845
196
2810
357530
657357
254926
75543
807
62875
110104
20024
2844
2282
479
108601
20363
21
94026
20011
3477
1226
672244
881
72399
104540
1244
642536
4562
4049
1011428
47763
687
27803
2686
482708
167
27836
104683
22014
71075
646367
2316
2782
660238
340
1179
645693
640017
700
179149
2422
702853
60085
2538
1243
636736
1118
1311
5693
636156
93539
4935
1490
4613
831
642539
662159
69853
33
825
1271
684219
1574
1182
77327
645647
697830
209
17404
77607
2286
1273
5234
1258
3
7827
678165
1001507
46
406
13567
38337
695405
105477
838
644920
20323
642782
956
676602
3306
951
280407
3695
8000
3099
649853
23840
1368
480825
880
44005
676429
3948
11879
105327
694116
44012
114445
3482
772
77295
2632
104131
25520
27019
4443
1069
110194
5995
20256
686673
2732
402216
1041
69931
661399
17342
527
1242
947
78451
8745
33541
103
3220
645702
1024
701
6331
15143
107408
21137
71
1431
115673
60362
3231
10843
42412
513
27792
24739
2301
66013
104690
4221
2507
2420
491
116989
9027
802
37027
184333
383
649209
4958
104698
71153
21065
31427
1023
5129
21472
106990
454
665215
1450
2548
1704
649232
642509
622419
616
221169
104132
4718
18105
15152
810
27801
20933
77
7784
401876
1185
27814
664092
20789
2673
4735
181087
29769
63544
95611
758404
1232
23129
2661
5594
20921
20592
104534
86430
4897
642838
702943
21170
104196
717
647829
6429
33741
21017
94297
1834
3739
6269
37057
1077021
1983
758957
37314
93930
642501
4889
29149
1999
638610
4347
9291
20817
222724
1168
4955
195547
726
310
8386
105014
1012
104533
6462
847
5203
133185
3803
94059
3446
642478
104136
6518
5205
20720
865
645456
11931
1592
104543
649240
905
8834
729
20081
8791
18854
20507
108611
644577
4383
661664
20483
874
31842
6459
3511
646046
248
1007
4814
20795
642613
679347
1018
2134
2710
5701
208974
3899
4696
640858
6425
1910
7915
23631
86340
643250
275
186778
9734
252958
2559
1009453
515983
1703
11809
4303
14702
11009
1269
123
646289
3973
91961
18619
203
643162
6510
4235
2720
5048
77338
4082
4986
2462
93
5702
21351
22033
20726
21112
305336
1032183
8879
75183
4305
20422
95010
3371
8705
38428
822
10007
38282
63055
366
2982
510
8682
122395
1499
732815
311
78636
91958
213776
6404
2245
133563
179192
93857
1160
375
77217
1044927
991906
6440
649283
662189
14250
21159
116
96945
21627
18117
79272
2822
1267
11866
3119
3009
702852
710
1073128
108464
1819
2244
4942
661951
803
93945
407839
10598
862
62903
2363
1587
1097739
646812
927
102903
20780
4418
3112
33783
665214
518634
104133
21080
323006
7708
1294
105934
661391
117224
939
23582
11919
19999
279476
63732
9304
37334
109988
32
188936
79927
3802
92745
17
17845
689971
4293
20494
1041808
800
1985
23462
305845
18613
60204
77110
3008
1958
643183
919
2775
3727
8874
24803
75044
51841
673641
966
2251
680246
96350
18674
77316
47794
107600
998605
20799
11914
252825
69856
2423
821
646628
37290
8256
1384
78730
57889
20912
77838
719
33623
9883
80175
1181
1822
21709
643035
297710
679387
38409
30131
132538
24061
32877
2774
29504
20902
113768
4848
131024
777229
1261
18088
16172
37063
12579
1767
4860
2708
20199
8423
2608
153277
2026
646193
18436
1007994
111467
4733
13600
1265
11813
30951
660328
642
15365
199208
451
8548
36072
645583
16013
373537
131027
642549
20572
6267
850
20429
123842
3155
20868
886
37277
136261
1025810
7621
18823
684216
104181
21033
8335
2953
1088
643420
88672
4820
5860
122761
21013
63622
542
2378
642464
3848
3941
94914
3796
106347
21660
25524
3403
112330
37398
79719
155186
63543
4555
104537
4351
3480
529
20558
59979
2900
63993
14777
1974
640636
4724
7347
6424
701424
4787
1041416
104697
5455
1187
4141
813
17270
64787
3219
396761
162223
645596
8476
94579
24198
5425
90522
17955
17685
114387
19462
21408
2846
20580
658204
106143
2425
6395
57914
20049
4963
27171
4904
4921
643213
36712
8591
9378
179121
62833
3604
21100
650456
12825
20586
5273
110046
640292
4570
110048
684221
1015992
75567
19988
17238
22467
1707
95895
30126
21237
902
94069
100173
648375
663503
77260
37339
17716
20687
108463
11816
3405
679657
645727
3638
240396
21312
22551
107977
70548
802056
20964
44
6472
63481
6319
3168
9051
10634
17275
68027
17263
14812
59970
51616
29500
20866
77294
660639
20672
4781
93823
642768
28179
30374
83626
20394
16346
11849
60955
3908
106648
5826
7886
9239
9357
1649
643161
30952
26352
94199
51827
634
642492
5987
3665
663582
75020
3457
9377
160751
2076
27976
87959
648298
20754
1167
3683
17709
62518
3551
85052
4843
103453
11916
18878
58097
61867
104127
79558
20087
11905
660216
1708
93965
71060
29579
778686
104125
155423
18054
2318
106883
104320
77342
17258
33876
5800
62522
75025
660553
57936
1086053
4456
11884
106984
1257
4852
661070
101695
1107700
657448
651571
660236
660678
6210
1016
355471
77321
660570
2242
4259
6721
10071
676883
104031
111353
713699
1112
47764
643172
3882
38374
4657
1218
62726
678108
714304
93567
3015
2724
645172
88985
10419
17267
11955
661987
122853
698535
661611
4910
21029
37188
33825
887
228175
5394
33772
27203
107902
60392
18841
8640
9895
1096010
3438
1021638
51821
280252
154085
6139
106986
1528
104686
4234
38017
21004
23007
62571
160789
6659
3408
4174
130557
17292
234692
2962
6533
744
3959
62638
645688
2122
21329
62517
3916
2234
12366
62828
45154
20753
66342
2820
91995
646129
1203
62629
1033692
997937
108477
62824
60317
71119
648308
79243
104539
3085
20813
175794
3533
92262
674081
4024
69834
61905
7883
3508
17148
656668
106976
3478
7789
104130
43513
643181
33787
108563
660234
1013167
20836
96886
11837
90589
638922
21275
1246
60211
24434
89639
27358
866
63585
21341
638634
692623
4856
6400
160560
90607
325243
195579
18679
1887
4980
60368
94924
83377
104688
5042
1860
660223
4028
646687
19951
69863
6674
1922
672652
18938
62850
106983
21343
28925
2719
690
873
94739
907982
642499
101817
660221
96698
15691
20231
3046
104703
20538
690002
6475
1890
20415
9411
10284
20911
1029195
20881
59846
30862
10111
88678
107684
652673
3744
102395
20635
71138
33626
3227
447
59369
651485
25157
1411
1008
18792
38362
21783
41561
460539
649273
1228
1018614
2834
2444
694932
6375
37353
9366
20551
303637
106988
642689
36553
20157
8969
2689
104236
1850
6018
231216
60913
740743
3971
27760
11963
20457
48360
637262
4188
4773
28514
3537
6778
3677
3034
94664
644398
24616
75026
112392
111520
374671
101482
4220
66332
21345
18571
20069
4728
20059
25933
87758
5463
646
9840
21187
18763
1657
839
112201
20758
20988
278192
644543
92796
4799
82142
3471
78273
83889
3461
4946
4012
37352
4759
827
8607
104704
24064
107678
21599
126291
20095
47543
153914
1059
23904
6675
60341
101669
27647
660235
2433
84871
104126
160814
129268
4776
189343
8809
28232
1011763
22892
7878
662160
3061
113679
123220
637333
2312
1351
9358
47555
20867
201469
4905
106534
125304
124730
91942
18819
1008561
92011
97346
3673
2809
20829
103001
70818
660793
640862
66334
60606
26391
107760
713685
20012
3708
21020
298366
3360
662416
4788
77275
77304
51268
22457
643177
78445
108439
20961
2699
16260
77320
101600
30212
107899
1070001
73259
78446
229031
104677
6780
105791
111389
707
33129
194880
