1071
928
362
35660
108623
105
642861
807
479
1845
642536
2686
482708
27836
1244
831
2525
2632
1190
115673
802
383
642490
4718
44005
1431
516
3424
21170
155431
676602
115240
3
103
643719
8745
209
105477
772
1489
110104
687
310
280435
1490
20363
340
27801
661664
21472
2782
110194
2673
662634
2538
2282
20011
104136
21137
196
357530
1011428
1024
1273
108601
805
94026
3162
27543
27803
21
106354
93539
62875
1182
3099
2316
403
1983
44012
1368
47763
20024
2548
722
657449
939
645916
672244
643250
26084
825
20921
11879
4613
38337
649283
6510
94297
2422
75543
646255
889
93930
660238
5995
27814
60085
38384
660328
20256
2844
1069
642539
883
71075
4541
268336
1210
616
1036
104534
254926
77838
1001507
63055
966
684215
676429
880
640858
3482
2661
665215
104683
77327
686673
645693
4935
8000
3523
1271
1097739
638610
18858
2420
646289
71153
23840
647829
1258
401876
33541
77
18172
1226
4696
469
13024
402216
17404
105327
642509
167
801
2286
1450
9291
8791
77316
758957
4562
17342
4986
37057
4735
3231
1239
375
644920
114445
1185
3491
4221
69853
684219
1703
1574
27792
742
661610
1259
1704
649853
4082
2363
13567
104540
280407
1012
