683796
683352
181951
25362
249069
104649
365445
657449
78749
13127
20071
1239
125298
86199
26084
102903
494764
80036
179149
662634
30395
693282
89639
146463
646628
268336
91958
210612
648301
281844
143923
672567
828202
65862
864376
665749
35660
96748
155503
574709
284844
291701
751972
203272
285228
202747
359219
145300
315876
567635
122825
185591
195779
279549
156906
1082222
108601
137363
1034426
231851
692623
307085
950752
672244
260832
636605
222158
69888
166594
280986
96750
702512
450319
312265
38409
468845
359925
183955
510709
802056
131024
725875
1048329
396474
231971
343346
233435
215841
294904
233482
4998
319314
159927
223576
460019
1012889
698535
170155
727794
697830
284254
219236
122395
794063
311092
129402
1001507
4220
162035
695405
223688
862133
199945
162026
529741
415517
202050
186239
258489
295011
226946
400792
683618
643702
849785
110194
671862
686673
314987
856803
486880
649455
513400
278192
126287
341247
376276
122057
205668
114349
122768
357547
214319
104181
778604
1084106
463216
106933
97297
122974
1060667
229264
883573
271961
217601
355575
436005
128910
713388
326096
325276
232783
330718
229006
269114
500947
345803
943335
174628
388318
391659
281659
293527
352181
260546
637477
1020704
773117
4897
648308
173074
391046
388291
717436
133826
282418
166041
293675
271981
758957
357867
712124
455314
798581
222724
794659
532722
133185
711483
29708
600631
328122
302194
450836
984474
776847
327747
148855
173252
90117
218011
108785
323850
1010454
226872
283579
248074
910048
223637
687671
434242
949002
332855
706778
253934
185654
369172
194938
493468
270103
123828
196559
622595
91443
185290
692940
31453
1032183
125067
69847
84851
335776
714928
379158
293716
232851
746834
557078
289368
460300
831135
439593
141746
152722
222704
379920
194805
451802
171049
220861
683924
174682
279341
166183
856991
1008964
367947
767659
781521
615043
1132065
200306
696115
415138
771116
314590
342285
754282
917613
216645
468642
493388
675847
187212
478068
123040
458823
131388
957446
661391
88912
771012
216122
267270
85052
1015038
741544
72377
277758
407338
773168
230635
175138
487011
748674
277112
781213
188807
200416
319105
222602
566331
533120
841635
610314
207980
932876
322099
884241
78730
103824
283284
690445
61732
734024
715099
158196
504291
183903
311806
314979
377250
314653
264236
245019
879899
231078
466145
354894
172120
146273
344080
242785
206548
300498
646621
123921
380599
535092
1009191
82058
1031908
538223
303770
1013878
321176
291721
36553
897666
854412
183446
1033692
678108
872609
254400
222106
782264
684289
260161
447299
873954
798104
486902
277072
711939
1099167
715155
675807
216238
325182
971063
559748
736282
526762
322222
677177
187737
169388
97082
608286
370284
216098
919664
336787
1038871
486959
425796
771180
212517
311366
325697
837753
366775
853448
837082
324281
453218
786828
178274
674081
731787
740743
279786
580133
21527
694765
282407
199860
1090958
850782
202152
130838
854329
31038
831136
477452
170462
351754
635299
453275
787702
1071100
691093
938820
529199
859108
227079
301293
333142
295792
468956
129613
448794
347445
275679
27849
798255
373833
463053
973678
251863
341193
314595
442744
784912
382686
818815
155239
329497
508599
526411
345980
328795
666809
1014206
961845
775552
1079206
658100
196933
333166
735602
715615
406838
201939
233257
74582
265552
131825
274638
304446
772494
995744
282309
995708
483093
223296
1001209
425408
494452
766858
320751
297343
816135
270679
771513
1114680
221104
457731
151295
213851
638263
930507
513204
974632
170185
297209
761578
935463
138054
353712
711129
138401
660072
657448
169523
204490
681946
727200
228076
33472
1065055
908561
962893
139227
318422
766884
950593
295237
820997
1064327
753311
326494
837521
335019
1053420
204703
230481
439875
276034
905914
472140
830147
727828
234578
219440
935331
486698
278815
680045
96594
107535
389415
731312
293687
786938
179134
268777
176642
198705
743250
96208
414070
490987
726015
282391
278001
1052212
205414
1068679
798419
635150
325509
215816
827910
128708
697819
384833
690068
255740
521924
342845
127861
97309
262967
515234
206959
610026
621245
170441
165799
935515
214058
216195
561748
252056
427157
312792
331246
1087068
789825
546251
327743
213275
1038170
440697
212680
342452
362969
307299
866081
183619
337320
228372
175562
667113
633923
615181
386869
473977
906069
560600
469362
219125
1065640
627480
226799
363116
1032280
891823
943051
311519
356890
234956
222551
293787
293398
759077
270109
636275
395037
992151
464555
242220
195281
440246
615353
470082
553603
928727
306403
357556
172002
690388
355204
33539
284825
815710
508339
201164
359929
642102
133095
679635
726228
136901
413562
312679
229441
341613
493066
1023269
865470
756
418440
947943
319258
258484
253814
699563
570753
741239
465125
601246
229031
110699
634879
766817
711199
985257
710370
175519
863057
258590
66015
204415
130669
1093370
202408
992730
301448
291544
265508
817029
415875
318167
438972
184401
179050
442642
497063
177336
983046
320090
217187
806528
168111
27754
566845
459721
534864
331851
335895
235006
376660
788645
712484
336215
462669
469441
687013
212246
389011
311992
328166
277167
1015745
532577
215817
960026
582149
500265
811479
463945
659383
729382
706617
680837
700175
733136
814940
98147
172383
219428
781832
352785
774774
738228
768297
867398
441620
176690
315661
3420
389687
318695
968674
745847
869219
114317
943243
215766
478524
1122918
409036
438227
1122545
435036
441641
459385
689829
130248
979548
971205
380268
790956
1056975
839501
941272
38675
615
589775
258540
668251
373856
828068
1133230
21969
227122
451692
274637
393895
577052
715136
613864
367836
305870
1028434
655623
840847
434437
339942
28906
426930
693541
197158
702134
923232
766855
451731
977507
1013642
855457
1022385
349201
908778
542281
193986
974871
308606
1117955
457280
341969
313580
183260
560805
477990
740991
451687
128705
1014305
407713
198391
1080031
398887
196459
397442
221116
745610
656065
740137
752616
823852
356926
542625
865853
789010
507971
459052
939679
426910
430850
297479
772097
354377
1022259
186921
221936
182611
337842
263020
228945
344534
729421
835195
774989
971857
92349
376113
685552
269839
815140
279388
835502
421410
358945
333955
492502
616889
865698
747389
331603
350286
258431
983151
321724
855661
130252
223680
790985
1043330
1003371
154907
191007
593167
214417
460673
733870
271164
690689
595439
319580
338043
1117936
860142
240470
937509
194709
788433
388822
345805
323381
538544
858182
814653
743481
166114
343055
413170
343173
425898
293811
715131
743442
307889
853015
691105
412266
592099
923403
260883
541723
178699
616577
168450
734990
323859
181141
190445
439243
410824
898704
325511
948552
2812
411205
185689
605877
687322
293140
222314
620490
637804
707836
222550
256914
1000950
618598
379530
689990
641485
163630
286569
414344
679617
332696
754897
855428
813539
925737
848892
354384
194446
796901
627164
229781
1105403
1079896
887060
192249
470198
554952
360507
680646
318662
492491
287733
460807
441202
1122020
