657449
1239
5205
6400
3424
26084
102903
642782
3491
729
469
21159
62903
179149
662634
1071
883
1587
38384
928
69931
1210
362
2774
645916
646628
8256
268336
3008
91958
47794
1036
1190
18858
20234
516
13024
14702
20795
2759
3162
2720
3523
889
275
35660
403
280435
661610
833
20081
684215
648298
108623
2708
94059
1489
105
106354
23129
642861
643719
27976
1259
2559
2344
155431
18613
722
3899
3101
801
115240
4541
18172
2525
642490
8879
3916
515983
805
742
646255
650456
27543
6210
1845
2608
15143
196
37027
37063
1009453
21080
3219
2810
357530
657357
254926
3371
75543
36072
132538
807
26352
62875
18105
663582
110104
20024
78636
2844
2282
9734
479
16013
108601
79719
131027
20363
21
94026
758404
20011
3477
1226
77110
672244
881
18763
518634
72399
104540
1244
642536
17270
907
2423
4562
4921
4049
1011428
3446
47763
687
8184
27803
11866
2686
850
6518
1168
482708
3168
38409
63732
167
2822
1232
27836
104683
71119
22014
71075
373537
646367
2316
2782
4814
20868
660238
3683
1808
340
1203
1179
802056
37398
131024
6269
2982
645693
640017
114387
1007994
700
2422
5203
702853
60085
122853
2538
1243
636736
1118
109988
6267
1311
106984
5693
636156
8335
93539
4935
3941
33783
672652
1490
28179
4613
831
1707
27171
21341
642539
662159
69853
11905
2953
32877
919
33
93
698535
825
1271
684219
1574
1182
77327
645647
17685
697830
209
30374
17404
77607
2286
1273
75044
5234
75183
1258
4942
3112
3
79927
122395
7827
1265
2378
678165
62833
17263
104127
1001507
46
480825
80175
406
4418
13567
38337
104537
695405
105477
57914
838
13737
644920
20323
104539
9357
956
676602
3306
104582
123842
951
6425
280407
1708
3695
153277
8000
311
1910
3739
3665
94914
3099
649853
23840
1368
86340
116
29769
880
44005
676429
4958
3948
1246
113768
11879
510
105327
694116
106347
44012
114445
3482
772
4293
14777
542
77295
2632
19951
679657
104131
25520
27019
4443
1069
69856
634
110194
662160
5995
20256
686673
2732
402216
1041
95895
661399
17342
21709
527
1242
947
78451
94069
643183
75567
8745
3119
20572
33541
103
2425
3220
3533
24198
645702
661951
61867
96886
93823
1024
701
37277
6331
96350
107408
5455
104181
21660
21137
71
38428
1431
115673
60362
20087
3231
10843
42412
513
5826
179121
902
27792
14250
24739
2301
84977
20720
2026
21112
66013
104690
640862
2719
4221
186563
2507
162223
2420
355471
684216
491
21029
203
116989
20813
9027
802
57936
184333
64787
383
649209
104698
71153
92745
4852
21065
31427
1834
1023
5129
21472
10598
106990
454
20145
3516
7730
213776
106883
665215
651571
77321
18679
20049
1450
2548
2962
47764
1704
195579
10826
649232
107684
2234
62571
642509
5037
622419
616
20799
221169
104132
4718
83626
94739
89639
20558
2724
15152
810
27801
20933
77
20457
7784
401876
1185
27814
643172
4623
94924
664092
20789
2673
2197
4735
2251
181087
15691
12366
63544
20551
95611
101817
19462
33787
11945
8476
21329
90522
17258
17709
6659
2661
1657
5594
20921
20592
104534
86430
4897
63481
642838
28925
646129
887
32
702943
11916
648308
3405
20137
6722
21170
104196
228175
4910
717
1384
647829
122761
6429
33741
21017
645583
7708
94297
323006
8591
20327
37057
21312
642499
1077021
1983
758957
37353
11919
37314
93930
642501
4889
29149
1999
638610
1041808
4347
9291
60392
20817
744
222724
20494
4955
7621
6018
690002
18841
886
195547
20902
726
310
8386
105014
1012
104533
2711
6462
847
164636
133185
297710
3803
87758
33876
642478
59979
1088
20836
37290
104136
28559
643161
3403
778686
62828
3408
1021638
656668
407839
865
348
645456
11931
94578
8682
1592
104543
649240
905
3727
8834
107977
108464
1059
8791
701424
20508
18854
20507
108611
4630
1160
644577
4383
661664
20483
59846
77342
106983
22467
155186
94664
874
20911
31842
6459
1013167
6139
38017
93945
3511
646046
106976
248
1007
3490
642613
679347
24064
1018
104703
2134
2710
9405
9895
5701
30049
21237
241
21345
208974
706
4696
88678
640858
5860
4905
6494
4773
79243
43513
7915
20205
92796
18819
23631
643250
2473
3537
11837
186778
252958
2121
18370
1820
638922
21599
1703
104704
62726
6475
11809
4303
4728
11009
29504
290
83377
1269
59970
11849
123
2172
108463
9378
3478
637262
646289
66342
24061
3973
91961
3551
1600
18619
94199
9358
1167
643162
6510
4235
3217
168057
20603
5048
77338
2479
4082
4986
2462
18054
4843
5702
21351
62629
22033
37352
22892
20580
7886
20726
305336
4648
1032183
20988
2834
3555
4305
20422
95010
8705
3971
103001
1041416
188936
27203
822
10007
38282
63055
366
4860
77260
78446
20231
91995
21685
1096010
11872
690
60443
60955
638634
1499
732815
866
658204
661611
20106
288
4028
7789
6404
639961
447
2245
133563
10284
179192
93857
60913
113679
652673
375
646193
77217
104130
396761
1044927
991906
4759
6440
649283
662189
84871
90607
644543
96945
21627
60317
679387
18117
79272
1008
101695
2689
4301
24616
645172
132891
62638
21343
1008561
3677
112201
1267
660234
106534
93567
3009
702852
1885
4946
3790
12094
710
1073128
20429
4787
1819
2244
8839
21217
103453
25097
11813
41561
126107
1124
20052
660553
803
199208
104320
11914
11870
94185
22551
47555
4259
82142
862
2363
102395
104031
1097739
646812
927
20780
107678
155
660573
3450
104135
665214
643181
28232
20586
104133
30952
28514
62850
6674
107899
20538
637333
18938
3360
1294
108439
665749
25933
16260
105934
661391
1319
117224
939
4820
23582
5925
1228
160751
1171
3638
116547
2485
247255
10071
20733
20687
21013
11286
6533
20033
19999
85052
3221
279476
17267
106988
2087
17716
9304
1107700
660678
61315
661070
37334
113
106648
3549
6721
166705
21020
3802
17
11806
17845
689971
2846
18147
2312
277758
303637
51821
11479
20157
88985
97346
800
1813
1985
23462
4856
104675
1261
305845
14812
77275
60204
12579
67934
20672
240396
5108
1958
4657
20394
3473
5035
646
20306
2775
11303
1679
8874
24803
298366
643278
21783
51841
63585
673641
966
1522
19583
96155
680246
3471
18674
1709
77316
70818
2519
107600
78577
90589
104686
20567
998605
252825
30113
154085
821
43
662527
9021
66016
78730
57889
20912
6415
77838
107902
719
33623
2557
71038
9883
1351
926
26391
30862
124730
11963
20209
38374
37201
104236
3673
27130
1181
90
1822
7999
75025
10004
27259
3882
511
51827
643035
20299
374671
2075
20964
23007
3061
4012
30131
114921
33825
66332
11955
21117
4848
644398
77294
777229
18088
16172
21338
77340
6427
997937
48362
20227
4244
314096
219819
1767
105467
20199
8423
77320
75026
130557
22457
94524
160814
827
18436
111467
789
18028
37355
4733
13600
94614
60611
30951
660328
642
1850
15365
139
33772
451
17287
8548
78345
129268
4188
20392
280252
20635
12825
6761
106986
63923
151639
123220
2444
110697
20898
642667
101482
642549
21326
91942
11877
642550
153914
13922
29590
3155
37954
21153
5148
20690
122147
36553
6472
9531
6780
636782
136261
643591
20150
1025810
20192
7887
18823
675
3974
71076
5093
660227
2242
21033
5889
106982
5423
643420
88672
62853
1033692
8213
18302
6453
678108
20878
707
41815
63622
33705
1530
66341
642464
125304
71240
122825
3848
2213
234784
1019953
104856
2232
69821
9038
78369
642571
3796
1007584
96360
70141
16007
22210
644688
160789
10634
25524
6778
313
5139
20257
21187
112330
94579
177006
607
20349
713685
63547
2598
3015
660345
63543
4555
646687
642738
4351
3480
529
93706
96717
20491
2900
92011
9552
90542
63993
6474
16115
1974
640636
4980
11964
20166
5135
11900
4398
5463
104365
11884
651485
20758
112392
4724
7347
6424
7863
21182
13696
2122
38390
649286
21039
104688
62843
20874
21306
5059
104697
20116
126133
1187
16346
4141
20659
35396
101600
813
104149
1354
21325
2046
51268
108477
20289
660235
705
645596
77627
4607
3728
5425
44521
673305
60211
17955
9192
1176
79232
21408
71245
38362
1649
21275
63528
106143
6395
62842
2249
839
29772
20999
4963
69875
20317
21116
1085146
4904
643213
1860
36712
44004
638807
17301
35016
30212
5394
194880
20278
20575
2161
3604
7790
20201
25256
21466
21100
71091
649184
20434
1101
21076
38308
20941
5273
94140
1270
110046
20063
96919
82
674081
640292
4570
14694
60203
28513
11238
672637
27685
101267
110048
20126
740743
5872
684221
644786
77306
1015992
21139
661421
11834
1016
199860
104696
20066
8640
96698
19988
20518
17238
21016
642689
124360
20092
107901
6576
5138
645688
9935
30126
4149
325243
3394
100173
3900
84542
648375
663503
37339
60083
2076
26334
11816
676940
20280
60224
645727
27760
196483
7487
105465
646745
7806
641848
8924
2809
20417
42
684437
62756
20870
20761
18420
47543
640820
873
70548
14026
643985
44
15895
1446
829
1901
123093
6319
160788
106991
20076
9239
9051
20189
445
27109
17275
8607
4112
79641
647070
5042
68027
46679
8497
107928
21061
51616
71251
108221
29500
210612
249069
181147
87867
20866
660639
10111
30809
4781
194
1067230
11793
4902
657640
78450
661996
642768
2825
6754
78042
69833
38463
27647
89583
94401
2166
21254
96
3568
4421
3921
12682
2114
20180
676936
237683
30788
138511
9344
105750
22367
38371
3792
202026
176953
20595
62127
20415
69888
645694
32542
21168
962
3908
20638
18047
30274
126291
110904
7005
60243
71178
118529
11852
20012
3046
3600
104538
649236
25460
5160
78445
18244
95694
658459
230013
100127
642492
6067
32497
6381
5987
17259
521930
77304
3459
71131
1305
33164
4144
2105
9206
642547
21133
257652
97138
75020
639
3457
9377
1029195
146021
25591
25649
38340
20997
59613
1078
20153
661448
87959
90888
678168
17993
657919
153702
661612
20534
105791
9061
94301
10242
20754
685071
83889
62518
165989
642877
38352
63632
676110
660221
164464
62632
9840
296
84683
7895
18878
1841
660793
1454
20532
58097
105960
66500
52863
912
11904
63507
3578
21161
1417
643765
79558
21473
4828
100270
162026
3461
8969
20458
200788
137052
660216
169
21008
93965
107726
1018614
71060
29579
7356
21070
104125
844
2603
642998
112235
74773
155423
78582
22747
2318
20029
9804
93926
1316
26414
11778
30799
25157
36750
5800
20989
62522
117130
1735
77325
1014857
108617
20880
20041
37068
3769
20058
667483
1086053
110899
94844
37347
30015
2131
4456
101770
108081
160769
69940
4991
40330
85529
84976
20048
1257
89748
61716
18812
4196
2058
1037441
105789
93074
20266
662416
30053
128675
1152
38272
206
93269
158
419356
3085
63593
657448
7904
84193
660236
131135
13846
1750
6457
11795
101623
727200
20616
4799
660570
20423
16255
1073472
2433
7925
9109
676883
17920
50561
19997
4212
6810
5446
642537
15716
111353
713699
1112
5929
885857
14541
90929
1121294
8856
592
1038962
78063
3514
1218
807472
455314
70578
7961
3458
111352
73213
5824
38279
114447
714304
22573
20881
38294
2099
4729
83681
61543
10419
17870
95945
201469
195585
114468
20067
7682
33129
108832
661987
15763
104093
20202
20961
9147
20529
3414
18208
4318
2496
749451
734445
6405
105821
640363
20277
764510
646231
107224
37188
743910
94738
4834
77276
727861
93764
809
33670
114984
133389
5472
105429
5951
72639
653253
20829
4730
2641
167799
7606
30295
15558
20486
644785
20129
77336
78647
25
3025
110370
1009462
3438
209690
20709
2247
21171
20077
1998
38301
640016
672473
38315
1886
4776
991775
4689
11190
1068
103824
1014
1528
3903
1070001
4314
18481
4234
97520
21004
61905
107760
37598
4007
142358
732340
31028
37344
305515
111389
4174
17292
21079
234692
1891
111634
20071
20557
11886
175786
21294
5109
494735
60900
643151
3959
23472
645631
1494
60341
4653
230052
2049
43019
5134
4767
59369
24042
62517
3999
1666
708998
24033
49687
2085
45154
71093
20252
658706
104129
20753
79562
2820
71173
3883
78611
101830
20844
12684
96561
18783
112737
4885
22088
126085
20631
21957
1202
20270
94209
6422
640628
37952
62824
62921
6328
73244
396184
96926
104126
22994
1922
1656
14569
66334
20325
69813
518
112301
175794
148275
59608
23933
278192
92262
212536
81568
7166
100153
4024
4667
36670
69834
19998
72549
104700
85327
8141
112194
75606
4333
21147
30948
7883
3508
21143
17148
30444
33717
97028
21062
20714
1967
406141
108510
20618
18792
1063
20543
15472
20729
107270
21304
77459
167881
8689
241905
11894
3230
63838
4102
10236
10418
63353
108563
29595
153647
29974
14523
24395
649411
23858
111520
21081
8099
20335
175710
3139
24536
174944
638614
21321
907684
320049
172933
3842
15577
98174
30776
2993
72682
96977
95523
17874
1839
36
8571
2625
642672
2405
3225
6536
1011763
91941
5464
24434
20134
426134
4821
20713
20692
27358
19875
6386
208123
8809
20910
69793
47804
692623
20663
1010
2153
170114
18643
684217
2773
37171
35896
1090
62719
160838
4320
94326
211274
6731
20345
90811
51892
646667
164
87093
649204
640364
3215
795
390
95743
28535
4248
11988
33632
160560
639471
33612
6379
122914
20408
759077
23429
112129
21344
649123
1887
10009
59803
21632
888
6423
60368
218201
5698
1107786
665596
37130
4642
4459
37961
660223
5927
4435
21069
77634
7878
70137
72485
101669
20553
4239
21125
1275
714928
28959
272086
69863
20928
27901
96709
218666
63878
4965
22745
31080
269348
4805
20932
1156
28936
21043
4241
27247
126125
20021
3750
77889
88480
90873
5064
846
93977
21243
640047
175643
25715
36755
87290
78525
1853
133095
1996
43410
907982
96918
30343
18887
63717
79635
1064
59934
679090
5803
21214
104407
3193
70413
19572
60426
77474
3172
6287
20562
20643
95734
30345
105939
3080
672370
26781
155191
649214
20013
37179
4531
124112
73259
117144
20069
79689
9351
26213
84907
1890
30963
638603
59852
160264
3207
103449
3675
20218
2761
4220
9411
96567
71185
9024
229031
1899
96069
268
649234
1836
20803
313481
38322
11350
649311
8898
153
3862
642763
78107
642753
19483
91346
20654
2815
80439
6465
728998
480
643569
29402
20316
645568
57911
4844
9355
578661
373809
94618
105186
21185
3744
116162
20442
20784
122850
20269
75027
1847
661924
1831
62744
4877
43680
20781
75
71138
20876
20982
33626
9402
3227
104541
3864
60606
189343
182324
18371
30248
81926
514
656730
819
104169
79195
15611
6375
2237
4790
33635
1364
6473
31453
17725
21604
3066
6898
645860
27320
1159
9366
662331
14122
1411
95252
6322
9393
3976
4738
175771
20362
27643
644775
4739
5584
19888
33860
656631
741544
44142
77330
93225
4751
29280
6407
93559
460539
649273
660523
25845
20216
14088
7889
694932
6460
11356
644567
15715
3618
108495
4908
4312
79880
20772
113751
69799
4584
95109
360505
1580
147826
8893
90046
82109
82334
61559
101575
9450
867
4669
21224
30291
5563
85490
77252
2693
4501
136992
9867
104677
8131
10967
649310
9416
20576
20247
741573
1793
1251
18850
17391
643033
2056
3581
30256
21028
279498
9211
660225
69794
231216
8291
108785
107273
108465
95
4194
11484
20010
78308
20165
21181
1773
6426
46682
97413
102610
645576
88452
211598
23133
20195
104301
14029
20176
150064
30225
13492
95464
825828
1
14147
17927
1252
11868
48360
2135
642851
643335
186750
640006
307548
481204
78757
646634
6216
638817
18462
11811
30145
20897
170155
303713
858
14182
60649
738883
106959
105217
11880
765202
46195
69807
20395
213
21192
3034
766810
6466
20420
71132
37300
204250
731
12472
3837
88939
20948
4791
60309
71067
30888
21252
23154
83930
164829
10496
20455
21236
175816
26479
10605
46868
10549
5869
61922
4833
2428
71224
77319
84866
264203
137363
3229
11395
100761
112196
21001
5072
2464
643177
18894
640930
16048
110591
155835
1944
373833
86406
1049
177282
95657
15743
3589
4
39102
5654
21048
20125
637244
18571
11932
3211
11933
19995
1889
643030
18562
15230
20059
244773
20159
1897
1947
83987
9284
60528
402251
389
108796
38541
167570
112199
4771
1440
4783
3433
21204
123828
1135
105386
75011
674
9742
186756
90162
101883
6437
118551
141746
4622
11934
20636
20375
275744
24320
641866
122057
7867
20168
35771
3503
3402
20427
649137
118398
6485
30815
481
20368
645626
96710
20140
689813
81054
102787
4388
347330
65407
9161
37152
51825
537
78273
655623
75935
31339
126141
18077
354470
23991
37315
17943
112773
20078
695747
96964
23976
644036
94983
102936
3708
642664
112901
62760
3935
20655
57431
221749
13771
21249
60423
5091
337884
331654
18148
170939
1070
118893
104555
94184
1068955
661408
1004461
71109
709
649608
660325
32997
75093
4926
21282
661420
3506
8319
94272
27714
1224
451731
16940
211400
78576
1933
678972
6337
586677
61397
643094
23596
20095
72481
25229
11791
160697
24420
8938
28491
86177
104689
1896
21562
20385
96987
44935
5099
4309
1090958
8956
20484
3375
4872
4930
37255
81680
656342
643002
30087
20861
6902
7651
124023
1814
4406
30272
21226
69487
104552
5204
1706
97099
100171
2031
78799
130997
17361
23947
3733
252756
20156
5960
158582
649255
20877
649250
3481
7681
657503
644120
4865
107558
402817
1063070
20432
33570
5077
20121
122093
20774
1038038
79309
23904
9375
6371
6675
21169
63138
1642
62792
694765
20112
2355
106500
104586
101933
434141
197040
30168
124592
47549
18385
1030950
2764
29599
78411
21499
885
21465
644353
20668
4177
10039
23676
645607
77989
9261
37177
20055
660571
29951
642504
645621
51832
13697
51
35752
38343
4997
103913
384
4880
737274
940
773752
68124
18025
111351
118778
114385
5926
93479
849
6751
2600
116313
95369
73236
185311
391
1925
4987
119724
6815
3192
20513
661957
30032
20364
85285
660230
123040
2095
26921
95627
9391
29810
101699
78382
96553
30192
718
24839
21072
154828
19989
651012
91298
6481
2727
38466
642457
123978
21097
4800
78639
2721
27463
63471
9849
108561
2152
33688
36675
248393
25166
13449
220916
86605
21108
21289
166328
118537
9954
1997
28026
71195
649251
29312
21513
17714
38387
9077
3969
66350
2539
20867
4384
713825
12295
21120
995816
202176
93511
93553
94958
224770
697819
77298
77942
643474
69816
364
701317
159303
30907
77266
129372
30861
20217
20566
79180
107367
122896
666953
90863
4139
5788
122763
4368
177792
198858
84957
143923
78640
22816
231819
68175
107261
640503
78649
1927
1141
20542
16694
664091
89985
640579
37403
57840
20481
17283
20578
29574
235227
31041
17119
1041717
73279
112300
30230
28206
1937
1188
227895
21725
6088
17416
9468
78622
6397
92972
1667
33712
658219
247
17299
69823
31965
38250
28908
89585
8617
87951
2196
126117
1026495
5572
105313
20401
12676
30174
72524
15755
78059
4225
2701
20288
27038
20968
72462
667551
37587
92812
95785
1837
643702
4062
24794
59878
20425
644348
5630
175614
635970
954
40403
93536
13657
17435
172077
222602
21146
678971
6345
3740
1539
198390
133936
20456
653432
5767
141
21276
96729
106977
1495
2222
4741
88732
95019
134129
96515
644784
677561
30250
71211
35738
33864
117939
20743
59836
663549
1112790
21347
20207
32823
175770
7811
94953
82465
77613
135771
63911
24184
92523
114465
4949
775
37396
688078
122773
6385
2511
97003
2227
646661
180594
22705
793
104171
766576
1018765
20906
175715
663745
721
99641
4895
5133
7389
215078
87927
118686
642645
20185
662437
75009
11839
1063987
8197
3526
673984
20334
106521
160876
639371
21353
35825
60614
23506
6655
7877
21561
3370
2599
6382
20369
420322
643587
2107
9255
99129
11334
1846
1015038
6488
649260
635830
8558
2868
18943
64125
38091
14297
2660
167608
20842
429
104702
245233
1870
20596
20384
670437
4788
70661
93182
126129
94113
4018
62
2223
20282
39160
6448
26622
20621
234689
1048329
191444
88709
21241
17722
4842
20439
88586
647049
71121
20107
224
2569
107098
222785
649266
101442
60452
25683
176952
4725
759687
20879
94094
145655
142963
50592
2699
242540
7873
88573
126608
14477
20007
3606
20511
20342
1060918
6543
64117
222550
53653
914
37947
20808
9326
992
20697
37194
7869
64017
11170
3335
206141
4757
234675
13499
33669
21302
31199
426874
91777
20666
47472
35429
20351
657964
96070
660072
107331
62739
20035
657921
6497
21136
95848
33594
29567
20026
4561
3497
322922
11921
9356
79955
190657
36628
66376
107011
5462
19923
118297
3156
1832
5056
653564
18364
105533
12140
75060
20685
11331
472211
3813
113440
18914
78613
18689
5340
101721
108502
9324
106318
94452
92974
1604
4854
681268
234659
1061557
99769
41397
20082
82153
11413
50223
114461
4979
2416
1526
20303
262190
4707
101639
4480
81498
96988
93326
37250
104302
176182
4994
640399
157176
37305
1556
28919
91172
23566
99451
2879
706780
87627
646670
77785
641261
1867
91404
90891
21549
3154
175624
404396
50599
3807
6779
21199
12399
61517
78625
20724
122845
1063520
160734
6680
172602
83213
97175
4482
1593
22888
637855
67925
21175
18112
16875
6458
20204
172969
27774
101920
35290
1991
10552
3500
97373
17418
12240
678163
71018
6508
81826
101872
3052
60449
26164
3429
80289
264202
23654
2939
101619
100419
92852
20661
175599
232346
36313
7577
14
125849
81915
661498
