1071
928
362
35660
108623
105
642861
2525
1845
807
479
642490
1244
642536
2686
482708
27836
516
831
676602
3424
44005
2632
115240
1190
3
103
1431
115673
155431
802
383
643719
209
4718
1490
687
280435
1489
105477
110104
21170
27801
21472
310
1024
2782
2282
661664
1011428
340
357530
110194
20363
196
8745
805
108601
772
2316
1273
2673
94026
2538
21137
27543
44012
93539
106354
662634
62875
3099
643250
21
3162
26084
104136
403
657449
20011
1368
47763
722
1983
645916
1182
939
4613
6510
883
649283
825
94297
20024
38337
672244
2548
93930
616
889
20921
27803
2422
2844
5995
1069
642539
660238
4541
71075
77327
660328
11879
60085
268336
646255
27814
1210
63055
640858
20256
104534
966
104683
75543
665215
38384
880
645693
676429
77838
2661
1271
254926
1036
13024
8000
686673
638610
646289
684215
4935
1097739
4696
2420
1001507
71153
402216
77
3482
3523
1226
642509
1258
17404
469
18858
1239
4562
801
401876
17342
167
3231
647829
23840
18172
77316
661610
9291
105327
114445
8791
375
4986
2286
1703
33541
1450
644920
3491
4082
37057
742
4221
649853
1704
758957
1185
1574
1259
27792
33
366
684219
69853
104540
13567
3948
5693
1077021
726
31842
4735
280407
1012
2363
6440
454
695405
2810
16172
694116
1179
3101
636736
622419
86430
1528
529
51841
951
15152
2759
1985
644577
8386
179149
700
69931
406
6429
108611
20234
37339
4889
642782
181087
106143
3477
77338
104543
1181
1243
710
640017
4049
10843
2344
661399
5234
702853
491
645702
21159
7827
513
662159
1118
636156
3009
5701
106990
2245
2301
42412
2900
657357
11809
104196
642838
72399
2134
697830
874
3306
810
7784
24739
4347
881
4955
645647
1819
77607
5273
104131
1041
37063
71
4897
3155
104698
701
22033
21065
3973
15143
527
2507
