249069
657449
20071
1239
96070
1101
5205
39102
104677
6400
3424
32997
26084
102903
642782
3491
729
469
21159
62903
20095
24732
179149
662634
4185
1071
883
252756
1587
29772
38384
928
69931
1210
362
80439
89639
2774
18938
9954
645916
66332
646628
2485
8256
71193
21306
268336
3008
91958
47794
1036
210612
1494
1190
114921
18858
20234
112773
516
78799
8856
82035
143923
2834
672567
642989
70578
62726
18562
3433
20754
24977
13024
2234
21289
14702
96241
20795
25845
77260
78611
63442
4333
665749
2759
694932
3162
2720
3523
7904
889
275
82109
160789
35660
403
280435
20586
661610
833
20081
5826
684215
2367
648298
108623
5135
20532
658459
2511
2708
19462
866
94059
1489
17943
2711
11356
105
884
106354
23129
642861
3673
643719
27976
1259
2559
642550
2344
27685
155431
18613
230052
21239
722
3899
31080
106976
38585
3101
801
115240
146937
685071
4541
18172
5872
678999
2525
642490
8879
9239
3916
1147
515983
805
642
21241
742
37255
646255
650456
27543
61543
6210
1845
2608
122825
15143
97346
21125
37300
196
4
37027
37063
1009453
69794
21080
4821
3219
2810
357530
72481
657357
254926
3371
75543
33669
36072
71084
132538
20278
807
26352
646667
62875
18105
663582
20044
185311
110104
35545
20024
4707
96926
1013167
20964
78636
2844
2282
9734
4844
215078
27203
479
222785
16013
108601
79719
131027
108617
20363
1495
137363
21
94026
6375
692623
758404
11303
20011
3477
1226
3665
72639
77110
78450
672244
2962
154085
881
20029
92731
110697
5929
18763
518634
72399
521930
104540
1244
38374
2719
75799
122093
9849
24420
642536
102936
20813
17270
660573
907
92009
2423
107678
4562
1152
69888
30173
4921
9286
4049
1011428
3446
1011763
9405
20836
9109
47763
687
166594
280986
1886
20067
642667
29579
17301
2846
1679
8184
27803
11866
793
2686
850
30363
4435
660234
642877
6518
18792
1168
482708
4904
3168
38409
107011
9344
41561
732340
63732
997937
4767
128675
167
409103
2822
1232
18863
27836
20988
104683
20306
2075
71119
10549
6810
22014
71075
234692
20753
3750
373537
33632
646367
78525
649234
2316
2782
4814
20868
660238
3683
6475
1808
52863
340
4751
8607
1203
695747
1179
93926
802056
30212
37398
131024
22367
6269
2982
32497
4894
645693
640017
1860
114387
1007994
700
1048329
51821
24033
888
12825
2422
5203
702853
60085
7881
122853
2538
109657
30295
660219
1243
20870
636736
237683
1118
104149
846
109988
6267
20110
64017
1311
106984
5693
636156
8335
93539
4935
3941
33783
672652
30291
1490
728998
153702
989
3589
28179
4613
106500
3600
831
38315
25715
1707
27171
21341
642539
8291
662159
69853
11905
20876
2953
20178
4241
8809
26781
105766
32877
919
33
25098
93
698535
170155
95749
37171
825
298366
1271
20635
684219
112235
18571
1574
10418
1182
639961
6386
77327
992
5926
6415
20150
645647
17685
697830
209
124592
30374
17404
77607
85327
2286
1273
70661
75044
5234
75183
1258
4942
79641
660221
3112
21473
3
643569
28559
79927
122395
7827
97413
4842
4991
266503
677561
1265
2378
678165
112201
62833
167980
2473
4244
17263
104127
1001507
46
88678
4220
480825
9061
8969
33893
4783
30248
80175
20280
406
4418
13567
113440
38337
19997
162035
1224
640016
104537
695405
104365
24395
105477
59369
38246
167570
57914
118398
838
13737
644920
20323
104539
674
9357
96987
6437
956
17287
108796
21139
106988
17283
676602
3306
104582
162026
123842
951
77306
638817
33635
6425
280407
1708
3695
11479
78649
4406
153277
8000
311
11923
1910
9450
9348
3739
1820
106983
122914
94914
117130
3099
1070
649853
23840
72526
1368
86340
40330
116
29769
880
44005
13499
177792
679090
676429
645860
4958
25683
3948
282823
1593
1246
113768
11879
79180
510
105327
694116
2574
106347
642689
44012
2249
114445
3482
1967
15472
772
63717
649123
4293
92011
79813
62719
14777
46218
542
77295
2632
643702
47454
17416
19951
679657
104131
25520
27019
4443
1069
35290
11852
69856
634
110194
5394
37956
108439
662160
5995
20256
686673
2299
77319
360505
2732
402216
673984
1041
95895
266851
35825
661399
101920
17342
21709
527
175715
1242
947
656342
78451
8497
94069
643183
75567
38541
8745
645121
3119
705
278192
1252
20572
33541
714304
103
10036
101442
17361
2425
3220
20201
3533
9355
200695
24198
73236
122057
645702
661951
61867
18750
96886
635830
101639
38308
231216
93823
1024
35016
701
653253
4301
6540
1354
4994
37277
6331
96350
107408
5455
10031
104181
37152
20867
104555
2197
21660
20686
78622
21137
6322
71
38428
1431
20153
22755
115673
4531
60362
5056
30049
108563
20087
3231
10843
42412
77275
513
3549
179121
902
101770
27792
97297
2483
8924
14250
20784
62842
24739
4805
2301
2049
88985
94614
18914
84977
35896
20720
675
2026
21112
5182
155191
20077
66013
104690
640862
20486
25591
93269
94524
4221
79781
64104
8617
3872
186563
2507
162223
43
2420
355471
4689
684216
88573
87867
491
21029
203
110591
24020
116989
77474
6533
9027
62632
802
57936
4112
11904
11331
643033
172933
62571
662416
105750
184333
126085
28938
64787
383
78382
649209
29974
2761
3976
104698
71153
30444
93296
92745
296
637262
20455
20829
111520
4229
226625
2349
4852
21065
143842
31427
65403
3061
70137
62629
1834
67931
1023
4771
5129
21472
20663
101830
10598
106990
454
4368
9402
20145
661408
3516
7730
213776
106883
63632
665215
651571
77321
1078
5156
1811
18679
651485
2135
20049
279498
1450
105313
2548
20434
20508
47764
1704
195579
84193
1282
96710
10826
649232
46868
107684
69807
642509
194880
1149
21549
5037
5463
622419
616
20799
60243
125688
78582
164636
221169
20216
104132
71195
889125
4718
83626
94739
21304
21097
5472
20558
764510
2724
20288
20557
75027
15152
810
27801
20933
77
20457
110677
77252
123134
2693
33717
7784
401876
1185
74738
21430
27814
643172
4623
94924
1837
22745
664092
9403
645505
20789
133936
640363
2673
104696
37403
316
29595
645631
14569
94343
4735
2251
20401
678168
181087
15691
3675
867
33129
636782
12366
37201
20654
1896
63544
657913
20551
4149
51825
95611
20364
72485
101817
63138
16048
84866
114111
20941
33787
2727
71132
11945
8476
111352
2499
21963
21329
90522
78640
20277
17258
17709
108832
6659
77613
2232
3971
2661
1657
4872
5594
32110
20921
20592
47544
104534
181147
86430
4398
21725
2222
384
4897
63481
642838
28925
222814
1781
12926
79195
646129
20666
75026
887
640379
32
167815
702943
6473
11916
2898
202026
648308
3405
661498
20137
172077
6722
20410
21170
18634
104196
228175
4910
642457
717
105465
1454
717436
2470
807472
21217
4463
1384
647829
11869
96729
90212
122761
30907
17391
96918
6429
230013
84449
20746
4895
50599
118893
388243
33741
21017
6465
21202
11909
78273
645583
2131
7708
94297
112163
107224
85285
110664
4730
661448
323006
8591
6422
82334
20327
7961
114327
1853
37057
93419
5064
21312
14415
26666
642499
71076
1077021
718
104700
20750
4979
1983
27109
758957
20010
20999
96567
37353
92812
25256
21957
104704
11919
37314
1007432
93930
30888
642501
455314
12094
126107
26856
4889
29149
201469
101619
11795
1999
29997
638610
1041808
269348
4347
46682
37315
9324
649536
37344
731
12684
4480
9291
60392
20817
744
222724
13771
6460
20494
1735
374671
20442
686664
77330
2539
28961
21261
3515
4955
138511
7621
30029
6018
4945
690002
18841
20513
886
195547
20519
20902
701577
160788
726
310
21640
30174
1073472
8386
105014
106959
4908
8197
89585
2569
4459
1012
38343
104533
69813
50317
38387
6462
847
21276
133185
297710
649214
1063987
1270
108510
3803
3903
20359
87758
18208
107485
21282
197779
33876
642478
129912
2576
59979
20737
1088
114984
66334
82472
21061
37290
104136
18065
736523
218666
643161
3403
778686
641848
83080
167881
62828
83987
3408
1021638
81568
168057
656668
20481
407839
865
104462
640364
646478
92521
2879
348
645456
11931
6536
24184
94578
2472
7166
20375
20345
14694
8682
1592
63923
104543
3080
6385
4642
649240
905
3727
8834
107977
108464
39332
1059
20141
44004
61517
642713
8791
701424
79689
2599
20055
18854
20507
13696
108611
4630
108221
1160
644577
4383
661664
1063070
20483
59846
77342
22467
10009
155186
324178
94664
91346
1316
874
20911
97003
31842
6459
90542
6139
38017
31413
9211
37961
914
22573
93945
3511
646046
96977
4242
248
1007
43724
78757
3459
88797
20092
3490
642613
11868
679347
24064
1018
317
90811
21214
104703
166695
31274
1814
2134
108785
2710
105821
9895
4790
684316
5701
20035
21231
11834
21237
169
241
59878
21345
208974
20714
706
37068
4696
660325
640858
5860
43019
3792
4905
6494
5177
105791
20928
661421
20369
4773
1741
5340
79243
1272
126133
22994
3883
43513
7915
20205
6779
92796
20724
18819
657919
23631
3996
107559
7878
11350
20252
315907
643250
95584
3537
3375
657640
11837
90545
4828
186778
77298
4965
714495
4553
252958
2121
1709
18370
38391
21116
69812
96360
196483
638922
160838
21599
3708
89583
1703
16129
11809
107270
4303
4728
33595
77748
2161
20692
11009
104554
29504
290
6543
83377
1269
661996
59970
11849
123
2172
38510
108463
9378
3478
1997
24070
3514
96919
105467
2809
13641
646289
66342
15895
2603
90534
37250
17714
24061
3973
21604
37954
91961
95252
644567
6427
20596
640399
63945
3551
96119
63838
1688
1600
667483
88732
646684
640628
209269
20303
190657
33860
123828
172997
18619
234689
94199
9358
1167
643162
33694
20315
15577
19583
125849
6510
704607
2779
4235
12114
3217
93225
108608
20603
5048
2196
77338
20781
100778
2479
4082
4986
2462
18054
104689
94164
4843
78345
6287
5702
21351
88709
280712
175423
89985
4248
8516
20076
643683
22033
195331
4879
21891
231819
126608
37352
22892
94728
20580
7886
20726
122763
305336
660237
481204
31453
4648
1986
1032183
11870
662331
95
656730
3555
6902
20078
4305
20422
95109
95010
8705
37379
103001
16875
1041416
20218
245233
188936
101933
11933
3229
8480
4738
20910
643094
822
209690
42129
672637
82327
5671
10007
38282
63055
366
714928
1014555
4860
63475
78446
21143
20231
91995
177282
644785
28206
21685
1049
1096010
11872
21207
25127
690
60443
248393
60955
638634
7577
1499
732815
88452
33594
118778
23472
4194
4501
83102
12987
12950
658204
79309
661611
645673
85054
20368
14029
429
20842
20106
288
50223
20432
4028
4258
7789
6404
26334
20835
9383
1870
3900
447
100127
72527
2245
133563
7799
2582
10284
197040
179192
93857
59764
9024
118922
114465
60913
112301
113679
29977
81915
38390
289368
8558
652673
375
642645
1498
646193
103913
2247
77217
104130
396761
20385
68030
1044927
991906
6457
72524
4759
732816
8368
141746
642718
6440
1250
649283
90897
4372
153584
20657
662189
84871
14638
4777
75228
90607
379920
63531
16694
644543
5788
96945
21627
60317
679387
646231
643765
18117
6067
79272
1008
101695
1040337
79166
1706
2689
3769
1998
1996
20417
1249
24616
645172
132891
62638
21343
642672
11910
1008561
3677
96904
26163
20518
1267
169703
2965
1090
106534
267793
23947
93567
646419
639902
3009
20972
702852
1885
105733
4946
63471
118537
3790
124310
30032
710
29280
71067
63547
1856
3651
1073128
62966
20429
91327
5698
4787
151914
1819
21081
67434
2244
8839
3618
37259
47409
30138
781521
103453
25097
21877
96363
4007
11813
20370
104091
20774
1124
20121
266505
639471
20052
2227
3927
2105
660553
696115
803
199208
93937
104320
11823
11914
3422
77336
143837
94185
6576
22551
17927
183729
460
17870
78395
20845
2416
11900
62792
1156
21016
681378
14823
4314
47555
1750
4259
96561
67925
24391
20713
82142
3869
862
2363
102395
6747
354217
104956
853240
107567
104031
1097739
94301
1114267
646812
642771
645120
1066251
73232
927
642664
79635
1828
20780
4744
90888
3837
118686
172979
155
78280
87927
70153
49687
95051
20112
3450
106932
104135
119724
665214
20685
122900
1038962
643181
28232
78606
991893
4833
104133
30952
28514
90535
123040
518
5446
62850
6674
15715
126129
21250
107899
20538
637333
151639
36547
337884
4741
60224
3360
57500
3048
1294
37048
92972
49535
25933
4997
85529
24372
16260
105934
95523
9468
104407
661391
20793
9258
20976
17435
1319
95945
117224
35396
4324
939
61023
4820
18783
105925
131859
111330
20297
991775
23582
37347
5925
1228
160751
95562
1171
3638
116547
107367
4488
78411
247255
10071
70413
20733
645490
3740
21192
689813
20687
100760
21013
224770
954
104134
234659
2149
164829
11286
515150
10004
14
73213
68175
222328
73158
20033
23133
71109
19999
85052
3221
107478
24536
728304
84996
279476
20266
9742
114504
92267
17267
37120
880810
69791
2087
17716
20189
643279
9304
177006
93310
1107700
69786
660678
61315
1794
661070
37334
113
106648
122850
6721
20232
78677
649527
8724
48598
176957
1612
166705
236902
21055
78286
21020
234683
3802
26479
264206
656425
701317
104532
20373
20576
20168
17
11806
17845
77935
689971
1015038
4847
37132
91172
112194
741544
8490
645568
234735
661924
170957
141
7779
28148
27038
212394
198858
18147
40403
2312
101697
84683
643560
77598
63513
93322
277758
303637
20157
16049
82026
23506
146934
20892
217686
800
88978
1813
1985
15743
23462
662527
4856
104675
193227
100270
28195
1261
305845
14812
1601
43734
71251
60204
63987
3886
12579
67934
6481
20672
21353
62826
155517
21028
10
183844
22888
4050
662350
91966
640047
33864
240396
175710
4851
5108
62167
1958
17713
4657
107928
1418
20520
27305
20394
2520
18519
638603
2528
3473
5035
642480
27644
646
21632
5059
274921
92506
105206
188807
5091
295326
2775
112199
16940
208123
7028
8874
222602
24803
160264
59613
643278
2085
13449
21783
51841
63585
133389
673641
7651
37127
118598
966
106318
1522
29170
645576
20655
21350
96155
680246
3471
18674
1044823
6651
87627
17295
20906
677039
912
94834
77316
47112
11922
241905
6448
61397
70818
16255
15499
78620
17256
84907
716316
2519
71204
107600
59934
680296
4913
28919
78577
90589
104686
153647
20567
998605
657336
335
252825
9142
29566
30113
7487
20289
60452
8573
89804
9233
821
1417
20631
2814
50592
1176
9021
9391
66016
78730
57889
27562
20912
99484
175614
38298
278207
2152
5480
103824
77838
3425
107902
3842
1089811
995816
2306
9349
20066
719
33623
95581
64061
2557
1363
20954
71038
9883
1351
926
26391
30862
96711
124730
11963
692462
99129
20209
1110376
21062
77325
20391
307548
684437
18112
364
1624
104236
8099
4196
586677
4190
36802
27130
6731
1181
90
331654
1822
7999
640488
4925
75025
7356
1364
27259
25434
649264
3882
511
92128
9162
21513
51827
27104
643035
20299
99451
20228
1020
142911
660230
243544
20128
4691
177794
23007
20888
713825
9573
20439
30192
5138
740
4012
86182
3172
18249
30131
101902
10621
75008
645523
33825
103278
245019
36005
644647
63819
47545
11955
2943
21117
4848
1832
6289
644398
77294
14541
1107723
777229
89951
4084
29954
234787
18088
234675
1006931
16172
5004
33920
21338
95464
77340
1068
48362
20227
122773
715909
20291
314096
219819
19074
2835
1767
95848
154862
4239
809
20199
637244
8423
3493
77320
158582
1039398
266
1991
130557
22457
20660
7023
106110
11831
38091
1892
91298
649092
20861
33767
20013
160814
77269
27246
644495
20848
827
18436
111467
789
18028
657450
37355
206548
4733
13600
2333
21315
662158
60611
71051
20159
63593
172173
122896
20335
30951
21219
21499
660328
30341
88939
8153
1850
649608
104706
15365
28491
6508
3546
139
63312
33772
451
15708
80239
20330
8548
6025
137766
660571
3957
129268
126741
89752
126117
63745
142963
63634
59608
9414
4188
104039
163440
20392
673035
280252
104095
7416
71141
6382
11190
6761
15533
37177
3912
6235
36628
30776
17855
218232
106986
641694
649311
78063
23314
79778
678972
21127
17737
3606
123220
2444
8633
134129
20898
592
108603
219445
5584
638614
72534
740772
101482
715780
642549
12682
59852
62756
21326
91942
97109
147354
251218
38373
1883
11877
19875
153914
20202
5109
1461
13922
197770
3548
649310
69320
1133
49647
23154
25629
29590
2825
3155
18880
41397
1039106
21153
5148
20690
122147
36553
6472
23429
9531
6780
96553
37363
136261
643591
1025810
20192
100171
7887
18823
3974
107558
71078
107898
694961
2089
20262
645686
5093
660227
2242
4018
1847
2847
2448
686692
18025
21161
20555
21033
1897
23596
5889
106982
766810
5423
18481
20316
30788
64425
643420
88672
7205
62853
93302
61464
1033692
8213
97009
21254
646063
481
322922
18302
6453
678108
825828
71164
1947
20878
64125
707
17874
4739
11273
6635
741573
710072
313481
287959
2233
95432
642537
41815
5954
20381
63622
660229
63960
33705
220754
26639
681379
1530
66341
20877
88534
175625
1009462
33606
106245
4757
2153
829
103015
93511
20761
642464
125304
20423
173183
71240
5197
3848
2213
20624
234784
19572
23566
1019953
21271
104856
20643
159164
33605
1334
93182
158
69821
75060
9038
8893
78369
72682
642571
3796
28072
434141
27035
118529
1007584
94983
644766
70141
16007
23072
22210
644688
303713
10634
25524
4877
53653
698537
6778
20697
105533
313
5139
6485
66500
20257
72650
21187
112330
94579
37487
607
131002
108493
90511
79412
20349
80250
94518
15230
84144
693875
656050
104302
91954
713685
2598
3015
82469
60333
67922
20404
660345
738883
3126
732
154828
63543
4555
646687
642738
715155
93886
4351
2095
3926
3480
65959
4886
232018
529
31028
62624
93706
96717
170880
1830
3709
643146
1899
17119
20491
2900
10924
1030950
21781
64022
9552
15807
175804
175688
63993
6474
9394
21916
16115
5630
1974
20542
640636
4980
6658
8934
11964
21294
20166
182588
12194
696509
82336
28936
91525
112901
67980
129583
11884
4318
82342
122800
36085
20758
112392
101951
653564
20856
84808
37129
16099
4724
22104
137522
642783
7347
4930
706630
6424
7863
21182
203823
181324
20051
21339
641261
38279
106992
60602
2122
43410
171758
649286
20412
6672
21039
4800
166655
104688
2428
8394
62843
4113
646670
27320
22636
211400
195585
849
20874
73021
21079
65170
156802
30256
101883
104697
20116
1187
176953
71210
57431
16346
7811
4141
164364
29950
101249
640579
20659
100958
13492
81498
21243
103426
101600
57407
813
11894
95369
4177
23976
4981
656084
94401
78453
65210
55023
53400
106418
23353
91861
21325
20712
27901
2046
4729
135193
3402
20546
17062
51268
69977
20945
79601
26335
6486
663549
32823
8898
728
357976
12213
21048
108477
20616
660235
20089
645596
101792
37169
27332
77627
644878
638632
4607
9149
75011
89768
46232
3728
3358
20241
20114
93074
162635
643337
84610
5425
3999
37908
20661
24048
5086
44521
126122
673305
30175
60211
17955
175666
1891
17087
9192
11778
92996
425796
101623
6633
79232
85746
21205
21408
71245
38362
764160
1649
108546
95829
21275
7751
18887
270034
63528
92974
81680
25945
1083014
106143
8419
6048
211139
921
20420
21019
89732
75621
665426
6395
96688
95825
4079
20891
839
142239
104012
96515
7925
108516
4963
7889
69875
837082
20317
11694
20809
192714
766576
96487
94326
30015
189348
1085146
643213
188544
101721
324281
116313
643341
7606
36712
643474
95734
107858
638807
71105
81687
96225
160876
14255
77720
91777
116583
213
339302
94272
20575
660706
107331
4806
85583
1584
28220
176182
314220
18366
3604
2629
7790
45391
660164
30963
1836
21466
566049
61491
22778
35752
36885
21100
20605
71091
26622
18994
653537
2356
7864
662129
684217
133
19431
649184
1003560
21076
77634
57924
78359
115722
5549
5273
33928
11865
94140
20458
70131
175739
127837
21001
74793
110046
23734
23933
10496
268
20063
33579
24190
82
674081
640292
20342
4570
20393
644827
4868
1889
60203
28513
164
11238
661420
646714
20772
101267
27339
110048
8141
20271
188460
88933
20126
23654
740743
1047838
661957
684221
24312
3399
38388
676110
90162
644786
63414
1015992
208273
22776
104705
61882
5237
694765
264833
9147
74097
83557
3530
155521
77273
20844
23141
1016
686811
199860
1163
642840
8640
22746
86185
684303
426101
940
4989
96698
118286
88448
19988
17238
1090958
90995
20446
20618
124360
672595
234652
712001
107901
678971
20897
5538
10573
642631
92852
645688
9935
30126
4786
93892
693224
22409
19998
94452
643335
325243
82156
20427
3394
1119831
107882
75024
100173
66349
84542
20156
429902
78652
663745
648375
435225
9321
91275
78601
663503
37339
18462
653432
33553
721
60083
58419
2405
71779
2076
2764
4482
43935
180594
182421
9326
306193
22088
11816
645629
6466
96654
1784
676940
649910
15754
20944
160734
37179
4561
3503
138992
46884
131393
37872
645727
15640
29586
27760
60449
376
20372
84872
20901
587114
118329
63507
247
2527
646745
660705
17105
7806
11944
20939
5462
62752
112196
200394
42
159537
2032
3813
18420
118816
82465
47543
21167
640820
11811
385
389
873
23036
571
70548
131799
96934
91402
20563
60540
14026
30217
172980
20803
36313
1015
643985
44
116468
47780
83929
4020
1014821
20107
101942
6974
1446
1901
123093
63427
101699
8108
192967
94094
3215
63325
62601
2194
6319
287958
30003
254435
106991
307592
30629
30669
29598
9051
445
5753
17275
92523
1831
14126
647070
30815
5042
68027
46679
112197
649137
77305
30258
86177
33604
12140
660700
27849
37183
662219
51616
373833
29500
197843
1014857
3370
301
93536
2675
78865
644036
645595
66421
20866
660639
10111
18123
37967
732826
214187
30809
95785
1556
168002
4781
9416
194
20477
1067230
1247
373809
78641
93479
92122
11793
124908
4902
104343
92197
314595
97099
642768
79536
86093
6754
78042
3998
69833
37661
20620
67947
129497
1254
63683
30851
2243
143003
38463
60095
22362
104384
27245
20356
60491
5654
27647
98868
9873
21465
30242
664533
93556
83490
15745
2496
175523
2166
28026
96
3568
232346
651739
86605
18040
6519
784912
88414
220916
4421
3921
3437
60473
107560
89755
101777
20990
2114
20180
676936
77352
2891
91268
105386
63049
83930
43826
38371
31475
10589
20595
3526
62127
20415
62662
391474
37242
97164
226129
645694
32542
21168
113678
21124
21050
137045
83896
962
345704
4854
202789
10984
78625
3908
227895
139388
74657
24691
640334
126444
20638
18047
106402
20811
20695
643684
30274
194861
60426
4110
645612
126291
20984
110904
30000
88471
7005
17309
81288
71178
455381
20012
27053
3046
20007
104538
649236
25460
13857
2240
72519
9436
95623
5160
11364
78445
18244
25030
95694
21562
94665
106688
1079206
101727
27774
99715
175643
759687
642492
74689
118297
4393
4949
1440
727861
122874
106977
3558
6381
63743
5987
17259
660492
9267
92098
235458
67860
115931
77304
87951
71131
6680
12858
88597
71221
1305
33164
4144
95579
20300
1487
9206
12152
38555
7893
2223
94043
29574
60312
166656
11977
192412
74582
35771
409121
642547
21133
10404
257652
1013678
8938
97138
72587
6215
75020
661922
660089
639
9224
148275
320049
3457
1585
30230
681392
96692
9377
1029195
132779
146021
20905
735981
29955
106496
644775
94666
1773
25649
38340
788435
22214
69793
63939
20997
1002218
1263
33620
19995
107273
60179
73217
6898
4388
75009
100
32009
87959
6147
20566
107906
37247
88660
696592
176255
17993
108324
81926
995708
62336
21234
48367
1037083
29985
62900
661612
29851
63668
20534
64117
96716
2331
29402
228212
33615
10242
101872
4081
91284
93364
110674
13657
1631
9356
27714
272448
118479
33586
67923
6456
486
25229
61120
129372
100419
21284
5837
662437
4304
1925
83889
62518
165989
396
117483
20353
36755
38352
62190
4062
646681
62815
2636
37670
7588
66565
271231
180605
24456
44935
106322
164464
90865
30209
130338
9840
70081
100795
4892
444254
30854
48652
26850
727690
11484
111126
679964
49955
9284
7895
287783
18878
1841
660793
122130
124941
136589
98120
58097
9449
9867
105960
640500
1937
78603
71166
82454
31994
657924
119031
96988
74794
213003
696110
133080
77331
20164
11921
4838
20409
4900
20140
41696
405
71092
96186
9015
27985
21146
105789
3578
7918
30303
12295
20484
94891
175789
148650
60456
643002
79558
36580
1503
59968
36654
94171
62192
647062
16235
71213
95652
21240
687801
20160
858
4682
3461
59675
200788
641866
30250
35678
71885
1863
60708
137052
660216
21008
93965
107726
1018614
410196
9925
10788
93497
3788
71060
47549
435250
140678
20249
21070
104125
116948
178233
136850
264203
844
127172
6704
22223
97260
642998
7109
95019
649455
192965
737274
21646
74773
82451
674420
26353
155423
3359
9335
106348
77785
218037
22747
4332
2318
18941
96983
9804
812385
222864
26414
37194
104336
76785
245293
30799
26574
20694
25157
36750
5800
20989
62522
95860
42257
28908
17152
20880
20041
10552
71267
21073
155328
6458
639960
93326
65584
22027
134133
13904
645630
124055
20058
20142
138054
26164
37587
646661
33707
18972
1086053
110899
94844
105822
77418
113629
24810
4456
6216
108081
160769
69940
190140
91988
3950
20978
84976
20207
20048
1257
231215
347330
106024
89748
20609
61716
18812
47488
20843
2366
2058
1037441
20295
30053
20384
107098
186750
457697
104128
21681
71121
27247
660072
106090
38272
206
643559
21102
82462
419356
64043
3085
5666
29978
84957
686421
87963
73384
78181
6676
248502
657448
37297
660236
131135
13846
107905
106080
137989
20220
4106
100740
62575
135771
38322
727200
13804
12399
9168
22538
737534
663311
60322
1063520
145259
7985
4799
90562
37955
106694
16679
100126
20190
660570
51967
21185
88506
8470
20543
21248
94113
100337
2118
78059
2433
14297
4959
33581
21447
280059
71179
10283
11902
676883
30168
21181
175709
17920
50561
4212
89950
774646
189260
15716
1135
1061557
20184
111353
713699
6299
75019
30222
91024
1763
13
1112
60296
885857
139227
29562
3577
4102
60499
8730
13503
8006
20977
638790
118918
230682
90929
3887
1121294
112147
12951
32056
59941
27323
172694
8849
20274
77798
20111
50539
28964
39062
65
48300
2185
100159
1833
8229
1218
699729
69798
1793
191444
21064
104645
42957
97284
78351
3458
101575
265268
76595
29660
17127
660225
649217
765202
93974
5824
14413
642671
176952
114447
21235
116162
20881
319604
153648
29312
18009
74672
38294
94735
1878
164581
2099
96424
166328
63870
83681
46195
94695
10419
103209
104228
122673
68015
219035
102792
4885
38395
20668
83789
5146
209509
114468
312340
7682
85657
124614
6455
661987
4961
91186
15763
62584
1846
92257
119778
108431
104093
30887
21109
60603
20961
29599
20529
2566
127056
11932
14069
28942
3414
1895
31298
94903
173193
7141
2868
749451
734445
6405
99769
74538
2126
33781
6964
23044
78568
37188
743910
84862
94738
4834
77276
219915
30160
5934
264202
52180
63353
673962
3901
24206
114070
17317
175597
93764
60649
76700
33670
118789
88533
4323
59
100140
22471
20502
231362
105429
27416
706780
78107
5951
31252
63989
20723
23796
28223
211274
55905
67973
9067
122779
178488
11355
18176
2641
167799
63451
16969
9115
652267
1104
15558
12023
1043838
658590
60737
82123
273581
68043
195841
203053
7891
20129
23669
680045
78647
25
3025
162138
110370
3438
95237
49425
95357
646686
89911
20709
117214
51238
23888
1710
82052
55812
21171
17246
1060918
275744
5550
29999
160416
38301
73378
92552
114349
1789
63986
672473
296702
82102
63441
152094
21174
3506
408
95097
175712
4776
701576
94298
261432
103931
7805
90221
731847
20996
786938
26742
55184
8364
20626
81703
4272
1014
8077
109559
50155
1528
731412
114525
16054
1070001
50487
1013878
96268
90863
5851
4234
97520
7994
7890
29971
85347
33570
122126
106092
49750
21004
61905
96542
2317
107760
9145
21935
637039
21096
110466
37598
3071
118741
645728
156689
7867
126195
2648
142358
1059772
43055
77482
82306
133962
66987
96529
1052212
81054
305515
12892
111389
20539
4316
75179
4174
116544
17292
92799
16812
11845
665765
174944
7877
2208
8952
18555
25988
665744
306892
30024
71127
111634
2123
11886
175786
790701
697819
19821
494735
20552
39160
644353
92993
51832
7731
60900
20578
122753
21671
19993
12074
6225
17422
643151
640978
108118
3959
21003
2373
8677
154663
100768
96640
640524
126137
12442
60341
4653
23676
20165
78514
63279
160739
122688
13703
646846
19754
21180
1987
177213
5134
660226
92843
270355
16515
3194
95159
60
37595
164664
70144
22512
745633
108570
167905
226683
645817
20083
24042
20998
62517
1006086
66357
78125
27329
364508
18266
38259
107392
649243
234756
97309
112242
30107
6345
160697
8405
195537
105754
81826
69460
656716
1666
135351
20210
708998
640353
4222
31339
664531
3427
132384
110936
9240
406019
64240
77266
9250
4279
5495
20610
78624
18894
94543
77603
884110
45154
71093
18871
112150
106268
170441
658706
104129
79562
7389
6511
1041717
54528
2820
71173
10795
7735
20084
21821
2664
87930
22270
665179
64029
82113
6137
105443
2753
54971
101857
4947
2973
20324
112737
639371
35682
106653
890
67
115971
1202
20270
94209
660548
2346
1507
127387
230993
94692
20362
656631
73050
37952
4839
62824
217570
188031
91341
62921
6328
73244
247511
396184
175772
90165
6717
77329
188186
48071
104126
21293
698119
1922
1656
182813
659800
221749
44751
20230
20983
158709
8859
55802
20325
18304
14668
660534
175794
155746
63700
185910
4903
31965
91894
662426
71095
66370
581929
32881
63609
92262
36597
71242
58
1056445
28086
212536
684435
2031
92119
130974
7712
78148
672864
1057881
369202
97094
59568
27308
662116
100153
4024
172602
18034
1005208
24173
4667
36670
26225
62206
69834
101916
1188
21175
6627
648784
11401
192010
72549
37306
649
134967
23035
273583
90489
8658
1052
17180
118541
26
715450
20721
63413
47496
125371
4927
158901
29171
75606
88588
144624
95132
60123
21147
1038170
38524
30948
67929
94751
18008
7883
3508
18689
17148
96572
84140
65857
7885
104171
873057
754127
138773
97028
38252
645526
8382
103449
72462
904
643587
20290
9429
100187
199358
20636
420322
3017
20082
278203
263345
176578
92644
71243
91938
658001
406141
679484
72488
191995
639677
1037572
2147
17125
122837
78003
657921
170939
82325
1030085
20487
234750
1063
7873
30234
20729
77459
8689
2495
26960
1751
30260
24710
116678
2757
21057
144298
3230
148644
4880
187157
19943
10236
63729
1141
59688
72434
176637
110159
32553
175626
95314
134082
9508
78639
4813
63678
70147
77657
1074
14523
106885
649411
107672
114657
23858
37140
642880
341292
3139
91990
107075
8448
106521
20177
16598
28935
17722
642453
94362
62361
1580
21321
94327
907684
70975
112236
59983
2355
7869
21940
21213
220362
657916
692724
307599
7376
2667
5798
175833
574300
27210
688078
98174
29305
294514
307597
2993
23869
42274
642653
78035
18552
131599
100747
21136
20875
11960
2522
62540
537
1839
36
19560
430547
124023
30092
8571
1144
2625
3225
78607
646711
93588
91941
5464
24434
6504
108459
21015
20134
426134
92669
28483
37590
91446
207
202261
1374
71181
27358
97144
20704
11887
47436
3821
77883
98098
662526
84589
21221
77987
95133
5690
14371
82721
1066844
4238
82153
402817
138375
62677
105662
5447
166181
2464
21347
118692
40310
20321
2057
57844
4584
442153
105902
20968
994762
47804
6489
20443
1010
95346
20217
170114
18643
5675
644645
2855
232413
12572
67964
643065
2773
101845
14795
104293
30604
33032
140471
4320
96018
97175
7060
6587
101795
96964
645621
21032
644784
11896
51892
77639
4899
11942
419499
645502
660501
11289
30134
37312
106217
132645
1308
11321
51709
87093
640930
81757
64754
30917
9440
649204
194440
80906
2695
103425
795
390
19923
48947
8773
95743
73963
269998
145655
28535
234956
235227
11988
160560
270806
33612
107598
76517
22641
658117
6379
93315
651012
175697
100924
38537
20408
57893
39126
646346
94376
6013
64040
759077
59723
23418
90975
1963
8124
807041
112129
95475
747781
144597
66021
77899
82341
242540
35812
21344
106945
2385
230564
122784
157176
29761
303724
1887
66350
266855
56141
741978
96243
26029
77828
272808
59803
62312
1029
40348
6423
67623
25680
20701
101677
761
21771
95323
38531
181263
60368
20334
218201
3824
177101
1107786
79072
555
665596
66360
37130
195079
27682
116052
75144
33936
94531
15711
156906
660223
659841
3500
83581
661652
5927
14262
5466
91921
646131
2500
1779
649130
21069
84291
157635
160870
166662
29388
96560
5734
37243
7560
5570
11981
678163
86087
9497
185912
101669
215775
20553
24403
8990
61922
30137
21352
29672
3733
20885
150063
1275
63736
160837
212420
643128
8447
172969
643694
32166
172002
4495
38264
80227
328
28959
25709
557531
18364
272086
20719
21203
69863
49493
26791
3178
96709
21089
72602
100099
69820
59597
6620
55121
71238
104340
105792
21206
1065702
92279
63878
10729
192814
712529
72547
179211
67446
20932
97389
345883
19616
21043
699491
18795
37947
87866
42991
27635
62277
126125
8143
94915
20021
110105
642503
204597
11822
222793
171367
20358
59291
17303
62927
177013
4617
26987
6710
64097
815
77889
52260
28104
88480
90873
554920
125687
77308
7975
66217
93977
60930
89885
694078
645598
1113706
95508
124867
66376
170992
24212
91448
12015
33801
118680
554306
8719
194460
6479
10277
122915
90781
47434
87290
278981
133095
30923
92959
1871
3960
28137
30879
7715
907982
2939
190320
488
21229
30343
640934
107571
5114
33537
175770
1118122
95533
662289
11726
7072
30044
82163
22677
32575
1932
1064
7707
671658
341613
22816
5803
95877
20727
3660
37054
231050
3193
94246
62788
42043
23127
709159
1023269
96850
18857
107563
686878
91372
9362
5053
20562
2246
2293
20734
71460
11026
22705
21211
30345
107399
105939
635970
21575
234770
6756
672370
1866
8595
6314
660251
21144
96803
27881
107908
18872
107427
647043
90921
31781
128767
167803
21555
124112
644313
9939
75082
7418
6838
29238
73259
20034
117144
8512
20069
30201
657600
96365
63391
33690
4240
4962
17905
85351
285863
182324
9351
4636
54527
26213
262006
19408
12365
105345
22936
1890
2400
44894
6492
118553
9492
3207
645645
110068
6744
67583
30127
118531
82161
95344
62142
49933
30082
748336
1038038
9411
53319
71185
8468
83924
229031
6487
62871
12254
4311
2307
95713
96069
104586
26087
117549
15552
2037
95176
205673
1037570
6575
154694
6636
20924
799296
3489
122891
20413
80289
567317
104832
780140
138675
106174
93659
918
11118
6088
63615
33392
20273
2315
643447
30288
93713
91949
56386
74868
20762
1969
145542
106432
20948
87915
86031
1082937
533
122974
314873
106317
29439
153
16531
4943
77615
3862
884279
20174
79509
109435
642763
705155
29663
642753
175816
19483
183681
43699
22669
2815
5901
95064
8665
71289
171313
63030
110093
57886
642873
21324
122759
72937
6654
38303
685773
91447
125477
1473
15182
35565
480
8815
291544
79458
9396
1001949
202315
84735
1848
1084
57911
21883
215322
14477
87850
94332
29600
16407
23136
578661
94618
67849
105186
136695
70121
3744
640807
658225
173301
635519
77934
59903
6689
134991
24555
20675
345162
20448
14785
20269
104510
80008
95218
105847
20776
20767
68022
23221
30225
172974
3583
81981
62744
34901
21115
20748
1112790
20050
175725
32181
94453
43680
75
71138
20982
33626
11791
97055
1015239
4688
3227
104541
3864
60606
21789
189343
87918
21078
69902
1661
1006489
21084
177336
80157
18371
95813
68307
91411
77732
127852
25906
514
23502
22493
819
1227
99166
62909
7768
104169
15611
22657
25114
2237
60585
94550
8362
14602
146333
102617
110948
127362
528218
94710
1150
17725
217187
13119
138595
124961
646083
3066
656720
20908
191569
9395
1159
64109
1933
9366
107900
93232
95315
1030118
658205
95004
175611
14122
227806
600631
1411
132509
186461
81453
22566
681268
90087
25169
77090
20511
4563
35738
8549
9393
6054
643201
46724
91505
9242
222240
176939
175771
703961
25562
1061600
27643
63969
222429
19888
671620
107395
223178
27650
20470
730472
3192
259817
44142
137316
51062
41515
66436
170698
6407
7409
21930
93559
30080
3647
75186
371211
38248
30102
149988
30920
3024
3388
3777
460539
3197
649273
97325
93803
660523
93520
197778
4995
4384
115332
20658
47554
78188
175726
14088
78650
38557
210381
8744
4850
78117
117188
62528
25917
52318
234785
6751
14269
3128
95655
181839
6819
104552
1018765
108495
6417
16616
314
4312
9331
79880
92087
95776
16777
475544
20488
167214
72574
19762
113751
6497
17293
69799
97373
212745
30933
78263
649321
112168
7125
13121
60279
71488
59838
180680
116527
202299
641
657619
328166
281906
63886
191793
147826
25745
642564
122053
71634
643467
78241
106339
151258
90046
238008
114462
92703
84948
61559
186285
91582
4669
371165
20785
6594
60551
62572
208
18807
178959
11191
21224
17936
643836
37030
6490
181171
96060
5563
85490
118503
136992
6549
49800
175814
4964
82110
8110
130378
8131
303834
167217
445263
10967
22463
47525
39208
95041
678217
78326
712162
95152
22658
20247
19297
1014206
153926
49056
74779
43743
659383
1251
94755
108983
18850
408026
226566
59853
2056
4836
11892
63871
3581
57863
74838
1049173
6812
10831
3543
78608
409552
204259
116515
17418
63684
93651
29202
38493
33684
4867
81673
88451
119021
155184
128702
70405
104024
23132
1973
878291
700175
91246
26216
693780
9382
3991
1510
98082
62668
77326
187595
257648
95941
649248
649260
814940
33688
901
108465
678976
132622
141879
178876
20122
6539
1038
86900
175805
100881
4915
78308
662172
107848
90515
37616
6426
105684
186711
64044
102610
24775
29602
77262
211598
102513
54830
78046
778939
20195
104301
3656
77716
265284
93351
673350
262984
20176
60358
37029
150064
35520
507156
101921
8506
635672
695819
226654
28051
37036
174838
643041
97378
22120
20679
115939
266758
33662
4265
8181
240982
4193
63618
93634
649315
344033
1
14147
644778
84019
29146
20804
703683
1333
10066
266862
91323
25015
48360
8514
20649
642851
132517
41402
656728
6418
20355
20971
367127
104294
59507
714496
89002
29230
104165
640006
196045
105045
20064
21052
646634
17750
72512
644319
134982
167590
4824
20587
33601
80606
12407
315154
194852
30145
25075
145010
105854
154555
20623
23016
14182
33575
4088
1797
62610
29664
44980
85015
7822
96551
95491
105217
5130
104092
51843
1011
160766
108534
167808
11880
650993
1067955
3064
189524
78618
4230
93195
9844
20395
71136
74438
4225
3034
11461
11697
38400
674207
15585
33455
642544
20923
1381
104891
204250
55143
874122
411
637276
111167
1672
12472
30664
106956
9339
214319
33800
114464
20204
21614
2062
4791
660326
75097
60309
88595
36433
180386
96928
85280
5504
26624
28922
23866
20060
21252
33918
8789
95866
4363
81330
27044
6599
3179
73402
643024
118519
16405
92359
14205
639931
2174
1034251
3630
21236
178584
657295
3106
20739
68255
22107
646966
85352
54807
27683
137900
10605
185064
393687
11859
644821
2513
663104
11867
5869
662073
71224
175669
23189
20826
94018
44750
180661
607557
178457
125694
108541
77240
7813
18507
67438
18684
11395
210038
71096
100182
6410
100761
112161
110449
49642
5072
20951
643177
73342
1935
6274
167844
4754
9956
73279
104938
4765
80282
101971
44427
37358
91778
6349
658527
660965
686693
112232
21677
39194
2427
88649
189366
30386
155835
9368
15976
23017
1944
86406
8941
839501
158754
23208
64066
95657
71120
18480
91247
38675
94480
214233
6544
88965
17906
5044
84874
133492
16930
73018
77614
104903
71197
20125
558
3211
31219
20131
7294
75017
90536
17886
643030
6130
21087
128617
472211
93670
9381
3171
20194
422151
862133
18385
4693
72927
642475
24109
20059
645639
73270
259
63420
101864
79695
33914
244773
271846
83756
636746
96065
700575
645628
133824
50579
622595
94846
60528
78177
8686
63410
4409
26668
2925
660101
16948
712128
108414
402251
234631
251491
9800
90891
7924
100948
112227
3923
6009
29195
7689
1046602
94528
104702
21204
7758
33587
122872
236311
3305
96568
176976
124011
660508
657562
85609
31027
35451
5133
1815
193049
1081297
4993
102606
63440
21158
96680
186756
102376
29583
223033
93692
270379
82321
118551
4622
11934
20132
234697
6148
21303
13661
84425
24320
20474
94489
20554
3401
27110
4817
77283
20879
105664
104893
107422
94188
125034
66355
11157
3613
3542
679529
640328
262190
20480
20710
106220
95340
24896
17316
642647
2300
193016
645626
11796
29577
126134
116167
156516
114426
92374
102787
4819
727988
16822
103036
2741
177311
229307
3779
1903
186704
77959
65407
122109
37649
67667
9401
9161
63675
125251
22486
91977
1012808
16384
101495
88586
2974
73079
23896
686183
142819
655623
12704
2394
78497
75935
20482
93557
178164
107228
9740
689962
638930
126141
93841
18077
354470
77299
22748
10110
23991
231142
25909
593582
640547
301607
8209
24686
72506
77778
110103
21697
131309
21655
44769
108363
23106
40088
640503
3652
94670
89771
148636
690122
656344
8267
56348
22932
164517
79236
104434
10699
4768
166730
74690
62760
94254
644167
3935
10002
62578
9389
683352
169753
53923
12306
231489
20993
2285
713508
11850
21093
2013
75069
21815
21249
693867
21012
661978
653080
21122
95355
21034
60423
133226
59486
641506
269940
663896
639858
101610
213850
17490
31576
177424
23521
104921
18148
1867
4973
1480
21868
257654
38467
3136
209514
94184
1068955
5874
1004461
3005
12
157654
119047
6514
709
662614
91368
105070
16421
649220
94545
28869
307598
100125
640973
21142
75093
21009
118858
8202
4926
89690
94084
8043
4703
91449
58778
267663
33826
104542
92633
6624
640515
202176
1262
109983
107394
8319
62544
113758
118768
112156
78543
266712
106560
75013
91257
1810
42721
1066345
24417
451731
95272
95602
17434
5829
177456
126756
4681
1072
131659
365710
94803
671628
84811
62683
2703
51
78576
671685
265154
6337
64854
4366
2313
660471
116359
210694
20857
1097164
9305
657978
73060
271591
426874
1796
70096
62184
4951
21030
4077
22465
30813
39852
92788
736092
72437
101521
640319
62613
1035
18631
131005
83895
33600
29821
1069343
23224
336
30360
43687
5099
158900
4309
616938
643623
8956
252753
92604
82702
104848
155865
519652
44029
2607
662194
133842
33916
30087
88527
35651
4772
98081
102522
38523
161288
237690
37939
25997
2594
1022883
2658
71244
104846
85373
104622
30272
21226
21823
20314
81540
138504
92783
71098
635924
665843
116354
12576
10866
115916
98458
69487
473799
5451
92944
5204
9816
8177
108185
447745
1148
97391
269046
342103
77471
63983
104634
159641
38397
5422
643374
1010562
5617
20927
130997
20390
23193
20728
75051
15209
39064
27004
5960
269886
95663
38381
93929
104354
687221
104830
649255
6559
84835
649250
71227
3481
16050
60493
21059
106609
7681
223430
202006
104029
121953
657503
82340
644120
647754
5100
7833
101039
29641
4865
97045
38355
108485
216585
8717
71283
205592
410382
957
7865
87996
20589
85592
27084
62844
5077
503156
86295
23904
643385
105957
101237
7970
2376
43371
5201
848
9375
6371
35439
11695
108616
6675
21169
92030
18270
107255
62917
20865
325182
1642
8922
43369
33591
696294
200437
38806
530631
7777
8918
188457
8701
50426
104019
37962
78076
77670
70978
21071
706213
638192
175599
94225
85694
226946
266843
118294
167008
63461
37781
885
1030432
24875
36742
19763
125048
4215
1868
1843
687238
66331
21310
96115
2683
701578
5000
20782
5123
85228
10039
107695
157638
30141
992998
645607
96120
77989
9261
668181
154326
13133
143987
655767
186759
62847
143890
122737
656065
29951
27791
3967
7104
642504
1806
740137
337816
7880
109500
227687
13697
106960
658186
118230
112192
118886
78676
18381
21068
20233
7815
87880
104423
773752
91537
177809
16389
130984
20365
108567
18527
68124
74722
88450
111351
8171
31756
114385
35280
9433
97317
237739
12625
2600
167635
66715
32306
175594
276656
1715
124665
27297
73092
21551
29193
20731
106660
391
28966
4987
6815
35522
78643
104299
74518
137982
147411
32103
5905
11830
65868
97399
29948
176662
4075
166021
972594
87980
18733
61496
397313
3206
5171
91009
33588
710975
87950
94996
134924
26958
227
108255
26921
661994
35765
95627
178589
679480
178126
92906
69866
106450
29810
166746
10032
24839
939679
21072
19989
129280
20717
89888
112221
103388
73920
101790
370284
2978
38466
661779
17928
44093
101633
680363
4974
29697
9947
77222
184439
123978
684656
21082
69
1138
23528
663016
2721
101719
9004
49474
114313
24588
27463
94605
16637
108561
17724
24811
6956
210485
74770
80274
281679
2458
112455
93205
23966
648347
36675
96113
22052
26989
30883
21281
181443
25166
237777
71218
57751
30875
6505
21108
96914
9306
221835
7752
228945
381699
143935
37335
50993
307593
108942
206271
37037
1628
1394
3851
31483
94166
92696
20251
15355
2878
649251
27331
4586
9077
64041
209878
3969
20075
114470
774989
175640
3597
127581
23001
35815
29679
11908
91412
196425
79210
118706
29732
6932
95447
30056
21120
5541
31904
96686
92219
7896
20260
15289
29746
93553
73311
94958
68024
2238
77942
5162
106178
677124
69816
90636
11825
3648
38350
107923
5009
85743
118293
91278
101217
22845
4864
4321
93032
639681
770
644311
15947
111263
28459
94465
154506
82167
139068
159303
97195
110393
12738
267796
30861
94792
92686
3557
643724
100414
100117
704
2850
666953
659969
4139
110087
190383
178835
26002
645507
234699
1072137
124435
87892
105371
5175
638419
44549
84737
57269
126112
8186
29976
640825
5027
38345
21313
108817
107261
88585
5727
465
107636
646742
77962
100355
95318
104774
670437
44016
11882
641843
686372
99646
642824
48587
158585
60324
105268
1927
434
295011
106558
93344
13691
661681
26102
104726
84514
90894
73355
103059
3553
38450
94014
13698
664091
22728
175622
5996
72468
15500
19347
107285
734791
93694
109284
38320
57840
70107
205232
21706
52578
402
145168
104102
249469
20406
8713
97416
6622
33472
39
950
20798
102261
29673
19379
40121
78342
112683
21340
31041
350
104857
196481
4294
95297
112702
94255
1865
37530
2743
155689
112300
677790
71212
95142
63640
86567
52183
84358
47070
11874
105618
38290
1917
71359
1069968
55600
4920
27373
63915
216445
25152
27233
20656
6397
63674
1667
33712
17762
154907
658219
672677
419378
35775
127652
99752
95285
77264
176101
66333
21401
188458
80170
17299
94234
28107
104574
3460
6219
17640
11413
7295
69823
38250
12976
96946
649526
10314
95795
109545
25362
9880
130385
1026495
5572
84856
4818
50906
153290
270785
12676
116977
96359
15755
84865
3474
2739
20104
149304
89597
2701
237413
178634
3097
8433
82058
89634
667551
643442
2931
92217
33849
7518
163501
713047
88410
244830
228728
171054
104565
6157
649215
175758
24794
9658
265257
20425
287247
9177
644348
145206
65023
198390
142189
1065019
657587
7737
94725
135632
110291
661746
60431
166685
206141
20203
230514
128758
105835
288001
234748
9088
307540
9606
86798
1539
105541
211108
6348
20456
8315
118759
89524
305901
2754
679777
50680
30031
6702
23139
20787
118634
77414
62498
20585
5767
219
9070
118525
62890
233413
393269
301876
642530
5739
678158
47124
642803
92534
94714
101603
105906
77805
85555
63896
278457
63025
92674
21238
17252
81944
7810
91994
95841
70139
189786
77322
212
176991
71211
6312
30344
638927
118717
92739
207918
117939
105492
101570
16187
172987
19790
20743
743481
1175
15353
114323
59836
172960
143319
792
105338
72589
84920
59946
48368
100165
25574
643349
20179
20674
5978
94953
26575
20018
234732
187293
63911
62915
8438
13441
643238
775
38030
37396
1018746
5818
181165
93190
1087816
1248
292635
5998
4694
82009
102579
4870
107535
62199
75076
30648
94229
113693
667330
269981
100779
21468
63092
123248
90002
9169
71106
60226
26868
90508
154950
89855
93856
2903
111149
29449
180583
89454
23898
20246
21111
80210
146979
489992
99641
5838
6706
1089908
118826
4369
658218
26948
227150
42759
6893
25118
29584
92621
46296
175315
28164
20185
64091
27750
93596
245683
11839
12296
78158
88559
36267
26443
11833
78759
129953
648927
17636
20863
645618
288850
92771
24384
3479
13615
216183
30482
644745
165783
5487
127492
60614
639921
689957
36646
43742
20749
20959
6655
96299
21561
3505
175778
640069
657370
60233
670121
21864
85996
175130
736804
36711
108462
15328
11167
93028
2107
9255
7988
11334
2534
699925
1130
37275
15597
6488
28953
80192
116888
91276
3840
101585
747721
92289
18943
185094
697492
4122
51046
2497
1038581
644781
118585
106499
176905
20536
95697
18588
209795
77297
20416
95958
118793
92106
665309
2660
68036
24226
5500
24585
678162
649525
167608
891277
9359
77502
80674
14436
124926
60345
1011812
82473
661223
4788
105972
20208
92764
223935
1007583
353209
60252
126375
85658
104974
3432
801695
716
62
20282
9417
205189
69946
78205
6310
192303
140
230964
95480
63319
4770
82393
38347
58412
134141
20621
19144
60186
2279
182328
177455
94584
20046
93528
167305
105659
38486
30025
55114
20284
86324
68236
661654
38333
207800
4804
647049
793637
127155
224
15393
633923
114443
797
24554
74664
204884
78779
23045
97383
498917
640774
2731
222761
672393
191415
30199
93624
118843
16008
649266
92310
105626
13165
122889
15195
3747
91507
96750
20914
4725
28963
92938
167587
4887
7927
86138
100166
67729
21047
102103
104216
640374
187171
2699
35377
104595
38316
95296
97313
3267
647927
8029
33584
12619
133947
21654
16732
160270
36698
82623
186521
33568
640332
167711
37059
92718
2692
663021
118641
117265
94013
226650
222550
111080
103906
176656
212038
234488
244110
20808
93020
195520
31626
182368
24514
100176
4526
13666
63827
3946
656639
95576
65594
186755
170325
74713
694064
37949
96721
7945
4779
93329
181962
124214
112546
85360
4732
684318
62929
21195
54836
104659
11170
3335
167589
356924
678361
269952
264194
175747
1289
95418
96344
10156
167746
21302
31199
8495
37184
146483
17264
71169
167578
134117
640936
29675
10668
163630
154435
47472
35429
71123
20351
640351
657964
20950
10874
37722
94161
81481
8700
110744
660484
78488
642965
138717
62739
530
57948
6329
89313
9075
106557
106979
79071
104098
53008
94031
100871
1015292
22751
116693
46950
85897
167985
255
136958
301524
102032
29567
23318
67742
20026
20689
3497
657993
138567
84023
71125
170621
37055
79955
64012
104908
2677
178498
60229
43685
15155
672136
645472
174593
1032923
176950
25752
59865
102937
2382
5430
2162
78523
3156
95187
167863
266819
20512
4723
48
40103
234746
37026
106404
72459
94414
106575
115865
685055
38470
7826
64070
38399
105395
126092
21693
646130
60982
58251
132759
30097
89468
206751
25844
640822
658371
90058
2817
97001
106950
694817
176235
85568
150065
111318
6406
78613
124071
137483
11792
192249
678827
108502
30076
22788
99750
207792
9011
80293
92776
82404
196138
23373
6550
20985
100049
2763
79606
154961
660526
20397
19724
70151
7329
1002514
109809
107282
1604
44370
216
1029159
22048
71602
36781
18113
96965
60061
71909
5513
1908
35814
2407
161439
143001
106393
1119714
7135
114461
142623
30322
87921
1526
11632
92600
11913
186594
29907
3152
713655
58902
106955
5769
663023
20183
87920
167751
80178
175652
9041
10808
21156
73200
187112
118777
37305
21814
8122
15261
6529
20570
1087
154611
5858
16686
117307
11542
32502
87926
70613
181159
155500
20579
110492
665193
58616
21018
31038
78572
713024
224664
200191
91014
342060
649210
3904
91404
66391
5558
3154
175624
752362
83731
107476
37244
25730
404396
49364
1059736
9885
3807
39551
13640
105288
21199
22947
659104
19714
