249069
657449
1239
1101
5205
104677
6400
3424
26084
102903
642782
3491
729
469
21159
62903
20095
179149
662634
4185
1071
883
1587
29772
38384
928
69931
1210
362
80439
89639
2774
18938
9954
645916
66332
646628
2485
8256
21306
268336
3008
91958
47794
1036
210612
1190
114921
18858
20234
112773
516
8856
2834
70578
62726
3433
20754
13024
2234
14702
20795
77260
78611
665749
2759
694932
3162
2720
3523
7904
889
275
160789
35660
403
280435
20586
661610
833
20081
5826
684215
648298
108623
5135
20532
658459
2708
19462
866
94059
1489
2711
11356
105
106354
23129
642861
3673
643719
27976
1259
2559
642550
2344
27685
155431
18613
230052
722
3899
106976
3101
801
115240
685071
4541
18172
5872
2525
642490
8879
9239
3916
515983
805
642
21241
742
646255
650456
27543
61543
6210
1845
2608
122825
15143
97346
37300
196
37027
37063
1009453
21080
4821
3219
2810
357530
657357
254926
3371
75543
36072
71084
132538
20278
807
26352
646667
62875
18105
663582
110104
20024
96926
1013167
20964
78636
2844
2282
9734
4844
215078
27203
479
16013
108601
79719
131027
108617
20363
137363
21
94026
6375
692623
758404
11303
20011
3477
1226
3665
72639
77110
78450
672244
2962
154085
881
20029
110697
5929
18763
518634
72399
521930
104540
1244
38374
2719
24420
642536
20813
17270
660573
907
2423
107678
4562
1152
69888
4921
4049
1011428
3446
1011763
9405
20836
9109
47763
687
280986
1886
20067
642667
29579
17301
2846
1679
8184
27803
11866
2686
850
30363
4435
660234
642877
6518
18792
1168
482708
4904
3168
38409
9344
41561
732340
63732
997937
4767
128675
167
2822
1232
27836
20988
104683
20306
2075
71119
6810
22014
71075
234692
20753
3750
373537
646367
78525
2316
2782
4814
20868
660238
3683
6475
1808
52863
340
1494
4751
8607
1203
1179
93926
802056
30212
37398
131024
22367
6269
2982
32497
645693
640017
1860
114387
1007994
700
1048329
51821
24033
888
12825
2422
5203
702853
60085
122853
2538
30295
1243
20870
636736
237683
1118
104149
109988
6267
1311
106984
5693
636156
8335
93539
4935
3941
33783
672652
30291
1490
153702
28179
4613
106500
3600
831
38315
25715
1707
27171
21341
642539
8291
662159
69853
11905
20876
2953
4241
8809
26781
32877
919
33
93
698535
170155
37171
825
298366
1271
20635
684219
112235
18571
1574
10418
1182
639961
6386
77327
6415
20150
645647
17685
697830
209
30374
17404
77607
85327
2286
1273
70661
75044
5234
75183
1258
4942
79641
660221
3112
21473
3
643569
28559
79927
122395
7827
97413
4991
677561
1265
2378
678165
112201
62833
2473
4244
17263
104127
1001507
46
88678
4220
480825
9061
8969
30248
80175
20280
406
4418
13567
38337
19997
1224
640016
104537
695405
104365
24395
105477
59369
38246
57914
118398
838
13737
644920
20323
104539
9357
6437
956
17287
108796
21139
106988
17283
676602
3306
104582
162026
123842
951
77306
638817
6425
280407
1708
3695
11479
153277
8000
311
1910
9450
3739
1820
106983
122914
94914
117130
21289
3099
1070
649853
23840
1368
86340
40330
116
29769
880
44005
13499
679090
676429
4958
3948
282823
1246
113768
11879
510
105327
694116
106347
642689
44012
2249
114445
3482
1967
15472
772
63717
649123
4293
92011
62719
14777
542
77295
2632
17416
19951
679657
104131
25520
27019
4443
1069
11852
69856
634
110194
5394
37956
108439
662160
5995
20256
686673
77319
360505
2732
402216
1041
95895
266851
661399
101920
17342
21709
527
1242
947
78451
8497
94069
643183
75567
38541
8745
3119
705
278192
1252
20572
33541
714304
103
17361
2425
3220
20201
3533
9355
200695
24198
73236
645702
661951
61867
96886
38308
231216
93823
1024
35016
701
653253
4301
6540
1354
37277
6331
96350
107408
5455
10031
104181
4333
20867
2197
21660
21137
71
38428
1431
20153
115673
4531
60362
30049
108563
20087
3231
10843
42412
77275
513
3549
179121
902
101770
27792
8924
14250
20784
62842
24739
4805
2301
2049
88985
94614
84977
35896
20720
675
2026
21112
155191
20077
66013
104690
640862
20486
25591
93269
94524
4221
8617
186563
2507
162223
43
2420
78799
355471
4689
684216
87867
491
21029
203
116989
77474
6533
9027
62632
802
57936
4112
11904
11331
643033
172933
62571
662416
105750
184333
126085
64787
383
649209
29974
2761
3976
104698
71153
30444
93296
92745
296
637262
20455
20829
111520
4852
21065
31427
3061
70137
62629
1834
67931
1023
4771
5129
21472
20663
101830
10598
106990
454
4368
9402
20145
661408
3516
7730
213776
106883
63632
665215
651571
77321
1078
18679
651485
2135
20049
279498
1450
105313
2548
20434
20508
47764
95749
1704
195579
84193
96710
10826
649232
107684
69807
642509
194880
21549
5037
5463
622419
616
20799
60243
78582
164636
221169
20216
104132
71195
4718
83626
94739
21304
21097
5472
20558
764510
2724
20288
24977
20557
75027
15152
810
27801
20933
77
20457
77252
2693
33717
7784
401876
1185
27814
643172
4623
94924
22745
664092
20789
640363
2673
104696
37403
29595
645631
14569
94343
4735
2251
678168
181087
15691
3675
867
33129
636782
12366
37201
20654
63544
20551
4149
51825
95611
20364
72485
101817
16048
84866
20941
33787
2727
71132
11945
8476
111352
21329
90522
78640
20277
17258
17709
108832
6659
77613
2232
3971
2661
1657
4872
5594
20921
20592
104534
181147
86430
4398
21725
2222
4897
63481
642838
28925
12926
79195
646129
20666
75026
887
32
702943
6473
11916
202026
648308
3405
661498
20137
6722
21170
104196
228175
4910
717
105465
1454
807472
21217
1384
647829
122761
30907
17391
96918
6429
230013
20746
4895
33741
21017
6465
78273
645583
2131
7708
94297
107224
4730
661448
323006
8591
6422
82334
20327
7961
114327
1853
37057
5064
21312
642499
71076
1077021
104700
4979
1983
27109
758957
20010
20999
96567
37353
25256
21957
104704
11919
37314
93930
30888
642501
455314
12094
126107
4889
29149
201469
11795
1999
638610
1041808
269348
4347
46682
37315
37344
731
12684
9291
60392
20817
744
222724
13771
6460
20494
1735
374671
20442
77330
2539
4955
138511
7621
6018
690002
18841
20513
886
195547
20902
160788
718
726
310
30174
1073472
8386
105014
106959
4908
8197
89585
4459
1012
38343
104533
69813
6462
847
21276
133185
297710
649214
1063987
1270
108510
3803
3903
87758
18208
107485
21282
33876
642478
59979
1088
114984
66334
21061
37290
104136
218666
643161
3403
778686
641848
167881
62828
83987
3408
1021638
81568
168057
656668
20481
407839
865
640364
348
645456
11931
6536
94578
7166
20375
20345
14694
8682
1592
63923
104543
3080
4642
649240
905
3727
8834
107977
108464
1059
44004
61517
642713
8791
701424
79689
2599
20055
18854
20507
13696
108611
4630
108221
1160
644577
4383
661664
1063070
20483
59846
77342
22467
10009
155186
324178
94664
91346
1316
874
20911
97003
31842
6459
90542
6139
38017
9211
37961
914
22573
93945
3511
646046
96977
248
1007
78757
3459
20092
3490
642613
11868
679347
24064
1018
90811
21214
104703
1814
2134
108785
2710
105821
9895
4790
5701
11834
21237
169
241
5056
21345
208974
20714
706
30173
37068
4696
660325
640858
5860
43019
3792
4905
6494
105791
20928
661421
4773
79243
126133
22994
3883
43513
7915
20205
6779
92796
20724
18819
657919
23631
7878
11350
645860
20252
643250
3537
3375
657640
11837
4828
186778
77298
4965
714495
252958
2121
1709
18370
21116
69812
96360
196483
638922
160838
21599
3708
89583
1703
16129
11809
107270
4303
4728
2161
20692
11009
29504
290
33635
83377
1269
661996
59970
11849
123
2172
108463
9378
3478
1997
642989
3514
96919
105467
2809
13641
646289
66342
15895
2603
37250
17714
24061
3973
21604
37954
91961
95252
644567
6427
640399
3551
63838
1688
1600
667483
88732
640628
20303
33860
123828
18619
234689
94199
9358
1167
643162
33694
15577
19583
6510
2779
4235
3217
93225
20603
5048
77338
20781
2479
4082
4986
2462
18054
104689
94164
4843
78345
6287
5702
21351
89985
4248
20076
22033
231819
126608
37352
22892
20580
7886
20726
122763
305336
481204
31453
4648
1986
1032183
11870
662331
95
656730
3555
6902
20078
4305
20422
95109
95010
8705
103001
16875
1041416
20218
245233
188936
101933
11933
3229
8480
4738
20910
643094
822
209690
42129
672637
10007
38282
63055
366
714928
4860
63475
78446
21143
20231
91995
177282
18863
644785
28206
21685
1049
1096010
11872
690
60443
248393
60955
638634
1499
732815
88452
33594
118778
23472
4194
4501
12987
658204
79309
661611
85054
20368
14029
429
20842
20106
288
50223
20432
4028
7789
6404
26334
1870
3900
447
100127
2245
133563
7799
10284
197040
179192
93857
9024
118922
114465
60913
112301
113679
38390
674
8558
652673
375
642645
646193
103913
2247
77217
104130
396761
20385
1044927
991906
6457
72524
4759
141746
642718
6440
33632
649283
20657
662189
84871
4777
90607
63531
16694
644543
5788
96945
21627
60317
679387
646231
643765
18117
6067
79272
1008
101695
1040337
1706
2689
3769
1998
1996
20417
24616
645172
132891
62638
21343
642672
1008561
3677
20518
1267
1090
106534
23947
93567
646419
3009
702852
1885
4946
63471
118537
3790
30032
710
29280
71067
63547
1073128
20429
91327
5698
4787
151914
1819
21081
2244
8839
3618
781521
103453
4229
25097
266503
4007
11813
20370
20774
1124
20121
639471
20052
2227
3927
2105
660553
803
199208
46868
104320
11914
77336
94185
6576
22551
17927
460
17870
11900
62792
1156
21016
4314
47555
1750
4259
96561
67925
96987
20713
82142
3869
862
2363
102395
853240
104031
1097739
94301
1114267
20686
646812
1066251
927
642664
79635
20780
90888
3837
118686
155
87927
49687
20112
3450
104135
119724
665214
20685
1038962
643181
28232
24184
991893
4833
104133
30952
28514
9286
123040
172077
518
5446
62850
6674
15715
126129
107899
20538
637333
151639
337884
4741
60224
3360
82109
1294
37048
92972
25933
4997
85529
16260
105934
95523
9468
104407
661391
20976
17435
1319
95945
117224
35396
939
4820
18783
131859
20401
991775
23582
37347
5925
1228
160751
1171
3638
116547
25683
107367
4488
78411
247255
10071
70413
20733
3740
21192
47454
689813
20687
21013
224770
954
104134
234659
2149
164829
11286
10004
14
73213
68175
20033
23133
71109
19999
85052
3221
24536
29997
279476
20266
9742
17267
37120
880810
69791
2087
17716
20189
9304
9403
177006
1107700
69786
660678
61315
661070
37334
113
106648
122850
6721
20232
78677
649527
166705
21020
234683
3802
26479
701317
20373
20576
20168
17
11806
17845
689971
1015038
4847
91172
112194
741544
645568
234735
661924
141
7779
27038
198858
18147
40403
2312
84683
77598
63513
277758
303637
20157
82026
23506
800
88978
1813
1985
15743
92521
23462
662527
4856
104675
100270
1261
305845
14812
43734
71251
60204
2574
12579
67934
6481
20672
21353
62826
21028
22888
662350
91966
640047
33864
240396
175710
5108
1958
4657
107928
20394
59878
638603
2528
3473
5035
642457
646
21632
5059
21125
5091
2775
112199
16940
208123
7028
8874
222602
24803
160264
59613
643278
2085
13449
21783
51841
63585
133389
673641
7651
966
106318
1522
645576
20655
96155
680246
3471
18674
1044823
6651
87627
17295
20906
677039
912
77316
47112
241905
6448
61397
1149
70818
16255
78620
84907
2519
107600
59934
28919
78577
90589
104686
153647
20567
998605
335
252825
30113
7487
20289
60452
645505
89804
821
1417
20631
50592
1176
9021
9391
66016
78730
57889
20912
175614
38298
18750
2152
103824
77838
107902
3842
1089811
17943
995816
20066
719
33623
2557
71038
9883
1351
926
9849
26391
30862
124730
11963
692462
99129
20209
21062
77325
307548
684437
18112
364
104236
8099
4196
586677
36802
27130
6731
1181
90
331654
1822
7999
640488
75025
7356
1364
27259
3882
511
21513
51827
643035
20299
99451
660230
243544
4691
23007
713825
20439
30192
5138
4012
3172
30131
101902
33825
36005
125849
11955
2943
21117
4848
1832
644398
77294
14541
777229
18088
234675
16172
21338
95464
46218
77340
1068
4707
48362
20227
122773
20291
314096
105733
219819
19074
2835
1767
95848
154862
4239
809
20199
637244
8423
77320
158582
1039398
1991
130557
22457
20660
7023
38091
91298
20861
33767
20013
160814
827
18436
111467
789
18028
37355
206548
4733
13600
60611
20596
84449
20159
63593
172173
122896
20335
1007432
30951
21499
660328
30341
88939
1850
649608
105766
15365
28491
6508
3546
139
63312
33772
451
20330
8548
166594
660571
20737
129268
126741
3048
126117
142963
59608
4188
100778
104039
20392
94834
673035
280252
124592
3589
63442
71141
6382
11190
6761
37177
6235
36628
30776
17855
106986
649311
78063
678972
17737
3606
123220
2444
8633
134129
20898
592
219445
5584
638614
72534
101482
715780
642549
12682
59852
62756
21326
91942
97109
102936
38373
11877
19875
153914
20202
5109
1461
13922
274921
649310
1133
23154
25629
29590
2825
3155
41397
1039106
21153
5148
20690
122147
36553
6472
23429
9531
6780
96553
793
136261
643591
1025810
20192
100171
7887
18823
3974
107558
694961
5093
660227
2242
4018
1847
686692
18025
21161
25845
21033
1897
23596
5889
106982
766810
5423
18481
65403
20316
30788
643420
88672
62853
1033692
8213
21254
481
322922
20315
18302
6453
678108
825828
1947
20878
64125
707
17874
4739
11273
741573
710072
313481
287959
2233
642537
41815
31080
5926
63622
660229
33705
220754
26639
681379
1530
66341
20877
88534
1009462
4480
4757
2153
829
103015
93511
20761
642464
125304
20423
71240
5197
3848
2213
20624
234784
19572
23566
1019953
18914
104856
1811
20643
6543
93182
158
69821
21963
75060
9038
8893
78369
72682
642571
3796
434141
118529
1007584
94983
644766
70141
16007
22210
644688
303713
10634
25524
4877
53653
698537
6778
20697
185311
105533
313
5139
6485
66500
20257
72650
21187
112330
94579
607
108493
79412
20349
94518
15230
82472
84144
4
104302
713685
2598
14823
3015
82469
67922
660345
738883
154828
63543
4555
646687
642738
4351
2095
3480
4886
529
31028
93706
96717
1899
17119
20491
2900
1030950
9552
63945
15807
175804
63993
9162
6474
9394
16115
5630
1974
20542
640636
4980
6658
8934
11964
21294
20166
12194
28936
112901
67980
129583
11884
4318
20758
112392
101951
653564
20856
84808
37129
4724
22104
7347
4930
706630
6424
295326
7863
93322
21182
20051
21339
70153
641261
38279
2122
43410
649286
26666
20412
6672
21039
4800
166655
104688
2428
62843
4113
646670
27320
211400
195585
849
20874
21079
156802
30256
101883
104697
20116
1187
176953
71210
57431
16346
7811
4141
22755
643279
29950
101249
640579
20659
13492
81498
21243
103426
101600
813
11894
409103
95369
4177
23976
4981
94401
55023
106418
37255
91861
21325
20712
27901
2046
4729
135193
3402
20546
17062
51268
20945
26335
6486
663549
32823
8898
728
12213
21048
108477
1828
20616
660235
660219
645596
27332
77627
644878
109657
4607
9149
75011
89768
3728
93074
646478
643337
84610
5425
3999
20661
44521
673305
30175
60211
17955
1891
9192
4842
11778
101623
79232
21205
21408
71245
38362
1649
95829
21275
7751
18887
270034
63528
92974
81680
106143
62966
20420
92731
21019
89732
665426
6395
95825
20891
839
142239
96904
96515
7925
649234
4963
7889
69875
20317
172997
20809
192714
766576
94326
30015
1085146
643213
101721
93886
116313
7606
36712
643474
95734
107858
638807
71105
81687
96225
160876
91777
116583
213
94272
20575
660706
107331
4806
28220
176182
314220
21877
3604
7790
45391
660164
30963
118893
1836
21466
566049
61491
35752
21100
71091
26622
653537
7864
662129
684217
133
649184
1003560
21076
77634
5549
5273
11865
94140
1147
20458
70131
175739
12950
21001
110046
23933
10496
268
20063
33579
82
674081
640292
20342
4570
1889
60203
28513
164
11238
661420
646714
20772
101267
20845
110048
8141
8724
20126
23654
740743
1047838
661957
684221
7416
24312
3399
38388
676110
90162
644786
63414
1015992
208273
104705
694765
9147
4406
31274
74097
83557
3530
155521
20844
1016
199860
8640
684303
940
4989
96698
19988
17238
1090958
90995
20618
38585
124360
234652
712001
107901
678971
20369
20897
10573
642631
92852
645688
69794
9935
30126
267793
93892
693224
19998
94452
643335
325243
20427
3394
75024
100173
84542
20156
429902
663745
648375
435225
9321
663503
37339
18462
653432
20071
721
60083
2405
2076
2764
4482
180594
182421
9326
22088
11816
645629
6466
1784
676940
15754
20944
160734
65959
175715
37179
4561
3503
138992
37872
645727
15640
29586
27760
3996
60449
376
20372
20901
587114
63507
18634
247
646745
7806
94728
740
11944
20939
5462
62752
112196
200394
42
20110
2032
3813
18420
118816
82465
47543
63987
640820
11811
389
873
70548
131799
20563
14026
2470
172980
20803
36313
643985
44
48598
20107
6974
1446
1901
123093
122057
101699
8108
192967
94094
3215
63325
62601
11694
2194
6319
287958
106991
30669
9051
445
5753
17275
92523
1831
647070
30815
5042
68027
46679
649137
77305
86177
12140
660700
388243
27849
51616
373833
29500
197843
1014857
3370
93536
2675
644036
645595
20866
660639
10111
18123
732826
214187
30809
95785
1556
4781
9416
194
1067230
373809
93479
11793
124908
4902
20359
104343
97099
63138
642768
24372
6754
78042
3998
69833
37661
38463
60095
27245
20356
5654
27647
9873
26163
21465
664533
15745
2496
16049
2166
28026
96
3568
232346
86605
18040
6519
784912
88414
220916
4421
3921
60473
89755
2114
20180
676936
2891
91268
105386
63049
83930
38371
31475
10589
20595
3526
62127
20415
5177
226129
645694
32542
21168
113678
962
4854
78625
3908
227895
74657
640334
645673
20638
18047
20811
643684
30274
60426
645612
5156
126291
20984
110904
30000
88471
11909
7005
81288
71178
264206
20012
27053
3046
20007
104538
649236
25460
4050
2240
9436
95623
5160
78445
18244
25030
82035
95694
21562
94665
106688
1079206
27774
175643
759687
9414
642492
74689
118297
4949
1440
727861
106977
245019
3558
6381
63743
5987
17259
660492
92098
77304
87951
71131
209269
6680
12858
71221
1305
33164
24020
4144
9206
2223
29574
166656
11977
74582
35771
642547
21133
257652
1013678
8938
97138
6215
75020
661922
97164
639
9224
148275
320049
3457
1585
30230
64061
9377
1029195
146021
644775
1773
25649
38340
22214
69793
20997
1002218
33620
19995
107273
73217
6898
9258
4388
75009
87959
20566
37247
88660
696592
92009
17993
81926
1037083
62900
661612
29851
63668
20534
64117
2331
29402
96241
33615
10242
101872
13657
9356
27714
272448
118479
25229
129372
2472
100419
21284
14638
662437
1925
83889
62518
165989
396
234787
36755
38352
21315
4062
646681
62815
2636
66565
271231
180605
44935
164464
30209
130338
9840
70081
4892
153584
30854
26850
727690
11484
111126
9284
7895
18878
1841
660793
98120
58097
9867
105960
1937
10549
71166
31994
96988
74794
77331
11921
35825
4838
716316
20140
9015
27985
21146
105789
3578
30303
12295
21261
20484
642480
60456
643002
79558
71213
95652
21240
687801
20160
38387
858
4682
3461
6385
59675
200788
641866
1487
30250
35678
21271
137052
660216
21008
93965
107726
1018614
6747
10788
93497
71060
3872
47549
435250
21070
104125
4879
178233
115722
264203
844
127172
97260
642998
95019
649455
737274
74773
674420
155423
1250
3359
9335
77785
22747
2318
96983
9804
96363
222864
26414
37194
76785
114504
30799
25157
36750
5800
20989
62522
95860
645490
28908
20880
20041
10552
71267
21073
6458
107559
639960
93326
65584
22027
124055
20058
662219
25434
20142
138054
26164
37587
646661
33707
18972
1086053
110899
94844
645686
69320
113629
24810
4456
6216
108081
160769
69940
91988
4324
3950
84976
86182
20207
20048
657913
1257
8153
347330
106024
89748
20609
61716
18812
47488
20843
2058
1037441
85285
30053
20384
107098
186750
457697
71121
27247
660072
47544
38272
206
3886
643559
419356
84996
3085
84957
686421
87963
12114
73384
78181
2483
657448
660236
131135
13846
93419
155517
72526
20220
100740
135771
38322
142911
727200
38391
2520
12399
663311
60322
1063520
145259
4799
90562
30138
20190
660570
51967
21185
11823
20543
21248
94113
100337
78059
2433
14297
4959
33581
21447
71179
10283
676883
30168
21181
17920
50561
4212
189260
15716
354217
1135
1061557
111353
713699
47545
30222
91024
175688
13
1112
60296
885857
1781
4102
60499
212394
13503
118918
90929
1121294
93310
195331
59941
27323
20111
50539
28964
39062
36547
65
48300
2185
100159
1833
1218
699729
3358
1793
89951
191444
104645
42957
8516
97284
78351
3458
101575
29660
17127
660225
649217
765202
5824
642671
176952
114447
21235
116162
20881
319604
153648
29312
18009
74672
38294
94735
2099
106992
96424
166328
63870
83681
2416
46195
94695
10419
72481
63960
68015
219035
18562
4885
20668
114468
312340
7682
124614
108608
6455
661987
21207
15763
62584
1846
108431
104093
30887
21109
20961
29599
20529
11932
3414
31298
33595
7141
2868
749451
1741
734445
6405
728304
99769
74538
6289
6964
23044
78568
37188
743910
84862
94738
662158
4834
77276
28961
30160
264202
21916
63353
673962
638632
3901
3912
114070
27305
17317
93764
222785
60649
76700
33670
118789
88533
4323
22471
20502
231362
11869
105429
27416
706780
4851
21234
78107
96119
5951
63989
20723
28223
101619
105925
211274
55905
9067
122779
21640
657336
2641
167799
9115
652267
15558
12023
68043
20129
23669
133936
78647
25
3025
162138
110370
3438
49425
20709
4925
117214
51238
82052
55812
21171
17246
1060918
275744
99484
38301
73378
92552
1789
20410
672473
152094
3506
408
4776
14415
94298
7805
90221
786938
159537
8364
20626
2126
4272
1014
58419
50155
79601
1528
16054
1070001
50487
96268
4913
90863
4234
97520
7994
29971
85347
33570
122126
106092
1495
21004
61905
96542
656050
103278
2317
1498
107760
9145
21935
637039
21096
37598
645728
317
27246
92812
7867
126195
2648
142358
82306
96529
24048
1052212
81054
305515
12892
111389
78652
75179
4174
17292
167980
764160
175423
174944
96070
7877
2208
8952
71078
25988
30024
71127
75228
111634
11886
175786
697819
19821
494735
39160
644353
92993
51832
7731
60900
20578
122753
20793
21671
12074
17422
643151
3959
21003
8677
100768
9233
126137
95581
12442
60341
4653
23676
75799
20165
78514
1020
122688
13703
61023
646846
21180
177213
5134
660226
92843
16515
3194
95159
60
164664
22512
108570
63634
24042
20998
62517
88709
66357
649092
27329
18266
38259
107392
649243
234756
112242
30107
6345
160697
8405
195537
28148
105754
81826
92506
69460
656716
1666
27035
135351
708998
640353
31339
664531
104706
3427
110936
406019
64240
77266
4279
20610
78624
218232
18894
77603
884110
45154
71093
7577
18871
79166
658706
104129
79562
107898
7389
6511
1041717
3709
54528
2820
71173
10795
7735
21821
87930
64029
101639
96711
7205
18065
6137
54971
100760
140678
2898
2367
4947
1418
2973
20324
112737
639371
35682
106653
890
65170
67
1202
20270
94209
106322
660548
30029
2346
1507
94692
20362
5538
656631
73050
37952
96729
62824
62921
693875
6328
73244
396184
6717
48071
104126
78603
21293
698119
1922
21891
1656
182813
659800
221749
44751
20983
1593
20325
175794
155746
31965
71095
581929
32881
92262
36597
71242
58
33893
106080
107882
212536
684435
696115
2031
130974
7712
97094
27308
100153
4024
172602
4744
24173
4667
36670
26225
78622
62206
69834
29566
110591
1188
21175
61464
36654
118598
6627
648784
11401
192010
72549
37306
649
95562
23035
90489
2196
8658
17180
18249
715450
20721
47496
125371
29955
158901
75606
21147
1038170
30948
67929
18008
7883
3508
18689
17148
96572
65857
104171
873057
754127
21055
97028
18880
103449
72462
643587
9429
100187
199358
20636
420322
20082
278203
263345
71243
131002
658001
406141
8419
252756
639677
2147
122837
78003
657921
170939
22778
82325
20487
1063
7873
30234
20729
77459
92267
8689
11923
28938
26960
646684
30260
226625
24710
20972
2757
21057
144298
3230
4880
187157
10236
1141
59688
176637
82336
32553
95314
78639
4813
63678
77657
1074
14523
106885
649411
114657
23858
37140
3139
7918
8448
106521
17722
642453
189348
1580
6633
21321
907684
5086
70975
20555
107567
2355
7869
21213
425796
644827
307599
7376
2667
1856
688078
98174
294514
2993
23869
42274
97009
78035
89752
131599
100747
21136
20875
11960
2522
537
1839
36
19560
430547
1584
124023
30092
8571
110677
1144
106245
2625
3225
46232
78607
646711
91941
5464
166695
24434
108459
21015
20134
426134
92669
91446
207
71181
315907
27358
97144
20704
11887
662526
21221
77987
5690
14371
82721
100
82153
402817
62677
105662
5447
2464
21347
20321
5480
104956
4584
27644
104091
105902
23734
20968
47804
6489
5837
20443
1010
95346
20217
78453
1119831
170114
18643
5675
644645
2855
12572
67964
2773
113440
4320
96018
97175
5954
7060
6587
20381
96964
645621
644784
159164
11896
51892
77639
4899
188544
83929
37312
96186
1308
11321
87093
640930
81757
64754
30917
9440
649204
194440
795
390
19923
48947
95743
73963
269998
145655
28535
234956
235227
235458
11988
160560
270806
129497
115931
147354
33612
107598
22641
175666
62624
6379
93315
651012
4393
20408
57893
94376
6013
64040
759077
1963
112129
66021
82341
242540
35812
21344
106945
2385
122784
2629
162635
157176
29761
1887
66350
20393
266855
96243
26029
77828
59803
40348
6423
25680
405
101677
761
2243
106496
21771
95323
38531
60368
20334
218201
27562
1107786
104462
555
665596
37130
195079
60123
27682
94531
660223
3500
83581
5927
131393
5466
91921
60602
2500
1779
190657
649130
21069
160870
86185
29388
96560
37243
7560
5570
11981
678163
9497
185912
101669
379920
20553
24403
8990
61922
74738
21352
3733
20885
1275
63736
9349
212420
8447
172969
643694
32166
38264
80227
889125
328
28959
25709
557531
18364
13857
272086
20719
21203
69863
26791
222814
167815
96709
391474
21089
100099
69820
59597
55121
20520
1065702
92279
63878
72547
179211
4553
20932
38555
21043
222328
699491
18366
18795
37947
87866
27635
62277
126125
20021
110105
11822
171367
20358
104012
59291
192412
62927
6710
815
77889
52260
88480
90873
554920
125687
77308
846
66217
93977
89885
37259
694078
645598
1624
95508
66376
24212
91448
30258
12015
33801
118680
8719
194460
6479
122915
660237
87290
133095
30923
92959
95584
3960
20404
907982
21064
266505
2939
488
30343
640934
36885
175770
95533
86093
662289
11726
7072
301
30044
22677
1064
7707
341613
22816
5803
57407
23353
649264
20727
231050
3193
62788
42043
23127
4190
107563
686878
91372
5053
73158
20184
20562
2246
2293
22409
20734
71460
22705
21211
30345
107399
105939
280712
635970
21575
6756
672370
1866
2299
21144
27881
20035
107908
18872
90921
124112
9939
638790
6838
73259
20034
117144
20069
30201
657600
4240
4962
182324
91954
9351
4636
26213
43724
82342
20249
12365
1890
2400
44894
6492
5340
9492
3207
645645
10277
96934
67583
30127
118531
686811
49933
90545
1038038
9411
53319
3515
71185
7881
8468
229031
6487
101792
46884
4372
4311
2307
96069
104586
15552
2037
95176
205673
30242
20924
3489
122891
20413
1830
80289
567317
104832
780140
118286
93659
918
11118
65210
6088
63615
33392
22636
2315
643447
30288
93713
146937
91949
20762
126122
106432
27339
20948
1082937
533
314873
106317
21681
153
16531
4943
77615
3862
884279
4463
20892
642763
29663
642753
105443
175816
19483
75019
1006931
22669
2815
95064
112163
8665
63030
20262
21646
57886
122759
6654
91447
122093
728998
37127
480
175625
4084
202315
84735
63441
1084
57911
14477
87850
29600
96688
660705
23136
37169
1014821
578661
665744
94618
643560
105186
136695
3744
658225
77934
1883
32110
24555
345162
20448
14785
20269
175772
95218
20776
20767
188807
1710
30225
3583
81981
62744
93364
34901
21115
20748
1112790
20050
32181
94453
43680
75
71138
14126
20982
33626
11791
245293
4688
3227
104541
3864
60606
21789
189343
87918
21078
137522
1661
21084
137045
177336
80157
18371
95813
95237
68307
92996
77732
127837
127852
124310
514
92197
22493
182588
819
1227
99166
62909
7768
104169
15611
22657
2237
84872
60585
2511
95579
14602
643702
63745
102617
110948
127362
1150
17725
13119
138595
124961
3066
20908
90534
9395
4316
1159
1933
9366
88506
107900
14122
73232
13804
1411
16099
81453
22566
33928
681268
90087
25169
77090
20511
4563
35738
6322
9393
1272
705155
7885
1895
91505
9240
222240
122800
176939
175771
25562
124867
1061600
27643
19888
671620
21174
20470
3192
44142
137316
51062
33605
273583
6407
93559
30080
3647
75186
30920
77352
3024
460539
3197
649273
93803
660523
111330
197778
4384
20658
78188
15499
17309
14088
210381
4850
78117
117188
25917
640379
52318
2448
234785
88933
6751
14269
95655
181839
6819
104552
1018765
108495
6417
4312
79880
316
95776
16777
20488
107560
5004
114111
113751
6497
17293
69799
97373
1282
33604
30933
78263
7125
10924
60279
175523
59838
180680
170957
171758
735981
641
657619
328166
63886
72527
147826
25745
642564
122053
71634
104532
643467
78241
106339
90046
114462
84948
61559
186285
16598
4669
371165
6594
60551
62572
208
178959
60540
11191
21224
17936
643836
25114
5563
85490
123134
118503
136992
6549
175814
4964
130378
8131
167217
67860
445263
10967
93937
22463
678217
101442
162035
712162
22658
20247
19297
37297
153926
37363
1251
3548
108983
18850
60708
408026
2056
4836
11892
3581
57863
197770
6812
10831
3543
409552
17418
93651
29202
38493
33684
4867
81673
83080
1848
30604
70405
71092
700175
426101
91246
26216
71779
1794
98082
62190
77273
77326
257648
95941
649248
649260
33688
108465
678976
178876
20122
704607
1038
175805
100881
4915
78641
78308
662172
20552
90515
6426
102610
71204
29602
9348
211598
9324
102513
2499
20195
104301
701577
77716
211139
265284
93351
673350
262984
20176
60358
104095
150064
507156
101921
635672
681392
695819
226654
63819
22120
20679
115939
8181
4193
63618
93634
649315
344033
1
14147
4020
84019
20804
703683
1333
10066
92122
59983
48360
20649
642851
132517
41402
100958
60491
656728
6418
20355
367127
21167
104294
59507
78649
714496
61120
884
29230
640006
105045
94891
21052
646634
17750
72512
78286
307592
167590
77720
33601
80606
60333
315154
30145
25075
107478
20623
23016
14182
33575
4088
18519
29664
44980
4994
178488
96551
105217
5130
104092
51843
1011
11880
650993
4230
37183
20395
71136
571
4225
3034
11697
15585
20923
204250
637276
12472
30664
214319
33800
114464
20204
30134
2062
4791
660326
156689
75097
60309
36433
180386
96928
85280
656342
102792
23866
21252
33918
95866
27044
3179
643024
77418
639931
2174
22362
1034251
3630
21236
68255
646966
27683
137900
10605
393687
11859
644821
2513
663104
11867
5869
71224
175669
23189
94018
44750
684316
180661
607557
125694
85746
108541
77240
7813
18507
67438
31413
11395
100182
100761
5072
20951
643177
73342
1935
6274
108516
4786
73279
104938
4765
80282
101971
37358
91778
6349
112232
39194
189366
30386
155835
9368
15976
1944
385
86406
8941
839501
158754
23208
129912
95657
18480
38675
94480
101777
88965
5044
16930
61882
1043838
104903
39102
678999
20125
3211
7294
90536
643065
203823
17886
643030
6130
21087
128617
472211
9381
3171
20194
18385
24109
78359
1030085
20059
119031
73270
104228
280059
101864
33914
244773
271846
83756
700575
116468
49955
60528
63410
4409
20044
14069
26668
660101
16948
21231
108414
402251
104554
251491
9383
90891
14413
167570
3821
112227
3923
62167
6009
4783
1046602
94528
104702
21204
122872
106110
138375
236311
12254
660508
85609
35451
5133
1815
193049
1081297
94666
102606
63440
20297
70147
20274
186756
660534
29583
28086
656425
20391
24456
93692
8849
82321
118551
183844
4622
1066844
11934
20132
234697
6148
21303
13661
24691
24320
20474
77269
27110
30137
4817
77283
20879
90165
52180
47409
125034
66355
3542
679529
262190
112150
266
20480
20710
95340
642647
2300
193016
645626
92374
102787
4819
16822
3779
59568
186704
65407
67667
9161
37152
125251
22486
16384
88586
23896
655623
29985
2394
78497
75935
4332
20482
93557
9740
689962
126141
93841
29977
18077
1837
354470
22748
23991
176957
593582
95097
301607
33032
20128
9925
181263
44769
23106
695747
40088
640503
3652
88573
148636
22223
656344
79236
104434
306892
4768
166730
62760
3935
28195
62578
9389
683352
169753
231489
20993
63451
2285
21093
642771
2013
75069
21249
21012
653080
21122
3651
60423
82102
642783
641506
663896
639858
213850
48367
31576
20141
29598
104921
18148
1867
1480
21868
104555
94184
1068955
673984
5874
1004461
12
709
4110
105070
62662
94545
28869
149988
104128
646083
20241
32997
4079
100125
25098
21142
75093
21009
8202
4926
172979
696509
92128
58778
657450
33826
92633
202176
109983
8319
62544
113758
85583
3422
112156
75013
1810
24417
451731
95272
96803
95602
17434
1263
5829
177456
1254
126756
1072
365710
671628
62683
51
78576
69977
25945
146934
265154
6337
26856
665765
2313
37379
20857
90897
9305
657978
73060
103931
2582
426874
1796
70096
3388
4951
22465
1631
39852
736092
17087
101521
202789
640319
96716
1035
18631
83895
1896
1069343
30360
5099
158900
4309
616938
8956
92604
97309
672864
104848
519652
183729
155328
5237
2607
662194
33916
30087
14255
35651
98081
96365
237690
10621
37939
12152
59968
1022883
2658
71244
104846
78650
60179
104622
30272
21226
173193
515150
20314
92783
71098
665843
79778
11910
12576
160837
20701
69487
473799
5451
92944
5204
8177
108185
447745
1148
269046
342103
77471
63983
159641
104384
643374
21781
130997
20390
20728
27004
5960
38381
93929
104354
649255
143003
6559
649250
71227
3481
16050
60493
21059
106609
7681
223430
104029
121953
657503
644120
647754
5100
4865
116678
97045
108485
643146
1014555
957
35545
82327
83102
62844
5077
23904
643385
105957
91323
2376
9375
23418
6371
11695
108616
6675
21169
18270
107255
325182
1642
8922
33591
1871
530631
7777
8918
78395
737534
188457
8701
31781
7975
77670
70978
21071
106268
66987
17125
175599
639902
26574
94225
85694
18555
118294
167008
63461
175712
37781
885
1030432
86900
1843
1023269
62361
644495
687238
1059772
21310
83789
5000
20782
85228
10039
157638
645607
77989
9261
668181
154326
13133
143987
732
186759
62847
143890
122737
96654
29951
3613
642504
740137
7880
109500
227687
646063
105822
13697
4242
82451
18381
21068
384
7815
87880
773752
177809
16389
20365
108567
18527
68124
111351
37242
31756
143842
114385
35280
9433
234750
20996
12625
2600
13121
32306
175594
1715
122130
124665
27297
21551
391
20409
4987
314595
4222
6815
78643
104299
74518
137982
147411
32103
5905
11830
65868
30003
87980
18733
61496
3206
33606
8514
2366
94996
227
7418
26921
661994
35765
20539
95627
178589
178126
69866
29810
4839
166746
78382
10032
20605
63729
104165
24839
21072
3777
19989
129280
20717
89888
101790
1030118
38466
17928
303724
101633
4974
9947
77222
184439
123978
24070
21082
69
1138
2721
114313
89911
27463
94605
660471
108561
17724
6956
74770
80274
93205
23966
36675
96113
26989
21281
77935
181443
164581
25166
237777
75144
71218
62917
112147
57751
6505
9142
21108
22776
9306
7752
228945
381699
671658
37335
2306
1628
1394
3851
94166
88588
66370
649251
4586
9077
649536
209878
16812
3969
20075
9382
114470
105792
175640
95344
11908
72602
4081
196425
79210
6932
287783
30056
21120
31904
94751
82161
62610
7896
89950
20260
15289
2349
93553
94958
16421
68024
19754
2238
77942
50317
71283
88527
69816
74838
90636
38350
1005208
85743
101217
4321
904
93032
218037
644311
62336
111263
82167
100795
159303
12738
93302
30861
265268
94792
1892
77748
3557
79180
643724
1083014
2850
666953
4139
110087
1037570
6410
21555
20954
2118
178835
26002
645507
6490
87892
177792
5175
143923
167214
57269
126112
82454
107261
88585
5727
465
646742
77962
799296
104774
670437
1107723
15533
686372
60324
78125
1927
434
295011
1113706
661681
26102
104726
84514
132779
73355
94014
25127
664091
175622
5996
72468
15500
20271
734791
38510
93694
57840
70107
222793
21706
104102
20406
6622
50599
16407
39
950
20798
20694
172002
102261
29673
67623
112683
31041
350
296702
95297
112702
99715
94255
37530
2743
155689
112300
71212
15711
39126
33587
95142
63640
100140
86567
52183
20084
84358
1163
47070
78326
38290
336
20131
1069968
118741
25152
20178
6397
63674
1667
10404
3064
33712
17762
154907
658219
672677
419378
38303
127652
155184
95285
77264
176101
66333
21401
31252
11026
17299
104574
31219
11413
69823
38250
12976
30217
96946
649526
10314
126444
1026495
5572
84856
270785
12676
14262
63279
116977
74779
96359
15755
643041
20104
7109
89597
2701
237413
178634
114525
8433
82058
89634
667551
643442
2931
178164
33849
7518
696110
163501
51709
244830
649215
175758
24794
20425
59903
9177
644348
230564
198390
1065019
109559
7737
72506
63427
135632
661746
60431
166685
206141
107905
15182
20203
44016
2965
47780
288001
38467
234748
106090
1539
20456
118759
649220
2754
679777
50680
30031
2978
20620
20787
118634
20585
5767
9070
94903
118525
110159
233413
642530
678158
78601
96487
101603
156906
105906
55184
6025
77805
92674
21238
3437
17252
81944
5934
7810
2333
95841
67434
212
176991
71211
6312
5666
80239
29170
1247
117939
101570
19790
20743
743481
1175
59836
11902
3425
792
48368
100165
216585
25574
22538
643349
20674
251218
5978
94953
57844
26575
20018
234732
63911
168002
11922
62915
9449
643238
230682
1013878
657916
775
38030
37396
1018746
292635
82009
4870
62668
91402
62199
30648
32056
94229
269981
7890
197779
90002
55802
71106
60226
181324
26868
90508
2903
111149
180583
20246
20554
1503
117483
489992
99641
5838
1089908
640807
4369
658218
26948
227150
29238
25118
29584
46296
20185
665179
64091
170992
11839
78158
88559
36267
36085
129953
20863
645618
288850
24384
3479
11942
5487
77482
127492
60614
639921
17256
36646
59764
43742
20959
97297
6655
96299
3824
21561
3505
345704
175778
9168
60233
21864
736804
36711
81703
93028
2107
341292
6048
9255
7988
11334
2534
4868
645630
1130
37275
94188
6488
80192
635830
91276
3840
175697
18943
185094
91894
166181
697492
4122
51046
2497
11289
1038581
62540
176905
20536
209795
77297
20416
118793
665309
4238
94670
2660
68036
24226
5500
24585
678162
167608
891277
136589
9359
77502
68030
685773
80674
14436
124926
1011812
82473
731847
188186
4788
20208
1006086
66349
94710
60252
126375
85658
104974
3432
409121
801695
62
20282
69946
101845
78205
6310
140
217686
230964
1363
63319
38347
134141
972594
20621
19144
701576
8006
94584
20046
43826
93528
167305
107075
30025
83490
20284
24190
38333
6689
95432
647049
90975
20089
224
114443
2569
649910
78779
6744
640774
2731
672393
191415
6299
6456
96680
20353
16008
649266
3747
17105
91507
96750
30879
4725
92938
4887
86138
63413
8368
22746
2699
8470
104595
38316
97313
59723
3267
8029
33584
1057881
994762
16732
4995
37955
33568
167711
91990
92718
79458
2692
14795
226650
222550
232413
106694
111080
103906
176656
212038
94246
125477
244110
20808
93020
31626
486
182368
13666
992
63827
3946
86031
656639
63939
642840
65594
11364
186755
74713
96721
2925
4779
93329
64017
112546
4732
684318
37487
219915
21195
118230
11170
3335
167589
356924
95418
307598
33669
6225
21302
31199
8495
37184
17264
71169
645639
167578
29675
139068
18304
163630
5671
154435
47472
35429
226683
71123
20351
21158
657964
20950
37722
89002
110744
170325
116544
642965
138717
62739
530
106979
837082
104098
658117
133962
229307
46950
150063
255
136958
301524
29567
23318
67742
4617
108546
20026
3497
2356
170621
37055
79955
364508
160766
43685
107011
93556
645472
21324
1032923
176950
59865
102937
2382
20848
5430
2162
3156
15355
6635
266819
92799
20512
4723
48
40103
106404
72459
94414
115865
91257
685055
38470
37590
7826
64070
38399
105395
646130
18857
132759
133080
206751
3957
7715
64104
95041
658371
29679
1381
90058
2817
97001
131309
6406
119021
80250
78613
124071
137483
192249
678827
108502
30076
99750
74793
80293
92776
1029
20083
196138
6550
100049
79606
154961
43743
20397
19724
70151
7329
1604
657924
216
21229
1029159
651739
71602
18113
96965
49493
1908
35814
112192
2407
204259
157635
161439
106393
1973
47434
107422
114461
20477
30322
1526
11913
3152
713655
58902
35565
87920
167751
9041
210038
187112
118777
37305
11461
142189
15261
6529
20570
1087
2879
16686
117307
32502
87926
70613
2814
58616
21018
31038
78572
116948
23072
42257
91014
342060
649210
91404
66391
3154
175624
752362
83731
107476
79509
28137
404396
49364
1059736
101719
3807
62184
13640
21199
19714
60455
663849
94393
30180
105212
153310
23022
23692
82460
59892
21350
104891
4258
122845
660454
74674
37132
637295
10
11714
44093
54813
7924
20952
104389
111436
647869
83213
6620
118519
17281
637855
109522
38472
110466
95220
39827
18465
28904
92472
250441
108927
5546
35290
3138
77414
75015
4969
51599
12240
95761
77778
939679
741978
1105453
26936
242978
89715
175709
29954
226567
33553
71018
3052
20228
107324
3429
92707
995708
110177
88597
106174
29662
96154
8394
106115
8730
71164
1601
74868
35377
1036235
93076
16616
96640
640978
166662
23141
20785
236902
693888
659969
30629
108441
39208
118768
72498
101568
81915
21989
30106
14349
200306
