249069
657449
20071
1239
96070
1101
5205
39102
104677
6400
3424
32997
26084
102903
642782
3491
729
469
21159
62903
20095
24732
179149
662634
4185
1071
883
252756
1587
29772
38384
928
69931
1210
362
80439
89639
662158
2196
2774
18938
9954
1039106
645916
62601
66332
646628
2485
8256
71193
21306
4480
268336
3008
91958
47794
1036
210612
1494
1190
114921
18858
20234
112773
516
78799
8856
82035
143923
2834
672567
2973
642989
104098
70578
950
62726
18562
3433
20754
24977
13024
2234
20857
21289
14702
38388
96241
20795
25845
77260
4050
78611
63442
88604
4333
665749
2759
694932
126137
3162
2720
3523
7904
889
275
82109
160789
35660
403
175715
280435
20586
661610
833
20081
5826
657377
684215
21891
2367
55023
648298
108623
5135
20532
21057
658459
2511
2708
19462
866
94059
1489
17943
2711
11356
105
884
106354
23129
642861
3673
643719
27976
21019
1259
662350
2559
642550
2344
104848
27685
155431
18613
230052
21239
722
3899
31080
106976
38585
3101
801
115240
146937
685071
4541
18172
5872
678999
2525
642490
8879
9239
3916
1147
515983
805
642
21241
742
37255
60324
646255
650456
27543
61543
6210
1845
2608
122825
15143
97346
21125
37300
196
4
37027
37063
1009453
69794
21080
4821
3219
2810
357530
72481
657357
254926
3371
75543
33669
36072
4561
71084
69787
132538
20278
807
26352
649243
646667
62875
18105
663582
20044
185311
110104
35545
20024
4707
96926
1013167
20964
78636
2844
2282
9734
4844
215078
27203
479
222785
16013
108601
79719
131027
108617
20363
1495
137363
21
94026
6375
692623
758404
20411
11303
20011
3477
1226
3665
72639
77110
78450
672244
2962
154085
881
3557
93659
20029
92731
110697
5929
18763
518634
72399
521930
104540
1244
4892
38374
2719
75799
684303
122093
9849
24420
642536
102936
126756
20813
17270
660573
907
92009
2423
107678
4562
1152
69888
30173
4921
9286
4049
1011428
3446
1011763
9405
20836
9109
47763
687
166594
280986
1886
20067
642667
29579
17301
2846
1679
8184
27803
11866
793
2686
850
30363
4435
14371
660234
642877
6518
18792
1168
482708
4904
3168
38409
107011
37129
9344
41561
732340
63732
997937
4767
128675
167
409103
2822
1232
18863
27836
20988
104683
20306
2075
71119
10549
6810
22014
71075
234692
20753
3750
419378
373537
33632
646367
78525
649234
2316
2782
4814
20868
660238
3683
6475
1784
1808
52863
340
1781
4751
104299
8607
1203
695747
1179
93926
802056
30212
37398
131024
22367
6269
95584
2982
32497
4894
110744
645693
640017
1860
114387
91268
1007994
30175
700
6479
1048329
51821
24033
888
57500
12825
2422
5203
702853
60085
7881
122853
2538
109657
46218
30295
890
660219
1243
7416
20870
636736
237683
1118
104149
846
109988
6267
20110
64017
1311
106984
5693
636156
8335
93539
4935
3941
2117
33783
643279
672652
30291
1490
728998
153702
989
3589
28179
4613
106500
693875
3600
831
38315
28938
25715
1707
27171
21341
642539
8291
662159
69853
11905
20876
2953
20178
4241
8809
9305
15499
26781
105766
129912
32877
919
33
25098
93
698535
50680
37661
170155
9440
95749
37171
825
298366
1271
20635
684219
112235
18571
1574
10418
1858
1182
639961
6386
77327
992
646684
5926
6415
20150
645647
17685
697830
209
124592
30374
17404
77607
85327
2286
107559
1273
70661
77935
75044
1507
5234
263711
75183
1258
4942
79641
660221
3112
21473
131799
22512
3
643569
28559
79927
62624
122395
7827
97413
4842
4991
266503
677561
1265
2378
678165
20737
112201
62833
167980
2473
4244
17263
104127
1001507
46
88678
4220
480825
9061
8969
33893
4783
30248
80175
20280
209269
406
4418
13567
113440
38337
19997
155521
162035
1224
640016
104537
695405
104365
24395
2499
105477
59369
38246
167570
57914
118398
838
13737
644920
20323
104539
674
9357
96987
6437
956
17287
108796
21139
106988
197779
17283
676602
3306
69320
104582
162026
123842
951
77306
638817
33635
6425
280407
1708
3695
11479
78649
4406
118729
153277
8000
311
3048
11923
1910
9450
9348
3739
1820
106983
122914
94914
12213
117130
3099
82460
1070
20104
649853
23840
72526
1368
86340
40330
84948
116
29769
37127
880
44005
13499
177792
679090
676429
295011
645860
4958
97010
25683
3948
282823
1593
178876
1246
124908
113768
11879
79180
510
105327
694116
2574
106347
642689
44012
2249
114445
3482
1967
15472
772
63717
649123
4293
92011
79813
62719
14777
2032
1002218
542
77295
2632
643702
47454
17416
19951
679657
104131
25520
27019
4443
1069
16050
35290
11852
69856
634
110194
5394
37956
108439
38487
662160
1013584
5995
91448
20256
686673
2299
77319
360505
2732
6622
402216
673984
37140
1041
95895
266851
110677
29598
35825
28195
661399
101920
17342
21709
27053
527
68024
1242
649455
947
656342
78451
8497
94069
643183
75567
38541
8745
645121
3119
705
278192
1252
20572
33541
714304
103
10036
101442
17361
2425
3220
20201
3533
9355
50539
37184
200695
376276
3912
24198
6964
73236
122057
645702
661951
61867
18750
96886
635830
101639
38308
63672
231216
93823
1024
104102
35016
701
653253
4301
6540
1354
4994
37277
6331
96350
6710
107408
5455
95581
167685
10031
214319
104181
37152
20867
104555
2197
20863
21660
20686
78622
21137
6322
71
38428
1431
18287
20153
1883
22755
115673
4531
60362
5056
30049
108563
20087
27682
716316
3231
21916
10843
42412
77275
513
3549
179121
902
101770
27792
97297
167590
34901
2483
8924
17713
14250
20784
62842
92604
24739
4805
2301
2049
88985
94614
18914
84977
195079
35896
3583
20720
675
2026
21112
5182
155191
48558
20077
66013
104690
640862
20486
106024
25591
93269
94524
4221
100778
79781
64104
8617
3872
33392
186563
2507
162223
43
2420
355471
4689
684216
88573
9149
87867
491
21029
203
110591
24020
116989
3564
7962
77474
6756
6533
9027
62632
802
57936
4112
11904
11331
643033
172933
62571
662416
105750
184333
126085
64787
383
78382
649209
29974
2761
3976
100740
104698
71153
30444
176637
93296
92745
296
637262
20455
20829
111520
4229
226625
2349
195331
4852
21065
143842
31427
107399
65403
649092
20990
3061
9162
70137
62629
1834
67931
1023
4771
5129
21472
20663
101830
10598
18880
106990
454
4368
9402
20145
661408
3516
7730
213776
106883
63632
665215
651571
77321
1078
5156
1811
18679
651485
2135
20049
20522
279498
1450
105313
2548
20434
20508
47764
20806
1704
195579
84193
1282
96710
10826
649232
46868
107684
69807
642509
194880
1149
21549
649315
5037
5463
622419
616
91921
20799
60243
125688
78582
164636
221169
20216
104132
71195
889125
4718
83626
94739
77273
21304
21097
5472
20558
764510
2724
20288
20557
75027
15152
810
27801
20933
77
21789
20457
77252
123134
2693
33717
7784
401876
1185
74738
21430
27814
65170
643172
4623
94924
1837
22745
664092
9403
645505
20789
92996
133936
640363
2673
33920
104696
37403
316
29595
63601
645631
14569
94343
1828
4735
2251
20401
678168
181087
15691
3675
867
33129
636782
12366
37201
20654
1896
91291
63544
657913
20551
4149
25118
51825
95611
20364
71218
72485
101817
63138
16048
84866
114111
8364
20941
33787
2727
71132
11945
21142
8476
111352
21963
15585
21329
90522
78640
20277
17258
17709
108832
684318
6659
77613
2232
3971
2661
1657
4872
5594
32110
20921
20592
265293
47544
104534
181147
86430
4398
193016
21725
2222
384
4897
63481
642838
28925
222814
12926
79195
646129
87930
20666
75026
887
640379
32
167815
702943
6473
11916
2898
202026
648308
3405
661498
20137
172077
6722
20410
21170
18634
104196
228175
4910
78652
642457
717
105465
1454
717436
2470
807472
12114
21217
4463
1384
647829
11869
33620
22641
96729
90212
122761
30907
17391
46950
96918
6429
230013
84449
20746
4895
50599
85583
20409
118893
388243
33741
21017
6465
21202
11909
78273
645583
2131
7708
94297
20892
112163
107224
85285
107575
110664
4730
61023
661448
323006
8591
6422
82334
20327
7961
114327
1853
37057
93419
5064
77812
21312
14415
26666
642499
71076
9414
1077021
718
104700
20750
4979
1983
27109
758957
20010
134032
20999
96567
37353
92812
25256
21957
104704
11919
37314
1007432
93930
30888
642501
455314
12094
126107
82462
26856
4889
29149
201469
101619
11795
1999
29997
638610
1041808
269348
4347
46682
37315
9324
21222
649536
37344
731
12684
9291
60392
20817
744
222724
13771
6460
20494
1735
374671
20442
686664
77330
2539
28961
21261
3515
4955
138511
7621
30029
6018
4945
690002
18841
20513
886
195547
106992
6747
20519
20902
701577
160788
726
310
21640
30174
1073472
8386
105014
106959
4908
8197
89585
2569
4459
1012
38343
104533
69813
50317
93937
38387
6462
847
21276
11822
133185
187112
297710
649214
1063987
1270
108510
3803
3903
20359
87758
18208
107485
21282
33876
642478
2576
59979
1088
114984
66334
82472
21061
37290
104136
18065
736523
218666
643161
3403
778686
641848
83080
167881
62828
6654
83987
20413
3408
1021638
81568
168057
656668
20481
407839
865
104462
640364
646478
92521
2879
20505
348
645456
11931
6536
24184
94578
2472
7166
20375
20345
14694
8682
1592
63923
104543
3080
6385
4642
649240
905
50487
3727
8834
107977
108464
39332
104706
1059
2607
20141
44004
61517
642713
80078
266819
8791
701424
79689
2599
20055
22566
18854
20507
13696
108611
4630
108221
1160
644577
4383
661664
1063070
20483
59846
77342
22467
10009
155186
324178
94664
91346
64022
1316
874
20911
97003
31842
6459
90542
6139
4925
38017
31413
9211
37961
914
22573
93945
3511
646046
96977
4242
248
6594
1007
43724
78757
3459
88797
20092
3490
642613
11868
679347
24064
20164
1018
317
90811
21214
104703
166695
31274
1814
2134
108785
2710
105821
9895
4790
684316
5701
20035
21231
11834
21237
169
640934
241
59878
21345
208974
85658
20714
706
5044
37068
4696
660325
640858
5860
43019
270806
3792
4905
6494
62167
5177
105791
20928
6819
661421
20369
4773
93528
1741
5340
79243
1272
126133
22994
3883
43513
7915
20205
6779
92796
20724
18819
4106
657919
23631
3996
6717
7878
11350
20252
315907
20977
643250
3537
3375
657640
54813
11837
90545
4828
186778
77298
4965
21681
714495
85780
4553
252958
102915
2121
1709
18370
96711
38391
60540
21116
69812
96360
196483
638922
94735
160838
21599
3708
89583
1703
16129
11809
107270
4303
4728
33595
77748
2161
20692
11009
104554
29504
290
6543
83377
1269
661996
59970
82097
11849
123
85746
2172
38510
108463
9378
3478
1997
107560
24070
3514
96919
105467
2809
13641
646289
66342
15895
2603
90534
37250
17714
24061
3973
21604
37954
91961
95252
644567
6427
20596
640399
63945
3551
96119
63838
1688
1600
667483
88732
640628
106432
20735
20303
190657
84872
33860
82009
123828
172997
18619
234689
94199
22776
9358
1167
643162
33694
5237
20315
15577
662219
19583
125849
6510
704607
664533
2779
4235
3217
93225
145259
108608
20603
5048
77338
20781
2479
4082
4986
2462
18054
104689
4744
94164
4843
78345
6287
5702
21351
88709
280712
175423
89985
4248
8516
20076
643683
22033
4879
231819
126608
37352
22892
94728
20580
7886
20726
122763
305336
660237
481204
31453
4648
1986
1032183
11870
662331
95
656730
3555
6902
20078
4305
20422
95109
95010
8705
37379
103001
16875
1041416
166656
78603
20218
245233
188936
101933
11933
3229
8480
94504
4738
95357
20910
643094
822
209690
42129
672637
82327
5671
10007
38282
63055
366
714928
1014555
4860
63475
78446
21143
20231
91995
177282
644785
28206
21685
1049
1096010
11872
21207
25127
690
26791
60443
248393
60955
638634
7577
1499
732815
88452
33594
118778
23472
4194
63683
63427
4501
83102
12987
12950
658204
79309
661611
645673
85054
20368
14029
429
20842
20106
288
50223
20432
4028
4258
7789
6404
26334
20835
21203
9383
1870
3900
447
100127
72527
2245
133563
7799
2582
10284
197040
179192
93857
6812
59764
36654
9024
118922
114465
60913
112301
113679
29977
81915
38390
23189
289368
8558
652673
375
642645
1498
646193
103913
2247
77217
63347
104130
396761
20385
68030
1044927
991906
101697
6457
72524
4759
732816
8368
141746
158754
642718
6440
1250
649283
90897
4372
153584
20657
662189
84871
14638
4777
75228
90607
379920
63531
5466
16694
644543
656716
5788
96945
21627
60317
679387
646231
30920
160870
643765
18117
16235
6067
7060
79272
1008
101695
1040337
79166
1706
153310
2689
3769
1998
1996
20417
1249
24616
645172
132891
62638
21115
21343
31138
642672
11910
1008561
3677
6838
96904
26163
20518
1267
169703
2965
1090
206751
106534
20649
267793
23947
93567
646419
639902
3009
20972
175666
702852
1885
105733
4946
63471
181324
118537
3790
124310
30032
710
96487
29280
71067
63547
1856
3651
1073128
62966
20429
91327
5698
4787
151914
1819
21081
67434
6633
2244
8468
8839
3618
37259
47409
30138
781521
103453
25097
21877
96363
4007
11813
137982
20370
55879
104091
177456
20774
200306
1124
20121
266505
639471
20052
2227
3927
2105
660553
696115
803
2500
102513
199208
104320
11823
11914
3422
77336
143837
94185
6576
22551
17927
183729
460
17870
78395
20845
10
2416
11900
62792
1156
21016
681378
14823
4314
47555
1750
4259
4382
96561
2448
67925
1005895
24391
7125
20713
82142
3869
862
71634
2363
102395
354217
104956
20748
269981
20734
853240
83929
107567
63441
104031
1097739
100881
94301
1114267
646812
642771
11845
645120
1066251
73232
927
642664
79635
616938
72525
20780
90888
3837
118686
172979
155
78280
87927
70153
49687
95051
20112
3450
26742
205673
106932
104135
1018746
119724
665214
20685
122900
21025
1038962
643181
28232
78606
991893
4833
104133
144624
30952
28514
90535
123040
518
5446
62850
6674
15715
126129
21250
107899
63962
20538
637333
151639
36547
337884
4741
60224
3360
5451
1294
37048
92972
49535
25933
4997
85529
24372
16260
2497
105934
95523
9468
104407
661391
20793
20083
9258
20976
17435
1319
95945
7719
1066844
117224
35396
14269
4324
939
4820
18783
105925
131859
111330
20297
991775
23582
37347
5925
1228
160751
95562
1171
3638
116547
107367
30242
4488
78411
247255
10071
70413
20733
645490
3740
21192
160728
689813
20687
100760
21013
224770
954
104134
234659
77352
2149
164829
77720
11286
515150
10004
14
73213
68175
222328
73158
168002
11856
20033
23133
71109
19999
85052
3221
107478
24536
728304
84996
26353
279476
20266
9742
114504
92267
17267
37120
880810
69791
2087
5114
17716
20189
9304
177006
93310
1107700
69786
660678
61315
1794
661070
37334
113
106648
93723
122850
63413
6721
20232
71460
78677
649527
8724
48598
176957
26989
20034
1612
166705
236902
21055
9449
78286
21020
234683
3802
26479
264206
656425
701317
104532
95079
20373
20576
20168
19297
17
11806
17845
689971
1015038
4847
37132
91172
112194
741544
8490
645568
234735
661924
170957
141
7779
28148
27038
212394
19724
23036
198858
23072
27246
18733
18147
40403
21052
2312
84683
643560
30133
77598
63513
93322
277758
4868
303637
20157
8859
16049
82026
23506
146934
217686
800
88978
1813
1985
15743
23462
662527
4856
104675
193227
100270
30933
1261
305845
14812
1601
43734
71251
60204
63987
104128
13593
3886
12579
2307
67934
6481
20672
21353
20358
62826
155517
21028
19943
160416
183844
22888
82156
91966
640047
33864
240396
90511
175710
4851
5108
1037572
37297
1958
280059
4657
107928
1418
20520
27305
20394
2520
18519
638603
2528
3473
5035
642480
1163
27644
32502
646
84856
21632
5059
274921
1056356
92506
105206
105822
188807
5091
295326
2775
112199
16940
208123
20644
7028
24778
33605
8874
222602
774646
24803
31781
703683
160264
59613
643278
2085
13449
170621
21783
640928
51841
63585
133389
673641
7651
118598
966
106318
1522
29170
645576
20655
117128
21350
96155
680246
6587
3471
18674
1044823
6651
87627
17295
20906
677039
912
11355
94834
107019
77316
47112
11922
241905
6448
61397
70818
20717
16255
78620
17256
84907
60252
2519
71204
107600
59934
680296
4913
28919
788435
78577
90589
104686
266858
153647
20567
998605
657336
335
252825
9142
29566
30113
7487
20289
60452
8573
647754
89804
9233
44980
821
101792
1417
91276
20631
2814
50592
1176
9021
9391
66016
78730
57889
27562
20912
99484
175614
38298
278207
2152
5480
77979
103824
77838
3425
107902
3842
1089811
995816
2306
9349
20066
719
119031
33623
64061
2557
1363
20954
71038
9883
1351
926
26391
30862
124730
11963
692462
99129
20209
1110376
21062
77325
2702
20391
447745
307548
684437
18112
157635
63451
364
1624
104236
8099
4196
46884
586677
4190
36802
27130
6731
1181
90
331654
1822
7999
640488
75025
7356
1364
27259
581929
25434
649264
3882
511
92128
21513
51827
20014
27104
643035
20299
99451
20228
91275
1020
142911
660230
243544
20128
52183
4691
177794
23007
20888
713825
9573
20439
30192
5138
740
20658
4012
86182
3172
18249
30131
101902
10621
75008
27683
645523
33825
103278
72764
245019
11906
36005
644647
63819
47545
12254
11955
2943
21117
4848
1832
6289
644398
77294
14541
1107723
777229
89951
4084
29954
234787
18088
234675
1006931
16172
5004
1628
204597
7810
21338
95464
77340
41402
1068
48362
20227
122773
715909
20291
314096
219819
19074
2835
1767
95848
154862
4239
809
102389
20199
637244
8423
3493
77320
158582
1039398
266
253448
1991
130557
93556
22457
20660
7023
106110
11831
668181
38091
1892
91298
20861
108680
33767
71885
20013
303834
160814
77269
644495
20848
642564
827
18436
111467
789
18028
657450
37355
206548
4733
13600
2333
21315
60611
71051
2534
20159
63593
642581
172173
122896
20335
30951
4563
21219
2162
21499
660328
30341
72587
88939
8153
1850
649608
15365
28491
6508
3546
139
20075
63312
234732
20061
33772
451
7975
15708
80239
20330
8548
6025
137766
660571
166730
30923
3957
129268
126741
89752
126117
63745
142963
63634
59608
4188
104039
163440
20392
673035
280252
104095
71141
37358
6382
11190
6761
15533
37177
6235
36628
30776
17855
218232
106986
641694
665744
649311
78063
23314
79778
678972
21127
17737
3606
123220
2444
8633
134129
20898
592
108603
219445
5584
638614
72534
740772
101482
715780
642549
12682
59852
82058
62756
21326
1013878
91942
97109
147354
251218
171758
8595
38373
108441
11877
19875
153914
20202
5109
1461
72547
13922
197770
3548
649310
82161
1133
49647
23154
25629
29590
2825
3155
41397
21153
5148
32056
20690
122147
110068
89800
36553
6472
23429
9531
6780
134967
96553
37363
97215
136261
643591
1025810
8922
20192
100171
7887
18823
3974
107558
71078
107898
226650
694961
2089
1871
20262
645686
5093
660227
2242
4018
1847
2847
686692
172694
101094
18025
21161
20555
21033
1897
17715
23596
5889
106982
7752
172439
1595
766810
5423
18481
14349
20316
30788
64425
646686
643420
88672
7205
62853
74518
33690
93302
61464
1033692
8213
97009
21254
646063
481
322922
192814
18302
6453
678108
825828
71164
1947
20878
64125
1030085
707
17874
660454
4739
11273
6635
741573
710072
313481
287959
2233
33654
95432
642537
41815
22373
5954
20381
63622
660229
63960
33705
220754
26639
681379
1530
18507
66341
20877
88534
175625
62312
1009462
33606
106245
56644
4757
2153
829
103015
93511
20761
642464
125304
20423
173183
74438
71240
66987
5197
442153
3848
2213
67947
20624
234784
101727
19572
23566
1019953
21271
108118
11913
63752
104856
20643
159164
1334
110087
93182
158
69821
75060
97378
9038
8893
78369
72682
642571
3796
28072
434141
27035
118529
7924
1007584
94983
644766
35520
70141
21068
16007
22210
644688
303713
116977
10634
25524
4877
53653
698537
6778
20697
21174
105533
313
21251
5139
6485
66500
20257
72650
21187
112330
94579
37487
607
131002
19722
108493
101386
79412
122874
20349
80250
94518
15230
84144
6753
226683
656050
1848
104302
91954
713685
2598
3015
82469
60333
67922
20404
660345
738883
20333
3126
732
154828
45094
63543
4555
661746
646687
642738
715155
93886
4351
2095
3926
3480
65959
4886
232018
529
31028
93706
96717
170880
1830
3709
643146
160739
325182
1899
17119
95655
20491
2900
10924
1030950
21781
9552
15807
175804
175688
1006086
6410
63993
72498
6474
9394
16115
5630
1974
20542
640636
4980
6658
644679
8934
193049
11964
16060
185910
16948
21294
20166
182588
12194
178634
696509
82336
28936
91525
112901
6504
67980
30386
129583
11884
4318
22478
82342
122800
36085
20758
112392
101951
653564
20856
84808
16099
4724
22104
137522
642783
7347
4930
706630
671628
25906
6424
4723
7863
21182
203823
20051
21339
641261
70147
38279
3991
60602
2122
23850
43410
649286
20412
2903
6672
21039
4800
16679
166655
104688
55356
2428
8394
167305
62843
4113
646670
27320
22636
211400
195585
849
20874
73021
21079
156802
2931
30256
111149
101883
104697
20116
1187
6689
176953
71210
57431
16346
95132
7811
4141
164364
29950
101249
640579
20659
100958
13492
81498
21243
103426
101600
57407
8181
813
56141
75015
11894
642965
95369
4177
23976
4981
656084
94401
78453
65210
53400
116052
106418
23353
219915
91861
21325
20712
27901
2046
4729
135193
3402
234750
20546
17062
51268
69977
20945
79601
26335
31219
6486
21050
663549
32823
8898
728
357976
21048
108477
114106
20616
660235
20089
645596
37169
27332
77627
64028
154555
644878
638632
4607
47714
75011
89768
46232
3728
3358
20241
20114
93074
162635
114470
175597
643337
84610
5425
3999
37908
20661
24048
5086
44521
126122
673305
60211
17955
1891
109500
17087
9192
11778
425796
101623
25114
105663
79232
21205
21408
71245
180661
20739
38362
764160
1649
108546
95829
21275
7751
18887
688098
270034
63528
92974
57886
81680
25945
32009
1083014
106143
8419
6048
211139
921
20420
57844
89732
75621
665426
6395
96688
95825
4079
108388
20891
839
142239
104012
96515
7925
8158
108516
4963
39922
7889
69875
59983
837082
20317
11694
20809
192714
766576
94326
30015
6314
189348
1085146
643213
188544
101721
324281
116313
20834
643341
39965
7606
36712
643474
23896
95734
107858
638807
71105
81687
261432
96225
272808
94543
160876
14255
642794
218240
91777
116583
213
339302
94272
20575
21940
660706
107331
4806
1584
642369
126037
28220
176182
314220
131574
18366
173193
3604
2629
7790
45391
660164
30963
173301
1836
21466
566049
30879
61491
22778
35752
36885
21100
20605
29171
71091
26622
18994
653537
2356
7864
662129
684217
133
19431
649184
1003560
21076
77634
57924
78359
115722
5549
5273
33928
11865
4778
18684
3824
94140
20458
70131
175739
127837
21001
74793
110046
23734
23933
10496
268
20063
33579
24190
82
19616
674081
640292
20342
4570
20393
644827
21327
1889
60203
28513
164
6274
11238
661420
646714
104726
20772
101267
5727
27339
110048
8141
20271
188460
88933
2561
20126
23654
740743
1047838
661957
684221
24312
3399
116948
104202
676110
90162
644786
63414
12704
1015992
208273
104705
61882
694765
264833
122673
9147
8216
74097
83557
3530
62190
20844
85926
23141
1016
686811
199860
2731
642840
13121
8640
22746
86185
426101
29681
940
4989
96698
118286
88448
19988
17238
1090958
96060
90995
227987
30076
20446
20618
124360
672595
234652
712001
107901
678971
28935
20897
5420
5538
23017
10573
642631
92852
645688
9935
30126
4786
93892
20001
693224
22409
19998
20018
94452
643335
325243
20427
3394
1119831
107882
75024
649225
100173
66349
31038
84542
20156
429902
663745
648375
435225
9321
78601
663503
37339
18462
653432
33553
721
105532
60083
58419
2405
71779
2076
2764
4482
43935
180594
182421
9326
306193
22088
11816
645629
661681
63924
20371
6466
96654
676940
649910
15754
20944
160734
37179
3503
138992
131393
160766
37872
645727
15640
31287
107848
29586
27760
60449
376
20372
28945
20901
587114
118329
63507
70149
247
2527
646745
660705
17105
7806
9070
47525
11944
20939
5462
126853
62752
112196
200394
212038
42
726585
159537
3813
787702
136850
18420
118816
82465
47543
21167
640820
11811
385
389
293716
873
571
70548
96934
91402
20563
104891
14026
30217
77297
172980
20803
36313
1015
643985
44
116468
47780
8789
4020
93081
1014821
100117
20107
101942
6974
1446
227
4617
1901
136589
123093
101699
8108
192967
94094
3215
63325
2194
6319
287958
30003
254435
22833
106991
307592
660251
30629
96585
30669
9051
445
5753
17275
92523
30648
1831
14126
71227
647070
30815
5042
68027
46679
112197
649137
77305
30258
86177
33604
11215
111523
12140
660700
27849
643623
37183
51616
373833
60737
29500
197843
1014857
175726
3370
301
93536
2675
78865
644036
79072
645595
127697
4588
66421
20866
660639
10111
180990
18123
37967
732826
214187
134133
30809
95785
1556
4781
9416
194
20477
1067230
1247
373809
94751
78641
93479
92122
11793
4902
104343
14668
92197
1908
314595
29601
97099
642768
79536
106115
86093
6754
78042
3998
69833
20620
129497
1254
11697
30851
2243
143003
38463
60095
22362
104384
27245
20356
60491
5654
27647
98868
9873
665765
21465
83490
71359
15745
2496
175523
8744
2166
28026
96
3568
232346
651739
86605
18040
6519
784912
88414
220916
4421
3921
11857
3437
60473
307598
89755
101777
22828
2114
107427
20180
676936
656728
2891
105386
63049
90865
140471
83930
43826
79210
38371
3277
31475
94545
10589
20595
3526
62127
20415
62662
391474
9995
37242
97164
226129
645694
32542
21168
113678
98098
21124
137045
83896
962
345704
4854
202789
10984
78625
4694
16421
3908
640372
2123
6636
94605
8382
227895
139388
74657
24691
640334
21026
126444
20638
18047
106402
20811
20695
77946
101610
643684
30274
194861
60426
4110
645612
72504
126291
20984
110904
662614
30000
88471
7005
21864
17309
81288
71178
455381
30322
20012
77888
3046
20007
104538
649236
25460
13857
2240
72519
9436
95623
5160
11364
78445
18244
2754
25030
95694
21562
80058
6956
94665
106688
1079206
27774
646346
99715
175643
759687
770
642492
74689
118297
4393
4949
1440
727861
77262
106977
3558
6381
63743
5987
17259
660492
9267
92098
235458
67860
115931
77304
87951
71131
6680
12858
88597
96640
71221
1305
33164
4144
95579
20300
1487
1056445
9206
12152
38555
7893
101521
2223
95142
94043
29574
60312
175833
11977
192412
74582
95713
35771
370284
409121
642547
21133
10404
257652
1013678
8938
97138
191415
5550
6215
75020
661922
660089
2013
639
9224
148275
320049
134121
3457
1585
30230
681392
96692
9377
77714
1029195
73079
132779
146021
20905
735981
29955
106496
644775
94666
1773
144597
25649
38340
22214
69793
63939
38524
118516
20997
1263
19995
107273
35377
653080
60179
73217
6898
87926
4388
75009
306892
109559
100
4077
87959
6147
20566
47860
107906
37247
88660
92005
696592
80293
176255
17993
108324
81926
166181
995708
4719
62336
21234
48367
1037083
93933
70613
29985
62900
661612
29851
63668
20534
64117
96716
2331
29402
74838
659969
228212
106633
33615
10242
23955
101872
4081
103036
91284
62526
104565
93364
110674
13657
29570
1631
208988
70121
9356
27714
272448
118479
33586
67923
6456
132384
486
91537
71602
25229
61120
129372
100419
21284
5837
74619
662437
4304
9382
1925
83889
62518
118852
125383
165989
396
117483
9359
133536
20353
36755
36267
38352
642544
4062
646681
62815
2636
37670
7588
66565
271231
180605
24456
44935
106322
164464
71283
30209
130338
9840
70081
100795
16969
444254
30854
93632
48652
26850
727690
11484
111126
679964
49955
9284
7895
287783
18878
1841
660793
6054
122130
124941
87996
98120
58097
9867
105960
640500
105615
1937
71166
82454
31994
657924
96988
74794
9947
213003
696110
133080
186771
77331
11921
4838
96891
4900
20140
41696
405
71092
96186
194852
9015
20230
27985
21146
105789
3578
7918
30303
12295
20484
94891
266758
175789
148650
60456
643002
79558
36580
1503
59968
5668
29292
94171
62192
21032
1987
647062
71213
95652
21240
687801
20160
858
4682
3461
59675
200788
641866
143753
30250
97001
226563
35678
186553
1863
60708
137052
1672
660216
21008
93965
107726
1018614
410196
9925
10788
93497
3788
71060
47549
189346
435250
140678
146279
20249
21070
13467
104125
178233
84737
264203
844
75287
127172
6704
22223
97260
642998
7109
95019
38557
192965
737274
21646
74773
82451
674420
92707
155423
3359
9335
110220
106348
77785
218037
22747
4332
2318
18941
118768
96983
9804
812385
222864
26414
37194
104336
76785
245293
1012808
30238
30799
66331
26574
20694
25157
36750
97108
5800
20989
62522
95860
42257
25802
10001
28908
17152
20880
20041
10552
71267
21073
155328
98768
6458
639960
93326
92030
65584
22027
13904
645630
191305
124055
94252
20058
20142
138054
26164
37587
646661
80674
33707
18972
1086053
110899
94844
77418
113629
24810
4456
6216
38397
108081
160769
69940
190140
91988
6321
3950
20978
84976
20207
20048
1257
231215
90636
347330
23418
89748
20609
61716
18812
47488
20843
2366
2058
1037441
122507
20295
30053
20384
992307
637295
107098
186750
37051
457697
71121
27247
660072
106090
38272
206
106174
643559
21102
62634
419356
32575
64043
3085
154663
5666
29978
82158
84957
686421
177322
87963
73384
78181
6676
132509
248502
657448
660236
131135
13846
107905
106080
137989
12407
20220
48764
62575
135771
1014206
105021
38322
371211
727200
13804
9606
12399
9168
22538
737534
86138
663311
60322
27373
1063520
94996
7985
4799
90562
37955
1374
106694
100126
20190
660570
51967
21185
88506
8470
20543
21248
94113
100337
129959
2118
78059
96262
2433
14297
4959
33581
21447
71179
61712
375999
101585
10283
11902
676883
76698
30168
21181
175709
17920
50561
13417
2703
4212
97513
646347
89950
1029159
174681
189260
15716
205592
216183
138401
1135
1061557
20184
111353
713699
6299
75019
30222
91024
1763
13
1112
146333
60296
7459
885857
139227
63025
29562
3577
4102
60499
8730
13503
93239
8006
23502
638790
118918
230682
90929
3887
27233
1121294
112147
12951
111031
110588
647065
59941
27323
66370
8849
97240
27336
20274
660451
77798
20111
28964
39062
65
48300
2185
100159
649210
1833
8229
1218
699729
10060
69798
1793
191444
21064
209878
104645
42957
97284
78351
3458
101575
643473
265268
76595
29660
17127
660225
649217
765202
93974
5824
14413
642671
16405
176952
114447
21235
8644
116162
20881
319604
153648
29312
18009
74672
38294
1878
164581
2099
96424
166328
63870
1664
83681
118828
115880
46195
94695
10419
103209
37020
22224
4785
104228
105847
68015
219035
102792
4885
38395
20668
89690
83789
1118122
290288
314
5146
209509
114468
312340
47436
7682
85657
672393
124614
6455
661987
4961
44090
91186
15763
62584
6539
1846
92257
167905
119778
108431
104093
30887
21109
60603
20961
29599
20529
2566
110043
127056
11932
14069
170992
28942
3414
1895
31298
94903
7141
2868
749451
21186
734445
6405
99769
5739
74538
2126
3742
33781
23044
78568
91990
37188
743910
84862
94738
260605
4834
77276
30160
5934
11309
5009
119021
264202
52180
63353
673962
3901
176681
24206
114070
17317
93764
60649
76700
33670
118789
88533
4323
95220
164220
105618
59
100140
97016
22471
20502
231362
105429
27416
706780
7086
88649
648872
5734
78107
122791
5951
31252
63989
20723
23796
28223
3208
211274
55905
67973
60260
9067
122779
178488
18176
137058
2641
167799
9115
652267
1104
81986
15558
12023
1043838
658590
82123
273581
68043
195841
108817
203053
7891
20129
23669
60930
680045
11814
172974
874122
78647
25
3025
162138
110370
655767
4265
3438
95237
49425
11026
9956
102905
89911
20709
600631
117214
51238
23888
1710
96594
82052
55812
77279
21171
17246
1060918
275744
29999
38301
107535
73378
92552
65023
114349
1789
63986
285047
672473
296702
93344
281906
82102
188447
152094
96065
59723
3506
10002
408
95097
104830
175712
4776
701576
94298
30120
103931
7805
90221
731847
20996
643041
786938
55184
20626
81703
4272
1014
78205
8077
55802
50155
1528
94019
731412
114525
16054
1070001
130945
176950
96268
90863
5851
67849
29948
4234
97520
7994
7890
29971
85347
33570
267663
122126
106092
49750
21004
61905
96542
2317
107760
9145
21935
37030
637039
21096
110466
37598
3071
55600
118741
645728
156689
102878
7867
126195
86501
2648
142358
1059772
43055
77482
4818
82306
133962
96529
2205
1052212
77593
81054
305515
12892
30338
111389
52579
20539
47878
643201
4316
175130
75179
4174
116544
17292
92799
18807
78332
16812
92717
174944
7877
2208
8952
18555
25988
124956
30024
71127
77778
111634
11886
175786
790701
640510
697819
19821
8226
494735
20552
39160
644353
92993
51832
7731
60900
20578
122753
252753
21671
19993
145002
12074
661223
6225
17422
643151
640978
3959
21003
2373
713047
8677
2739
100768
640524
12442
60341
4653
23676
20165
91989
78514
63279
78076
122688
13703
28107
646846
19754
21180
227195
102374
177213
5134
660226
92843
270355
16515
3194
95159
343060
251576
60
37595
164664
70144
44016
27538
745633
108570
110103
645817
107311
345883
24042
20998
62517
3602
66357
20619
78125
91287
27329
113845
364508
18266
38259
107392
234756
97309
112242
30107
60504
59834
6345
160697
8405
195537
106450
23001
105754
81826
69460
1666
135351
20210
20571
708998
38523
640353
4222
31339
672246
664531
3427
291185
110936
8043
9240
647994
406019
64240
3770
77266
9250
60329
4279
5495
20610
78624
18894
642503
77603
82393
884110
21030
45154
71093
18871
112150
106268
170441
658706
104129
79562
89454
25752
7389
6511
1041717
54528
2820
222429
71173
10795
644745
7735
20084
21821
2664
186620
22270
665179
64029
645987
82113
8267
6137
105443
2753
54971
101857
663496
4947
20324
112737
639371
37374
35682
106653
95877
67
115971
1202
119047
20270
48717
92686
94209
660548
2346
127387
230993
94692
20362
656631
640328
73050
37952
4839
47848
62824
639681
217570
188031
91341
62921
6328
73244
247511
396184
175772
90165
77329
188186
48071
104126
21293
84022
698119
1922
12574
1656
258385
91412
182813
95795
659800
221749
44751
103388
20983
158709
20325
18304
4215
660534
88410
78628
175794
155746
63700
70604
141876
647789
4903
31965
91894
662426
71095
300534
32881
63609
92262
36597
71242
58
656720
28086
212536
684435
43850
2031
92119
130974
7831
7712
78148
672864
1057881
369202
97094
145245
59568
27308
662116
100153
37148
4024
172602
139670
18034
1005208
21503
24173
20554
4667
36670
26225
204259
62206
69834
104510
101916
1188
21175
6706
77335
6627
648784
11401
192010
72549
37306
649
3519
23035
273583
90489
8658
1052
17180
118541
26
1381
715450
20721
47496
125371
4927
158901
75606
88588
90894
641858
122889
93249
60123
21147
1038170
30948
67929
18008
7883
3508
18689
17148
96572
84140
65857
7885
104171
873057
754127
138773
51938
97028
47554
139489
38252
645526
42759
103449
72462
904
643587
20290
9429
100187
106558
199358
20636
420322
3017
20082
278203
263345
31027
176578
92644
71243
91938
658001
406141
679484
72488
191995
639677
2147
17125
122837
78003
657921
170939
402225
17396
72589
82325
20487
1063
7873
38486
30234
59499
20729
21286
77459
177256
8689
2495
26960
1751
20183
30260
24710
116678
111480
694064
63959
2757
144298
3230
29556
148644
4880
187157
7856
10236
192303
63729
1141
59688
521623
72434
110159
32553
175626
95314
134082
9508
713734
11706
78639
101528
4813
63678
77657
1074
14523
106885
649411
107672
114657
23858
2594
642880
94145
341292
266712
3139
107075
8448
106521
20177
16598
13698
17722
642453
96914
94362
633923
62361
1580
21321
6544
18710
412634
94327
156
907684
70975
101931
112236
139068
26087
2355
20667
7869
191445
27331
21213
220362
657916
692724
307599
7376
2667
1099
5798
574300
27210
688078
98174
29305
60434
294514
307597
2993
90498
70139
23869
42274
642653
78035
18552
131599
9844
100747
21136
4703
20875
88595
11960
2522
62540
537
1839
36
19560
430547
124023
30092
8571
1144
38306
65389
2625
3225
20749
78607
648635
646711
93588
91941
5464
24434
108459
21015
20134
426134
92669
28483
108461
37590
21823
91446
177039
207
202261
14205
106247
71181
97993
27358
97144
20704
11887
3821
77883
662526
84589
21221
77987
95133
5690
47918
222761
82721
4238
82153
402817
138375
33015
62677
81721
105662
663327
5447
177753
86058
2464
21347
118692
40310
20321
2057
11461
21560
1010223
4584
105902
20968
78014
994762
47804
6489
20443
1010
95346
20217
170114
18643
5675
229006
644645
2855
232413
12572
67964
13441
643065
2773
3656
101845
14795
104293
30604
202299
33032
4320
10808
96018
97175
7758
78039
106129
101574
98198
44252
101795
96964
645621
644784
3492
11896
51892
77639
78510
4899
11942
419499
645502
16829
660501
266829
21324
11289
30134
37312
106217
132645
1308
11321
91763
51709
87093
66380
640930
81757
7822
64754
30917
649204
194440
80906
2695
103425
795
390
19923
95663
48947
8773
8171
95743
73963
269998
145655
28535
234956
235227
11988
97312
160560
82110
78355
60229
33612
107598
104564
76517
658117
117323
6379
93315
2637
651012
175697
100924
38537
20408
57893
999523
491803
39126
158651
94376
6013
118554
64040
759077
95447
97325
92192
90975
1963
8124
807041
112129
2716
95475
747781
6157
138986
66021
77899
82341
242540
35812
21344
106945
2385
230564
122784
157176
29761
303724
1887
102579
66350
29139
266855
741978
96243
26029
551389
77828
693867
749275
27791
59803
205232
1029
40348
6423
67623
25680
20701
101677
78575
761
21771
95323
38531
181263
60368
20334
218201
177101
1107786
112292
555
665596
66360
37130
304
84580
75144
168595
33936
94531
15711
1006176
156906
660223
659841
3500
83581
661652
5927
14262
176976
84350
14483
154445
646131
1779
649130
9852
640556
21069
84291
63331
166662
29388
96560
37243
7560
5570
11981
21273
678163
99035
86087
9497
185912
101669
215775
20553
66367
24403
8990
642495
71140
61922
190383
30137
21352
29672
3733
234699
20885
206271
150063
1275
63736
160837
212420
643128
175822
8447
172969
643694
32166
172002
4495
38264
80227
328
103451
38559
28959
25709
106499
557531
18364
690388
272086
20719
69863
49493
38549
3178
96709
85568
2450
21089
121553
72602
100099
69820
59597
8506
6620
55121
71238
104340
105792
21206
1065702
92279
9004
63878
10729
712529
179211
9885
67446
20932
97389
6196
21043
699491
18795
37947
87866
42991
27635
62277
126125
8143
94915
20021
110105
222793
171367
172987
176831
59291
17303
62927
177013
87231
26987
64097
815
77889
52260
28104
88480
90873
554920
125687
77308
21313
95599
66217
93977
89885
694078
645598
1113706
94714
95508
124867
66376
24212
85015
12015
33801
118680
554306
8719
106315
194460
85996
10277
122915
90781
47434
87290
278981
133095
92959
38277
351
3960
28137
7715
907982
2939
190320
413562
488
21229
30343
107571
33537
124014
20400
175770
95533
125316
662289
11726
7072
30044
82163
22677
92359
1932
21982
1064
7707
671658
59946
341613
22816
5803
20727
3660
37054
26503
231050
60582
108255
3193
71219
94246
62788
42043
23127
709159
1023269
96850
18857
107563
77498
686878
91372
9362
5053
658387
20562
2246
2293
22705
21211
30345
105939
635970
21575
234770
672370
1866
21144
96803
27881
107908
104932
18872
16471
122797
647043
90921
128767
167803
21555
675628
154950
124112
644313
655630
9939
75082
7418
29238
73259
25909
9169
117144
8512
20069
68022
30201
657600
96365
63391
4240
4962
71529
17905
63454
47636
85351
285863
101856
182324
73441
9351
4636
54527
26213
262006
16889
699563
19408
12365
105345
22936
1890
2400
44894
6492
60345
118553
9492
3207
645645
765755
6744
67583
30127
118531
95344
22460
642803
62142
49933
30082
102103
748336
1038038
9411
101447
53319
71185
49474
83924
154600
229031
6487
138722
8046
640056
62871
4311
96069
104586
117549
15552
2037
95176
1037570
6575
154694
20924
77384
131465
799296
3489
122891
80289
38511
567317
104832
780140
138675
266843
918
11118
6088
63615
20273
249469
178457
2315
90914
643447
37134
30288
93713
91949
6725
56386
74868
20762
1969
145542
20948
87915
86031
1082937
533
122974
314873
106317
60200
184314
29439
7833
153
16531
4943
77615
3862
884279
20174
79509
109435
642763
705155
29663
100486
642753
704
175816
19483
183681
43699
6665
22669
713508
2815
5901
95064
8665
5769
71289
171313
63030
110093
296084
642873
122759
2417
72937
38303
685773
91447
125477
1473
94234
15182
3809
35565
480
8815
10415
124214
291544
79458
33561
9396
1001949
202315
84735
1084
57911
21883
215322
14477
1049602
87850
106140
94332
29600
16407
339697
23136
578661
134117
94618
116592
105186
74722
136695
3744
640807
658225
635519
77934
158068
59903
1014855
134991
24555
20675
345162
20448
186762
14785
20269
98193
89855
80008
95218
20776
20767
31
23221
30225
118704
81981
62744
1112790
224536
20050
175725
32181
94453
43680
13959
60251
77757
75
71138
648034
640515
20982
33626
11791
22845
101624
97055
1015239
4688
3227
104541
3864
60606
189343
87918
21078
69902
3962
1661
1006489
21084
177336
80157
115933
18371
95813
1056624
68307
91411
77732
127852
62929
514
62528
22493
819
1227
118293
99166
62909
7768
104169
15611
143935
22657
2237
26624
60585
89432
94550
8362
14602
102617
110948
116527
127362
528218
94710
1150
110494
652428
17725
217187
13119
102327
138595
124961
646083
3066
20908
29195
191569
9395
1159
64109
1933
9366
107900
93232
95315
1030118
49662
658205
95004
175611
14122
227806
1411
186461
81453
674264
20689
681268
90087
25169
77090
20511
35738
8549
9393
687221
46724
696189
91505
637281
9242
222240
176939
175771
703961
25562
32941
101884
1061600
27643
63969
20940
17053
7858
19331
19888
671620
107395
223178
22321
27650
20470
730472
3192
259817
44142
137316
51062
41515
8540
66436
170698
19270
44370
7144
6407
89468
7409
21930
93559
30080
3647
75186
20598
38248
30102
149988
3024
3388
3777
460539
3197
97383
649273
2552
77951
375774
673961
93803
660523
22395
93520
197778
4995
20831
17191
4384
115332
118747
78188
663315
29823
27654
110291
68390
14088
78650
210381
649970
272443
4850
78117
211537
117188
658376
25917
52318
234785
6751
3128
181839
85757
104552
186520
1018765
155524
108495
6417
16616
4312
9331
79880
92087
95776
16777
116354
177219
475544
20488
167214
72574
19762
113751
6497
178530
17293
659104
69799
97373
212745
78263
95958
329059
649321
112168
60279
71488
59838
180680
238209
641
657619
328166
63886
191793
147826
25745
122053
643467
78241
106339
151258
90046
238008
114462
92703
61559
186285
127822
72698
91582
4669
13494
647981
371165
90543
20785
60551
91467
62572
208
178959
25915
11191
402
21224
17936
643836
268090
6490
181171
5563
85490
118503
67754
136992
6549
49800
175814
4964
8110
130378
8131
167217
445263
68315
10967
22463
660484
39208
95041
678217
109038
177414
78326
712162
95152
22658
20247
178672
153926
49056
74779
105268
43743
659383
1251
94755
22500
108983
18850
408026
226566
59853
2056
4836
11892
63871
3581
25825
57863
1049173
110676
10831
3543
78608
409552
116515
6391
17418
63684
93651
29202
38493
33684
4867
81673
73332
87921
88451
71194
30883
6384
636746
155184
128702
70405
188455
104024
23132
1973
878291
700175
91246
30930
26216
693780
1510
98082
3774
62668
131005
77326
187595
257648
93650
77254
95941
649248
649260
814940
33688
901
15155
89880
108465
678976
132622
141879
20122
658186
10668
1038
86900
175805
4915
47076
78308
62498
662172
7245
90515
37616
6426
105684
234693
186711
143878
105018
64044
131148
102610
24775
30040
29602
211598
78543
54830
30292
87810
78046
778939
1027561
20195
104301
106164
77716
265284
93351
673350
262984
20176
60358
37029
150064
106560
507156
33576
101921
635672
695819
108318
226654
793637
28051
37036
174838
22120
20679
115939
133462
33662
240982
4193
63618
93634
344033
1
14147
644778
5027
85897
20154
84019
29146
20804
1333
10066
266862
91323
25015
89890
48360
8514
642851
132517
6418
20355
18625
176456
20971
367127
94052
109896
104294
59507
18251
318695
714496
20433
89002
29230
104165
640006
107394
93907
4990
97808
196045
105045
2678
643452
176921
20064
78142
646634
10156
17750
741385
72512
93523
100166
17154
222790
644319
134982
40488
206334
107238
4824
641835
20587
33601
143656
686040
80606
644008
315154
69934
30145
25075
145010
105854
6641
104005
20623
60292
60061
23016
37962
14182
33575
4088
1797
637304
62610
29664
96551
95491
105217
127284
5130
104092
51843
1011
170519
23528
108534
167808
108735
11880
650993
243065
1067955
3064
189524
78618
4230
93195
20395
71136
4225
46525
64034
30097
3034
27817
38400
674207
33455
20414
20923
204250
55143
49978
63181
411
637276
111167
12472
30664
106956
9339
33800
114464
20167
43150
1448
20204
21614
647928
2062
4791
33618
660326
75097
60309
36433
180386
29907
96928
85280
5504
28922
23866
20060
21252
91520
33918
95866
659787
644650
4363
81330
27044
6599
3179
73402
643024
160868
257654
228664
681946
118519
639931
2174
1034251
3630
8717
21236
178584
657295
3106
35911
68255
22107
646966
85352
54807
94015
1022475
137900
10605
185064
393687
26984
9264
11859
200191
644821
2513
663104
11867
5869
662073
147637
71224
175669
20826
94018
44750
607557
125694
108541
15051
77240
427157
7813
67438
11395
210038
71096
100182
100761
112161
40156
38412
110449
49642
5072
20951
643177
73342
1935
21905
167844
95155
28097
4754
73279
104938
159184
90845
4765
80282
101971
44427
91778
6349
658527
660965
686693
191650
112232
21677
39194
2427
189366
155835
9368
107695
167587
15976
1944
687613
86406
8941
839501
23208
64066
95657
71120
18480
77523
57948
91247
651719
38675
94480
214233
88965
17906
84874
133492
16930
96342
712
73018
15402
394393
104916
692138
20853
77614
104903
5608
105636
684548
71197
20125
558
2515
3211
5223
109436
20131
184292
110896
7294
75017
90536
11876
17886
643030
6130
21087
128617
472211
93670
9381
15904
3171
20194
422151
862133
18385
4693
72927
642475
24109
20059
645639
73270
259
63420
101864
79695
33914
244773
271846
83756
74031
3419
700575
645628
133824
50579
126748
622595
94846
60528
20851
78177
8686
63410
4409
171465
26668
2925
660101
712128
12258
108414
402251
21572
1842
234631
251491
644980
9800
90891
8517
100948
112227
3923
38360
4597
6009
420043
7689
29840
4702
264705
128805
1046602
84835
94528
108198
104702
21204
33587
122872
236311
3305
96568
124011
660508
657562
85609
2924
35451
5133
36358
1815
86307
1081297
4993
703
78290
102606
63440
24405
21158
96680
118882
149631
648927
186756
705950
102376
29583
23742
8315
125752
223033
62890
209246
93692
270379
82321
12443
118551
1248
4622
11934
20132
234697
11833
146168
649813
6148
21303
13661
84425
24320
20474
94489
3401
27110
4817
77283
5858
43993
20879
18277
105664
6341
104893
91009
107422
228491
94188
125034
27108
191388
66355
11157
3613
3542
679529
262190
214058
20480
20710
106220
95340
24896
17316
642647
2300
645626
11796
29577
126134
244113
116167
156516
114426
92374
92155
102787
4819
727988
16822
2741
3594
177311
73159
229307
3779
1903
186704
77959
65407
122109
37649
67667
9401
9161
63675
125251
22486
91977
16384
101495
20927
88586
2974
29839
686183
63992
108113
142819
655623
2351
2394
78497
21893
75935
5172
20482
93557
178164
107228
9740
689962
2302
694817
638930
126141
93841
18077
354470
77299
205538
22748
10110
23991
231142
102661
105797
65029
593582
640547
301607
8209
24686
72506
21697
131309
77287
21655
6939
44769
130669
108363
23106
40088
640503
3652
94670
89771
148636
690122
656344
110933
498917
62878
56348
22932
164517
79236
104434
10699
4768
100794
74690
62760
94254
51840
63416
12829
644167
3935
105835
105482
62578
158102
9389
683352
169753
53923
12306
231489
20993
75049
2285
11850
104836
21093
258222
640825
75069
21815
21249
21012
661978
92726
21122
95355
2870
21034
24164
60423
133226
59486
107227
641506
269940
663896
639858
1104765
415700
213850
88013
17490
31576
177424
23521
33481
11175
21754
94888
92014
104921
18148
1867
4973
1480
21868
22364
38467
151092
3136
209514
29989
94184
1068955
112155
5874
1004461
3005
12
157654
6514
709
105730
303799
91368
105070
649220
28869
100125
9905
640973
75093
21009
118858
8202
97097
4926
94084
11950
91449
58778
21183
9075
33826
104542
92633
77861
6624
381938
202176
1262
109983
8319
62544
113758
112156
75013
91257
1810
42721
1006783
146359
1066345
24417
451731
67752
95272
95602
17434
160677
5829
6632
4681
1072
131659
365710
94803
84811
62683
175644
51
112416
78576
671685
265154
96966
6337
126158
64854
107285
14254
66501
4366
2313
660471
60331
116359
210694
104897
1097164
650653
657978
73060
271591
80042
166763
426874
1796
70096
62184
27302
140669
4951
22465
30813
39852
92788
8508
71101
736092
72437
95835
640319
181962
62613
1035
18631
71183
83895
33600
82475
171707
63372
29821
187277
37197
1069343
23224
136911
336
30360
43687
85360
5099
158900
4309
8956
134020
82702
155865
519652
44029
1968
38525
662194
329074
133842
33916
30087
88527
35651
4772
98081
102522
693784
26438
161288
716446
64071
18382
237690
80170
33910
37939
39665
25997
63915
217323
671643
1022883
2658
71244
104846
95905
78760
85373
104622
1024328
30272
21226
20314
106972
81540
23030
138504
92783
71098
635924
132260
665843
12576
10866
115916
64116
98458
69487
473799
4708
92944
5204
78860
1208
9816
8177
18459
10571
94013
20135
108185
1148
97391
269046
342103
77471
63983
104634
159641
5422
643374
1010562
5617
100762
130997
226602
20390
182928
23193
107439
20728
75051
15209
110121
39064
27004
5960
269886
38381
93929
104354
649255
6559
100748
35331
106579
38453
27558
649250
3481
60493
21059
106609
7681
223430
202006
82945
104029
121953
657503
82340
644120
5100
101039
29641
4865
97045
38355
738706
108485
172659
216585
410382
6643
957
7865
100489
20589
85592
145673
27084
62844
5077
176640
503156
86295
130224
3307
2163
23904
643385
105957
101237
4634
7970
156605
2376
43371
395379
3304
5201
848
9375
155828
6371
35439
11695
108616
2487
6675
21169
89587
18270
107255
62917
20865
1642
651183
43369
33591
670121
696294
1101045
93281
685972
200437
38806
530631
7777
8918
188457
49695
8701
8154
50426
104019
1102875
20788
77670
100384
70978
21071
706213
9903
638192
110641
175599
165440
94225
85694
226946
118294
167008
63461
9875
68011
37781
885
1541
9407
1030432
24875
22048
36742
19763
125048
1868
1843
127857
59549
687238
20466
21310
96115
2683
701578
5000
2690
20782
5123
85228
10039
157638
1114031
30141
992998
645607
96120
77989
9261
101532
413964
154326
13133
143987
186759
62847
143890
117269
122737
656065
135836
29951
3967
7104
642504
1806
740137
78504
337816
110563
7880
227687
13697
106960
161227
118230
4486
154713
112192
118886
78676
18381
20233
21349
109670
22760
7815
87880
105626
104423
406835
773752
126211
752616
177809
16389
130984
20365
108567
18527
68124
88450
111351
85314
106169
31756
169756
13635
15393
114385
117346
97054
35280
104568
9433
105892
97317
108901
237739
12625
2600
167635
66715
32306
175594
276656
1715
124665
27297
73092
21551
29193
20731
106660
391
28966
3757
93476
4987
129084
6815
35522
8863
78643
256687
234731
147411
32103
5905
143924
11830
65868
97399
176662
789179
60308
4075
84758
94989
166021
972594
87980
69858
61496
397313
3206
5171
2959
33588
710975
106298
68388
142213
440380
87950
53450
106950
134924
26958
186469
865853
26921
661994
35765
95627
178589
177225
679480
178126
108206
1075315
92906
69866
21849
87857
20600
29810
166746
10032
116467
81849
24839
100124
939679
21072
20449
93362
19989
129280
106713
642745
96106
89888
430850
112221
73920
101790
2978
38466
661779
17928
44093
82042
219651
101633
680363
94143
4974
29697
77222
184439
123978
163405
684656
21082
69
1138
663016
2721
101719
114313
24588
27463
16637
95740
108561
17724
24811
657606
210485
74770
80274
281679
2458
63699
112455
70
93205
20380
23966
648347
36675
96113
112239
22052
170052
81843
209348
21281
147056
181443
25166
240395
237777
208478
2880
38317
13314
147866
715136
57751
30875
6505
122843
154869
22249
21108
9306
58701
221835
228945
92252
381699
23427
37335
50993
307593
108942
37037
661613
1394
3851
31483
94166
164485
92696
20251
15355
71149
89582
2878
649251
4586
125589
9077
64041
3776
106105
3969
21299
774989
175640
3597
127581
35815
29679
11908
196425
118706
29732
6932
20763
108513
30056
21120
669066
5541
31904
96686
92219
87336
7896
20260
15289
29746
13517
44076
661341
93553
73311
94958
20504
2238
77942
5162
24013
106178
21590
677124
69816
11825
3648
38350
107923
85743
91278
101217
10672
4864
4321
93032
67720
9880
644311
21123
171090
21296
15947
30635
111263
28459
94465
154506
82167
147400
159303
97195
108392
110393
12738
267796
30861
94792
20693
643724
100414
2850
666953
7516
4139
2571
24816
6563
26595
178835
26002
645507
96900
1072137
124435
118596
87892
105371
5175
638419
44549
85286
57269
126112
8186
29976
38345
7679
107261
88585
24163
465
107636
646742
191423
77962
182884
33646
100355
95318
216496
104774
670437
44976
11882
641843
686372
99646
642824
48587
158585
1927
663555
434
109088
113833
157707
13691
26102
84514
271289
73355
103059
3553
38450
96775
94014
11280
664091
22728
175622
5996
72468
20459
15500
19347
734791
93694
109284
38320
57840
70107
657370
205066
273643
21706
72896
52578
37219
145168
93598
20406
8713
94207
97416
33472
37948
106869
18086
39
20798
102261
29673
19379
40121
78342
112683
21340
31041
170066
657994
350
104857
207792
196481
4294
95297
112702
94255
15352
7217
1865
37530
2743
155689
112300
3681
677790
71212
63640
660539
138963
86567
110692
84358
47070
176947
38854
11874
18810
38290
1917
7943
54390
1069968
4920
77265
64005
216445
62908
51723
25152
6728
20656
104881
16919
6397
63674
1667
33712
17762
154907
658219
8310
381936
672677
99788
35775
20669
24445
127652
99752
671588
95285
77264
176101
66333
114454
21401
188458
17299
9178
134981
127792
158698
104574
50392
3460
6219
17640
11413
7295
69823
38250
27659
12976
78254
96946
649526
10314
109545
25362
130385
1026495
5572
84746
110455
50906
153290
270785
12676
72508
96359
15755
84865
3474
713868
114243
149304
89597
2701
53256
72528
237413
77307
20197
3097
8433
89634
667551
166147
267168
643442
2985
92217
105867
33849
7518
163501
397208
2677
244830
228728
171054
38459
663963
8010
649215
175758
24794
9658
265257
36474
20425
99760
105694
23143
287247
513204
9177
644348
4004
48511
145206
198390
105332
142189
16300
695525
633
1065019
657587
7737
94725
135632
106106
60431
166685
658214
206141
20203
636561
22446
230514
128758
288001
146492
234748
9088
307540
86798
1539
105541
644898
21156
211108
24545
71564
6348
20456
23345
118759
89524
212189
305901
679777
30031
96558
200920
6702
112559
23139
13674
20787
118634
513169
77414
26673
20585
5767
219
118525
693476
233413
393269
301876
25138
642530
678158
197093
9917
47124
170416
92534
101603
105906
177307
651596
77805
653975
85555
63896
226603
278457
92674
21238
17252
81944
189332
96067
649221
180165
36934
91994
643256
22552
95841
189786
7678
106285
77322
212
176991
71211
6312
30344
638927
47826
118717
32916
47565
92739
207918
117939
105492
101570
16187
19790
20743
106360
743481
1175
15353
114323
122111
59836
172960
17399
143319
792
105338
84920
66737
48368
92684
100165
25574
643349
20179
106522
20674
82132
5978
94953
26575
110002
9376
187293
63911
62915
8438
67766
643238
36341
775
38030
37396
5818
181165
93190
1087816
292635
5998
442642
67741
647773
4870
62199
75076
94229
113693
667330
80254
100779
9854
21468
4876
63092
123248
90002
122806
87294
71106
60226
26868
66861
90508
93856
29449
12075
180583
638821
23898
20246
21111
59022
116560
6718
80210
146979
489992
99641
5838
1089908
85148
118826
4369
658218
130317
26948
227150
93213
127803
6893
29584
92621
46296
175315
28164
20185
93241
64091
27750
93596
245683
11839
12296
26978
1442
78158
24347
30646
88559
26443
78759
5505
129953
125081
145166
17636
645618
288850
2059
92771
24384
3479
13615
188441
30482
165783
5487
127492
60614
639921
689957
36646
59832
43742
20959
6655
96299
21561
165516
3505
168401
175778
13363
640069
22615
60233
736804
117132
36711
108462
15328
11167
93028
122929
2107
9255
7988
11334
1108853
699925
1130
28852
37275
15597
62992
20936
6488
28953
80192
116888
3840
747721
663013
92289
18943
185094
266523
697492
4122
51046
62545
1038581
644781
118585
94202
5924
176905
44689
20536
95697
18588
209795
1024240
90785
20416
118793
92106
665309
97469
2660
68036
9500
24226
106819
5500
24585
678162
649525
167608
891277
77502
14436
124926
4750
1011812
112180
82473
4788
105972
1013727
20208
92764
223935
1007583
353209
126375
104974
4069
3432
801695
716
62
20282
9417
63964
205189
69946
6310
271281
140
101552
230964
95480
216645
63319
4770
38347
58412
134141
20621
19144
60186
2279
182328
177455
600762
94584
20046
105659
30025
55114
568447
20284
148691
86324
68236
661654
179455
38333
207800
4804
647049
127155
224
114443
797
30867
24554
137650
74664
204884
662287
107835
2812
96489
78779
23045
97239
640774
138519
30199
95771
21322
93624
118843
16008
649266
93366
92310
13165
574037
15195
438827
89703
3747
161030
4924
108468
91507
38933
96750
20914
75697
264914
4725
28963
92938
4887
50573
7927
67729
21047
104216
33869
640374
108467
187171
154819
658388
2699
136945
138508
104595
38316
95296
97313
205421
646159
15151
3267
73305
647927
8029
33584
12619
271228
133947
21654
108818
397183
16732
160270
36698
82623
186521
110283
33568
856803
63399
640332
38291
26887
167711
37059
92718
2692
663021
118641
117265
222550
111080
103906
176656
234488
151525
244110
20808
93020
195520
33467
78420
31626
10620
182368
24514
100176
4526
13666
47438
675054
63827
3946
95105
35380
656639
95576
65594
186755
170325
74713
37949
96721
7945
4779
93329
112546
4732
169991
184131
85575
21195
54836
104659
143009
11170
3335
167589
12954
356924
94121
678361
269952
76204
264194
175747
1289
95418
96344
167746
104373
21302
31199
787940
8495
6892
65245
146483
203999
17264
71169
167578
1905
640936
29675
6318
163630
154435
47472
35429
16864
71123
61438
84538
20351
640351
657964
20950
10874
37722
96011
94161
110860
81481
8700
84534
48423
96169
78488
101611
138717
542293
62739
530
6329
89313
106557
106380
106979
79071
174590
53008
94031
100871
1783
1015292
22751
116693
20862
15430
21088
270496
167985
255
136958
301524
174451
102032
29567
694827
7334
23318
93261
20281
67742
20026
3497
657993
138567
84023
71125
37055
79955
64012
104908
244962
19531
267786
178498
43685
17211
672136
645472
75219
174593
60148
1032923
127785
45016
7920
59865
102937
2382
25143
96271
21210
5430
78523
266653
3156
95187
107067
46082
167863
177241
20512
95110
29827
48
36908
40103
234746
32672
37026
106404
72459
2303
94414
106575
115865
97140
685055
38470
77460
85675
2454
648301
7826
64070
38399
105395
126092
21693
646130
60982
20917
58251
132759
271961
7275
25844
96056
640822
4499
658371
90058
9609
3420
79929
2817
637921
176235
643119
150065
111318
25017
6406
2110
78613
4742
124071
137483
6194
11792
33627
192249
678827
2533
108502
92821
22788
99750
80131
9011
92776
82404
196138
23373
6550
20985
100049
2763
79606
93371
154961
660526
111168
20397
678398
70151
7329
1002514
109809
93733
107282
1604
180375
216
145242
3748
36781
18113
96965
77985
71909
5513
645591
35814
2407
72925
161439
4861
143001
106393
135944
20276
1119714
7135
114461
113779
142623
1526
11632
92600
177000
94041
186594
3152
1011640
4837
713655
94721
58902
201383
106955
663023
25378
190352
87920
167751
80178
175652
9041
73200
188774
118777
37305
664741
795991
21037
21814
8122
15261
6529
20570
1087
154611
170905
16686
117307
11542
181159
155500
210690
675411
20579
110492
20464
665193
58616
21018
329061
78572
660267
713024
38573
224664
22847
91014
1695
342060
3904
640768
91404
66391
110902
78617
5558
3154
4038
175624
752362
83731
107476
100773
37244
25730
404396
49364
1059736
99795
691965
3807
39551
14035
129279
13640
105288
21199
22947
78741
19714
60455
663849
94393
93718
63455
30180
59647
671019
105212
172277
14448
23022
690485
23692
93802
59892
3601
47435
24763
122845
74674
30172
467
11714
662075
28136
110168
20952
25732
104389
130577
20549
167826
8117
238535
111436
327793
146803
118868
20336
647869
22417
169952
169757
83213
20732
160852
82121
168800
171950
20715
113750
124700
17281
637855
109522
31299
38472
661234
69879
363294
39827
170598
638849
642964
64315
18465
90492
301293
28904
92472
8157
94899
651942
250441
148671
108927
118676
23771
85963
37207
5546
20703
3138
18799
8083
50773
160187
21086
4969
656712
51599
101288
218975
3889
79182
92127
12240
95761
231991
646386
1105453
26936
242978
89715
226567
94279
71018
3052
80204
94601
30690
95762
640397
90679
33752
107324
3429
17933
110177
653
29662
93373
105434
216868
96154
210611
9320
1064790
1256
71165
1036235
93549
93076
9369
130346
137523
693888
645566
105464
204925
431932
98231
105228
90938
92787
15436
52296
215461
643939
191997
3365
101568
419
104972
89792
21989
30106
118844
794063
