657449
3424
26084
662634
1071
883
38384
928
1210
362
645916
268336
1036
1190
516
3162
889
35660
403
280435
684215
108623
1489
105
106354
642861
643719
155431
722
115240
4541
2525
642490
805
646255
27543
1845
196
357530
254926
75543
807
62875
110104
20024
2844
2282
479
108601
20363
21
94026
20011
1226
672244
1244
642536
4562
1011428
47763
687
27803
2686
482708
167
27836
104683
71075
2316
2782
660238
340
645693
3523
2422
2538
93539
4935
1490
831
642539
69853
825
1271
684219
1574
1182
209
17404
1273
1258
3
13024
1239
1001507
13567
105477
644920
676602
3099
649853
23840
1368
880
44005
676429
3948
11879
105327
694116
44012
114445
3482
772
110194
5995
20256
686673
17342
8745
103
1024
21137
1431
3231
3491
179149
4221
3101
383
71153
18172
695405
665215
1450
1704
642509
622419
616
4718
401876
1185
4735
181087
77607
2661
20921
640017
647829
6429
94297
37057
18858
1077021
1983
758957
4889
638610
1243
310
8386
3803
5693
104136
108611
33
644577
661664
636736
31842
640858
643250
657357
11809
646289
7827
6510
702853
4082
4986
636156
20234
642838
375
649283
21159
1819
24739
4955
1097739
102903
69931
104196
72399
22014
1985
106990
645702
27019
51841
1181
16172
37063
662159
660328
4049
646367
4897
1311
22033
645647
7784
3306
661610
91958
697830
21065
37339
991906
701
660639
3973
20323
