657449
1239
5205
6400
3424
26084
102903
642782
3491
729
469
21159
62903
179149
662634
1071
883
1587
38384
928
69931
1210
362
89639
2774
645916
646628
2485
8256
268336
3008
91958
47794
1036
1190
114921
18858
20234
516
2834
20754
13024
2234
14702
20795
77260
2759
3162
2720
3523
889
275
35660
403
280435
20586
661610
833
20081
5826
684215
648298
108623
2708
19462
94059
1489
105
106354
23129
642861
643719
27976
1259
2559
2344
155431
18613
722
3899
3101
801
115240
4541
18172
2525
642490
8879
3916
515983
805
642
742
646255
650456
27543
61543
6210
1845
2608
15143
196
37027
37063
1009453
21080
3219
2810
357530
657357
254926
3371
75543
36072
132538
807
26352
62875
18105
663582
110104
20024
20964
78636
2844
2282
9734
27203
479
16013
108601
79719
131027
20363
21
94026
692623
758404
20011
3477
1226
3665
77110
672244
2962
881
18763
518634
72399
104540
1244
2719
642536
20813
17270
907
2423
4562
4921
4049
1011428
3446
47763
687
29579
2846
8184
27803
11866
2686
850
660234
642877
6518
1168
482708
4904
3168
38409
63732
997937
167
2822
1232
27836
104683
71119
22014
71075
234692
373537
646367
2316
2782
4814
20868
660238
3683
1808
340
1203
1179
802056
37398
131024
6269
2982
645693
640017
114387
1007994
700
51821
12825
2422
5203
702853
60085
122853
2538
1243
636736
1118
109988
6267
1311
106984
5693
636156
8335
93539
4935
3941
33783
672652
1490
28179
4613
831
1707
27171
21341
642539
662159
69853
11905
2953
32877
919
33
93
698535
825
1271
20635
684219
18571
20836
1574
1182
77327
645647
17685
697830
209
30374
17404
77607
2286
1273
75044
5234
75183
1258
4942
660221
3112
3
79927
122395
7827
160789
1265
2378
678165
112201
62833
17263
104127
1001507
46
88678
480825
80175
406
4418
13567
38337
104537
695405
105477
57914
838
13737
644920
20323
104539
9357
956
676602
3306
104582
123842
951
77306
6425
280407
1708
3695
11479
153277
8000
311
1910
3739
106983
94914
3099
649853
23840
1368
86340
116
29769
880
44005
676429
4958
3948
1246
113768
11879
510
105327
694116
106347
642689
44012
114445
3482
772
4293
92011
14777
542
77295
2632
19951
679657
104131
25520
27019
4443
1069
69856
634
110194
5394
108439
662160
5995
20256
686673
2732
402216
1041
95895
661399
17342
21709
527
1242
947
78451
94069
643183
75567
8745
3119
278192
20572
33541
714304
103
2425
3220
3533
24198
645702
661951
61867
96886
231216
93823
1024
701
37277
6331
96350
107408
5455
104181
2197
21660
21137
71
38428
1431
115673
60362
30049
108563
20087
3231
10843
42412
513
179121
902
27792
14250
24739
2301
2049
88985
84977
20720
2026
21112
66013
104690
640862
94524
4221
186563
2507
162223
2420
355471
684216
491
21029
203
116989
6533
9027
802
57936
62571
662416
105750
184333
64787
383
649209
104698
71153
93296
92745
637262
20829
111520
4852
21065
31427
3061
62629
1834
1023
5129
21472
10598
106990
454
20145
3516
7730
213776
106883
665215
651571
77321
1078
18679
651485
20049
1450
2548
20508
47764
1704
195579
10826
649232
107684
642509
5037
5463
622419
616
20799
78582
164636
221169
104132
665749
4718
83626
94739
20558
2724
15152
810
27801
20933
77
20457
7784
401876
1185
27814
642550
643172
4623
94924
664092
20789
640363
2673
4735
2251
181087
15691
33129
8969
12366
63544
1011763
20551
95611
101817
20941
33787
11945
8476
21329
90522
17258
17709
6659
3971
2661
1657
5594
20921
20486
20592
104534
86430
4398
4897
63481
642838
28925
646129
75026
887
1860
32
702943
11916
648308
3405
20137
6722
21170
104196
228175
4910
717
21217
1384
647829
122761
6429
107678
33741
21017
112235
78273
645583
2131
7708
94297
230052
323006
8591
20327
7961
37057
21312
642499
1077021
1983
758957
20999
37353
104704
11919
37314
93930
642501
12094
126107
4889
29149
201469
1999
638610
1041808
269348
4347
9291
60392
20817
744
222724
20494
374671
732340
4955
7621
6018
690002
11303
18841
886
195547
20902
726
310
4244
8386
105014
1012
104533
2711
6462
847
133185
297710
3803
87758
9344
33876
642478
59979
1088
66334
37290
104136
28559
643161
3403
778686
62828
3408
1021638
81568
168057
656668
20481
407839
865
348
645456
138511
11931
94578
8682
1592
104543
649240
905
3727
8834
107977
108464
1059
8791
701424
18854
20507
13696
108611
4630
1160
644577
4383
661664
20483
59846
77342
22467
155186
110697
94664
874
20911
31842
6459
1013167
90542
6139
38017
93945
3511
646046
106976
248
1007
8607
20092
3490
642613
63717
679347
24064
1018
104703
2134
2710
4301
9405
645631
9895
5701
11834
21237
241
21345
208974
10418
706
4696
640858
5860
3792
4905
6494
105791
4773
79243
3883
43513
7915
20205
92796
18819
23631
7878
20252
643250
2473
3537
11837
186778
4965
252958
2121
1709
18370
1820
21116
96360
638922
21599
3708
2232
1703
62726
6475
11809
4303
4728
2161
11009
29504
290
83377
1269
59970
11849
123
2172
108463
9378
3478
2809
646289
66342
24061
3973
37954
91961
644567
6427
3551
1600
18619
94199
9358
1167
643162
19583
6510
4235
3217
20603
5048
77338
2479
4082
4986
2462
18054
4843
78345
5702
21351
20076
22033
37352
22892
20580
7886
20726
305336
4648
1032183
11870
20988
656730
3555
640628
4305
20422
95010
8705
103001
1041416
188936
20910
822
30295
1967
10007
38282
63055
366
4860
78446
521930
20231
91995
21685
661448
1096010
11872
690
60443
248393
60955
638634
1499
732815
866
658204
661611
20106
288
20432
4028
7789
6404
639961
26334
3900
447
100127
2245
133563
10284
179192
93857
60913
113679
6810
652673
375
646193
77217
104130
396761
1044927
991906
4759
6440
649283
662189
84871
90607
644543
96945
21627
60317
679387
646231
18117
79272
1008
101695
2689
3769
20417
24616
645172
132891
62638
21343
1008561
3677
1267
1090
106534
93567
3009
702852
1885
4946
3790
710
63547
1073128
20429
4787
1819
2244
8839
103453
25097
11813
41561
1124
20052
2105
660553
803
199208
104320
11914
94185
22551
11900
1156
21016
25591
47555
1750
4259
20201
82142
862
69888
2363
102395
678168
104031
1097739
9954
646812
51825
5929
927
44004
20780
90888
155
660573
49687
3450
104135
665214
643181
28232
104133
30952
28514
518
5446
62850
6674
107899
20538
637333
151639
18938
3360
1294
25933
85529
16260
105934
661391
1319
117224
35396
939
4820
22367
991775
23582
37347
5925
1228
160751
1171
3638
116547
247255
10071
20733
20687
21013
11286
10004
73213
20033
23133
19999
85052
3221
279476
636782
17267
106988
2087
17716
20189
9304
177006
1107700
660678
61315
661070
37334
113
106648
3549
6721
166705
21020
3802
20576
17
11806
17845
689971
112194
18147
2312
84683
641848
277758
303637
20157
77252
97346
800
1813
1985
23462
662527
4856
104675
91346
100270
1261
305845
14812
77275
249069
71251
60204
12579
67934
20672
240396
175710
5108
1958
4657
107928
20394
3473
5035
646
5059
20306
2775
1679
117130
8874
24803
298366
59613
643278
21783
51841
63585
673641
966
1522
645576
107224
96155
4112
680246
3471
18674
77316
20654
241905
70818
16255
2519
107600
78577
90589
104686
20567
998605
252825
30113
154085
7487
20289
821
1417
43
20518
1176
9021
66016
78730
57889
20912
6415
103824
32497
77838
107902
3842
20066
719
33623
2557
71038
9883
1351
926
26391
30862
124730
11963
1101
20209
38374
87867
21062
37201
684437
364
104236
3673
27130
1181
90
1822
7999
75025
7356
27259
3882
511
51827
643035
20299
108785
2075
23007
5138
4012
3172
30131
33825
66332
11955
21117
4848
644398
77294
14541
777229
105821
18088
16172
21338
77340
48362
20227
16129
314096
219819
11904
4007
1767
105467
809
20199
8423
77320
130557
22457
33767
20013
160814
827
18436
111467
789
18028
37355
4733
13600
94614
3459
60611
21957
30951
660328
1850
15365
139
33772
451
17287
8548
129268
12684
4188
20392
280252
6761
37177
106986
4239
649311
63923
912
123220
2444
20898
638614
642667
101482
642549
12682
62756
21326
4821
91942
11877
19875
153914
6457
5109
13922
9402
29590
2825
3155
21153
5148
20690
122147
36553
6472
23429
9531
6780
136261
643591
20150
1025810
20192
100171
7887
18823
675
3974
71076
5093
660227
2242
21161
21033
5889
106982
5423
30788
93926
643420
88672
62853
1033692
8213
21254
20692
18302
6453
678108
20878
707
741573
710072
642537
41815
1068
63622
33705
4771
1530
66341
867
829
20761
642464
125304
20423
71240
122825
3848
23472
2213
234784
19572
1019953
104856
20643
40330
158
69821
2247
9038
20663
78369
642571
3796
26781
118529
1007584
70141
16007
22210
644688
303713
10634
25524
6778
313
5139
66500
20257
21187
112330
94579
607
20349
640364
713685
2598
3015
660345
63543
4555
646687
642738
4351
3480
529
93706
96717
731
20491
20781
2900
9552
63993
6474
16115
5630
1974
640636
4980
282823
11964
20166
5135
104365
11884
4318
8497
20758
112392
4724
7347
3976
6424
7863
21182
8617
20121
38279
2122
1735
104407
38390
649286
21039
104688
14694
62843
195585
20874
764510
21306
104697
20116
126133
1187
176953
71210
16346
4141
20659
101600
813
31453
94401
104149
21081
1354
1152
21325
2046
51268
663549
108477
20616
660235
705
645596
77627
4607
3728
93074
3514
21632
5425
3999
44521
673305
60211
17955
1891
172933
9192
11778
101623
79232
21408
71245
38362
1649
21275
6067
63528
106143
6395
62842
2249
839
29772
7925
4963
7889
69875
20317
30015
83987
1085146
643213
84907
133389
101830
7606
36712
638807
17301
35016
30212
194880
20278
20575
481204
20557
3604
7790
30963
25256
21466
35752
21100
71091
684217
649184
20434
1003560
21076
108832
38308
114984
8099
5273
94140
20458
1270
21001
110046
10496
268
20063
96919
82
674081
640292
4570
4729
1454
1889
60203
28513
164
11238
672637
63593
27685
101267
110048
8141
20126
740743
20077
5872
684221
676110
644786
1015992
21139
661421
9147
5698
20844
1016
199860
104696
8640
170155
96698
19988
17238
20618
124360
107901
6576
645688
9935
30126
4149
19998
181147
325243
3394
100173
77613
84542
95464
648375
663503
37339
20071
60083
2076
9326
22088
11816
676940
20280
60224
3503
17283
123828
645727
27760
196483
105465
63507
4314
646745
63475
7806
8924
5462
42
20870
18420
47543
640820
11811
389
873
70548
14026
741544
20803
643985
44
15895
38343
1446
1901
123093
101699
4642
6319
160788
106991
9239
9051
592
445
5753
27109
17275
79641
647070
5042
68027
46679
888
86177
12140
21061
51616
108221
29500
1014857
210612
644036
20866
660639
10111
30809
4781
194
1067230
373809
11793
2405
4902
657640
78450
661996
642768
23933
96710
6754
78042
69833
649214
38463
27647
69807
89583
2496
2166
96
3568
4421
3921
2114
20180
676936
237683
105386
38371
202026
7028
20595
62127
20415
645694
32542
21168
77336
962
78625
3908
68175
20638
18047
38315
30274
60426
23976
126291
20067
110904
7005
60243
71178
2085
11852
20012
1364
3046
3600
104538
649236
25460
2240
5160
78445
18244
95694
8291
658459
175643
230013
759687
642492
727861
6381
5987
17259
77304
71131
1305
33164
4144
9206
118398
642547
21133
257652
97138
75020
639
148275
320049
3457
31028
20010
9377
1029195
146021
8558
644775
33717
25649
38340
69793
20997
107273
6898
20153
87959
17993
81926
657919
94452
153702
661612
20534
33632
29402
1899
649310
103913
9061
94301
10242
9356
685071
215078
59934
83889
62518
165989
36755
38352
63632
44935
164464
649123
62632
653253
130338
9840
119724
21079
4459
296
11484
667483
7895
18878
1841
660793
20532
17361
58097
9867
105960
825828
52863
10549
20335
4
105789
3578
30303
20484
643765
79558
660219
87627
21473
4828
4757
162026
858
3461
200788
641866
43019
30250
137052
660216
169
21008
93965
107726
1018614
13449
71060
18481
21070
104125
22745
264203
844
84144
2603
642998
90811
737274
74773
155423
21125
21562
22747
2318
20029
9804
1316
26414
30799
25157
36750
5800
20989
62522
77325
108617
20880
20041
10552
79309
37068
5064
20058
1086053
110899
94844
4456
101770
108081
160769
69940
4991
84976
20048
1257
89748
61716
18812
4196
2058
1037441
20266
30053
128675
20784
186750
95734
27247
38272
206
93269
20140
33635
419356
3085
84957
78181
657448
7904
84193
660236
131135
13846
11795
38322
727200
60322
4799
155191
645568
660570
21185
96918
20543
21248
1073472
20666
2433
9109
676883
17920
50561
19997
20861
4212
15716
1135
1061557
111353
713699
1112
82109
885857
4102
63513
90929
1121294
6519
8856
1847
234675
1038962
78063
1218
807472
455314
70578
1793
3458
111352
101575
660225
1440
765202
5824
114447
22573
116162
2222
20881
38294
2099
83681
46195
94695
10419
17870
95945
18562
4885
853240
114468
4877
7682
1070
661987
15763
104093
20202
20961
20529
11932
3414
18208
749451
734445
6405
99769
77298
20277
37188
743910
94738
4834
77276
63353
106418
26639
93764
60649
33670
5472
3375
105429
78107
5951
63989
134129
211274
72639
4730
2641
167799
15558
766810
644785
20129
94326
78647
25
3025
110370
1009462
3438
30209
118537
209690
20709
20901
21171
275744
1998
4854
38301
640016
672473
728
1886
1114267
4776
4689
11190
4272
1014
1528
3903
20420
1070001
30256
33860
4234
97520
71195
1495
21004
61905
661408
107760
37598
5197
7867
142358
6779
37344
81054
305515
17119
111389
4174
17292
71067
30173
7166
174944
122057
111634
1997
11886
175786
21294
697819
494735
60900
20578
643151
1090958
3959
678971
1494
53653
60341
4653
23676
20165
3229
122688
678972
91298
5134
4767
82334
122773
59369
4847
24042
62517
8898
101933
16694
6345
175804
713825
20455
1666
708998
640353
37403
24033
77266
24977
18894
102936
45154
71093
27714
658706
104129
20753
79562
1041717
2820
88452
71173
224770
643337
78611
96561
2367
18783
20324
112737
126085
20631
653537
1202
20159
20270
94209
6422
1706
17927
43410
20362
656631
112901
37952
62824
20168
62921
6328
73244
396184
96926
104126
22994
180594
1922
1656
221749
44751
14569
20325
69813
112301
175794
31965
313481
59608
92262
58
212536
3370
287958
2031
100153
738883
4024
4667
36670
78622
69834
110591
20542
20772
9024
640047
192010
72549
104700
21214
85327
104134
75606
71109
4333
21147
30948
914
7883
3508
21143
17148
30444
104171
97028
103449
643587
20714
20636
639471
406141
108510
18792
20487
1063
7873
41397
15472
18025
20729
107270
21304
77459
167881
96241
8689
11894
21282
30260
3230
63838
373833
51832
10236
10573
32553
158582
95314
661420
78639
29595
153647
29974
14523
24395
649411
23858
141746
3139
24536
93326
17722
1580
4949
689813
21321
907684
2355
62792
4739
15577
688078
98174
30776
2993
77785
72682
96977
21136
95523
17874
537
1839
36
124023
8571
2625
642672
3225
6536
91941
5464
24434
21015
20134
426134
20713
6731
27358
6386
30888
208123
402817
105662
2464
21347
20321
8809
640399
177282
4584
160876
47804
1010
2153
170114
18643
2773
37171
35896
62719
40403
1556
21048
96424
160838
4320
21447
37587
227895
646419
95369
96964
645621
20345
644784
51892
646667
10589
3606
87093
1937
640930
2898
649204
3215
795
390
95743
145655
28535
83930
4248
11988
160560
33612
6379
651012
122914
20408
759077
112129
21344
1887
10009
66350
59803
6902
6423
38531
60368
20513
218201
8893
1107786
555
665596
37130
95848
37961
660223
3500
5927
64125
4435
21069
77634
211400
70137
37247
35771
678163
72485
101669
63138
20553
61922
3733
1275
212420
3402
714928
28959
337884
272086
12295
69863
20928
27901
96709
218666
644353
1049
63878
31080
4805
20932
28936
27320
21043
4241
63531
126125
20021
3750
77889
88480
11921
90873
846
93977
20207
21243
66376
940
28964
25715
87290
78525
1853
133095
1996
151914
322922
907982
30343
18887
13641
47549
6680
28491
17714
20384
79635
1064
679090
2227
5803
9321
643002
135771
3193
70413
77474
6287
20562
93511
30345
105939
3080
635970
245233
672370
85347
176952
9416
37179
4531
124112
9939
7799
73259
117144
20069
79689
4240
30032
182324
9351
4062
26213
9335
1890
638603
59852
160264
21028
3207
3675
20218
2761
1038038
4220
9411
96567
71185
229031
96069
33594
104586
94164
4777
9286
20657
80289
6088
643447
649234
5053
1836
781521
20948
1082937
11350
153
28206
3862
94665
642763
642753
175816
19483
2149
2815
80439
93479
6465
122093
728998
480
643569
20316
77598
57911
4844
22705
20412
9355
578661
94618
105186
3744
20442
4930
2223
122850
20269
75027
77330
20112
9429
661924
87951
26164
30225
1831
62744
1112790
43680
75
71138
20876
20982
33626
11791
3227
104541
38387
3864
849
60606
189343
1661
18371
30248
514
819
3427
104169
79195
4229
2095
15611
6375
2237
71121
4790
2511
5056
643702
6473
17725
21604
3066
645860
90534
1159
1933
9366
662331
14122
1411
653564
95252
4800
1593
46868
20511
6322
9393
37120
4738
125849
175771
89985
20372
27643
5584
19888
649608
3192
44142
93225
20624
4751
29280
6407
93559
75186
12194
6235
460539
3197
649273
660523
25845
4384
20216
14088
3869
72481
694932
6460
63442
11356
85285
6751
2428
20685
37872
104552
15715
21499
1018765
3618
91861
21192
108495
4908
4312
79880
45391
30887
113751
69799
1282
95109
360505
107858
75799
642664
20944
147826
566049
28026
90046
61559
9450
4669
20439
21224
30291
5563
85490
95019
101619
715450
2693
4501
136992
104677
175814
8131
97099
10967
101442
162035
103426
653432
20247
141
101872
153926
126129
122896
1251
642645
18850
17391
643033
2056
3581
167980
10831
17418
279498
96983
9211
31274
69794
20668
649248
649260
721
33688
108465
25683
95
22888
4194
4915
78308
172077
90515
21181
20217
1773
6426
46682
97413
102610
92523
9348
211598
643474
9324
28908
20195
104301
31339
14029
77716
93351
20176
150064
101921
13492
649
4561
63618
1
14147
3506
20804
1252
11868
48360
2135
642851
21019
19074
6418
643335
78649
93419
714496
96988
59878
81687
884
640006
307548
24184
78757
646634
72512
6216
638817
9873
18462
30145
25075
20897
35825
14182
4994
106959
105217
32823
31475
11880
85054
20395
4225
118297
213
3034
6466
71132
37300
657619
204250
9403
12472
3837
118686
88939
20906
2062
4791
60309
656342
33570
21252
92009
33694
23154
164829
660325
21236
26479
10605
5869
4833
27849
20976
71224
954
660072
77319
642457
1144
84866
607557
30044
77240
38298
31413
137363
11395
100761
112196
5072
643177
73279
24312
16048
155835
9368
1944
86406
266503
95657
29574
15743
3589
146937
20811
28220
39102
5654
678999
20125
637244
96729
3211
63668
640334
11933
32110
19995
75060
20035
643030
472211
15230
18385
20059
101864
1833
25988
244773
639371
1897
1947
9284
60528
20044
222602
402251
104554
108796
36628
90891
38541
167570
112199
6009
17435
4783
104702
3433
21204
460
11401
3813
649527
94094
75011
18795
674
5133
1081297
652267
178233
9742
21640
186756
90162
101883
6437
91024
118551
4622
11934
1149
20375
24320
2299
88709
20879
20427
39062
20610
649137
262190
242540
20401
6485
30815
481
20368
645626
2483
102787
4388
347330
5690
65407
20232
9161
37152
88586
105733
32881
655623
2394
75935
126141
93841
18077
1837
354470
23991
1066251
37315
17943
112773
175770
20078
695747
640503
3652
88573
94983
693224
4741
62760
3935
20655
36597
29950
57431
87866
642771
13771
21249
60423
11960
884279
272448
99451
5091
7877
105754
646670
331654
24173
18148
1867
170939
118893
126137
21868
104555
94184
1068955
673984
1004461
207
709
84449
2939
100099
32997
1925
25098
75093
4926
706780
67
202176
8319
94272
681268
30138
129372
1224
686692
20984
451731
16940
127852
51
319604
78576
264202
6337
26856
37379
20727
154862
586677
20857
61397
107331
643094
657978
78351
23596
426874
1796
20373
62826
20095
25229
160697
24420
8938
104689
160734
20983
1896
20385
1063520
131859
96987
30360
5099
4309
8956
784912
4872
104848
183729
37255
81680
65
30087
1044823
30080
7651
37947
1814
4406
30272
21226
890
515150
133
1030950
172602
100768
69487
5204
4193
92812
342103
1498
78799
130997
23947
74738
252756
20156
5960
104354
649255
20877
90863
649250
3481
7681
78059
223430
104029
657503
644120
662437
4865
8665
107558
1063070
657913
35545
5077
20774
692462
23904
166695
9375
24710
106653
6371
18364
6675
21169
1642
694765
89755
21096
106500
2470
78395
1072
434141
197040
30168
124592
175599
639902
22816
2764
29599
78411
885
21465
192714
15640
4177
5000
20782
10039
645607
662129
77989
9261
7023
20055
660571
234683
30000
29951
642504
13697
4997
65403
384
4880
20356
773752
68124
111351
143842
4851
118778
114385
5926
663745
2600
116313
73236
185311
391
4987
6815
104299
126117
5905
646684
31298
2943
661957
20364
105766
20842
7881
660230
123040
26921
661994
95627
7731
9391
200394
29810
243544
122872
78382
96553
30192
718
24839
21072
154828
19989
6481
2727
38466
21057
104091
4974
27774
108493
123978
21097
1040337
1138
2721
27463
63471
11273
9849
108561
7869
2152
6497
112242
36675
8108
77935
20359
25166
220916
89768
26850
86605
20111
94728
21108
21289
166328
9306
228945
22214
28961
388243
1394
109657
93182
649251
29312
21513
9077
3969
20908
19923
9394
73384
8934
2539
5177
20867
9436
90995
21084
30056
21120
995816
36802
126741
665426
2349
93553
94958
3779
77942
50317
20723
50592
69816
89804
701317
14
3886
3048
111263
159303
30907
30861
46218
3557
100778
20566
79180
107367
97284
666953
2037
4139
5788
122763
29664
124310
4368
177792
90897
198858
226129
143923
78640
231819
107261
106317
670437
2346
6543
17180
60324
1927
18040
1141
91448
4691
22104
25127
664091
640579
38510
57840
17422
70107
63634
20406
6622
50599
950
11923
235227
20007
31041
71098
12950
112300
30230
71212
28223
2499
23866
1188
21725
60449
11977
71267
30288
74794
17416
9468
20178
47409
507156
6397
92972
2835
1667
33712
17762
274921
172980
658219
247
96529
317
17299
100747
88978
11413
69823
38250
70153
307599
89585
2196
1026495
5572
77222
105313
12676
30174
167815
72524
95584
15755
20104
662526
2701
20288
27038
20968
72462
667551
22657
95785
117188
649215
24794
20425
644348
175614
198390
6658
93536
206141
28148
2965
13657
4989
288001
21146
20315
3740
1539
4806
133936
20456
20132
69460
50680
5767
21276
106977
641261
678158
15745
408
88732
8918
81944
96515
677561
67434
212
71211
35738
33392
93892
33864
1715
117939
20743
82306
2416
59836
112163
3425
7811
94953
26575
82465
662158
63911
114465
678217
775
37396
26622
292635
341613
6385
30107
197779
269998
97003
20220
646661
90508
20488
58778
222864
712001
793
766576
175715
22486
99641
4895
7389
658218
26948
87927
1811
175669
20185
75009
314220
11839
21213
1063987
8197
20863
26163
101951
3526
20546
20334
106521
21353
60614
59764
23506
97297
6655
96299
97175
21561
29586
2599
6382
266505
28919
20369
420322
715780
2107
2855
9255
99129
7988
11334
1846
101790
4836
1015038
6488
9149
1794
642647
106688
635830
2868
3171
125694
18943
38091
4122
14297
640488
27332
2660
68036
167608
891277
68030
222240
429
69791
1870
20596
4788
70661
94113
126375
4018
75179
6479
801695
62
20282
107567
39160
6448
38347
65584
20621
234689
1048329
191444
21241
32181
649217
408026
4842
23566
647049
20107
224
2569
107098
222785
4913
640774
99484
122891
344033
649266
60452
3647
91507
21207
37661
4725
18112
4887
77326
142963
2699
11191
62900
38316
96904
30175
21261
99166
126608
57863
14477
20502
20342
3179
81453
1060918
4947
64117
222550
103906
93310
20808
63870
87963
992
77331
3946
21891
29230
656639
20697
37194
47488
64017
181839
129912
11170
3335
167589
17062
20051
815
13499
33669
156802
21302
31199
643684
91777
35451
72527
5671
154435
47472
35429
15754
20351
657964
96070
78117
33581
37129
62739
530
222814
116583
104098
62584
657921
61491
83102
37140
83895
29567
20026
3497
49425
79955
70131
190657
107011
60
3156
1832
20050
208273
105533
38388
11331
3957
21231
64104
20482
644766
11910
22658
113440
6406
80250
118789
18914
78613
18689
5340
101721
108502
49933
89885
96560
106318
92974
96018
175739
182421
50155
12114
1604
95623
67922
4190
153648
234659
20082
20998
82153
20141
50223
114461
4979
1526
20303
4707
101639
20924
3152
106945
129583
4480
81498
83756
37250
104302
23669
176182
57893
157176
37305
91172
673962
2879
104039
92374
57407
71095
91404
21549
22778
33575
3154
175624
15807
404396
3807
7416
21199
12399
61517
105212
104343
20724
82460
1006931
16515
122845
6417
21706
104705
31994
83213
4482
637855
67925
21175
24109
16875
6458
39827
20204
172969
89732
124908
189260
63678
367127
101920
3358
43724
35290
1991
97373
51599
12240
95761
157638
51967
71018
6508
81826
3052
270034
3429
94531
643560
727690
23654
100419
92852
20661
232346
36313
7577
194440
9305
27035
81915
661498
1038
