249069
657449
20071
1239
1101
5205
39102
104677
6400
3424
26084
102903
642782
3491
729
469
21159
62903
20095
24732
179149
662634
4185
1071
883
1587
29772
38384
928
69931
1210
362
80439
89639
2774
18938
9954
645916
66332
646628
2485
8256
71193
21306
268336
3008
91958
47794
1036
210612
1494
1190
114921
18858
20234
112773
516
8856
2834
70578
62726
18562
3433
20754
24977
13024
2234
21289
14702
20795
77260
78611
4333
665749
2759
694932
3162
2720
3523
7904
889
275
82109
160789
35660
403
280435
20586
661610
833
20081
5826
684215
2367
648298
108623
5135
20532
658459
2708
19462
866
94059
1489
2711
11356
105
106354
23129
642861
3673
643719
27976
1259
2559
642550
2344
27685
155431
18613
230052
722
3899
31080
106976
3101
801
115240
685071
4541
18172
5872
2525
642490
8879
9239
3916
1147
515983
805
642
21241
742
37255
646255
650456
27543
61543
6210
1845
2608
122825
15143
97346
21125
37300
196
4
37027
37063
1009453
69794
21080
4821
3219
2810
357530
657357
254926
3371
75543
33669
36072
71084
132538
20278
807
26352
646667
62875
18105
663582
110104
20024
96926
1013167
20964
78636
2844
2282
9734
4844
215078
27203
479
16013
108601
79719
131027
108617
20363
1495
137363
21
94026
6375
692623
758404
11303
20011
3477
1226
3665
72639
77110
78450
672244
2962
154085
881
20029
110697
5929
18763
518634
72399
521930
104540
1244
38374
2719
24420
642536
102936
20813
17270
660573
907
2423
107678
4562
1152
69888
30173
4921
4049
1011428
3446
1011763
9405
20836
9109
47763
687
280986
1886
20067
642667
29579
17301
2846
1679
8184
27803
11866
793
2686
850
30363
4435
660234
642877
6518
18792
1168
482708
4904
3168
38409
107011
9344
41561
732340
63732
997937
4767
128675
167
2822
1232
27836
20988
104683
20306
2075
71119
10549
6810
22014
71075
234692
20753
3750
373537
33632
646367
78525
649234
2316
2782
4814
20868
660238
3683
6475
1808
52863
340
4751
8607
1203
695747
1179
93926
802056
30212
37398
131024
22367
6269
2982
32497
4894
645693
640017
1860
114387
1007994
700
1048329
51821
24033
888
12825
2422
5203
702853
60085
122853
2538
30295
660219
1243
20870
636736
237683
1118
104149
846
109988
6267
1311
106984
5693
636156
8335
93539
4935
3941
33783
672652
30291
1490
728998
153702
3589
28179
4613
106500
3600
831
38315
25715
1707
27171
21341
642539
8291
662159
69853
11905
20876
2953
4241
8809
26781
32877
919
33
93
698535
170155
95749
37171
825
298366
1271
20635
684219
112235
18571
1574
10418
1182
639961
6386
77327
992
5926
6415
20150
645647
17685
697830
209
124592
30374
17404
77607
85327
2286
1273
70661
75044
5234
75183
1258
4942
79641
660221
3112
21473
3
643569
28559
79927
122395
7827
97413
4991
677561
1265
2378
678165
112201
62833
2473
4244
17263
104127
1001507
46
88678
4220
480825
9061
8969
78799
4783
30248
80175
20280
406
4418
13567
38337
19997
1224
640016
104537
695405
104365
24395
105477
59369
38246
167570
57914
118398
838
13737
644920
20323
104539
674
9357
96987
6437
956
17287
108796
21139
106988
17283
676602
3306
104582
162026
123842
951
77306
638817
33635
6425
280407
1708
3695
11479
78649
4406
153277
8000
311
1910
9450
9348
3739
1820
106983
122914
94914
117130
3099
1070
649853
23840
72526
1368
86340
40330
116
29769
880
44005
13499
177792
679090
676429
645860
4958
3948
282823
1593
1246
113768
11879
79180
510
105327
694116
106347
642689
44012
2249
114445
3482
1967
15472
772
63717
649123
4293
92011
62719
14777
542
77295
2632
643702
47454
17416
19951
679657
104131
25520
27019
4443
1069
35290
11852
69856
634
110194
5394
37956
108439
662160
5995
20256
686673
77319
360505
2732
402216
1041
95895
266851
661399
101920
17342
21709
527
1242
947
656342
78451
8497
94069
643183
884
75567
38541
8745
645121
3119
705
278192
1252
20572
33541
714304
103
101442
17361
2425
3220
20201
3533
9355
200695
24198
73236
122057
645702
661951
61867
96886
101639
38308
231216
93823
1024
35016
701
653253
4301
6540
1354
37277
6331
4707
96350
107408
5455
10031
104181
37152
20867
104555
2197
21660
20686
78622
21137
6322
71
38428
1431
20153
22755
115673
4531
60362
5056
30049
108563
20087
3231
10843
42412
77275
513
3549
179121
902
101770
27792
2483
8924
14250
20784
62842
24739
4805
2301
2049
88985
94614
84977
35896
989
20720
675
2026
21112
5182
155191
20077
66013
104690
640862
20486
25591
93269
94524
4221
8617
82035
186563
2507
162223
43
2420
355471
4689
684216
88573
87867
491
21029
203
110591
24020
116989
77474
6533
9027
62632
802
57936
4112
11904
11331
643033
172933
62571
662416
105750
184333
126085
64787
383
78382
649209
29974
2761
3976
104698
71153
30444
93296
92745
296
637262
20455
20829
111520
4229
226625
4852
21065
143842
31427
3061
70137
62629
1834
67931
1023
4771
5129
21472
20663
101830
10598
106990
454
4368
9402
20145
