657449
1239
5205
6400
3424
26084
102903
642782
3491
729
469
21159
62903
179149
662634
1071
883
1587
38384
928
69931
1210
362
89639
2774
18938
645916
66332
646628
2485
8256
268336
3008
91958
47794
1036
1190
114921
18858
20234
516
2834
62726
20754
13024
2234
14702
20795
77260
2759
694932
3162
2720
3523
889
275
160789
35660
403
280435
20586
661610
833
20081
5826
684215
648298
108623
2708
19462
866
94059
1489
2711
105
106354
23129
642861
643719
27976
1259
2559
2344
155431
18613
722
3899
106976
3101
801
115240
4541
18172
2525
642490
8879
9239
3916
515983
805
642
742
646255
650456
27543
61543
6210
1845
2608
15143
196
37027
37063
1009453
21080
3219
2810
357530
657357
254926
3371
75543
36072
132538
20278
807
26352
62875
18105
663582
110104
20024
1013167
20964
78636
2844
2282
9734
27203
479
16013
108601
79719
131027
20363
21
94026
692623
758404
20011
3477
1226
3665
77110
672244
2962
154085
881
18763
518634
72399
104540
1244
38374
2719
642536
20813
17270
907
2423
4562
4921
4049
1011428
3446
9405
20836
47763
687
29579
2846
1679
8184
27803
11866
2686
850
660234
642877
6518
18792
1168
482708
4904
3168
38409
41561
63732
997937
167
2822
1232
27836
20988
104683
2075
71119
22014
71075
234692
20753
373537
646367
2316
2782
4814
20868
660238
3683
6475
1808
340
8607
1203
1179
802056
30212
37398
131024
6269
2982
645693
640017
1860
114387
1007994
700
51821
12825
2422
5203
702853
60085
122853
2538
1243
636736
237683
1118
109988
6267
1311
106984
5693
636156
8335
93539
4935
3941
33783
672652
1490
28179
4613
831
1707
27171
21341
642539
662159
69853
11905
2953
8809
32877
919
33
93
698535
825
298366
1271
20635
684219
112235
18571
1574
1182
639961
77327
6415
645647
17685
697830
209
30374
17404
77607
2286
1273
75044
5234
75183
1258
4942
660221
3112
3
28559
79927
122395
7827
1265
2378
678165
112201
62833
2473
4244
17263
104127
1001507
46
88678
4220
480825
9061
8969
80175
406
4418
13567
38337
104537
695405
104365
105477
59369
57914
838
13737
644920
20323
104539
9357
956
106988
676602
3306
104582
123842
951
77306
6375
6425
280407
1708
3695
11479
153277
8000
311
1910
3739
1820
106983
94914
3099
649853
23840
1368
86340
116
29769
880
44005
676429
4958
3948
1246
113768
11879
510
105327
694116
106347
642689
44012
114445
3482
1967
772
4293
92011
14777
542
77295
2632
19951
679657
104131
25520
27019
4443
1069
69856
634
110194
5394
108439
662160
5995
20256
686673
2732
402216
1041
95895
661399
17342
21709
527
1242
947
78451
94069
643183
75567
38541
8745
3119
278192
20572
33541
714304
103
2425
3220
3533
24198
645702
661951
61867
96886
38308
231216
93823
1024
701
4301
1354
37277
6331
96350
107408
5455
104181
20867
2197
21660
21137
71
38428
1431
115673
60362
30049
108563
20087
3231
10843
42412
77275
513
3549
179121
902
27792
14250
24739
4805
2301
2049
88985
84977
20720
675
2026
21112
66013
104690
640862
20486
93269
94524
4221
20150
186563
2507
162223
43
2420
355471
684216
491
21029
203
116989
6533
9027
62632
802
57936
62571
662416
105750
184333
64787
383
649209
104698
71153
93296
5135
92745
296
637262
20829
111520
4852
21065
31427
10418
3061
70137
62629
1834
1023
5129
21472
10598
106990
454
20145
3516
7730
213776
106883
665215
651571
77321
1078
4435
18679
651485
20049
1450
2548
20508
47764
1704
195579
10826
649232
107684
642509
194880
5037
5463
622419
616
20799
78582
164636
221169
104132
665749
4718
83626
94739
20558
2724
15152
810
27801
20933
77
20457
7784
401876
1185
27814
642550
643172
4623
94924
664092
20789
640363
2673
104696
645631
14569
4735
2251
181087
15691
33129
636782
12366
37201
63544
1011763
25715
20551
4149
95611
101817
84866
20941
33787
11945
8476
21329
90522
17258
17709
6659
2232
3971
2661
1657
5594
20921
20592
104534
86430
4398
4897
63481
642838
28925
12926
646129
75026
887
32
702943
11916
202026
648308
3405
20137
6722
21170
104196
228175
4910
717
21217
1384
647829
122761
17391
646667
6429
230013
107678
33741
21017
78273
645583
2131
7708
94297
20870
230052
661448
323006
8591
6422
20327
7961
37057
21312
642499
71076
1077021
4979
1983
642667
758957
20999
37353
25256
104704
11919
37314
93930
642501
455314
12094
126107
4889
29149
201469
249069
11795
1999
638610
1041808
269348
4347
9291
60392
20817
744
222724
20494
374671
732340
6810
4955
138511
7621
6018
690002
11303
18841
886
195547
20902
160788
726
310
8386
105014
1012
104533
6462
847
133185
297710
97413
1270
3803
3903
87758
18208
9344
33876
642478
4185
59979
1088
66334
37290
104136
643161
3403
778686
641848
62828
3408
1021638
81568
168057
656668
20481
407839
51825
865
348
645456
11931
94578
8682
1592
63923
104543
649240
905
3727
8834
107977
108464
1059
44004
8791
701424
18854
20507
13696
108611
4630
108221
1160
644577
4383
661664
