657449
3424
26084
662634
1071
883
38384
928
1210
362
645916
268336
1036
1190
516
3162
889
35660
403
280435
684215
108623
1489
105
106354
642861
643719
155431
722
115240
4541
2525
642490
805
646255
27543
1845
196
357530
254926
75543
807
62875
110104
20024
2844
2282
479
108601
20363
21
94026
20011
1226
672244
1244
642536
4562
1011428
47763
687
27803
2686
482708
167
27836
104683
71075
2316
2782
660238
340
645693
3523
2422
60085
2538
93539
4935
1490
4613
831
642539
69853
825
1271
684219
1574
1182
77327
209
17404
2286
1273
1258
3
13024
1239
1001507
13567
38337
105477
644920
676602
280407
8000
3099
649853
23840
1368
880
44005
676429
3948
11879
105327
694116
469
44012
114445
3482
772
2632
1069
110194
5995
20256
686673
402216
69931
17342
8745
33541
103
1024
21137
1431
115673
3231
10843
513
3491
642782
179149
4221
2420
3101
802
383
71153
18172
21472
695405
454
665215
1450
24739
1704
642509
622419
616
4718
15152
77
3477
401876
1185
742
1179
4735
181087
77607
491
2661
20921
104534
642838
104196
640017
647829
6429
94297
37057
18858
3306
1077021
1983
758957
4889
638610
9291
1243
4955
726
310
8386
1012
3803
5693
104136
8791
108611
33
644577
4897
661664
636736
697830
31842
2134
5701
1259
640858
643250
275
657357
527
71
1703
11809
4303
645647
646289
3973
7827
6510
702853
4082
4986
22033
701
63055
3220
636156
1499
20234
8834
91958
2245
375
991906
6440
649283
21159
195547
78451
3009
710
1819
1999
1097739
102903
6331
15143
678165
939
72399
63544
107408
22014
3802
1242
1985
23462
106990
24803
645702
27019
51841
673641
680246
664092
25520
642613
46
646628
77838
1181
20323
16172
37063
8423
662159
660328
649209
5234
4049
646367
642549
1311
2953
4443
131024
838
37027
6404
1018
116989
3848
3899
25524
2732
7784
2900
66013
20483
20726
661610
4141
131027
29769
480825
5425
21408
4963
36712
18674
8874
4383
5273
2710
4958
21065
29149
37339
373537
78730
184333
660639
4781
21351
279476
649232
33741
27976
648298
20789
1009453
122395
18105
1086053
23129
86340
646046
679347
37314
30951
221169
732815
21017
1528
136261
3959
77110
71119
222724
23631
642478
1294
643162
21341
186778
702943
672652
63993
758404
17845
6462
1073128
133563
21249
133185
