249069
657449
1239
1101
5205
104677
6400
3424
26084
102903
642782
3491
729
469
21159
62903
20095
179149
662634
4185
1071
883
1587
29772
38384
928
69931
1210
362
89639
2774
18938
9954
645916
66332
646628
2485
8256
21306
268336
3008
91958
47794
1036
210612
1190
114921
18858
20234
516
8856
2834
62726
20754
13024
2234
14702
20795
77260
665749
2759
694932
3162
2720
3523
7904
889
275
160789
35660
403
280435
20586
661610
833
20081
5826
684215
648298
108623
5135
20532
658459
2708
19462
866
94059
1489
2711
105
106354
23129
642861
3673
643719
27976
1259
2559
642550
2344
27685
155431
18613
230052
722
3899
106976
3101
801
115240
685071
4541
18172
5872
2525
642490
8879
9239
3916
515983
805
642
742
646255
650456
27543
61543
6210
1845
2608
122825
15143
97346
196
37027
37063
1009453
21080
3219
2810
357530
657357
254926
3371
75543
36072
132538
20278
807
26352
646667
62875
18105
663582
110104
20024
96926
1013167
20964
78636
2844
2282
9734
27203
479
16013
108601
79719
131027
108617
20363
21
94026
6375
692623
758404
11303
20011
3477
1226
3665
72639
77110
78450
672244
2962
154085
881
110697
5929
18763
518634
72399
521930
104540
1244
38374
2719
24420
642536
20813
17270
660573
907
2423
107678
4562
69888
4921
4049
1011428
3446
1011763
9405
20836
47763
687
642667
29579
17301
2846
1679
8184
27803
11866
2686
850
4435
660234
642877
6518
18792
1168
482708
4904
3168
38409
9344
41561
732340
63732
997937
167
2822
1232
27836
20988
104683
20306
2075
71119
6810
22014
71075
234692
20753
373537
646367
2316
2782
4814
20868
660238
3683
6475
1808
52863
340
4751
8607
1203
1179
802056
30212
37398
131024
22367
6269
2982
32497
645693
640017
1860
114387
1007994
700
51821
24033
12825
2422
5203
702853
60085
122853
2538
30295
1243
20870
636736
237683
1118
104149
109988
6267
1311
5693
636156
8335
93539
4935
3941
33783
672652
1490
153702
28179
3600
831
25715
1707
27171
21341
642539
662159
69853
11905
20876
2953
8809
32877
919
33
93
698535
37171
825
298366
1271
20635
684219
112235
18571
1574
10418
1182
6415
645647
17685
697830
209
30374
77607
85327
1273
75044
5234
75183
1258
4942
79641
660221
3112
3
28559
79927
122395
7827
97413
1265
678165
112201
62833
4244
17263
1001507
46
88678
4220
480825
8969
80175
4418
13567
104537
695405
24395
105477
59369
57914
838
13737
644920
20323
104539
9357
17287
21139
106988
676602
3306
123842
951
638817
1708
3695
11479
153277
1910
3739
122914
94914
117130
3099
649853
23840
1368
86340
116
29769
880
44005
676429
4958
3948
11879
105327
694116
106347
642689
44012
2249
114445
3482
772
4293
92011
14777
77295
2632
19951
679657
25520
27019
69856
634
110194
5394
5995
20256
686673
2732
95895
17342
21709
527
1242
78451
643183
8745
3119
705
278192
20572
33541
714304
103
3220
20201
9355
24198
645702
661951
61867
96886
38308
231216
1024
35016
701
4301
1354
37277
6331
96350
107408
5455
104181
20867
21660
21137
71
1431
115673
108563
20087
3231
179121
101770
8924
62842
24739
88985
94614
35896
20720
2026
21112
66013
25591
93269
4221
186563
162223
43
355471
684216
21029
203
116989
6533
62632
802
57936
4112
662416
184333
64787
383
649209
29974
71153
92745
637262
20829
4852
21065
31427
3061
70137
62629
5129
106990
9402
213776
665215
77321
18679
651485
20049
1450
1704
84193
649232
642509
194880
5463
622419
78582
221169
4718
2724
20457
77252
401876
1185
643172
664092
20789
14569
4735
678168
181087
15691
37201
20654
63544
51825
101817
33787
8476
21329
90522
17258
17709
6659
3971
2661
20921
4398
4897
63481
642838
28925
646129
75026
702943
6473
11916
202026
648308
3405
104196
228175
4910
1384
647829
122761
17391
230013
33741
21017
7708
94297
4730
661448
8591
7961
37057
21312
1077021
4979
1983
758957
20999
96567
37353
25256
11919
37314
455314
12094
126107
4889
29149
201469
1999
638610
1041808
269348
9291
60392
20817
222724
6460
374671
4955
138511
7621
690002
18841
195547
160788
8386
133185
297710
3803
3903
87758
18208
33876
642478
59979
66334
104136
3403
778686
641848
1021638
81568
168057
656668
407839
645456
8682
1592
3727
8834
107977
1059
44004
701424
18854
108611
644577
4383
661664
59846
77342
22467
155186
1316
31842
90542
6139
38017
3511
646046
20092
642613
679347
24064
1018
108785
105821
208974
640858
5860
3792
4773
79243
126133
3883
43513
18819
23631
7878
643250
186778
252958
196483
638922
11809
2161
29504
83377
9378
3478
96919
2809
646289
66342
24061
3973
91961
644567
63838
643162
6510
4235
5048
4082
4986
22033
22892
305336
1032183
11870
20422
95010
103001
1041416
672637
10007
20231
91995
1096010
690
248393
60955
732815
658204
288
4028
6404
26334
100127
133563
10284
179192
652673
375
646193
396761
1044927
991906
4759
649283
90607
644543
96945
679387
646231
18117
101695
3769
24616
645172
1008561
93567
702852
29280
1819
103453
11813
1124
11914
94185
22551
11900
47555
1750
4259
82142
1097739
646812
90888
665214
643181
28232
30952
28514
6674
20538
637333
151639
3360
1294
25933
16260
661391
991775
247255
10071
10004
73213
85052
279476
20189
1107700
3802
17845
689971
18147
277758
303637
1985
4856
305845
14812
12579
67934
20672
4657
107928
646
8874
24803
59613
673641
680246
18674
70818
16255
107600
78577
90589
998605
7487
78730
103824
3842
719
33623
1351
26391
124730
11963
684437
104236
1181
7999
7356
3882
51827
23007
5138
4848
644398
777229
77340
219819
1767
8423
130557
22457
827
18028
37355
60611
30951
660328
1850
15365
129268
4188
280252
123220
638614
101482
642549
91942
153914
36553
6780
136261
1025810
3974
88672
62853
1033692
678108
41815
63622
642464
125304
3848
2213
234784
1019953
9038
3796
70141
10634
25524
6778
5139
713685
63543
4555
4351
63993
640636
11884
20758
62843
4141
51268
5425
60211
79232
21408
1649
643213
36712
3604
71091
674081
740743
684221
1015992
199860
8640
96698
124360
325243
100173
648375
663503
60083
11816
645727
646745
18420
47543
873
70548
123093
9051
647070
5042
68027
46679
51616
29500
660639
4781
27647
2114
676936
62127
20415
3908
126291
110904
7005
71178
3046
25460
642492
33164
1029195
146021
87959
17993
83889
62518
165989
1841
660793
58097
