657449
1239
5205
6400
3424
26084
102903
642782
3491
729
469
21159
179149
662634
1071
883
1587
38384
928
69931
1210
362
2774
645916
646628
268336
91958
47794
1036
1190
18858
20234
516
13024
14702
20795
2759
3162
2720
3523
889
275
35660
403
280435
661610
833
20081
684215
648298
108623
94059
1489
105
106354
23129
642861
643719
27976
1259
2559
2344
155431
722
3899
3101
801
115240
4541
18172
2525
642490
8879
515983
805
742
646255
650456
27543
6210
1845
15143
196
37027
37063
1009453
21080
2810
357530
657357
254926
3371
75543
36072
132538
807
26352
62875
18105
110104
20024
78636
2844
2282
9734
479
108601
131027
20363
21
94026
758404
20011
3477
1226
77110
672244
881
518634
72399
104540
1244
642536
907
2423
4562
4049
1011428
3446
47763
687
27803
11866
2686
850
6518
1168
482708
3168
38409
63732
167
2822
1232
27836
104683
71119
22014
71075
373537
646367
2316
2782
4814
660238
1808
340
1203
1179
802056
37398
131024
6269
2982
645693
640017
1007994
700
2422
5203
702853
60085
2538
1243
636736
1118
109988
6267
1311
106984
5693
636156
8335
93539
4935
33783
672652
1490
4613
831
1707
21341
642539
662159
69853
11905
2953
32877
919
33
93
698535
825
1271
684219
1574
1182
77327
645647
697830
209
17404
77607
2286
1273
75044
5234
75183
1258
4942
3112
3
79927
122395
8184
7827
1265
2378
678165
17263
1001507
46
480825
80175
406
4418
13567
38337
695405
105477
838
644920
20323
104539
9357
956
676602
3306
104582
123842
951
6425
280407
3695
153277
8000
311
20868
1910
3739
94914
3099
649853
23840
1368
86340
116
29769
880
44005
676429
4958
3948
1246
113768
11879
510
105327
694116
106347
44012
114445
3482
772
4293
14777
542
77295
2632
19951
679657
104131
25520
27019
4443
1069
69856
634
110194
5995
20256
686673
2732
402216
1041
95895
661399
17342
21709
527
1242
947
78451
643183
8745
3119
20572
33541
103
2425
1708
3220
645702
661951
93823
1024
701
37277
6331
96350
107408
5455
104181
21660
21137
71
38428
1431
115673
60362
20087
3231
27171
10843
42412
513
5826
179121
902
27792
14250
24739
2301
84977
20720
2026
21112
66013
104690
640862
4221
2507
162223
2420
355471
684216
491
21029
203
116989
30374
20813
9027
802
57936
184333
64787
383
649209
104698
71153
92745
4852
21065
31427
24198
1834
1023
5129
21472
10598
106990
454
20145
7730
213776
665215
651571
77321
2708
20049
1450
2548
62903
1704
10826
649232
2234
642509
5037
622419
616
20799
221169
104132
4718
83626
89639
20558
15152
810
27801
20933
77
20457
7784
401876
1185
27814
643172
4623
664092
20789
2673
4735
2251
181087
63544
95611
19462
33787
11945
8476
90522
17258
17709
6659
2661
1657
5594
20921
20592
79719
104534
86430
4897
63481
642838
646129
17270
887
32
702943
11916
648308
3405
20137
21170
104196
717
1384
647829
122761
6429
33741
21017
645583
7708
94297
323006
8591
20327
37057
21312
1077021
1983
758957
11919
37314
93930
642501
4889
29149
1999
638610
1041808
4347
9291
60392
20817
744
222724
20494
4955
7621
690002
18841
886
195547
20902
726
310
8386
105014
1012
104533
2711
6462
847
133185
297710
3803
18613
33876
642478
59979
1088
37290
104136
643161
3403
778686
62828
3408
1021638
407839
865
348
645456
11931
94578
8682
1592
104543
649240
905
3727
8834
107977
108464
8791
701424
18854
20507
108611
4630
1160
644577
4383
661664
20483
59846
77342
106983
22467
155186
94664
874
20911
31842
6459
1013167
6139
38017
93945
3511
646046
106976
248
1007
3490
642613
679347
1018
2134
4921
2710
9895
5701
21237
208974
4696
61867
640858
5860
4905
6494
104537
79243
43513
7915
23631
643250
11837
186778
252958
18370
638922
1703
62726
6475
11809
4303
11009
29504
290
186563
83377
1269
59970
11849
123
108463
9378
3478
646289
66342
24061
3973
91961
3551
1600
20836
18619
94199
1167
643162
3008
6510
4235
20603
5048
77338
2479
4082
4986
2462
18054
18763
4843
5702
21351
62629
22033
37352
20580
7886
20726
305336
1032183
2834
3555
4305
20422
95010
8705
3971
122853
1041416
188936
27203
822
10007
38282
63055
4773
366
4860
77260
78446
20231
91995
1096010
690
1820
60443
60955
638634
1499
732815
866
658204
661611
15691
288
4028
7789
6404
639961
447
2245
133563
10284
179192
93857
60913
113679
2121
652673
375
646193
77217
104130
396761
1044927
94069
991906
4759
6440
649283
662189
84871
90607
644543
3537
96945
21627
60317
679387
18117
104127
79272
1008
101695
2689
645172
132891
62638
21343
3677
112201
1267
660234
656668
93567
3009
702852
1885
24064
4946
710
1073128
20429
4787
1819
2244
104703
103453
25097
11813
41561
21329
1124
20052
660553
803
199208
104320
16013
11914
22551
47555
4259
82142
862
2363
102395
104031
1097739
646812
927
20780
104135
665214
643181
28232
20586
104133
30952
28514
62850
6674
20538
637333
18938
3360
1294
108439
665749
25933
