657449
1239
5205
6400
3424
26084
102903
642782
3491
729
469
21159
62903
179149
662634
1071
883
1587
38384
928
69931
1210
362
89639
2774
18938
645916
66332
646628
2485
8256
268336
3008
91958
47794
1036
1190
114921
18858
20234
516
2834
62726
20754
13024
2234
14702
20795
77260
2759
694932
3162
2720
3523
889
275
160789
35660
403
280435
20586
661610
833
20081
5826
684215
648298
108623
2708
19462
866
94059
1489
2711
105
106354
23129
642861
643719
27976
1259
2559
2344
155431
18613
722
3899
106976
3101
801
115240
4541
18172
2525
642490
8879
9239
3916
515983
805
642
742
646255
650456
27543
61543
6210
1845
2608
15143
196
37027
37063
1009453
21080
3219
2810
357530
657357
254926
3371
75543
36072
132538
20278
807
26352
62875
18105
663582
110104
20024
1013167
20964
78636
2844
2282
9734
27203
479
16013
108601
79719
131027
20363
21
94026
692623
758404
20011
3477
1226
3665
77110
672244
2962
154085
881
18763
518634
72399
104540
1244
38374
2719
642536
20813
17270
907
2423
4562
4921
4049
1011428
3446
9405
20836
47763
687
29579
2846
1679
8184
27803
11866
2686
850
660234
642877
6518
18792
1168
482708
4904
3168
38409
41561
63732
997937
167
2822
1232
27836
20988
104683
2075
71119
22014
71075
234692
20753
373537
646367
2316
2782
4814
20868
660238
3683
6475
1808
340
8607
1203
1179
802056
30212
37398
131024
6269
2982
645693
640017
1860
114387
1007994
700
51821
12825
2422
5203
702853
60085
122853
2538
1243
636736
237683
1118
109988
6267
1311
106984
5693
636156
8335
93539
4935
3941
33783
672652
1490
28179
4613
831
1707
27171
21341
642539
662159
69853
11905
2953
8809
32877
919
33
93
698535
825
298366
1271
20635
684219
112235
18571
1574
1182
639961
77327
6415
645647
17685
697830
209
30374
17404
77607
2286
1273
75044
5234
75183
1258
4942
660221
3112
3
28559
79927
122395
7827
1265
2378
678165
112201
62833
2473
4244
17263
104127
1001507
46
88678
4220
480825
9061
8969
80175
406
4418
13567
38337
104537
695405
104365
105477
59369
57914
838
13737
644920
20323
104539
9357
956
106988
676602
3306
104582
123842
951
77306
6375
6425
280407
1708
3695
11479
153277
8000
311
1910
3739
1820
106983
94914
3099
649853
23840
1368
86340
116
29769
880
44005
676429
4958
3948
1246
113768
11879
510
105327
694116
106347
642689
44012
114445
3482
1967
772
4293
92011
14777
542
77295
2632
19951
679657
104131
25520
27019
4443
1069
69856
634
110194
5394
108439
662160
5995
20256
686673
2732
402216
1041
95895
661399
17342
21709
527
1242
947
78451
94069
643183
75567
38541
8745
3119
278192
20572
33541
714304
103
2425
3220
3533
24198
645702
661951
61867
96886
38308
231216
93823
1024
701
4301
1354
37277
6331
96350
107408
5455
104181
20867
2197
21660
21137
71
38428
1431
115673
60362
30049
108563
20087
3231
10843
42412
77275
513
3549
179121
902
27792
14250
24739
4805
2301
2049
88985
84977
20720
675
2026
21112
66013
104690
640862
20486
93269
94524
4221
20150
186563
2507
162223
43
2420
355471
684216
491
21029
203
116989
6533
9027
62632
802
57936
62571
662416
105750
184333
64787
383
649209
104698
71153
93296
5135
92745
296
637262
20829
111520
4852
21065
31427
10418
3061
70137
62629
1834
1023
5129
21472
10598
106990
454
20145
3516
7730
213776
106883
665215
651571
77321
1078
4435
18679
651485
20049
1450
2548
20508
47764
1704
195579
10826
649232
107684
642509
194880
5037
5463
622419
616
20799
78582
164636
221169
104132
665749
4718
83626
94739
20558
2724
15152
810
27801
20933
77
20457
7784
401876
1185
27814
642550
643172
4623
94924
664092
20789
640363
2673
104696
645631
14569
4735
2251
181087
15691
33129
636782
12366
37201
63544
1011763
25715
20551
4149
95611
101817
84866
20941
33787
11945
8476
21329
90522
17258
17709
6659
2232
3971
2661
1657
5594
20921
20592
104534
86430
4398
4897
63481
642838
28925
12926
646129
75026
887
32
702943
11916
202026
648308
3405
20137
6722
21170
104196
228175
4910
717
21217
1384
647829
122761
17391
646667
6429
230013
107678
33741
21017
78273
645583
2131
7708
94297
20870
230052
661448
323006
8591
6422
20327
7961
37057
21312
642499
71076
1077021
4979
1983
642667
758957
20999
37353
25256
104704
11919
37314
93930
642501
455314
12094
126107
4889
29149
201469
249069
11795
1999
638610
1041808
269348
4347
9291
60392
20817
744
222724
20494
374671
732340
6810
4955
138511
7621
6018
690002
11303
18841
886
195547
20902
160788
726
310
8386
105014
1012
104533
6462
847
133185
297710
97413
1270
3803
3903
87758
18208
9344
33876
642478
4185
59979
1088
66334
37290
104136
643161
3403
778686
641848
62828
3408
1021638
81568
168057
656668
20481
407839
51825
865
348
645456
11931
94578
8682
1592
63923
104543
649240
905
3727
8834
107977
108464
1059
44004
8791
701424
18854
20507
13696
108611
4630
108221
1160
644577
4383
661664
20483
59846
77342
22467
155186
110697
94664
1316
874
20911
31842
6459
90542
6139
38017
93945
3511
646046
248
1007
78757
20092
3490
642613
63717
679347
24064
1018
104703
2134
108785
2710
105821
9895
5701
11834
21237
241
21345
208974
706
37068
4696
640858
5860
4751
3792
4905
6494
105791
20928
661421
4773
79243
126133
22994
3883
43513
7915
20205
92796
18819
23631
7878
20252
643250
3537
657640
11837
186778
4965
252958
2121
1709
18370
21116
96360
196483
638922
21599
3708
1703
11809
4303
4728
2161
11009
29504
290
83377
1269
661996
59970
11849
123
2172
108463
9378
3478
96926
96919
105467
2809
646289
66342
37250
24061
3973
37954
91961
95252
644567
6427
77252
3551
63838
1600
640628
18619
94199
9358
1167
643162
20532
19583
6510
4235
3217
20603
5048
77338
2479
4082
4986
20201
2462
18054
4843
78345
5702
21351
20076
22033
37352
22892
20580
7886
20726
1735
305336
481204
31453
4648
1032183
11870
662331
656730
3555
20078
4305
20422
95010
8705
103001
1041416
188936
20910
822
209690
672637
30295
10007
38282
63055
366
4860
78446
521930
21143
20231
91995
644785
21685
1096010
1224
11872
690
60443
248393
60955
638634
1499
732815
23472
20277
658204
661611
20106
288
20432
4028
7789
21241
6404
26334
3900
447
100127
2245
133563
10284
179192
93857
20280
60913
113679
38390
652673
375
646193
2247
77217
104130
396761
62842
1044927
991906
6457
4759
6440
649283
662189
84871
90607
644543
96945
21627
60317
679387
646231
643765
18117
79272
1008
101695
52863
2689
3769
20417
24616
645172
132891
62638
21343
642672
1008561
3677
20518
1267
1090
106534
93567
3009
702852
1885
4946
3790
710
29280
63547
1073128
20429
4787
1819
2244
8839
103453
25097
4007
11813
21957
114327
1124
20052
2105
660553
803
199208
21725
104320
11914
77336
94185
6576
22551
17870
11900
1156
21016
25591
47555
1750
4259
20713
82142
862
69888
2363
102395
678168
104031
1097739
94301
9954
646812
5929
927
79635
20780
4767
90888
37300
155
660573
49687
3450
104135
83987
665214
20557
1038962
643181
28232
104133
30952
28514
518
5446
62850
6674
107899
20538
637333
151639
60224
3360
1294
25933
85529
16260
105934
661391
640364
1319
95945
117224
35396
939
4820
18783
21061
22367
991775
23582
37347
5925
1228
160751
1171
3638
116547
247255
10071
20733
20687
21013
11286
10004
73213
1870
20033
23133
19999
85052
3221
279476
20266
17267
2087
17716
20189
9304
177006
1107700
660678
61315
661070
37334
113
106648
6721
166705
21020
3802
26479
3080
20576
17
11806
17845
689971
1015038
112194
198858
18147
2312
84683
277758
303637
20157
97346
800
1813
1985
15743
23462
662527
4856
104675
91346
100270
1261
305845
14812
71251
3618
60204
12579
67934
20672
240396
175710
5108
26781
1958
4657
107928
20394
638603
3473
5035
646
21632
5059
20306
2775
117130
8874
24803
160264
59613
643278
2085
21783
51841
63585
673641
7651
966
1522
645576
107224
96155
4112
680246
3471
18674
6651
87627
912
77316
20654
47112
241905
70818
16255
108510
84907
2519
107600
78577
90589
104686
153647
20567
998605
252825
30113
7487
20289
821
1417
1176
9021
66016
78730
57889
20912
103824
32497
77838
107902
3842
20066
719
33623
6067
2557
71038
9883
1351
33717
926
26391
30862
124730
11963
1101
20209
87867
21062
77325
684437
364
104236
8099
4196
3673
586677
27130
1181
90
1822
7999
75025
7356
1364
27259
3882
511
51827
80439
643035
20299
4642
1063987
23007
30192
5138
4012
3172
30131
33825
11955
21117
4848
644398
77294
14541
777229
18088
16172
160838
21338
95464
77340
1068
48362
20227
16129
314096
219819
11904
1767
4531
4239
809
20199
637244
8423
77320
741544
130557
22457
20861
33767
20013
160814
122850
827
18436
111467
789
18028
37355
4733
13600
94614
3459
60611
63593
20121
20335
30951
20067
660328
1850
15365
139
7028
33772
451
17287
8548
129268
12684
59608
30248
4188
20392
280252
8558
11190
6761
37177
106986
649311
78063
123220
112301
2444
20898
592
5584
638614
101482
642549
12682
62756
21326
4821
91942
11877
19875
153914
20202
5109
13922
9402
29590
2825
3155
21153
5148
20690
122147
36553
6472
30173
23429
9531
6780
714928
136261
643591
1025810
20192
100171
7887
68175
18823
3974
107558
13499
5093
660227
2242
1847
649214
21161
21033
5889
1886
106982
5423
18481
20316
30788
93926
1070
643420
88672
62853
1033692
8213
21254
20692
11933
18302
6453
678108
825828
20878
4333
707
17874
741573
710072
313481
642537
41815
63622
33705
220754
26639
4771
1530
66341
867
1009462
1073472
2153
829
20761
642464
125304
20423
71240
122825
3848
2213
2761
234784
19572
1019953
639471
104856
20643
40330
158
69821
9038
20663
4501
4018
78369
72682
642571
3796
118529
1007584
94983
70141
16007
22210
644688
303713
10634
25524
4877
53653
96918
6778
20697
313
5139
6485
66500
20257
21187
112330
94579
607
20349
84144
4
279498
713685
2598
3015
82469
660345
46682
1853
63543
4555
646687
642738
4351
3480
529
31028
93706
96717
1899
731
20491
20781
2900
9552
63993
6474
16115
5630
1974
640636
4980
282823
11964
21294
20166
28936
112901
11884
4318
8497
77319
20758
112392
4724
7347
3976
6424
7863
21182
8617
37956
38279
2122
104407
43410
649286
21039
649123
104688
14694
62843
195585
20874
764510
21079
21306
30256
101883
104697
20116
1187
176953
71210
16346
4141
640579
20659
13492
21243
101600
813
11894
20077
23976
94401
104149
21081
106418
1152
37255
21325
27901
645568
2046
4729
51268
26335
663549
8898
108477
20616
660235
705
660219
645596
77627
644878
4607
3728
93074
3514
5425
3999
44521
673305
60211
17955
1891
172933
9192
11778
101623
79232
21408
71245
38362
1649
640047
21275
18887
63528
81680
106143
20420
6395
2249
839
29772
77474
7925
4963
7889
69875
20317
224770
94326
30015
1085146
643213
133389
20216
116313
101830
7606
36712
95734
638807
17301
35016
4314
94272
20575
2727
3604
7790
30963
1836
21466
35752
21100
71091
653537
7864
684217
649184
20434
1003560
21076
77634
108832
114984
69813
5273
94140
1147
20458
21001
110046
23933
10496
268
20063
82
674081
678972
640292
4570
1454
1889
60203
28513
164
11238
10031
91172
27685
20772
101267
110048
8141
20126
740743
5872
661957
684221
5064
676110
644786
1015992
21139
9147
5698
645860
20844
1016
199860
8640
170155
96698
19988
17238
1090958
3606
20618
124360
107901
678971
20897
10573
645688
69794
9935
30126
19998
181147
94452
643335
325243
20427
3394
100173
77613
84542
96987
648375
663503
37339
18462
20071
60083
2405
2076
180594
9326
22088
11816
43019
6466
676940
37179
3503
43734
17283
123828
645727
27760
376
105465
20901
63507
646745
4833
63475
7806
8924
5462
112196
42
87927
18420
82465
47543
640820
11811
389
37403
873
70548
14026
20803
36313
643985
44
15895
38343
1446
1901
123093
122057
101699
3215
6319
287958
106991
122773
9051
445
5753
27109
17275
134129
1831
79641
647070
30815
5042
68027
46679
888
649137
86177
12140
51616
373833
29500
1014857
210612
3370
644036
645595
20866
4368
660639
10111
30809
4781
9416
194
1067230
373809
11793
4902
2227
78450
642768
96710
6754
78042
69833
38463
23596
5654
27647
69807
89583
2496
2166
20303
96
3568
86605
6519
4421
3921
2114
20180
676936
105386
63049
83930
38371
10589
20595
46868
62127
20415
9024
645694
32542
21168
962
4854
78625
3908
95749
20638
18047
211400
227895
38315
30274
20856
60426
21028
126291
110904
88471
7005
60243
71178
2222
11852
20012
3046
3600
104538
649236
25460
2240
5160
78445
18244
17119
25030
95694
21562
8291
658459
175643
759687
16048
642492
4949
1440
727861
6381
5987
17259
77304
71131
79689
1305
20159
33164
4144
9206
20156
701317
2223
118398
35771
642547
21133
257652
8938
97138
21192
75020
639
148275
320049
3457
30230
20010
9377
1029195
200695
146021
644775
1773
25649
38340
69793
20997
19995
107273
6898
20153
4388
87959
20566
37247
3927
17993
81926
657919
153702
661612
20534
33632
59852
29402
649310
103913
96241
10242
82035
9356
27714
685071
30032
215078
59934
83889
62518
165989
36755
38352
4062
63632
66565
44935
164464
653253
30209
130338
9840
119724
4459
11484
667483
9284
7895
18878
1841
660793
17361
58097
9867
105960
646419
1937
8893
10549
11921
20140
105789
3589
3578
30303
20484
643002
79558
21473
642457
4828
4757
95652
162026
858
3461
200788
641866
30250
137052
660216
169
337884
21008
93965
107726
1018614
13449
71060
47549
63442
5926
21070
104125
22745
264203
844
33860
2603
642998
95019
90811
689813
737274
74773
3375
155423
9335
21125
77785
22747
2318
20029
95369
9804
26414
30799
25157
36750
5800
20989
62522
694961
28908
108617
20880
20041
10552
79309
93326
20058
26164
37587
646661
18972
1086053
110899
94844
4456
6216
101770
108081
160769
69940
14029
4991
84976
20207
20048
1257
20877
347330
642989
89748
61716
18812
2058
1037441
30053
20384
128675
3558
97099
20784
186750
89585
71121
27247
38272
206
481
70081
33635
38387
419356
3085
84957
793
78181
2483
657448
7904
84193
660236
131135
13846
27320
72526
135771
63138
38322
727200
154828
12399
661408
60322
4799
155191
18863
175804
185311
20724
660570
21185
4847
20543
21248
78059
20666
2433
21447
9109
676883
30168
21181
17920
50561
19997
4212
15716
1135
1061557
111353
713699
1112
82109
885857
4102
9742
63513
21465
90929
101872
1121294
8856
234675
1556
28491
28964
1218
807472
1897
70578
1793
191444
104645
3458
111352
101575
12295
660225
63531
21048
765202
5824
176952
114447
718
22573
116162
20881
29312
38373
38294
2099
96424
335
166328
83681
46195
94695
10419
20375
72481
219035
18562
4885
20668
38091
853240
114468
312340
7682
661987
15763
1846
104093
4229
20961
29599
20529
11932
3414
2868
749451
2764
734445
16875
6405
99769
151914
77298
37188
743910
94738
4834
77276
71132
20976
63353
649608
93764
222785
60649
33670
9849
5472
105429
706780
78107
5951
63989
211274
9067
72639
77598
106977
138054
4730
2641
167799
15558
766810
20129
133936
78647
25
91024
3025
110370
3438
118537
20709
21171
275744
1998
3837
646681
38301
640016
32823
20410
1133
672473
728
1114267
3506
20906
4776
4689
219445
657913
4272
1014
1528
1070001
90863
4234
97520
71195
85347
33570
1495
21004
61905
79412
2317
107760
37598
5197
92812
7867
142358
6779
4177
37344
81054
305515
914
20944
111389
13657
4174
17292
71067
7166
174944
96070
25988
166594
71127
111634
1997
11886
175786
697819
494735
39160
322922
644353
51832
60900
20578
643151
3959
126137
1494
31298
60341
4653
23676
75799
20165
3229
122688
91298
118686
5134
2233
82334
663745
24042
62517
88709
101933
12194
16694
640334
6345
160697
713825
81826
20455
1666
708998
640353
31339
3427
24033
435225
406019
77266
24977
18894
102936
45154
71093
101902
658706
104129
79562
7389
1041717
2820
88452
71173
643337
78611
101639
18065
96561
2898
2367
20324
112737
639371
126085
20631
67
1202
1066251
20270
94209
1706
30029
17927
45391
20362
656631
37952
96729
62824
20168
62921
6328
73244
396184
104126
14297
60473
1922
1656
221749
44751
661420
1593
20325
172173
175794
155746
20412
31965
25229
92262
58
33893
212536
2031
781521
100153
738883
4024
4667
36670
78622
69834
110591
1188
21175
20542
64117
11401
192010
72549
649
104700
21214
2196
85327
20369
715450
104134
22888
94665
93479
75606
71109
20342
21147
30948
7883
3508
18689
17148
30444
104171
97028
103449
72462
125849
643587
20714
9429
20636
420322
20082
278203
406141
4930
252756
639677
657921
170939
20842
643474
20487
642718
1063
7873
41397
30234
15472
18025
20729
107270
21304
77459
167881
8689
11923
21282
30260
226625
3230
4880
10236
7877
1141
57431
32553
158582
95314
78639
29595
29974
14523
24395
649411
23858
141746
3139
24536
106521
4113
17722
1580
21321
907684
93536
2355
7869
62792
95848
4739
15577
688078
98174
30776
2993
96977
21136
95523
537
1839
36
124023
8571
1144
92523
2625
3225
6536
91941
5464
24434
96553
21015
20134
426134
6731
27358
3740
20110
6386
649527
30888
208123
5690
59878
460
82153
402817
222602
105662
2464
21347
20321
640399
177282
4584
160876
20968
47804
20443
1010
20217
170114
18643
93497
2773
37171
35896
660571
62719
40403
113440
642645
4320
138992
97175
96964
645621
20345
644784
51892
660700
87093
640930
9436
649204
70153
795
390
19923
95743
269998
145655
28535
235227
4248
11988
18112
160560
33612
6379
20972
651012
122914
20408
759077
112129
242540
21344
157176
1887
10009
66350
1060918
59803
6902
6423
101677
38531
6382
60368
20334
20513
218201
1107786
693224
20439
104462
555
665596
37130
37961
660223
3500
5927
71221
64125
190657
21069
4741
32881
678163
72485
101669
60449
20553
61922
74738
3733
3813
1275
93419
212420
3402
172969
328
28959
25709
18364
88978
272086
69863
126129
99451
96709
100099
73217
218666
1065702
21146
1049
63878
31080
63668
4553
20932
21043
4241
18795
81498
37947
87866
27635
126125
20021
3750
77889
88480
681379
90873
846
93977
66376
940
6479
87290
78525
133095
20596
1996
95584
907982
266505
2939
30343
4842
2416
13641
662437
175770
6680
17714
662289
39062
784912
30044
1064
679090
341613
22816
5803
9321
50592
20727
3193
70413
1040337
6287
5053
105733
20562
81687
14
93511
662129
22705
30345
105939
635970
245233
672370
20315
118479
1866
2299
100159
27881
20035
36628
124112
9939
7799
73259
117144
20069
4240
1781
182324
9351
26213
84449
1986
706630
1890
5340
3207
3675
20218
1038038
9411
96567
3515
71185
7881
229031
30000
96069
33594
104586
2037
94164
122891
4777
9286
20657
80289
93659
6088
643447
649234
30288
146937
89804
126741
20107
20948
1082937
106317
11350
62815
153
2194
28206
11869
3862
884279
642763
62826
642753
175816
19483
264202
2149
2815
17435
112163
8665
6465
122093
728998
108493
480
643569
1084
74794
57911
4844
14477
15640
29600
36802
9355
578661
94618
105186
3744
20442
32110
37661
91861
20269
75027
77330
20112
188807
27332
661924
87951
30225
23566
62744
662350
1112790
43680
75
71138
74582
20876
20982
33626
11791
646684
3227
104541
3864
849
60606
189343
1661
21084
890
18371
1833
20373
127852
3048
732826
124310
514
78607
22493
819
142239
7768
104169
79195
2095
15611
22657
2237
4790
2511
5056
643702
6473
4482
17725
2973
21604
3066
20908
90534
1159
107098
1933
9366
14122
1411
653564
4800
681268
77090
20511
35738
6322
9393
1272
37120
4738
175771
89985
3886
20372
27643
100778
19888
20111
30138
71242
3192
82472
44142
93225
20624
96988
6407
93559
63870
30080
3647
75186
6235
3024
460539
3197
649273
20291
660523
25845
4384
14088
3869
78117
6460
117188
640379
11356
85285
6751
2428
20685
37872
108459
104552
15715
21499
1018765
108495
4908
4312
79880
316
20488
1047838
30887
24710
113751
6497
69799
97373
107567
1282
28220
95109
360505
107858
642664
180680
657619
4851
72527
147826
566049
28026
643467
9145
90046
2331
84948
61559
9450
4669
4989
11191
21224
93182
30291
5563
85490
123134
692462
101619
2693
1063520
136992
660164
100768
104677
175814
20051
8131
10967
101442
162035
7577
103426
653432
22658
20247
141
153926
644645
122896
1251
18850
643033
2056
4836
646478
3581
57863
167980
10831
17418
88534
81673
96983
109657
9403
26216
100419
1794
20845
9211
31274
77326
60456
95941
104039
649248
95860
649260
94298
721
33688
108465
231362
25683
20843
95
704607
30107
4194
4915
78308
172077
90515
6426
102610
20520
9348
211598
20610
662526
9324
2499
677039
20195
104301
92521
701577
77716
63678
47544
93351
20176
150064
11909
507156
101921
13503
66357
17180
4561
4193
63618
96529
1
14147
21891
84019
20804
1252
11868
48360
2135
642851
21019
19074
6418
29950
214187
78649
714496
33392
884
29230
640006
307548
24184
646634
69460
72512
638817
167590
9873
33601
20220
18123
315154
2185
30145
25075
107478
20623
35825
660492
14182
29664
4994
222814
106959
105217
31475
11880
650993
85054
20395
4225
118297
213
3034
9149
15585
95623
20923
204250
663311
11896
12472
114464
20204
88939
2062
9394
4791
660326
60309
18040
656342
2835
23866
21252
93892
27044
92009
3179
33694
23154
164829
660325
21236
62601
10605
22471
644821
11867
5869
27849
71224
175669
954
660072
607557
125694
4372
108541
77240
7813
38298
31413
137363
11395
222240
100761
5072
643177
73279
71141
24312
80282
112232
639960
155835
9368
1944
86406
266503
95657
29574
642631
20811
39102
678999
20125
89885
3211
62752
75060
94834
643030
472211
3171
87963
15230
131599
18385
8934
20059
101864
244773
83756
1947
60528
207
8724
4409
20044
402251
104554
108796
9383
90891
31994
78620
167570
112199
6009
20546
4783
1046602
2855
104702
3433
21204
122872
94094
75011
81453
660706
35451
674
5133
33801
1815
1081297
652267
178233
20297
21640
186756
90162
6437
118551
183844
684303
4622
20723
11934
20132
1149
24320
20879
47409
884110
20660
101249
262190
266
20480
20401
642647
20368
645626
102787
62584
3779
65407
20232
9161
37152
7072
125251
22486
16384
88586
655623
2394
75935
59291
20482
106245
99484
9740
126141
93841
29977
18077
1837
354470
23991
97260
37315
17943
33581
112773
2648
23106
695747
640503
3652
88573
94728
62760
12442
3935
20655
28195
36597
274921
642771
13771
75069
21249
3651
60423
93310
11960
272448
663896
106688
5091
105754
112242
646670
1811
20141
331654
24173
18148
1867
32166
118893
55023
21868
104555
94184
1068955
673984
1004461
709
12114
32997
1925
100125
25098
104343
75093
4926
92128
58778
657450
202176
8319
192714
129372
21935
686692
20984
451731
16940
17434
87918
5829
126756
1072
365710
62683
51
319604
21284
78576
6337
26856
37379
154862
20857
61397
38675
90897
124908
698119
107331
643094
9305
93713
657978
78351
426874
1796
20095
2385
24420
127362
104689
83895
267793
160734
20983
1896
20385
131859
30360
5099
4309
8956
16049
4872
104848
519652
183729
95829
662194
684316
65
30087
1044823
20885
71095
155521
6455
1814
4406
30272
21226
515150
133
71098
8419
1030950
172602
11910
69487
2472
5204
4899
696509
1148
342103
649092
93322
643374
1498
78799
130997
23947
1789
5960
104354
649255
6559
649250
429902
3481
60493
106609
7681
223430
645490
104029
121953
657503
644120
4865
107392
1063070
89951
1014555
35545
27329
83102
5077
20774
12213
107908
182588
23904
166695
9375
106653
6371
6675
21169
1642
694765
89755
50487
21096
106500
2470
8918
78395
457697
434141
197040
192967
124592
175599
639902
94225
78411
885
1843
61491
5000
20782
10039
157638
645607
77989
9261
96363
7023
20055
175688
62847
587114
234683
29951
642504
21963
210381
13697
4242
4997
65403
384
20356
773752
68124
111351
6974
143842
815
118778
114385
315907
6511
2600
1715
73236
391
4987
6815
104299
20142
126117
5905
2943
94518
20364
3206
105766
660230
656050
123040
27323
2636
14371
26921
661994
95627
7731
9391
674420
200394
29810
166746
243544
78382
172997
24839
21072
19989
129280
101790
6481
38466
21057
7205
104091
4974
27774
77222
123978
21097
24070
1138
2721
95346
27463
63471
11273
6489
108561
2152
646714
15499
36675
96113
8108
21281
77935
20359
25166
220916
645728
89768
26850
57407
9142
21108
21289
9306
228945
381699
22214
152094
1250
28961
2306
61464
388243
1394
62900
7294
649251
114504
21513
9077
649536
6964
3969
73384
74657
2539
5177
649130
90995
30056
21120
38391
995816
7896
665426
2349
93553
94958
1333
2238
77942
50317
17886
69816
85743
129583
57751
111263
90489
159303
30907
30861
94792
77748
46218
3557
79180
1083014
107367
97284
666953
4139
5788
122763
645507
177792
226129
143923
78640
264206
231819
107261
15754
97009
197843
646742
670437
2346
18880
6543
15533
13703
60324
1927
695819
91448
84514
4691
22104
73232
657336
25127
664091
72468
6710
82336
64061
734791
38510
57840
17422
70107
21706
63634
104102
78286
20406
6622
50599
950
20007
6417
31041
17293
7735
96018
112702
12950
135351
2743
112300
71212
28223
93937
47070
11977
71267
38290
8701
17416
166656
49933
9468
20178
6397
92972
1667
33712
17762
1061600
172980
658219
8677
419378
247
317
17299
100747
18266
11413
69823
38250
658001
96946
307599
10314
62677
35812
1026495
5572
105313
24555
92098
12676
30174
167815
693875
122753
72524
15755
1227
33707
918
20104
2701
20288
27038
667551
21916
194440
5538
95785
643684
33849
649215
24794
20425
644348
175614
198390
6658
135632
728304
6932
206141
28148
2965
62966
288001
71181
96904
1539
4806
656716
20456
679777
50680
92993
16054
96119
20585
5767
122126
118525
22778
21276
33615
20381
641261
678158
15745
78601
408
6289
2208
14638
88732
186704
81944
96515
180605
62662
677561
1784
21003
95776
67434
212
71211
155517
80239
33864
234652
117939
101570
20743
82306
59836
4947
3425
792
48368
7811
5978
94953
26575
662158
63911
114465
35678
678217
775
38030
37396
26622
292635
106945
6385
11981
23127
197779
97003
90508
222864
712001
69320
62572
180583
766576
175715
145259
99641
4895
27985
658218
26948
46296
20185
99166
9433
75009
314220
11839
78158
21213
8197
20863
30092
26163
101951
3526
2333
643385
21353
127492
60614
17256
36646
59764
23506
97297
6655
96299
21561
3505
6633
29586
3960
2599
176637
637039
28919
715780
2107
9255
99129
7988
11334
6488
21122
635830
32103
95323
18943
4122
4084
640488
234785
665309
8448
2660
68036
5500
24585
167608
891277
68030
115722
14436
429
69791
660705
4788
70661
66349
94113
126375
11859
36433
75179
801695
62
20282
6448
217686
645686
4324
38347
134141
251491
65584
20621
234689
1048329
32181
93528
649217
408026
647049
20089
224
2569
649910
4913
640774
107399
344033
59688
664533
649266
107898
60452
17105
91507
21207
4725
86185
4887
4323
142963
8368
22746
2699
38316
30175
2293
21261
81757
126608
20502
27110
51238
658225
222550
103906
20808
7712
992
77331
63827
3946
656639
8952
8719
37194
62624
4779
47488
64017
181839
129912
11170
3335
167589
21055
17062
33669
156802
21302
31199
37184
177213
4838
91777
163630
5671
154435
47472
35429
20351
657964
716316
110744
21235
37129
62739
530
837082
116583
104098
2891
37140
142911
29567
67742
108546
20026
3497
49425
79955
70131
42043
107011
645472
86182
1032923
7707
20951
60
20848
3156
20160
6635
1832
266819
26102
16099
78652
20050
22512
208273
105533
38388
11331
3957
21231
64104
20555
2817
644766
62788
67438
6406
80250
118789
18914
593582
78613
192249
20271
101721
108502
96560
106318
646711
77273
92974
20249
175739
182421
50155
203823
70151
1604
90221
67922
4190
153648
82052
234659
5086
35814
96542
20998
26225
50223
114461
20203
1526
4707
20924
3152
4480
104302
23669
176182
57893
37305
15261
673962
2879
2814
263345
92374
2520
12576
85280
91404
445263
21549
33575
3154
12023
175624
107476
5130
15807
404396
17724
266855
3807
2400
73963
7416
21199
61517
77269
60455
663849
11922
105212
153310
23022
78497
23692
82460
21350
1006931
4258
16515
122845
68255
37132
10
110948
54813
27339
208
104705
83213
3709
9224
17317
637855
67925
24109
14126
6458
39827
681392
89732
189260
75013
367127
101920
3358
43724
35290
1991
51599
12240
95761
1105453
176939
242978
29954
51967
71018
6508
77720
3052
104384
270034
20228
3429
94531
643560
29662
727690
648784
8394
78188
71164
1601
23654
36654
92852
20661
236902
232346
170957
27035
81915
1892
661498
1038
