657449
1239
5205
6400
3424
26084
102903
642782
3491
729
469
21159
62903
179149
662634
1071
883
1587
38384
928
69931
1210
362
89639
2774
18938
645916
66332
646628
2485
8256
268336
3008
91958
47794
1036
1190
114921
18858
20234
516
2834
62726
20754
13024
2234
14702
20795
77260
665749
2759
694932
3162
2720
3523
889
275
160789
35660
403
280435
20586
661610
833
20081
5826
684215
648298
108623
2708
19462
866
94059
1489
2711
105
106354
23129
642861
3673
643719
27976
1259
2559
642550
2344
155431
18613
230052
722
3899
106976
3101
801
115240
685071
4541
18172
2525
642490
8879
9239
3916
515983
805
642
742
646255
650456
27543
61543
6210
1845
2608
122825
15143
97346
196
37027
37063
1009453
21080
3219
2810
357530
657357
658459
254926
3371
75543
36072
132538
20278
807
26352
646667
62875
18105
663582
110104
20024
96926
1013167
20964
78636
2844
2282
9734
27203
479
16013
108601
79719
131027
108617
20363
21
94026
6375
692623
758404
11303
20011
3477
1226
3665
72639
77110
78450
672244
2962
154085
881
110697
5929
18763
518634
72399
521930
104540
1244
38374
2719
24420
642536
20813
17270
660573
907
2423
107678
4562
69888
4921
4049
1011428
3446
1011763
9405
20836
9109
47763
687
280986
20067
642667
29579
17301
2846
1679
8184
27803
11866
2686
850
30363
4435
660234
642877
6518
18792
1168
482708
4904
3168
38409
9344
41561
732340
63732
997937
4767
128675
167
2822
1232
27836
20988
104683
20306
2075
71119
6810
22014
71075
234692
20753
3750
373537
646367
78525
2316
2782
4814
20868
660238
3683
6475
1808
52863
340
4751
8607
1203
1179
802056
30212
37398
131024
22367
6269
2982
32497
645693
640017
1860
114387
1007994
700
1048329
51821
24033
888
12825
2422
5203
702853
60085
122853
2538
30295
660219
1243
20870
636736
237683
1118
104149
846
109988
6267
1311
5693
636156
8335
93539
4935
3941
33783
672652
30291
1490
728998
153702
3589
28179
3600
831
38315
25715
1707
27171
21341
642539
8291
662159
69853
11905
20876
2953
4241
8809
26781
32877
919
33
93
698535
170155
37171
825
298366
1271
20635
684219
112235
18571
1574
10418
1182
639961
6415
645647
17685
697830
209
124592
30374
17404
77607
85327
1273
70661
75044
5234
75183
1258
4942
79641
660221
3112
21473
3
643569
28559
79927
122395
7827
97413
4991
677561
1265
678165
112201
62833
4244
17263
1001507
46
88678
4220
480825
8969
80175
20280
4418
13567
19997
162035
1224
640016
104537
695405
24395
105477
59369
167570
57914
118398
838
13737
644920
20323
104539
674
9357
96987
17287
108796
21139
106988
17283
676602
3306
162026
123842
951
638817
33635
1708
3695
11479
78649
4406
153277
1910
9348
3739
122914
94914
117130
3099
1070
649853
23840
72526
1368
86340
40330
116
29769
880
44005
13499
177792
679090
676429
645860
4958
9954
25683
3948
282823
11879
79180
105327
694116
106347
642689
44012
2249
114445
3482
772
649123
4293
92011
62719
77295
2632
643702
47454
17416
19951
679657
25520
27019
35290
69856
634
110194
5394
70578
5995
20256
686673
77319
360505
2732
673984
95895
266851
35825
101920
17342
21709
527
175715
1242
656342
78451
643183
8745
645121
3119
705
278192
113440
1252
20572
33541
714304
103
101442
3220
20201
9355
200695
376276
24198
73236
122057
645702
661951
61867
96886
101639
38308
231216
1024
35016
701
653253
4301
6540
1354
4994
6331
96350
107408
5455
10031
104181
4333
20867
104555
21660
78622
21137
71
1431
22755
115673
108563
20087
3231
21916
179121
101770
97297
8924
62842
24739
88985
94614
18914
35896
989
3583
20720
2026
21112
48558
66013
25591
93269
4221
100778
79781
64104
8617
3872
82035
33392
186563
162223
43
355471
684216
88573
9149
87867
21029
203
110591
116989
77474
6533
62632
802
57936
4112
643033
172933
662416
184333
126085
28938
64787
383
29974
3976
684303
71153
30444
176637
5135
92745
637262
20455
20829
4229
226625
4852
21065
143842
31427
65403
649092
20990
3061
9162
70137
62629
67931
4771
5129
20663
101830
106990
4368
9402
213776
665215
77321
1811
18679
651485
20049
279498
1450
1704
84193
1282
96710
649232
46868
69807
642509
194880
21549
5463
185311
622419
91921
125688
78582
221169
71195
889125
4718
77273
2724
24977
75027
97010
77252
123134
2693
33717
401876
1185
74738
21430
65170
643172
1837
664092
645505
133936
37403
14569
4735
678168
181087
15691
3675
37201
91291
63544
657913
51825
71218
72485
101817
63138
114111
33787
71132
8476
15585
21329
90522
78640
17258
17709
684318
6659
3971
2661
32110
20921
265293
4398
193016
91446
4897
101094
63481
642838
222814
79195
646129
87930
75026
167815
702943
2898
202026
648308
3405
172077
104196
228175
78652
717436
807472
12114
4463
1384
647829
11869
33620
96729
90212
122761
17391
96918
230013
84449
85583
388243
33741
21017
270806
7708
94297
112163
85285
110664
4730
61023
661448
8591
82334
7961
100182
37057
21312
26666
1077021
718
4979
1983
27109
758957
134032
20999
37353
25256
21957
11919
37314
287783
455314
12094
126107
82462
26856
4889
29149
201469
249069
101619
1999
638610
1041808
269348
37315
192965
649536
12684
9291
60392
646130
20817
222724
6460
1735
374671
77330
28961
4955
138511
7621
4945
690002
18841
195547
46218
100126
701577
160788
8386
106959
4908
89585
16050
69813
21276
11822
133185
297710
649214
3803
87758
18208
107485
197779
642478
4185
129912
59979
104136
736523
3403
778686
92300
641848
83080
167881
1021638
81568
168057
656668
407839
104462
640364
92521
645456
6536
24184
7166
1592
50487
3727
8834
107977
1059
44004
166594
61517
80078
266819
701424
79689
114470
18854
108611
194460
644577
4383
658371
661664
59846
77342
10009
155186
44980
64022
1316
97003
31842
90542
6139
38017
31413
3511
4242
6594
43724
88797
20092
642613
679347
24064
1018
90811
1814
108785
105821
59878
85658
660325
640858
5860
658205
43019
20928
6819
4773
93528
79243
126133
3883
43513
18819
657919
23631
3996
7878
11350
160416
104293
643250
657640
54813
186778
143850
714495
85780
252958
100881
1063971
60540
69812
196483
638922
2161
29504
21655
30648
83377
85746
93020
38510
9378
3478
107560
24070
96919
2809
646289
27683
17825
18684
37250
24061
3973
21604
644567
640399
96119
63838
667483
88732
646684
1001949
190657
33860
