987
1446
2667
4636
7924
8122
8159
8174
8194
8253
11680
12313
12953
22217
23669
26777
30634
32768
41028
42147
42153
42156
42164
42181
42191
42213
42247
42281
42380
42383
42393
42395
42427
42430
42436
42495
42513
42524
42527
42529
42549
42572
42591
42595
42603
42609
42628
42642
42651
42662
42712
42808
42823
42826
42828
42924
42962
42976
42986
43029
43030
43132
43167
43191
43205
43213
43230
43244
43295
43357
43366
43411
43429
43440
43513
43585
43587
43607
43612
43642
43664
43717
43727
43734
43804
43898
43901
43918
44038
44051
44071
44114
44148
44197
44240
45161
45336
45759
46276
46277
46315
46375
46431
46439
50512
55903
55938
55965
55990
57303
65103
65384
65760
71719
73310
80704
81796
82356
82951
83432
83953
84005
84041
90501
94826
99433
102115
116297
119081
184624
186056
195482
195578
195647
195675
224655
240420
248085
248093
248707
248944
248955
249435
249594
306962
307319
307337
356089
356940
359064
377663
446174
446486
460700
461288
461757
467351
468392
468777
476128
476154
476176
476386
476412
476477
477377
497093
497362
509743
533903
534192
714700
985058
989281
989302
990318
991860
992234
992486
992798
994590
994737
995857
996849
997741
998284
999251
999338
999538
1002038
1011056
1012721
1013011
1030389
1070356
1083925
1108539
1129001
1180596
1398287
