987
4636
8122
8159
8174
8194
26777
30634
32768
42153
42164
42247
42281
42395
42427
42430
42436
42495
42527
42529
42549
42591
42603
42609
42642
42651
42662
42712
42823
42826
42828
42962
43029
43030
43132
43167
43191
43295
43357
43366
43429
43440
43607
43612
43717
43727
43804
43898
43901
43918
44038
44051
44114
44197
45161
45336
46277
46315
46439
50512
55903
55938
55965
55990
65384
65760
90501
94826
102115
116297
119081
184624
195578
195647
249435
249594
306962
307337
356089
356940
377663
446174
446486
468392
476386
477377
497362
533903
534192
714700
989281
990318
992798
996849
997741
998284
999251
1030389
1083925
1129001
