987
1446
2667
3267
4034
4636
7924
8122
8159
8169
8174
8194
8253
9607
11680
12265
12313
12355
12953
16119
22217
23669
23958
26777
30628
30634
32768
35810
36646
37410
41028
42147
42153
42156
42164
42181
42191
42213
42247
42281
42342
42380
42383
42393
42395
42427
42430
42436
42495
42513
42524
42527
42529
42549
42572
42591
42595
42603
42609
42628
42642
42651
42662
42712
42807
42808
42823
42826
42828
42896
42924
42962
42976
42986
43000
43029
43030
43132
43155
43167
43171
43191
43205
43213
43230
43231
43244
43295
43357
43366
43411
43429
43431
43440
43513
43585
43587
43607
43612
43642
43664
43717
43727
43734
43777
43795
43804
43821
43836
43898
43901
43918
44022
44038
44051
44071
44105
44114
44148
44165
44197
44240
45161
45336
45759
46118
46150
46276
46277
46315
46375
46431
46439
46814
49218
50512
51976
55903
55938
55965
55990
56023
57303
57346
63760
64066
65103
65112
65117
65178
65384
65760
67680
68379
69725
69887
70105
70560
70587
70692
71452
71492
71719
73212
73310
73574
74747
75077
78756
78982
80704
81526
81554
81796
82356
82951
83432
83715
83953
84005
84041
85758
86433
86449
87319
90144
90501
92125
93984
94826
99260
99433
102115
107288
112832
116297
119081
123276
124362
149571
150493
182115
184624
186056
195482
195578
195647
195675
224655
240420
248085
248093
248707
248944
248955
249435
249594
300253
306962
307019
307319
307337
356089
356940
359064
359298
359636
360436
377663
446174
446486
455367
459810
460700
461288
461757
467351
468392
468777
468949
468997
471747
476128
476154
476176
476386
476412
476477
477377
497093
497362
497378
509743
533903
533908
534183
534192
641649
714700
985058
987460
988482
989260
989274
989281
989302
990318
991860
991970
992234
992311
992486
992798
994590
994737
995857
996849
997741
998284
999251
999338
999538
1002038
1004389
1011056
1012721
1013011
1015007
1030389
1030837
1070356
1083925
1089100
1098981
1108539
1129001
1180596
1183754
1398287
1436180
