50516
52171
10428
13664
9765
6395
23205
4435
1987747
2790787
9766
42463
2806
63840
77918
447075
18154
58926
54974
1071903
146797
9783
7486
52022
57045
155706
56256
9772
5442
864242
53252
817231
3884177
77451
53947
170786
9261
48478
9787
78458
38254
2890225
55514
52977
865509
6693
4128
1754834
33625
7832
9777
6691
1335215
9851
2883
208336
11509
170465
9779
107523
53767
1554508
1338357
1489367
8355
52669
2181580
9818
4492
3389
487724
12370
77454
6728
1124609
53777
17603
470862
1656377
53198
15510
182367
1858695
504915
77563
1320079
38796
75598
52984
187509
81188
39407
245569
55776
6431
17790
45458
6396
3942875
27987
77455
55060
10646
12368
107548
11708
54465
20131
52062
54480
293397
244640
21710
488188
231066
196888
70544
53251
13294
347020
1737672
64695
3573262
138801
1263
6698
55732
3878621
94996
6732
2162567
161357
17801
20934
27227
53232
3301462
18632
6398
52153
6697
68225
96000
57303
664951
258378
49288
52154
4129
16408
324541
67191
15527
27398
268667
213088
38903
269411
10330
12369
311092
4320
382932
305029
107518
346682
248852
78132
23132
2163137
1306826
142033
327058
54484
3268914
561774
259058
54190
1127513
52220
146785
2989
38465
182984
15508
29698
6147
2636278
206265
211041
55414
76506
155429
2896
53959
58764
16033
78444
346446
269196
211048
6744
6707
29092
9805
211039
43303
344027
18882
58562
66184
60724
324886
53220
3063
236411
9558
53236
1848
56350
6672
261281
249689
140656
25995
391416
57255
29783
56014
561781
64712
52206
1215
34684
44227
76327
43300
520370
16759
200535
8450
177607
137267
169788
33703
278041
6415
5636
53349
66694
1072689
520079
160135
212920
9790
9794
42497
42528
12839
88686
1744085
43052
282385
675
33572
6
66743
21591
749376
380275
202020
6440
54449
257791
561764
13296
562203
253467
