1489367
33625
42463
50516
52171
10428
52977
13664
9765
6395
6431
52022
23205
4435
1987747
2790787
9766
53767
2806
1554508
63840
52984
9777
77918
9818
447075
18154
53252
58926
170465
54974
1071903
146797
9783
54465
107523
7486
57045
39407
155706
562203
56256
293397
17790
347020
6398
49288
55060
9772
55776
38903
6396
6697
5442
864242
817231
16408
488188
15510
6693
3884177
77451
53777
6698
20131
53947
138801
2162567
52669
68225
52062
170786
1737672
9261
48478
9787
78458
12370
38254
520370
2890225
55514
1320079
865509
4128
57303
344027
1754834
182984
52153
7832
327058
6691
1335215
9851
94996
52154
2883
269411
208336
11509
196888
213088
146785
70544
9779
53251
15527
58562
2636278
1338357
77563
67191
12369
8355
2181580
6744
749376
54480
17801
4492
4320
52220
55732
3573262
3389
1858695
487724
64712
77454
33572
6728
45458
2896
1124609
17603
53959
155429
66184
55414
53220
470862
2989
278045
6707
142033
107518
2163137
29698
1656377
53236
3268914
6732
53198
137267
182367
1072689
9805
504915
12839
53232
561764
3063
346446
6672
77455
38796
18632
16033
6415
58764
52206
75598
13296
259058
57255
187509
81188
675
245569
42497
60724
25995
15508
9794
43300
10330
8450
55858
20934
2890
66743
30274
200535
485715
180635
66694
248852
3942875
27987
282385
160135
8049
43303
43052
380275
101709
56014
10646
12368
269196
13293
324886
107548
21591
11708
54484
54190
13875
21471
211041
14190
56350
147258
261281
54449
44227
5
6440
57686
52205
33603
16759
244640
27227
21710
346682
212773
231066
23091
664951
2051623
1215
53349
221614
704935
13294
257791
54189
321464
6
42528
5636
64695
623589
6446
126831
601086
1038763
243234
52147
186110
56011
27398
6705
212920
1263
50489
253467
3878621
207610
407715
57449
161357
6147
63618
211048
658432
123917
88686
706
62783
29092
3301462
45468
162206
52702
96000
249689
347788
54453
1162926
258378
19682
4129
324541
169788
56700
29783
9790
