92011
13152
114818
567748
67110
5050
507155
33633
328147
9298
981175
117494
423746
567650
658867
85237
404412
369497
247347
115445
42671
296038
350021
55903
115979
26479
125630
296872
231346
380671
336687
215257
592343
473118
53282
417730
272847
200519
617564
540057
557679
337212
392974
454621
75306
387446
197623
68634
276411
561049
91575
1368239
249689
69519
307793
77096
119337
138348
270201
54371
53314
403948
389887
696101
465632
54483
497171
340265
60160
309107
109528
267416
451877
213752
375814
394067
7680
2163137
52038
362170
52200
72857
368340
346687
513134
387455
4193
107817
482994
590395
24002
252269
107605
64571
55152
78735
500022
245784
529781
1890932
68123
266477
43943
178766
882570
266565
37282
588145
520961
6164
513841
228
43960
537918
383811
219680
91993
85819
22866
403990
19015
670887
261550
456939
7485
267066
1056852
70448
86348
1258
249162
197065
49632
442316
215117
30507
77450
290831
62219
337348
43020
977486
363796
3754044
290654
600227
355318
34434
27717
32900
616677
198756
9605
12377
327179
23123
269151
281476
208552
287854
107968
77013
200914
575379
279643
443173
127824
210960
54307
423913
51551
274622
52040
1804
381511
129100
601127
590005
276581
1262478
464023
91334
22681
501513
51922
308230
40692
42250
68225
346354
265076
675363
12168
782629
361025
557705
553539
321665
293616
695836
107705
60982
77976
68593
54036
208543
91354
217192
442923
204955
85961
544613
429859
357993
396267
1084633
39015
261154
247352
463134
197789
746127
299825
23152
403751
269299
420082
49433
52070
115833
392556
290745
612429
29234
554743
113619
54372
6812
61071
385315
16003
62488
213681
56400
393790
114664
65218
55740
417602
62126
269264
65798
52337
88997
249105
485925
1092306
55751
34422
293541
58812
22917
38453
267504
781229
61197
22126
1094259
377469
278755
18388
286534
476578
447191
273339
724455
372127
752487
77088
47840
547795
26622
431179
437223
16123
272841
24
205377
596605
61269
200729
44723
381791
558516
691235
293226
31151
40565
465671
213588
217869
416644
71729
203939
312272
48569
52814
368978
667722
55747
50517
75518
216587
471395
291853
80364
11771
212777
76564
101898
337508
30673
377966
344680
209556
93329
49683
54977
1100614
196288
274146
31231
242170
281716
443929
53853
214996
74378
49421
268256
352838
9537
107240
538431
52433
27479
625814
322798
125122
284814
34603
16025
57874
319729
334199
84329
538592
38775
180802
48752
510817
372536
305837
1125873
284326
53826
316653
58170
60574
47861
396332
34428
57333
59376
3180
331048
379334
200096
292144
267803
329769
426047
587931
529522
451805
496235
573036
151591
425062
521852
598382
271045
88797
91785
309655
555068
71717
34676
15898
247346
138701
518644
114813
271624
314676
47843
362549
59430
77045
812473
615246
344251
481806
406896
425364
1940590
114892
37499
55814
27949
293733
502870
304440
283222
301028
267827
659393
533226
71674
90896
481458
287629
383775
610089
210785
258050
6989
380746
269399
67416
35083
18642
57639
2932
947770
53322
71822
34563
865509
547323
349237
522119
488505
59257
272898
512722
884425
108607
352164
39270
484135
563219
105960
527170
210857
413986
381444
377309
606563
404099
91844
417748
30660
402271
401741
3627760
26456
1582154
99743
82746
785148
273766
638092
52073
658374
74035
59281
451803
35087
30009
403388
314039
501180
381708
44131
409653
291460
342667
22267
34296
204628
202051
559285
87123
783176
644489
637809
347775
58065
207217
302574
293130
55318
70939
769574
85226
271681
8665
52162
212693
217927
471867
385603
392430
335734
208671
950214
53948
596380
290589
22933
287988
41208
61667
56982
371178
416157
86999
54563
54772
210463
558768
54284
496752
536494
250615
74016
467745
117734
616105
6185
478312
15678
645836
314925
208126
53069
117510
67034
7639
529324
230942
381352
1043935
537737
45637
377246
3019196
27636
308133
60987
1117750
330784
56129
1082240
348144
56335
291163
246080
103051
40440
98162
799483
218284
663487
36268
294637
72106
266558
48546
628909
962314
198967
457123
8380
412483
288109
336652
88776
125598
418747
391063
10133
205375
58792
321691
98000
95589
631859
505714
103377
380722
252512
283611
1240331
20468
25918
470647
215462
337357
397578
269876
431152
53828
322555
289614
458554
329024
61971
293420
497878
461231
343509
60194
605959
269224
418488
1778069
781210
293621
77196
600064
709893
84188
850166
8258
207888
971716
107571
492549
148780
384148
353763
6738
520095
24092
1099817
264611
38276
270182
265595
288364
640825
409646
273452
34743
374632
507883
16044
80002
42212
431605
671523
206405
60202
91849
930488
292623
371944
299822
20128
373509
13939
18052
63447
443642
403542
93934
563687
886354
270670
443952
576929
145027
71169
552369
283588
277220
33624
429191
107692
63489
2458541
114969
332334
11810
139605
417418
209980
8058
197530
366298
55190
111784
1053138
510613
80501
48729
38567
660976
329387
535175
314094
553807
299070
20496
278415
678443
63662
218021
271692
270436
407043
314108
611538
59014
895293
1582096
565604
106406
74386
216705
280130
208092
609645
385552
208205
357755
106708
117065
154279
66879
317453
424761
104190
50966
18959
1681760
232430
346414
53031
149513
415782
2010
52288
3517210
57565
213090
407363
56468
586256
4007
407589
315182
390922
268873
545594
1050386
20127
328057
218277
6733
382838
535833
292133
514273
404452
269400
649514
213724
60752
216628
527624
472713
287466
1030879
317897
98323
105936
351061
52300
54616
32046
1995
346132
327708
411407
10782
75598
120423
55418
204058
641521
32962
617458
30060
217951
409466
393509
1094497
428175
506992
38080
34549
354828
1340643
80576
304978
59278
63664
108527
435625
269179
1598620
294541
290509
200216
40678
424460
21973
650095
13301
333279
34766
380368
109377
209641
580409
57165
361079
20938
58282
339417
132785
52031
284809
357673
23124
8664
1102027
347790
558657
57539
434143
1297822
9604
249297
530421
47464
199663
410244
549000
381192
459919
449001
477910
657867
689
11142
61415
434529
38762
114357
500845
705380
303370
397260
36125
308748
25281
23253
95078
23205
314126
79850
339424
366430
393734
54615
897729
584354
336492
623190
1029955
420485
272162
529125
388702
244859
78473
469909
53267
513142
182375
233649
360685
208115
604660
6973
335040
55760
34540
9800
513103
349767
48163
379265
21013
21031
58420
405733
293757
61435
293744
371242
336675
423745
60327
424743
347637
15635
339099
342521
48314
327106
548590
641150
54237
38853
551074
392831
72704
551525
428609
6823
19302
709173
27757
54643
206219
334553
40387
667934
53801
19402
61193
278581
417551
67668
213108
208299
202069
428402
439836
1798560
297024
392243
366385
605596
366535
76312
67652
412716
535046
538797
700067
290746
393585
1840
112320
52380
554809
209830
1776
1263310
406662
358715
442943
302341
719194
89588
114916
955816
78470
290369
521268
55596
151588
281428
275166
38988
583175
94270
94589
63856
34650
61170
59054
1089393
431164
609075
154804
60611
55794
54520
780633
497527
17782
528499
304199
605397
698146
391702
491068
209648
53242
212249
407058
231561
315580
519034
38587
64370
481474
269420
54678
54294
335319
291172
64565
386562
68353
279528
909077
65521
72855
394793
1884522
476007
23943
40752
561189
14431
53153
59999
338913
404436
15805
63840
8510
305029
605407
393055
17059
60650
95044
66756
519838
52727
195876
1798205
407696
200535
207855
411659
20
643967
107722
217522
18363
118692
637854
667103
284498
327878
83346
1302
71251
213125
435190
1177274
211123
63777
585352
367957
176
584141
113548
16612
211493
28988
590290
49288
269236
15941
216419
11832
119919
900813
19719
74076
42427
1294134
197845
512173
418457
332262
366975
302720
414736
55341
77463
103664
57782
214200
58641
351718
69060
1124609
440910
107553
392762
477959
100641
38978
381802
249682
9829
563312
36057
46339
1081909
455630
411302
651947
539582
723990
114949
896533
4485
287933
58058
356199
205187
58563
1014256
722946
337718
99043
78982
163864
349023
961250
1163158
213992
2900
165965
468150
18638
608619
260948
213388
84748
52244
53761
589600
38934
112964
210686
305070
313702
67701
805086
334567
3152051
286536
73873
53298
127241
201903
60841
42724
254719
103666
39945
1590
293641
114982
123917
13397
6825
7835
55671
340237
9
396166
1246806
5036
54619
170480
294354
392651
7863
79879
18496
84104
78033
269002
9640
18765
281953
409797
547462
525493
763032
303697
72935
101772
38023
868173
213804
53040
430693
323682
312951
439852
388026
147016
709947
53254
1084842
379219
255907
710510
248852
500124
209930
1786423
274871
55456
54195
279214
570866
8355
446377
56985
44343
59297
1732940
134414
216380
364783
231895
112258
215131
352842
471715
146540
35008
9577
94117
317142
272230
295443
215190
144998
62661
82754
377649
1036115
538102
660834
49761
45541
42647
53792
33758
30511
56365
218222
56406
266985
268646
214181
100313
400362
543117
207728
10229
99099
48469
57812
287761
741765
213978
77358
598769
381443
346423
333289
317178
1572309
396248
19014
471800
107532
151729
38043
134568
81442
124619
210663
293407
289347
497773
524770
571404
317270
1554
332659
541820
536800
216056
384468
322059
336956
51340
103530
306127
206291
401703
66230
746893
75517
603056
339235
393849
495979
347074
312084
91670
642668
394005
315110
107662
381445
20265
353820
699730
369418
40990
408564
683848
442803
204888
386185
415146
154815
74862
64564
72760
12905
199195
2460
520059
35520
453453
116598
315304
362597
380263
386560
328618
346427
268020
20438
69669
524841
294542
388648
208122
50501
82751
333234
461756
438805
395468
443113
2515139
506606
562269
56667
204970
537354
419779
20777
56039
752083
276912
453072
587272
321228
20227
209567
471246
513506
30875
332063
671921
344089
275514
527733
298898
38912
293933
49931
207867
61052
24170
59666
90485
276660
496451
432624
197089
20829
46300
58124
888990
816489
463762
388370
177659
320783
107548
463585
537822
413429
303655
70669
65392
380719
576272
49870
416624
23258
496120
312015
76388
291064
215764
33553
10111
2214
424434
341809
371529
442995
281105
392192
148363
325196
411514
871366
35913
279950
392863
60673
79830
56855
35498
25980
887980
367535
342978
312030
512358
64594
26066
57124
1021
66931
217187
1287849
498548
940336
407707
588425
442935
78905
17601
212375
100789
893533
38825
203017
531042
474897
54516
53307
298155
80987
934328
24108
194014
55667
30903
543712
54008
197241
316661
279583
938278
284203
458672
176352
35468
340979
434157
295234
599765
1435166
287315
401601
1943865
61108
337689
277512
285405
44984
22090
390941
57601
216178
87481
533210
413409
76647
342249
39040
31244
87527
599853
415784
111600
362848
315198
380447
56090
123704
301782
55598
419778
304655
412209
76421
40518
506969
283098
40502
64801
172118
408238
1068099
29838
211558
468757
6741
1108034
3788
312010
279111
313894
412757
64210
289420
13161
422393
38242
572102
82522
204736
109683
26577
56287
307005
166322
667757
443932
14392
53021
394794
61994
417786
589844
7498
216964
58393
481332
69599
550793
65554
324312
364064
9379
354459
442802
36175
136751
287104
380141
469915
2790787
1474037
114647
34593
867414
678075
360265
2695005
58567
420274
52093
283250
121387
98317
479672
848474
556716
1291294
65712
67242
9818
366771
40127
208687
353972
781843
686106
616060
318299
533149
1254292
268870
370951
858329
286696
892279
350606
434989
301978
69132
623481
80029
70843
41413
323024
1546173
217103
62712
584261
1730082
564635
352435
19525
265344
601857
70408
742156
91765
255908
16497
61407
186201
532653
738583
205560
497299
281889
210191
209733
40985
955100
1341
720802
292716
255911
79215
216294
67558
3930
286301
272031
606400
363705
22602
625651
330182
380855
229456
215670
293585
614545
72398
220
304885
290066
213253
56336
108541
151177
401891
65181
52193
282455
73607
400176
16995
57873
61242
288598
434000
297691
6797
361036
301615
11549
276295
288599
39271
97658
34173
1017525
290033
217365
316315
445107
220280
43998
360513
635885
268471
512207
198195
339371
497818
155598
67546
57155
267717
61668
282356
932367
73048
3254
529981
292541
38374
25203
1710862
53329
275145
43048
72664
292334
480244
320068
39993
53389
159714
348243
11863
297050
445031
978483
206247
23242
317667
413805
249174
90850
294204
21108
273188
200347
689419
613431
20973
285645
42715
494051
19905
75459
441958
357447
465708
418109
444198
449527
205422
299877
269423
29623
89867
424294
55724
419676
289624
218663
666601
380409
444750
208908
78386
48184
286698
396286
82620
22201
348209
282599
366481
569560
2694
648900
605337
6671
7689
292024
4341
6796
887
59323
214034
800578
801459
68578
474898
1058209
812736
62790
3767119
76240
324786
51379
544722
288775
634508
151615
13393
366693
52719
297987
461502
281056
54335
637733
287447
814400
550111
586117
49475
306589
320934
279743
55758
107924
423260
283318
569407
442702
212810
34021
57051
211281
98804
76715
65530
299783
597076
801302
177961
353915
63992
52683
34279
604334
96136
479600
357984
456546
41874
9754
393762
692532
410349
77566
269466
307063
85971
260933
9607
72412
108577
15890
41010
89717
68850
58103
270303
327818
500704
114537
196746
523916
207
35936
23703
54786
93193
642796
54510
59671
606208
27373
212408
341701
446672
352311
604735
55060
370945
324194
320576
689434
57742
384319
57013
210619
11193
1028
735920
212098
313817
441108
16415
67658
271660
293817
441275
289459
16132
537512
43010
359908
44731
57864
6976
45240
57572
72384
329046
362477
676819
46466
1803
269839
48215
52427
501409
24097
554378
299509
294014
418556
1235873
83567
236942
32052
26147
204582
397000
379728
22512
29932
19410
105231
2718906
54546
54655
537645
382639
53800
33752
39633
80715
327802
1123401
280878
391757
221817
56268
57232
137107
442246
114908
273411
86079
331662
285158
104906
34552
290463
442569
461468
74264
468896
107541
265043
739923
202140
612737
4001
105388
382529
9891
533691
713
147255
287400
418031
387265
623183
1287911
1140279
56086
267127
39674
355507
506811
321029
1705780
214354
212267
270376
24223
39675
50658
458925
197245
85169
422429
349330
893600
299880
60707
329068
74655
13041
588409
626367
624473
1007292
55234
421704
60052
18969
1095363
35113
202021
195
354404
31637
73839
299404
518755
709892
172436
190717
104555
762801
17466
808484
54208
436943
20383
301900
87171
585068
66814
59748
58656
466057
357707
52353
268189
94192
338156
246645
1388
1858695
213185
506826
76665
667612
684016
854282
41147
467755
213625
337724
574957
622962
51965
56347
296878
560004
2943
6415
217528
6783
74178
339153
42451
69205
420873
86744
272387
211471
292618
310787
44337
217870
60122
157611
56357
27952
210944
312005
439983
340211
60027
632926
80200
660856
445045
745784
197669
590048
551204
307700
177962
50883
572271
59286
493661
393808
792988
302889
206904
321084
64287
59086
43011
213392
19078
353900
286676
148960
584866
114936
269263
642520
917766
864786
640394
1579
414660
66648
291685
403753
178914
207608
800412
6430
310056
449893
71963
306422
491892
174548
80991
6927
835940
497453
66598
414433
400236
52309
731850
418254
292347
806443
305581
59248
500252
217887
109634
73883
210430
509209
354809
46821
212574
25005
104383
42935
272389
714081
906124
370598
261048
57577
116410
730685
43301
672907
448233
381552
593158
407065
96743
298951
637696
411639
359839
208375
283177
75298
50145
410213
287034
276365
63075
41431
209144
123879
203654
35545
22709
370198
242899
34226
52975
385770
605831
285689
1256
326000
201063
211736
314511
60571
47117
441048
44334
249053
306936
216462
217332
301034
86272
513486
69068
286238
592513
380560
266921
59290
54561
583522
60110
16852
105974
613165
428470
1336904
19724
505321
73872
276808
56389
52934
443891
52413
291484
2436220
52062
156
321524
269895
509273
6930
551955
10924
287576
54532
40550
380197
128123
810160
1107573
2032394
60986
950199
20833
269886
282458
465998
381024
266962
465626
55066
21366
23248
2689
267840
506491
81240
25997
331293
18632
38607
386714
34604
306987
551891
247404
26422
99081
288236
83041
304333
271857
399412
55439
2946
273207
410227
34664
114679
2329230
336673
212855
67448
1329
114090
358279
368301
74183
157763
9820
15094
268350
21806
391850
586884
383807
91369
33796
623096
76636
267710
93352
658188
202260
214256
23515
216010
89613
444098
288354
125387
267970
91220
833654
324401
410424
354282
289340
821432
280860
215464
48295
364915
279029
53219
402342
69367
68900
1405513
12741
32302
275846
40999
407333
84184
502633
60173
629585
3179966
110704
214196
58207
323671
281784
639101
496471
83688
522896
61283
77214
935506
54583
274699
112217
322605
15888
553905
72497
559267
57815
428394
101749
33588
55763
548155
434314
412988
60090
215953
372912
791810
59082
57991
108152
438225
67911
623317
409901
34481
334180
51535
54604
2883
212527
206815
483413
202965
272728
493975
491714
56618
55263
91357
781516
5413
52068
299870
69390
290157
68463
444423
743501
335137
298106
405268
319821
32118
506167
324676
601442
61255
67889
575505
637704
370795
429523
611425
428562
546185
24267
583912
602013
208254
107816
80321
630440
34010
288337
473441
67544
35464
83215
747321
88256
548646
218094
396155
336660
880149
54732
384181
411377
315309
448563
52444
1064446
67511
304269
208930
19961
69316
270552
57325
416128
7215
204037
2263328
297626
204345
207135
53796
56212
7582
66328
280940
3791378
278930
92472
90987
54175
47689
392404
422322
207292
395411
436513
267720
502318
202463
1145
303650
447213
605468
793387
60980
632315
54778
393763
38910
22096
17811
20884
1254859
53551
384553
38852
69043
562102
569591
205791
7932
52041
219638
56261
467115
288601
437769
289601
53377
77451
373178
324043
312533
394029
495432
114676
202020
1034443
53000
83214
57741
210440
308821
393297
91856
199988
49562
368065
217532
112318
293503
54586
370205
32906
584119
1026424
441792
341707
419571
372738
59414
505020
116095
157614
89029
621274
491837
293419
569503
566730
1187853
84316
502562
204186
395469
199722
381343
481700
16455
217120
1078808
199066
323014
373234
52778
50244
333840
75846
369703
212594
22120
244934
144807
92920
66508
592469
107518
215126
16471
66522
54493
478761
417283
115801
277178
306372
57729
1100450
16857
1303
320975
958196
780170
649383
293039
88382
106906
558545
630601
104650
6285
196287
540000
36545
290381
42528
55282
34284
565164
78940
88003
328680
87504
584805
20254
272742
353386
430661
38275
281464
304879
428436
261533
58927
39964
203437
308619
422916
68141
899473
63412
205360
24095
86271
83227
669977
289317
521241
9381
89761
79317
217523
632100
322931
500707
200613
217873
381448
61118
2879
289625
366761
48322
35864
1263
488525
88579
287895
60070
9548
411174
596691
422085
380142
75789
321256
277893
54659
91984
67479
574215
312929
16462
285081
405006
396138
558764
466169
16031
275518
360239
496452
48425
47586
546617
1017508
12381
59034
505313
267845
48422
46305
466403
116493
319098
433368
319207
266630
72379
466611
75154
73966
69587
1162167
61486
125042
440741
416732
52689
18367
299065
214297
9942
4025
345980
438068
158849
547291
214565
276588
806696
58840
57975
319082
418774
481301
22635
584946
279782
370192
56056
358064
116106
35890
314670
274645
48476
550394
710195
209707
970983
65441
3015202
67644
180483
36020
440537
552882
300283
950797
50363
272020
108153
39865
360771
633136
95787
286596
2751
292676
450174
202026
364910
17248
784855
498341
33966
608309
56636
27036
271020
50863
784107
55734
83699
249073
321634
211418
376845
23663
98347
1045592
205179
274474
410867
38470
27474
448105
1651250
419583
38124
407706
424879
120385
58327
363683
67689
584968
19130
25960
688189
340539
645977
507892
57255
53777
110518
301763
23597
56887
392361
57334
199484
282089
585230
7345
289887
615714
810973
392445
83205
21601
50320
534526
59710
380201
928523
904
660659
2886
216954
39091
10607
34693
190
56878
23244
348385
9566
289444
477005
58653
18970
494931
84258
312934
450363
31879
81827
43317
1368
585835
247348
91082
382178
60139
321082
253468
287741
483753
21893
9704
677515
209166
271622
3078
90779
66164
450026
32009
352935
466161
793307
67575
679544
215121
18588
25194
422439
94585
38239
215060
852257
259679
53747
558507
955516
64788
5040
440738
280279
9874
70406
210786
99619
409196
780745
97313
446043
1891
925497
49504
382719
368725
218245
1798255
338280
63156
8417
203764
47570
210043
53531
77929
20150
433768
230956
289382
981594
403400
2605495
615823
422211
34281
335394
708368
189479
409798
1993985
64388
1150941
77603
380467
38806
84334
102466
1036475
47756
342718
70134
40526
1253
13807
79061
416620
204491
157
40646
388724
47691
1563
53043
23133
34069
53336
564077
37619
870873
18255
393742
421658
541984
95414
568772
663213
76916
69393
22153
455098
472763
316042
687441
264635
75145
13805
115391
1356445
472005
28260
458980
351662
149840
50961
396127
292362
415024
209501
437431
13744
604625
370917
380154
82067
1127513
43167
147527
213620
391206
544798
202602
214748
599490
496467
50190
415294
53399
20134
66818
447908
635099
251100
88039
82618
1036177
51921
80750
1316479
442652
73495
53407
56797
783167
81069
457185
344687
266555
142033
348211
74019
3013
664849
26080
383074
1866524
76395
19710
366334
876660
458041
405815
380267
62967
6294
391694
426300
206686
756408
21091
860998
1566610
52091
546881
609640
34019
69373
369346
391988
284151
336489
440995
1033314
18599
75200
1002022
585583
120480
405250
204739
631521
345283
354915
668290
11855
439839
361699
34403
1406116
245
656577
6787
781872
281343
147258
315338
107511
458366
503487
449902
408336
427380
444552
799515
33104
3863027
39795
297584
26063
278073
116737
81570
62693
1545463
391612
268163
42371
347755
200456
139451
525947
563330
54023
29683
1074821
2521413
408154
672834
119615
250672
596972
702681
27015
34427
258865
73391
730707
684252
424517
116740
885079
379357
101712
15510
22091
58299
390909
333963
7592
77264
1023237
285049
393654
4543
637998
1927971
394204
74646
56332
91309
136563
456517
384827
20131
244198
76428
13391
243686
24167
407694
441681
318792
62492
22677
60698
207598
436090
361013
523482
300289
70172
38294
715842
19342
393788
55248
6441
216627
596603
560538
12668
30557
40216
27868
71245
143621
68246
276715
388204
59983
3983221
63501
4253
67449
401415
585014
43050
57796
368435
7211
52064
52621
112333
67642
541535
780753
68698
492266
658840
433210
369584
107565
561778
85274
20839
677004
21890
47053
79081
337340
104522
10127
201859
21714
58809
10232
614385
295957
78069
271154
138088
52028
511495
72472
56325
423291
60013
344516
56549
339494
114827
210670
329237
1268669
2997
415252
466858
412993
560387
277384
201302
41036
556562
5979
40977
385939
53367
12840
291684
659817
207281
299820
58562
285077
73752
22945
529512
427582
43342
298038
385255
336617
1807
823544
279899
129366
70914
38981
2219
729033
294208
58699
202246
315406
2185368
359389
114706
737113
265547
64720
620576
31396
80428
200308
425419
8365
336133
17705
403364
587301
275519
65789
590282
1621272
52039
80193
276960
352074
570727
50186
8308
429369
68419
310683
367543
878778
446167
1433996
345025
1004251
430022
7001
319604
302475
290077
294874
3009
416910
215020
563109
69928
584515
304354
25426
2995
57907
613989
614925
58642
365482
148692
266185
53044
20787
50125
490199
406358
115
53035
381387
301994
392402
609875
447613
210854
55936
51625
599145
230920
480187
62117
370981
294792
218646
144988
546235
56050
3014
571405
321464
735085
21491
37865
374108
462412
448408
59646
2611869
114683
39632
36556
687578
507784
593972
54223
27005
563831
23296
311442
34280
116088
56294
465532
116275
915326
54066
21340
561045
350810
425322
508204
370410
520714
68601
334992
565397
268410
392682
9962
510745
25319
345689
890417
67661
316689
344163
200125
351
109272
55735
299884
58785
59550
440276
437784
476690
665715
98999
81068
88567
211625
562919
60444
217164
215176
67565
21729
55479
119575
115574
397561
45456
285711
49057
57586
59301
291486
576255
218642
438865
292567
573260
658291
203609
60964
40524
2337
584587
1393809
591702
203949
242184
60573
38761
592
73736
68765
326514
230936
34624
214178
1891177
61428
47046
449913
274550
19357
2122509
26
3416
366730
66793
297640
232658
48643
344310
394315
1307860
47571
611174
72162
367090
323415
38258
455601
59758
107651
348336
50173
19374
394094
372165
83952
1725638
73015
345128
73156
553346
35265
63040
53308
467563
320333
101713
40928
18634
339195
361846
32851
63839
8109
819621
296492
89117
94520
215012
287558
420083
285793
558794
50172
217940
271534
212873
309119
113250
218213
735696
327532
478374
586681
63627
84940
861691
10438
842101
1440686
62512
529561
556467
35335
298340
861984
472563
335214
335962
207959
261104
81039
439987
607668
370842
54512
504150
98122
494363
284213
351109
186892
316674
20242
123224
93766
33647
382381
8888
939722
311465
102528
270013
367863
538398
443227
415177
460577
73200
1251570
77454
807391
71886
107912
107747
685454
441840
1194577
216641
54452
299907
467111
20476
1328806
353839
83368
484487
268994
445347
37076
461921
244919
53252
319009
38790
604873
48554
407720
25709
566715
14382
17062
214032
296041
331819
762722
428695
31054
350447
308115
735468
429776
217650
596415
362753
152628
304439
54256
210456
59771
878415
27947
507510
493185
842811
29078
568046
114934
479513
396130
19362
64071
1017279
71898
392572
815593
318811
321259
378520
7643
544178
90270
77201
178911
901031
733762
282875
311230
54579
210621
27042
196747
54456
335269
53759
417520
370885
414672
255423
290069
433012
297580
19317
70185
529105
53234
418293
84392
577209
39678
392613
33697
533347
618962
106069
261557
479504
54313
322119
512838
553014
16113
106471
935999
206262
38536
73875
710171
526296
27197
417789
39887
390929
16864
41146
34547
597443
674017
650730
154800
595958
3227269
229718
290900
479906
87363
67001
300523
279216
297278
478975
312079
292624
1275795
22627
16036
107545
599154
280543
53484
1186619
227400
443261
447758
403609
629951
334240
463450
521347
316044
69744
682372
420954
314720
268649
297243
29857
282086
993715
65335
341145
7588
880375
1022160
382835
218654
243824
56641
12370
430952
266353
39501
379870
47266
434587
867416
352209
209505
99252
438923
362481
387086
299431
285065
632401
285626
43834
361033
64579
156481
1177289
355771
354975
144
269841
319004
459402
84917
29417
314625
511014
53315
396168
340218
488275
343226
291187
538857
486323
878800
421272
4004
431228
43323
370797
457665
348258
330140
16116
80972
76352
286420
684588
198176
17375
309442
336148
289341
392665
438495
371480
462296
390837
741070
444201
1901090
202781
615919
26887
261625
877623
495559
350945
53346
57622
74972
187658
45426
26663
215187
202068
281454
297774
647548
390762
61712
90474
614672
435112
202903
13
278333
20999
651325
24088
149296
450208
494656
42591
16141
1689584
156758
498957
269996
69110
114826
58360
41018
19036
226450
561192
325956
928145
211992
416667
297239
436012
1273332
409868
53741
225014
289866
1798145
291192
276529
672163
1232
87461
78257
368530
453422
415636
339421
645941
50126
120382
52375
312941
591949
211333
501327
107525
18059
56712
528511
210112
373726
505467
6693
694068
355587
327329
272842
995663
981427
64839
304161
84326
268361
488551
333198
869129
57313
627352
633724
212968
34655
31168
337624
75648
1959
48639
261280
433344
226435
196735
212392
328497
47746
107640
393791
16488
273203
687392
592975
431556
79787
298911
111490
294718
213599
383429
544999
485044
45413
221818
270516
6744
1267136
1036438
305592
472046
22529
527420
586547
215362
74803
17257
292731
629149
451061
48558
459930
213458
85718
280868
149861
281098
215132
74348
411671
813328
2448
61470
321529
511085
364844
61098
276081
334670
276560
467692
344361
207025
207667
77462
101739
400967
639495
216427
52194
427322
291676
267707
83933
1247906
2703
267410
426728
46814
523485
368006
41872
17613
284209
365407
54815
63825
22808
2697
310793
249065
321261
590211
207639
46656
120176
208827
60395
31064
1332017
400187
565207
434596
321108
594681
286273
437796
276954
38841
202190
212057
39946
290739
337353
293103
424734
59410
64985
312231
11504
377066
35461
445046
216084
659949
214875
210669
675517
319797
446487
585934
40877
450067
385914
3073
331032
330474
664327
1391
21376
449428
19512
12711
663474
293152
397047
439766
1469976
987287
437203
295087
548625
2608963
79829
20181
25134
526316
13167
50220
290750
43188
341669
12839
211708
48461
288858
207661
496094
408864
83032
69673
590289
265674
471398
60545
115854
273344
281429
3546
513516
85497
268863
114975
1321890
48490
90998
67012
449738
306571
52214
652796
80759
500411
1846876
483763
25
473440
916785
583248
254495
529086
218073
13803
657028
555966
276911
792202
364525
324045
1981
368038
7837
976379
314416
332742
109523
25659
120168
590747
308183
255031
30836
218723
113566
270368
844149
379113
511681
358048
52047
115871
152695
734810
90043
69510
44159
156530
110871
42109
68122
24334
52056
328323
287520
11913
60056
70547
6321
350254
421092
52667
293948
655881
196728
10222
63527
216929
22765
441801
624468
1406319
70449
284343
277975
642489
482888
34831
294977
149636
717249
314130
44132
427197
90509
510762
293618
293724
305841
682308
247221
609351
265445
496450
273416
213196
30418
319246
136906
8009
2154739
392426
210
275838
1162989
1307598
44330
268612
11161
10781
284277
652035
21906
342822
10241
18608
1462112
411844
222467
432318
50648
380824
637823
290904
420072
27887
67685
294878
1274006
58034
273032
55326
284212
271381
201862
216346
604307
38022
60075
19319
23237
522637
359703
76817
301610
56699
210376
381469
326618
938042
311099
395982
196798
47832
19953
500443
37936
67466
297561
1326495
288866
488358
3893
309619
3414
297682
554447
425103
207865
275455
219672
10707
584452
280508
422692
17824
321326
57478
636566
332971
387622
491549
387982
484897
286592
183309
91064
35659
286635
72928
107629
311451
82626
379691
116128
57036
279641
388830
519595
530153
423967
400210
855791
13394
606534
283497
69990
48496
75876
397597
414037
1557
486045
59479
214321
52540
338546
25365
350727
212069
1342331
56123
196229
33485
1506290
393326
423614
6801
404721
288854
370939
843991
624009
721936
197093
897829
90989
90039
39214
388017
205671
656227
200433
54763
73950
584049
350899
29242
1511
80228
33587
286275
378766
2455
40802
13827
52669
380476
89729
29861
496465
362074
61049
20796
38660
206743
341657
16093
36223
277251
560462
319099
905456
67606
298728
146785
1805885
34569
117346
277900
84517
808318
307837
226342
315869
1489234
114154
883547
202601
84303
292256
347697
135146
347788
424514
406874
645269
285063
278249
68119
377314
211071
67459
265060
404107
85617
294972
13741
77466
285051
15893
1674377
447404
9334
268064
403749
55323
288235
36052
60588
18610
310765
44336
305849
34700
73194
312449
380866
69311
59347
315444
3573262
50809
7042
81981
59035
248985
28253
72917
815916
392833
56309
197321
436093
423046
23107
300786
415854
75801
65281
83938
89861
2190075
260926
444342
1407616
214742
134959
336361
671658
123831
34358
879552
278287
62876
57746
417290
326493
98070
281891
256102
72869
210176
558258
415190
59515
4599
215867
431191
533506
55592
376836
1248291
23982
474003
73256
598004
118163
393881
16130
97076
322013
18214
22708
414454
542617
2461
80669
37253
590047
12028
79886
22064
51355
207407
319840
46308
273180
373576
725874
584526
799264
335218
78270
614398
280752
530073
1798206
354104
447075
40974
310570
2558
11483
82431
270778
34622
100935
556833
784245
524470
651836
301506
445007
889526
435097
347200
466618
16085
52272
24359
47097
82984
89564
199094
212429
597671
78401
311599
291552
861703
413190
1500
102851
675
16484
41020
661721
287982
280759
6745
296648
378210
546037
1953954
4170
222858
345602
42530
691214
391318
472232
56421
490303
272921
69977
408562
30566
528987
557080
371211
112316
4390
20846
637859
343359
18041
301999
4403
299536
200543
636535
490062
90423
32508
285581
159045
118705
221816
605672
690129
416437
200663
866747
116815
213237
478808
428644
285624
355306
297595
392848
575367
305586
16035
316999
31997
513095
48298
19542
370382
661450
549429
1049853
314513
78029
414620
43576
350035
184127
54453
409782
155466
451044
111541
269964
388349
612414
658432
868277
383379
15936
452299
40267
519363
666706
819490
48321
781933
81882
17323
47903
247630
208951
277000
269476
377056
271731
406671
17121
54080
696056
59573
646746
600688
456887
603063
315326
890206
61640
349592
280844
623972
128374
53246
449578
74268
270318
215944
428172
520116
689858
116569
2605451
49618
420018
552377
88318
90744
60569
462751
467085
6743
29097
458147
353818
1324336
994079
56901
551818
244861
431215
150348
495921
96374
348197
276906
662450
80187
672337
1193
3676
30325
208246
38969
61023
436195
53359
330786
523140
279321
872606
310693
5193
724524
71912
77147
477616
63680
54497
334681
3027120
1332016
352462
62182
249061
211290
55793
72710
3536763
566412
416641
52273
452700
354429
599922
1065605
354422
52052
904129
281737
284156
643108
139672
282094
72724
214970
30141
356039
206265
279786
213809
376846
342075
265558
270365
15521
310009
46517
2811
5049
276077
267587
483534
55524
738479
57225
715766
790116
207409
74202
209818
137105
93958
346168
55459
274057
9332
368969
954324
290636
29487
59132
60428
1227909
57790
209131
641204
42603
283929
149867
1001038
374141
314552
91323
87975
322421
34161
269452
39011
293606
273610
82492
113488
52518
677875
650159
15773
43094
56316
34426
281809
79911
47735
428260
273001
60808
99560
203401
297541
53436
383307
29882
519084
296030
83733
497978
102053
6726
515090
78806
455791
25369
2755374
533541
356369
47051
52378
920179
53808
392652
315171
45477
9858
99143
555920
225026
519851
391365
23979
103062
52711
904339
465381
381023
471458
441414
281319
433997
62586
86
267631
353619
43322
54688
437731
34435
620079
107539
27124
59614
334803
413512
212571
552328
872408
249188
105409
55266
272569
76972
595095
287711
21358
505533
134915
94048
494299
209721
1309377
221844
17807
289623
69580
296914
22571
545132
302841
200574
420861
9887
232467
280398
280283
46767
266936
318285
520062
46613
282247
77993
6767
293337
662496
16041
60045
403179
83279
296626
95671
589159
317175
3366084
697999
705111
353583
283634
63567
89864
601086
145408
11707
46514
278040
514177
271329
448555
444095
463080
78672
305761
280280
72876
10673
55498
444229
358272
662696
64588
331017
53581
555953
56372
307269
653095
446169
218314
637162
607750
90483
34329
1435353
429413
855269
204561
586975
416673
300262
17595
201718
320729
93635
58097
27227
298184
608335
76946
38599
9237
3987076
328105
544146
938959
473381
416675
2069512
593608
17796
248807
380035
35606
378445
435476
38483
35953
299397
41939
200957
210653
17790
319482
27431
1286
494400
207067
42112
53429
75538
730023
336697
301088
266014
63787
309208
111730
211735
85710
591158
401413
1857
204873
434144
455602
601564
11281
73494
154304
431172
136876
208394
388622
345176
18747
340217
268894
302701
40522
132214
669514
49637
56752
10233
319002
59563
82978
35924
202398
207360
498217
155486
478616
43354
108522
102086
67566
66155
1186930
203664
418528
691669
809834
311092
443985
20838
2925
179
271342
490533
9866
404654
40531
48032
617200
45150
65464
485055
544558
65940
379308
560248
365159
370278
34714
125039
23618
58663
63757
317797
154189
413977
551020
242279
440025
722623
23313
809709
63718
467381
358199
149835
58770
521318
35954
393648
567208
41076
443919
25376
585980
509052
402165
350930
991918
542314
115010
5734
670718
466856
261093
53290
396129
287129
317736
19141
385962
363815
375097
311614
59343
54345
402051
324
298715
53156
269697
553943
348525
21179
273427
50807
351939
363109
30200
210679
52067
79875
203943
901717
320709
306813
206834
676282
39700
268848
347234
57811
273951
431300
344881
73936
411387
290645
196231
85822
300745
56697
73951
291696
552149
71697
70963
41309
321631
439928
61741
52235
405602
386099
309241
310609
22188
244988
214218
298969
56705
143
267303
289645
51426
1489367
54481
52220
399797
6201
604291
396223
281803
427314
476201
329338
31529
344681
20373
311234
53348
83360
428730
54608
800149
69338
238464
54541
604700
33614
64903
243703
90085
76648
1278
151577
304477
77596
544776
613995
306046
152
1081
65116
3884177
123716
965371
9977
38809
12602
74375
303662
29622
104226
54030
398603
85294
18626
17646
443042
214298
30902
329485
61285
215940
66469
92779
63728
1302523
401424
465538
81226
13863
26882
443907
299819
631848
121701
30297
57998
111482
267497
3814710
1002924
36201
32216
463903
301029
25381
96002
55214
86201
275407
455474
385866
64009
151736
38084
51975
135490
355497
1098034
491807
467912
54484
337013
348980
318985
317509
396165
652154
413496
56377
50651
341006
383511
78911
197516
21503
83904
273399
97979
9573
310174
9886
160457
344986
308295
418553
662012
39951
382301
376991
320396
575234
540081
35728
268608
53528
555890
889144
488065
438646
614948
913645
208927
108501
108617
155979
363597
34008
24962
85563
1274820
22048
19152
123341
282606
9540
217017
68129
420704
284960
339135
45702
294015
11513
56305
38456
59289
57725
413196
344147
208609
273383
128
47060
390903
379958
27953
278044
355455
406608
13844
422481
51983
1195354
63576
39053
217527
44716
464308
39237
53486
639610
51988
70555
9782
33747
836478
547366
27820
8285
290164
27401
59780
25745
56049
339339
81769
599012
373048
315562
502800
48033
292925
33940
205351
114994
366877
147716
377834
73925
392219
82912
298331
270026
104318
44264
358286
806609
474177
629141
287832
30872
210986
867651
410331
21022
69847
6089
76167
208106
17647
210648
83545
24109
210122
384118
21066
382392
7039
58394
541148
113612
279277
74856
425902
844925
966730
230877
794967
413089
30844
540692
215781
470081
514243
53516
91024
571556
376990
608768
271586
42497
440756
652972
85411
20228
9768
42169
279960
341506
16410
635875
15642
676644
779542
908320
369832
418245
369336
107065
457635
69525
53943
392406
25548
212864
40768
154287
272720
81463
352716
3203
77464
491070
60656
553340
319861
357181
190716
363573
2139904
393479
41092
1071
42491
915648
384307
562732
380524
663489
1188112
333984
391446
407587
79796
460767
34876
202992
147522
4491
56011
177288
672776
1306563
285276
83204
371779
524398
284316
329258
56115
88000
393896
303159
326587
213815
54401
273757
29244
260955
79292
76645
279230
260917
33631
10428
52813
72154
476638
39401
23605
287041
316071
6306
41363
55765
1407611
268596
328022
353871
338878
1212138
64599
50122
787654
39763
654690
3909
364426
30331
643322
77371
731998
9771
594533
205366
302117
82775
364743
278869
57460
485163
450728
1192660
985418
480775
296655
552921
307470
79597
292570
206422
291188
916708
198636
88877
40447
118646
675553
210615
206737
340174
17808
39799
553197
79206
326495
286084
709906
276798
77315
12762
335177
46638
7515
206240
144994
417397
266919
33732
658603
365108
54215
3420
365534
314106
849331
334144
459127
309900
867778
537824
340925
498279
52492
417559
217524
34803
362006
286832
450011
46754
43411
283492
308316
371786
308714
1271
3942875
393541
110329
297698
366898
544763
347740
391420
304338
18882
314400
199771
853757
16499
3404
441375
117571
441621
364995
421853
33974
266364
440397
148370
422353
207637
397030
541974
278041
958491
506698
213601
53394
285458
393020
678768
116062
383383
378902
58116
33620
473722
42645
207686
64841
105110
350020
52170
57499
270229
559996
1852473
71289
270302
506298
39833
180763
281423
200741
428442
800422
420284
278462
6168
52260
383319
495392
20778
429534
441330
199727
57189
741319
1075738
34302
269665
544693
564037
413426
13169
97739
909674
114921
86330
325255
85182
79901
730936
205835
74182
81422
447036
59454
210139
75490
211456
381455
80183
198293
7578
1268119
88530
71381
467743
389914
472014
53221
62886
449870
671775
61975
19882
60617
33645
413143
284229
63904
3913
355676
135128
518402
455614
363717
1323
77702
197070
32776
589148
555883
291260
273327
368640
36352
176593
25136
395029
509247
42621
55830
75491
26984
217516
333123
626056
30998
414143
45529
642798
309347
215184
9232
209649
19153
38234
411836
2498131
54522
212569
423783
76670
304328
296303
50805
376774
497451
214964
52154
123715
1345287
30971
459031
549924
205541
83235
339400
548151
199566
73717
197861
283709
183326
283858
405032
21152
616029
98260
616063
45814
489582
273341
594132
1401753
56708
197067
18378
84307
76657
70402
595102
3166
380460
48248
6510
33711
315040
57774
379628
180218
184896
396278
480286
519228
421525
48180
57784
393748
86035
628473
380187
33076
92258
1009921
44983
231703
455471
94201
273722
565798
702741
293146
462764
163503
34289
12831
214913
29698
498397
551224
2274845
537932
308237
3077
343852
1492174
345462
737173
79832
93984
29402
659957
74099
80672
502650
123728
524524
23301
366286
551522
405520
428466
268884
510079
1560520
379756
837180
584729
187509
9339
396265
100586
59768
216726
365535
955819
89722
287335
328177
39411
542263
403353
293604
434352
798414
69177
529790
34425
57046
329072
215774
723355
275844
106171
648299
215244
266928
350546
53381
43507
52445
449617
996702
119580
206821
115043
62561
460377
906858
406953
4320
370736
211484
289320
5055
200730
409655
1144137
913353
23264
203072
71833
17434
1910868
297202
216586
57831
4508
700891
60623
57224
41112
116051
78188
96271
529401
104269
59015
695834
2051623
367182
307957
13664
868468
1984991
303528
732812
55260
277949
1044633
658960
603798
318110
67738
67554
40539
481381
382179
521514
307784
199576
68011
1503861
420270
40873
1798224
112219
441365
420901
13051
327260
686073
399762
710167
268326
452038
633817
865086
1737672
7621
401489
364
20193
640250
558292
1221269
54784
59244
36173
18667
442253
283605
288277
58096
64936
1300008
587632
702117
79665
22706
20821
1166541
34701
80012
598551
215941
339393
18088
6696
383374
971713
320584
26083
439265
440295
57591
76374
76701
200533
365467
467103
212322
279430
635027
75152
7040
445269
547007
317346
380229
372292
74852
334044
58002
7815
52989
269154
39049
17249
51356
1178
155192
137924
379895
299372
2716
892433
287767
112169
105404
268944
34543
817231
1778431
1066623
405785
1050568
699343
291891
104230
352858
42113
45902
392238
53230
1755
200226
424711
319959
574855
514665
352856
76339
205859
419326
283439
281810
596559
402751
198652
15600
10699
230954
320392
508385
123946
27243
429682
11720
431360
17611
204029
339219
297555
285577
268954
390933
308304
9276
45469
25636
535682
318564
605000
148130
1274872
27467
269494
511997
561286
48348
1038762
23913
367614
24087
841467
53797
952546
172007
5122
95549
21821
541782
355567
322437
3122996
35494
472436
75772
200234
725791
456426
438577
327987
537743
199336
314635
84635
337093
482083
279739
26607
296894
349184
275796
279832
486044
19675
401493
52365
525669
284825
48319
606210
616038
45803
520079
116150
44224
670802
287715
385313
23643
76705
89856
146755
711802
56298
324885
13503
984554
217492
720814
275513
311428
50885
59685
267454
147488
382671
231072
102611
209167
532714
178906
18762
276383
871543
584164
650088
363765
11778
481124
55291
30271
672469
260806
52242
285963
112284
345907
58010
1798232
2283758
594847
54725
347756
1138590
341715
86893
52455
210570
57717
844435
268172
474267
56351
267831
71127
285796
509233
338099
496776
66743
216207
479196
91438
74203
682080
147153
590751
2012406
881824
308372
1117159
58964
600565
283124
216181
31056
727971
62547
83907
949850
39750
857454
290395
97167
274658
1359679
24942
15542
530269
879621
387758
251093
611350
283258
25995
485580
620033
53550
81910
456468
445509
331039
200557
359606
473760
211431
840671
255421
496457
79601
116231
381301
674029
502710
567299
34595
55785
289858
62669
67609
998167
56872
196289
429636
55429
36912
89841
2004684
89713
78032
319346
127965
184904
151716
734685
327722
2031
77482
47968
208894
204430
307275
314407
5052
352162
612871
598866
72174
228340
332657
345984
959961
314815
215106
29961
2134
397563
354781
95783
401705
60124
749656
24795
10827
77452
76348
6700
339596
15587
353960
528462
216082
285628
11278
286689
88773
27406
59555
270988
3
233538
120540
431480
991995
350962
299557
397048
45972
447143
55525
255061
871465
53928
32653
6143
376753
287789
419582
380132
483247
1151907
467726
275579
349754
68816
609076
11517
330496
208250
746065
54055
393263
88933
40557
310884
20629
449443
340896
62593
390948
177292
498952
458037
16917
285614
386085
43318
88946
25075
464754
206987
273470
59226
783429
56311
68275
436544
105861
13218
114810
33512
443264
20984
70908
36663
353789
309011
217916
296875
763209
1075089
22596
81894
297003
368054
7342
339824
31268
36674
289070
355258
689246
315044
383854
14414
280924
86632
214211
298909
366274
267974
507636
304198
33316
377531
52054
285248
121565
358815
408404
353141
380455
408768
29842
354565
495339
341711
280799
836485
30058
382352
273616
201650
207971
131195
447356
204890
327161
316643
380937
1690877
377854
221833
34782
8101
501290
731666
456556
21966
442503
313701
528889
608400
54350
976339
522198
725197
283220
64944
361151
575524
200235
449771
216239
939075
392398
330446
277693
40069
19582
1373111
20300
2162567
22125
42205
1798144
52205
52307
59275
18609
56773
465478
10964
235346
703221
270006
290230
27470
400253
384575
428797
272046
3154979
717251
11166
216955
4349
52229
307097
314124
71123
293410
598620
495086
640429
28094
114935
121758
6923
15772
344607
92147
1613835
272491
33678
42802
154973
542502
2867851
270736
1089201
599263
902969
40453
206272
52033
361117
201309
431944
54312
55786
50875
67561
311834
66455
397882
454923
397785
219864
280105
541426
214185
3418
471884
48204
503437
52996
213106
371307
1143460
283952
417387
503346
9790
406046
379899
3908
53393
404925
644052
56395
408331
318573
2257889
436003
909571
1985
422740
788159
431481
617296
41067
107536
593610
630068
54358
954295
176324
343306
630196
288193
271700
1577261
214201
42629
53075
283500
42487
322189
296044
342125
1005697
1098435
407735
56717
361173
226392
411115
466272
2867574
13917
21593
318002
13856
408171
20113
482724
523232
70898
280685
637182
552886
239459
782499
562742
539580
1069189
616412
8594
1459630
78929
327256
679341
217893
2163234
52878
614880
312936
645812
397559
1076532
467072
7335
106444
56637
123705
39975
32386
8132
740229
441689
88071
117853
567023
25893
34931
963560
635257
1071901
306169
58775
609636
341349
78694
22653
50592
33686
26148
904331
290638
149316
538741
267490
605792
27869
660353
52081
70566
214284
81927
317828
271479
1272777
814081
463765
110346
293408
356409
47444
799461
385469
69185
632051
441795
687748
67653
368741
19880
21076
59252
24649
1536256
312016
417861
289314
699139
637057
22705
958260
244812
296550
366218
699237
246624
279653
492781
429211
213871
69962
443646
114911
1798143
43101
446313
48727
50313
52218
504484
304355
293956
360482
18089
107597
1277812
34286
10468
457544
7650
62490
521155
309537
604708
481475
64384
322577
20251
87525
208978
77149
600356
109380
9851
971883
18605
1053029
222
469800
411517
71758
68329
464321
52057
582366
261711
84689
610744
212850
346402
230917
290508
270910
98960
80197
8139
330531
306764
34683
10862
376072
59552
443248
120485
19957
477734
39257
52157
33648
40889
39958
83242
55716
74107
1507
42963
489876
291261
389177
598840
471992
62769
287777
382197
541508
45677
1332065
1201436
344605
33668
196768
309703
67907
407999
245569
74619
55008
1318
357290
57630
598598
41009
496548
135162
370901
210431
48022
123594
706859
39249
70854
663757
73089
382702
421667
366155
33804
78928
246714
55588
836257
303678
801342
381403
869271
26077
62125
393261
58807
83347
127971
480096
53545
1037064
297310
1800326
62882
486907
313034
266570
282832
64554
289148
362029
44345
596393
1312191
519089
6792
53008
105426
916292
818215
62236
198435
333786
28282
273372
407800
417049
421136
506953
660483
244840
1036698
363041
30948
97593
213622
1039876
6508
203754
275463
63014
294437
447602
1856940
1558
300620
196783
9939
349755
42462
16449
199787
416650
54000
215296
308303
314118
631373
387167
289374
401501
158847
64065
447569
925922
746062
52454
357713
1715765
62491
655352
14383
488557
286728
297076
68620
32815
287002
20780
282030
519720
402422
347258
81722
549912
428408
207655
21001
664161
1091421
52762
412460
40829
42347
561431
585701
347745
20168
67762
56012
686660
564121
43324
151701
342070
30504
1798203
443572
71834
407592
342356
730878
255424
94197
411701
70549
428725
217890
199872
360436
80967
33964
170132
55821
103989
382746
421463
3668
127954
330705
444839
115982
73584
501727
89554
4533
16655
277660
443996
43352
39883
233329
35465
586678
278899
9803
4468
285066
460601
200561
616054
38382
355409
57764
410358
737980
364993
88618
644274
114986
289639
327441
344686
59465
107061
301998
371965
45815
429524
209803
55798
46905
478457
59002
381454
547310
216322
564783
269189
140617
91912
270729
381449
413732
1104405
914830
58773
340287
209937
329686
176457
678760
38795
492156
347857
461856
78910
534108
38576
20813
586510
536991
151643
52098
970669
59303
572951
273413
202107
88881
567829
61983
841763
388498
592175
30837
204
276284
201790
59253
668
102456
920496
330533
621123
650451
36056
56132
390960
459537
568657
569700
382951
56511
211495
355496
86287
57767
54338
65203
571973
3820025
454459
504049
6417
1189802
83949
809749
65514
435965
19031
214959
55736
6308
418576
380656
38665
662761
348505
213750
54301
585985
272748
13820
57178
210361
34626
56181
17201
343504
116059
212236
53964
874964
268346
77973
33626
95035
444476
336804
346142
44762
288896
109104
281152
506759
108531
266993
202297
146
450927
59694
130695
440019
57773
553349
855918
95124
515731
49838
319975
483095
418562
247436
53376
87585
472499
289376
54673
3980521
739509
268647
122598
55597
453513
556630
382007
494844
609469
38993
21585
43919
209558
364773
117484
290068
85671
10643
291683
1804840
495822
46127
215413
34825
75531
20789
298278
60562
812178
45241
83033
484677
546208
62606
62091
380658
554725
63431
59204
884506
24104
617328
647228
50352
17285
277982
2437
542750
309998
98786
107638
33757
7585
80005
511261
577242
314550
34013
21596
22524
394006
272626
595237
718296
39880
82812
96683
45403
386276
42333
342159
681503
359295
54979
544695
291190
299610
575670
461601
207759
73090
54982
54525
482471
915022
7615
324209
362345
491753
209267
3553477
365494
21349
380858
538263
393337
2334207
299266
30949
386683
654059
530312
302599
563715
272413
431479
887925
1045128
35482
1023567
303171
17604
202785
319613
357604
76366
22105
535070
1348483
52111
40602
16052
10789
11168
472096
2870481
11827
439724
53332
624104
213800
283495
993460
432635
656172
102247
54405
806690
405051
64288
391322
559287
807446
698099
301779
260925
404370
22335
630450
7604
542341
369069
415088
352438
1222268
390961
353411
1078634
292346
204737
17814
278025
641434
199779
297543
47427
355029
451906
299156
51382
318376
551547
47428
16040
41339
675501
438772
507728
435864
209290
208526
20424
415797
326383
22713
208304
291171
215032
12873
343918
139830
553516
369523
80221
64196
213271
362004
1511385
38677
404481
268706
91056
60480
589549
214335
38289
22301
310648
155436
83678
293203
99056
411636
477410
9845
54967
149020
6320
341501
1478542
588406
429455
379002
506173
415208
20156
393905
267967
17442
806444
246988
81066
75525
268898
353520
356816
271346
285571
357970
293127
64173
1153819
56534
53106
354542
29090
68611
291610
534560
52305
1548658
915209
281696
433719
397045
889607
14296
64130
55750
82779
41008
281046
553499
273347
319360
363770
49435
108711
19225
129376
218695
321110
59221
392853
265846
323821
609089
458636
201406
2145725
650041
462703
552910
602762
967149
305051
279253
431047
204214
125560
16932
285715
441356
213076
382512
997244
305343
799449
2229
54445
70893
267923
75410
948603
18445
85420
77343
275337
497844
1010677
62196
41885
480755
37999
43298
34312
44793
64031
21724
211459
108587
55232
5137
60192
479749
617567
204216
297826
24117
456918
87288
210428
35532
65505
361508
212949
99941
152637
85097
553795
270858
39261
209774
679119
457220
100934
302725
15627
292446
438603
139240
497491
322440
386704
1846875
341770
18592
202220
266101
596746
61262
1504430
70267
276416
232423
351306
70360
176462
537370
270041
339607
734946
84156
30879
214246
105413
379892
282912
261281
41376
93979
556842
9597
215532
285615
84338
48484
880131
665331
9552
290239
78078
53236
204960
356060
329520
505070
255522
782897
519096
15555
55324
418251
478456
310633
307827
1059583
289943
486138
11536
213705
87473
39739
382487
94134
424988
21817
380838
247355
834748
494920
77220
293722
18625
780864
268436
271648
18109
57259
232386
526120
261810
56030
506936
800018
499311
52349
1125881
261562
69041
52368
82097
14190
474249
322438
590001
131003
512128
1162437
67541
1310265
29852
904640
33623
288727
207897
86984
47863
47109
87507
379894
210461
45695
244844
274262
113825
38046
57446
200424
278054
48494
300089
47363
56256
285702
520534
276684
463495
21362
6416
282120
280439
81993
395671
52153
65043
692994
284354
271246
3317
369898
423552
214086
207035
541500
54206
498567
396281
212785
21495
217437
68494
325965
77448
103482
29482
52423
76369
95791
298147
1049715
55748
640384
284592
487901
51228
452458
55081
267141
244917
399030
60285
25549
322113
77513
471145
317685
151688
85160
601239
835943
66986
732629
610944
363396
273607
244854
123699
276253
12836
528497
436727
109992
555556
833185
107516
613626
27033
550949
360242
132415
296180
68160
89857
449675
435569
380584
79044
469744
103656
56429
215475
149858
681609
8049
271308
557375
137421
362757
835147
37848
113700
1100125
204679
280301
964525
67650
697772
278111
268413
20462
12607
205869
211737
1093534
397557
530289
13627
135110
57694
424750
38480
420716
273753
220848
112756
660835
290514
371752
66231
77460
430669
255757
32891
31842
561907
115988
19284
446375
60546
358404
39754
33928
536230
271925
344933
548503
54298
501649
401033
282435
345385
638680
578410
6292
1152960
94698
58281
210641
658419
780876
78350
653089
320708
208243
541539
267622
2341
59371
880782
199141
60051
88203
241836
211137
569262
129033
216478
312007
254911
1267108
417040
201065
744710
332302
13491
273665
1376846
1054678
922710
412207
208450
291162
215683
352742
44410
54654
1458
265294
75113
57963
1865820
379893
873301
380275
884824
321706
202990
77900
9766
331725
343845
245498
502540
631118
357988
443007
399055
85159
116156
842865
442152
60754
67509
91311
45713
90456
35106
86634
53368
467777
297020
356232
549176
1298779
320816
363432
279819
883993
718546
90108
31839
65370
917195
499694
24060
276971
483538
799796
208673
382185
107356
815067
255512
396339
24816
88526
862015
485808
1711
115757
339932
549765
278075
644112
44784
356442
513781
180361
105408
420928
408073
217461
44038
653069
735297
358505
427309
99386
519355
40192
80004
441923
108596
849050
316658
79765
402487
632012
269500
20985
295100
43732
2692
197401
87409
795977
53490
53961
52049
75544
379855
333452
20173
520779
87392
1798222
302352
210230
81773
491556
1254881
30941
443883
48028
1237615
257102
393901
413888
277181
16053
214856
90087
69067
483358
200732
203061
1068529
964812
390970
176769
14827
54467
423253
276638
82848
616734
319198
353518
406904
370667
88495
33118
349721
442554
268417
61106
450792
204065
210903
330559
867088
520121
20471
20421
275843
599837
107534
283728
61190
40487
485193
83002
502698
394093
286697
416314
707495
441412
39272
399957
6712
593774
73926
102470
52310
474918
59373
6784
37389
449773
202797
57789
315958
187725
34362
214111
42166
58914
76391
1104924
66677
13295
519600
54656
8066
285305
6776
117289
548505
58772
339829
57787
490838
669868
54460
77235
436944
1082352
38972
137267
215002
436757
93008
216165
380630
390670
52386
288592
850507
301228
64647
107970
353526
512295
489874
362017
207214
827
644877
54759
933262
52973
421058
614878
275670
553345
433329
56695
335704
1974
201472
423262
460993
408753
24377
343236
30136
271852
654748
650444
54190
933371
541334
11912
653538
621869
55728
26966
472772
333727
1387316
54515
534444
335790
123582
544764
498146
21820
98552
133168
22824
798852
76323
316641
941659
545098
70721
95706
65175
59675
445023
11811
60197
1384064
618530
332360
48618
85538
34565
544919
19043
355777
339363
65883
373662
84336
530308
64068
416705
55685
455649
619277
401260
562596
1458049
102901
2274991
111874
340381
63032
538965
964429
25916
836862
352208
398976
75766
284685
2636278
146778
96164
70912
47092
160135
297000
45527
87476
6707
92789
213605
52164
751205
205176
324541
350954
276507
26144
30180
1070606
661965
857430
