192767
76736
4852
83896
192249
649250
374671
1652
104774
4113
29815
124129
60924
266829
102441
157294
91915
81981
105892
105073
29989
79585
4299
266526
93408
103256
85879
269925
680983
29497
657677
93784
743481
77139
181013
87851
73122
71231
3941
15387
19408
873057
37387
393245
640371
223430
85757
224565
22511
8481
8180
27372
104236
16405
125458
2351
3803
6892
118511
124625
6391
645594
71083
164565
664122
21207
196297
20789
263679
127816
92718
36802
208282
24851
122910
95715
104463
221610
287959
20620
33590
107683
106985
74621
118876
104298
53815
640862
38366
117059
70669
112587
38413
5570
109813
234747
1171
60053
244830
16407
266505
5486
18880
93574
21567
20974
79695
11916
660479
230621
122929
6511
178702
43993
736523
213851
686674
21252
29966
75009
690161
56388
59694
685071
105345
243065
8874
705
105859
23281
91970
21316
105602
88975
45267
60233
715136
80157
14785
105729
21473
4796
20617
63640
33326
104747
155285
6385
6317
95097
91488
59853
266750
2693
70953
770
1754
95033
91005
3903
409552
175835
92005
3487
107894
20230
18858
88527
25845
45898
28535
92572
141417
637240
72614
1099156
428981
18054
21277
17391
43935
94013
660027
93764
5892
258222
713868
27901
79027
22088
81721
367127
14625
860
32771
4998
36375
110599
224341
2051
21607
182821
78510
71120
5203
6758
4834
646249
203862
95547
48100
155830
51801
242121
279498
160673
64071
89726
3358
218913
18366
2765
3557
17920
5444
118785
46074
7858
91407
1006783
13010
77989
105990
241905
109060
107499
20209
128569
644645
58345
109350
48558
110948
167697
48534
6599
18147
131005
25355
9432
1818
9988
661106
106206
60208
154449
46617
33897
82475
695559
131659
9177
665843
8448
20431
66336
30222
92219
99753
64013
177990
2530
19519
617151
30106
269839
3477
111012
79992
128767
9450
196733
713699
727861
19146
129497
65170
78879
71239
49791
68195
22104
30293
639962
1014206
695956
717146
288618
20621
5042
38529
3371
234770
122510
60513
100265
5587
107443
14062
27784
72602
66331
26521
60392
85052
31475
105802
126911
170668
73920
10112
39731
1071100
105823
53319
789179
41450
265255
225614
4822
20322
303768
7927
120819
20074
176637
91299
27659
96147
75845
686372
7896
169738
757820
122770
197775
117452
105794
469
7559
108478
3901
86442
104933
131393
93632
60358
20190
947
2483
4772
101705
105192
184439
70551
94015
20026
354197
93962
640353
198091
135693
28045
93527
4084
1033692
11334
145011
150498
118843
21028
220918
86320
97229
2310
9212
6016
2232
106214
189693
20119
91987
33801
8773
37617
89426
67922
93927
21048
16610
242939
34030
17270
234789
20460
13898
46717
85555
49579
165998
80204
684239
29522
104537
104830
175772
174769
60321
117083
64302
365383
210485
85524
20437
152568
182928
129912
2185
127284
406933
31413
95981
78076
227150
127233
17905
649218
79309
21051
19133
251431
87663
107045
111072
37593
169
679529
11778
429902
37020
59675
417868
7768
59941
789001
264757
14795
30190
83626
665765
37332
21234
126096
27245
70141
5913
309327
240115
101574
20552
1830
90991
92783
27774
125
78273
744524
178978
44582
640500
105788
112235
107379
28908
24837
91249
660572
92217
75971
105633
221932
65190
177809
147552
10110
38786
28715
9162
222761
1059692
6546
29586
332882
7634
118692
196406
146945
100124
59751
150065
8716
106560
251028
93203
293128
205655
78003
645690
241980
106984
5060
67947
59549
167528
57936
30220
88960
59507
237438
208171
94248
122175
113647
95508
92644
115415
1065702
85930
32773
8640
646628
728
38398
10838
88822
115867
33826
6779
110180
95771
32
15352
5123
27234
5558
18994
676118
78369
188457
177820
84023
4303
1012808
2988
173813
20406
178318
1101
676110
877463
4117
662527
2208
151231
104635
645632
636156
107393
642631
167214
1001949
257216
104012
13661
210697
3227
123469
646332
640547
241682
68065
106474
88736
2049
172976
121110
22190
106285
106596
28026
117458
24856
38379
18664
327748
216136
91346
78342
38254
62675
110662
643239
670165
35331
20714
94505
378523
106248
63878
92821
20951
87509
139518
827910
735382
179783
5050
107899
37825
37358
101632
671658
9147
92321
96245
3467
4293
215755
110003
47763
3080
119575
357976
58978
23953
7611
716446
229792
234165
141534
21165
2075
93232
62613
11111
72454
30226
271418
100489
902
78652
137970
3840
22365
147182
33784
90865
96186
12442
64823
38333
209808
178560
1058202
37207
64004
865853
94132
71267
111987
27836
107535
3935
8737
132961
656360
297710
87627
21655
16306
140621
655577
5223
17684
2076
72393
78345
150794
131400
186578
196258
888
228535
2595
21341
7294
107325
70233
88443
133565
106200
374204
4757
110542
1010351
141963
72465
38371
135230
221254
74759
63454
72983
19598
133076
82165
38365
1269
3099
643577
225217
82341
81887
21132
20341
16333
23654
3217
406189
5220
90496
92375
38163
3167
8508
1029824
71107
991906
170323
124022
95523
1843
104868
24064
9353
114323
17349
165441
79837
160697
123218
7959
170487
13164
108069
645639
211375
124486
3471
1016
33677
4194
95697
100119
253814
20518
153702
230964
90956
12405
60292
35429
170359
1099
20817
831093
574300
1079622
14447
80131
229906
146968
5985
155689
649368
54971
10606
118598
88480
28938
305336
92624
378449
76669
100567
88658
12115
101566
63700
39224
93926
72597
6824
1004242
29850
661137
107067
104618
93567
96175
1078
29702
178452
10371
103385
17283
58411
20590
32368
21167
100033
118709
138717
11808
181840
37876
142132
1954
118658
132589
89885
266866
671643
76261
68124
209115
9155
230955
659797
95839
1006115
27648
232088
11884
954
20841
96120
630
47073
11095
108809
20780
676663
1111293
78760
157855
175686
2622
92893
81944
108526
126488
25064
92670
18631
8169
71226
77541
29312
2116
26195
20234
17262
63471
296084
93261
17889
13049
109947
375
713024
8336
649608
60121
61003
1043368
3438
21351
186188
107430
642547
20624
20182
37670
11157
7968
94217
167985
3479
20375
213965
104329
166656
6893
91359
85356
93523
8158
20211
273423
84884
445
104916
15159
106411
172774
5553
107427
101623
218800
62602
122531
8639
302610
371211
1785
66506
649813
94492
43230
223885
9377
82047
66737
64854
210694
77805
1079
471192
637039
30087
175423
272806
92731
35280
30433
650815
647062
94924
20415
118707
1503
2301
1935
96067
276426
20210
3676
13109
13906
18643
254723
108297
14035
20337
77659
1265
2461
56348
23021
665887
681379
671685
77921
38358
2371
105006
28905
122768
149988
60473
4562
103441
11930
85592
91482
108318
167905
22689
167981
678217
658117
175611
125304
18034
39064
8376
604207
21957
108543
20314
90585
59993
3160
112194
110191
49056
6437
38347
4049
88617
61653
92975
98868
28459
116498
59617
82414
235227
235279
95066
5086
12979
9121
211195
271310
1528
96660
111137
641837
89870
601246
107329
101792
440119
686811
238209
104126
238213
116945
59902
693746
21073
5767
104292
60278
25653
223178
93665
132891
72477
234296
172501
644673
234864
3638
11205
64109
107902
251491
67976
108517
92669
21322
662194
20741
26776
39464
273434
79509
662331
74722
29584
1228
93974
17091
638603
43283
1858
111528
25372
136716
20763
1381
247150
246752
62755
2299
104657
108735
87872
642366
23112
122180
150243
686673
71116
20710
16389
4472
104532
95795
53407
4563
166730
111467
20291
9363
101672
704607
20688
61517
91568
62624
178457
5451
15715
8141
2689
140608
149631
2374
638927
689969
95030
13
94354
1052212
135092
1842
153573
37781
101610
108497
33688
103388
638930
23244
1244
7172
678030
9021
14540
741949
195076
177344
21470
144901
111158
88863
664100
72519
20122
272436
143597
47070
74718
727690
174616
131365
6753
5099
1107786
4514
21576
20649
20141
107652
107957
142189
78008
11837
8545
641380
889125
78525
78578
104030
220916
58251
140624
177917
178772
175726
4335
108046
93929
8607
113833
69251
124065
360505
157822
62432
50317
45936
96069
10984
3837
7822
95627
136696
101951
105424
5719
4898
643467
6471
25016
105337
4811
81454
662155
239536
86855
37197
175643
221848
20483
14113
270679
80152
9388
167784
95458
94348
168595
236639
157106
109377
30933
104332
379793
1715
140049
37223
260615
93029
28604
4930
104311
22402
7891
105501
12131
3424
24690
8775
123220
215274
71074
6223
342243
216544
114445
210930
82110
93061
29574
136911
684656
109925
118812
93286
105847
74518
677972
439121
60246
643562
105618
67729
186762
105789
112751
36124
100751
102330
85870
20737
202733
3057
30234
17087
146394
88564
696294
644348
91316
20318
125692
57082
27358
105109
435225
127050
644766
106539
13955
40058
37243
95611
642961
148650
137103
87761
20814
172929
1024171
167847
11519
392724
17312
114482
29040
1135
71131
235536
94210
60051
24665
103078
130353
93316
3537
20660
486880
285628
187425
420124
57300
151072
122165
32479
24049
438913
38467
50571
107924
96694
81498
105662
38381
29662
173238
174524
95343
886809
104334
93596
21114
5197
37029
108352
568027
80250
105351
30134
94059
773752
638128
7719
252315
263104
660793
91276
30360
10817
40174
3100
61717
177373
167681
50906
662107
662350
642495
108867
92532
101335
21272
653386
78240
71095
20157
18854
11726
13712
80170
27224
107901
365710
106932
108655
169757
8362
217187
62808
1114680
21254
1087816
699772
138968
5780
304446
39889
37130
19403
33032
78332
96424
311747
347330
104602
90940
691880
106945
7710
17316
2085
5462
686665
39062
114504
82028
92812
241981
70352
141785
80827
408040
1431
124908
96009
62752
37314
93032
270960
94401
143828
3886
665476
764160
67752
107672
701073
115977
77635
4919
170901
96996
649260
23771
34920
19916
907684
178122
183844
1182
94537
687238
20262
38246
2878
64014
73045
63956
187277
112523
154663
235755
3571
20569
83080
646742
31483
79409
41847
20161
6456
176624
178511
171367
657561
33894
694961
8047
145010
63646
5529
116519
23056
63679
36781
94201
654731
151525
643404
116403
28086
663799
713471
660480
52619
94867
71455
98078
63743
745113
155835
6525
109545
3420
1081386
649347
8181
363217
21352
26454
65630
12519
129378
663029
37533
37054
798665
6576
713422
27693
660329
122763
72413
94326
4915
51697
2564
29504
4962
95355
106989
678502
127307
678985
134205
141817
101665
20373
175138
174
97114
2227
167247
25708
339272
97016
171759
24445
108524
165534
28677
243613
247430
126140
108926
64457
661142
7005
123815
653360
59832
100166
155431
5668
143009
694932
131089
7898
94670
18307
636747
3028
63461
67607
675774
134924
288045
25930
31252
7844
79419
116337
147826
11546
99760
65029
644311
79102
91026
181790
243177
1584
68027
115912
66013
141930
303637
38351
72512
62252
11747
237777
113913
644178
1064060
31138
97219
233
81805
60179
157603
29595
30223
107926
135700
2190
9386
373537
91029
89732
17252
63958
6412
216660
84610
5875
102892
189366
80110
170114
14237
134990
20538
75943
93225
636742
662158
25718
64031
9808
6289
38477
1021248
35344
166737
117188
273583
75179
9951
517469
63366
209649
71132
193021
195987
12290
7624
11714
225180
2732
28925
73060
208849
8044
69793
4588
22457
16864
154665
142330
641594
71193
96900
97186
25068
33208
171465
63983
91879
68390
20815
1110081
356984
22551
4499
21054
139464
691952
16528
61232
35447
6749
35941
104308
77861
241921
38391
63798
72391
164355
28174
679129
80178
108301
989
248
106119
288001
662507
11848
5056
186794
21015
62601
19900
23435
37278
263224
42257
665428
89770
209971
693176
3375
97094
107274
36323
1751
8941
5848
59486
83377
110060
168712
49872
904
8154
155522
9494
68309
173200
20485
43707
24503
92788
187401
79526
20596
155500
21313
49800
110859
336845
95978
18761
4724
106845
78050
14663
483332
14483
106609
21789
10072
642567
80254
108234
127857
48677
665744
658706
15503
78420
93183
16616
78263
1009875
3887
88579
97178
60532
189346
678108
2721
41696
2695
46291
101237
643279
25446
59475
8497
676925
40103
10190
800977
136734
29839
90070
146492
69794
660267
16930
28779
65878
89654
917613
2553
4542
77265
90942
207411
991893
678972
106410
18828
101608
31332
9454
92014
3412
1102281
231453
61454
802056
1708
2667
110427
27908
3367
320451
105628
90117
145542
223033
105069
26073
357411
86295
172958
4781
164658
18845
30139
160269
1007433
97399
649167
125251
278207
2649
160678
37187
18557
24530
21982
208386
38493
153112
111155
4383
63309
107835
1015292
3447
154611
3432
167576
27814
672370
4787
343697
834
822
10031
9236
16008
56597
108317
28531
115945
10792
62760
44016
71090
5671
40025
210690
16940
671879
788716
271289
35825
95285
644786
92516
47794
90938
179478
20315
25535
5069
84426
180634
178533
30044
71206
70610
234786
643250
27346
8222
5234
1510
105854
24417
466894
216432
236652
450915
67
8916
155746
223296
692763
148678
116732
5681
19480
658404
66333
20797
81936
104039
4554
349340
200414
1014857
95459
27375
20204
4393
101249
692381
943334
140678
48360
92468
20924
100427
129331
734473
268336
21076
160740
143959
644100
14086
68175
105835
157857
100821
4642
23659
84477
47804
20374
661994
542293
81324
89
32031
20939
213948
1861
6265
77938
678976
20487
70
269323
57761
30133
939679
98768
1030085
4943
513194
884279
33653
25127
107567
104624
293675
104982
87330
354497
109397
60161
93551
88618
7872
7137
451731
2166
25362
80298
12111
33849
15597
221386
96582
100
78786
110949
100337
106106
115971
7060
16563
4372
123306
95143
92615
37948
175758
1069
71233
842792
5472
6105
186778
100831
21097
226681
3936
354203
26319
74538
13693
31037
88432
30000
91298
639
53813
6762
59834
54095
657599
253068
278205
102772
34749
5803
44252
84174
100277
72490
128239
136969
17404
90816
8540
77722
216496
21231
16410
18436
664530
100355
1841
9145
105956
655546
35995
32997
36410
198390
3757
135385
4762
82049
663496
639877
467
2084
21195
178151
647863
30111
381931
2701
21224
133936
162223
19185
122147
4010
804
27750
477
78620
101552
25630
93950
130669
93213
30076
20631
89111
341327
134973
26377
5237
20554
7999
645630
3796
8495
234720
81467
6423
76293
105666
77486
21573
339712
102551
19993
77745
108324
13467
645629
94238
24740
234331
124297
113758
109457
5198
95165
678481
208898
110664
20433
648124
640047
70146
741573
6738
219915
85978
180989
122800
75063
45868
21108
13978
5644
4957
176232
25169
30375
23169
53964
18710
101495
30267
160830
644831
29797
661110
98088
