6
75
663
694
1201
1249
1757
1829
1936
1944
2666
2780
2785
2853
2856
2863
2865
2869
2870
2962
3036
3357
3379
3412
4092
4093
4283
4297
4396
4453
4548
5397
5589
5591
6087
6095
6096
6105
6107
6339
6340
6342
6359
6375
6384
6616
6632
6634
6636
6640
6641
6650
6671
6675
6687
7031
7415
7761
7978
8071
8276
8278
8373
8592
8786
9126
9175
9447
9466
9469
9676
9677
9678
9683
9688
9690
9694
9698
9701
9705
9711
9716
9729
9762
10236
10334
10546
11044
11389
11397
11399
11584
11704
11730
12238
12239
12240
12464
12692
12984
13050
13138
13139
13141
13241
13491
13701
13993
15250
15252
15266
15269
15768
16139
16229
16488
16491
16493
16892
17323
17493
17508
17510
17519
17520
17804
17867
18312
18335
18337
18580
18986
19369
19375
19376
19382
19628
19813
19818
19819
19855
19867
20455
20461
20609
20644
21145
21264
21382
22253
22638
22747
22785
22858
22901
22917
23722
23873
23995
25258
25617
26495
26834
26996
27456
27575
27661
28649
28658
29256
29330
31891
32350
33057
33088
33107
33110
33188
33206
33489
33758
33785
34087
34132
34161
34917
34930
34982
35616
37422
37649
37856
37860
38051
38148
38184
38291
38602
38788
40259
40339
40345
41790
41822
42360
42514
42515
42601
42604
43418
43500
44694
44704
45786
47551
49123
49482
49509
50215
50612
50982
51022
51113
51114
51131
51165
51166
51180
51628
51936
51943
52157
52179
52191
52195
52210
52211
52238
52308
52726
52736
52905
52917
53147
53403
53404
53420
53435
53439
53925
54011
54364
54394
54464
54679
54723
54960
55202
55985
56225
57678
57840
59055
59630
62716
63574
65026
65533
66021
69338
70780
72946
74353
75071
75076
75089
75250
75804
76078
76189
76192
76193
76300
76648
76691
76763
76859
76860
77168
77169
77182
77277
78541
79886
79993
81437
86622
86813
87323
91929
93267
93560
100176
100511
105863
105868
105873
105881
105898
105923
106184
112871
113035
114028
114486
121737
139659
144294
144699
144748
152079
152657
152921
157030
166284
166941
167259
170401
174076
174953
176303
176561
178194
178774
180582
191901
192894
193280
193430
195129
195499
196939
201115
202120
202440
202441
202558
202658
203156
203720
204889
205812
205814
205821
206051
206236
206474
207515
207658
207820
208313
208314
211290
211312
216061
220547
224848
229775
237278
238154
241191
241975
245275
249178
250230
252011
255523
257123
258569
258863
259386
259601
260021
264463
268097
268106
268115
268129
268626
272363
281864
282563
283205
283207
283210
284212
287502
293937
294600
299221
299396
300431
302077
302623
303297
305114
310067
310439
310973
313434
315812
319358
320675
323402
332073
334618
334928
335661
347891
355652
367557
368994
373599
373608
373646
374140
384058
392159
392545
393712
397035
400777
406422
407153
410965
429972
441635
445506
452682
455191
459964
464344
466817
468659
469091
472312
475548
479704
481677
485040
490452
498124
499358
528263
535553
536278
538650
538667
539052
539730
539797
544639
555943
586097
591008
598246
631988
648273
677028
780924
824329
825548
1016505
1017218
1063956
1065790
1236066
1249295
1252017
1382629
1393954
1439872
1526687
1596765
1611146
1700717
1804489
1859356
1948506
1963385
2291424
2386587
2443448
2686677
2706818
2831997
2950821
2953038
2976671
2994194
