5
69
631
1207
1872
2587
2697
2768
2774
2780
2940
3249
3965
3966
4146
4255
4311
5224
5413
5897
5907
6132
6133
6135
6168
6403
6420
6422
6426
6427
6436
6457
6461
6473
7160
7499
7715
7994
8860
9138
9331
9332
9333
9338
9343
9345
9349
9353
9371
9384
9417
9859
9946
10145
10923
11110
11728
11729
11730
12560
12561
12563
12890
14436
14450
14453
14917
15268
15610
16398
16578
16580
16589
16915
17324
17349
18353
18774
18816
19545
20071
20186
20304
21138
21654
21720
22676
24328
25498
25646
26168
31341
31393
32338
32412
35682
35889
36201
36781
38247
39583
40098
40322
40325
42220
44749
46516
46543
47908
47948
48035
48036
48053
48088
48102
48548
48849
48856
49065
49097
49116
49117
49214
49628
49638
49805
50314
50329
50333
50814
50896
51342
51551
51595
52059
52822
53045
54478
54634
59393
70643
71331
72412
72415
72416
72517
72852
73060
73356
73370
75994
77505
82536
89222
100944
100949
100974
107388
136046
143417
143634
155529
155813
164655
185757
188236
188245
189962
190112
190565
213584
215905
219025
229999
252442
252444
298747
389276
409976
692684
726607
727649
893126
934437
935511
1075559
1086105
1088271
1181972
1222983
1288787
1340289
1351388
1489890
1587186
1815647
1845192
1927763
1988445
1993839
