1872
2697
2768
3249
3965
3966
4255
4311
5224
6132
6135
6420
6422
6426
6427
6457
7160
7499
8860
9331
9332
9338
9343
9345
9349
9353
9384
9417
9946
10145
10923
11110
11730
12561
12890
14436
14453
15268
16398
16578
16915
17349
18774
19545
20304
21654
21720
26168
31393
35682
39583
42220
44749
46543
47908
47948
48053
48849
48856
49065
49117
49628
49638
49805
50814
51342
52059
52822
54634
59393
70643
72412
72415
72416
72517
72852
73370
100949
100974
136046
143634
155813
164655
185757
252442
409976
692684
726607
727649
893126
934437
1181972
1222983
1288787
1351388
1489890
1587186
1815647
1845192
1988445
