53265
69117
91264
95949
102957
147668
151953
184888
190564
192425
194583
257064
290379
313354
336835
375792
377624
407955
435602
441181
442948
448073
454049
468497
470999
482809
499994
507997
563826
571368
587609
593894
660110
683742
723654
744346
746710
752701
785237
853434
876673
908911
919017
927488
954374
970814
981695
987820
990812
1003448
1004418
1008268
1065716
1098414
1126188
1165685
1167903
1195870
1200506
1204300
1228854
1252789
1272925
1274022
1356537
1364862
1370365
1384133
1392165
1393337
1395412
1395604
1401290
1485915
1512630
1519568
1532756
1539240
1550236
1557163
1576636
1580945
1603441
1611160
1613914
1636541
1671336
1752030
1771817
1807494
1856343
1863005
1867321
1871504
1898641
1956667
1966744
1975841
1987791
1996110
