4
5
6
7
26
75
135
187
663
694
1201
1249
1325
1487
1757
1763
1829
1838
1927
1936
1944
1973
2427
2437
2666
2780
2785
2787
2853
2856
2863
2865
2869
2870
2962
3036
3225
3261
3357
3379
3388
3412
3870
4092
4093
4169
4217
4283
4297
4396
4453
4484
4548
4606
5011
5397
5589
5591
6087
6088
6092
6095
6096
6105
6107
6116
6133
6239
6339
6340
6342
6359
6375
6384
6390
6616
6632
6634
6636
6640
6641
6648
6650
6670
6671
6675
6687
6818
6931
7031
7415
7761
7762
7765
7793
7978
8071
8275
8276
8278
8373
8592
8786
9126
9151
9175
9447
9452
9466
9469
9615
9676
9677
9678
9683
9688
9690
9694
9698
9701
9705
9711
9716
9729
9762
9835
10236
10277
10334
10545
10546
11044
11389
11397
11399
11583
11584
11700
11704
11730
11923
12238
12239
12240
12248
12332
12464
12687
12692
12881
12984
13050
13079
13138
13139
13141
13241
13332
13391
13393
13491
13571
13586
13610
13701
13993
14295
15250
15252
15256
15266
15269
15696
15767
15768
15848
16139
16229
16488
16491
16493
16722
16892
17323
17493
17500
17508
17510
17519
17520
17521
17533
17542
17552
17774
17804
17867
17925
18147
18312
18324
18335
18337
18347
18580
18583
18595
18718
18719
18831
18986
19099
19368
19369
19371
19372
19375
19376
19382
19628
19649
19752
19813
19815
19818
19819
19839
19855
19856
19866
19867
20111
20455
20461
20609
20644
20682
21063
21145
21264
21266
21285
21382
21386
21459
21467
21518
21819
22253
22264
22280
22332
22491
22638
22747
22785
22786
22858
22891
22901
22917
23212
23716
23722
23760
23873
23995
24271
25258
25601
25617
25619
26040
26064
26495
26641
26834
26975
26976
26996
27456
27536
27575
27661
27663
27676
27965
28080
28640
28649
28658
29256
29330
29793
29806
30033
30673
30707
31562
31626
31891
32350
33000
33057
33072
33088
33107
33110
33188
33206
33213
33476
33489
33758
33768
33775
33785
33904
34087
34132
34161
34742
34917
34930
34954
34978
34982
35000
35616
35662
35973
36191
37271
37417
37422
37458
37649
37663
37702
37774
37848
37856
37860
38050
38051
38147
38148
38167
38181
38183
38184
38213
38288
38291
38328
38378
38602
38788
39014
39163
39166
39415
39853
39882
40227
40259
40339
40345
40430
41208
41789
41790
41822
41851
42360
42514
42515
42601
42604
43033
43418
43500
44694
44702
44704
44869
44871
44934
45783
45786
46568
47551
47844
48197
49123
49318
49482
49509
49532
49832
49981
50215
50612
50982
51022
51107
51113
51114
51124
51131
51140
51164
51165
51166
51180
51626
51628
51661
51714
51936
51938
51943
51975
52157
52179
52191
52195
52210
52211
52238
52257
52308
52419
52710
52726
52736
52905
52917
53141
53146
53147
53403
53404
53408
53420
53425
53435
53439
53462
53487
53504
53925
54011
54274
54364
54394
54464
54679
54723
54805
54957
54960
55036
55061
55202
55295
55644
55985
56190
56225
56371
56607
56919
57026
57271
57479
57678
57840
58231
59055
59630
59950
61638
61640
61667
62485
62494
62716
63574
65026
65533
65581
66021
69338
70780
72946
74353
74938
75058
75071
75076
75089
75114
75250
75390
75804
76078
76189
76190
76192
76193
76300
76338
76573
76648
76691
76709
76762
76763
76859
76860
77168
77169
77182
77197
77277
78188
78541
78549
78550
79886
79921
79993
80256
81437
83313
83522
84786
85408
85525
86622
86813
87323
88652
91929
92511
93267
93560
93581
94541
99256
100162
100176
100196
100511
104814
105863
105868
105873
105881
105888
105898
105923
105924
105969
106162
106184
107382
110557
112871
112873
112892
113035
113103
113110
113132
113213
114012
114028
114029
114306
114486
121732
121737
122864
134524
135036
136535
139659
139661
143962
143972
144294
144645
144699
144748
152030
152079
152657
152921
154630
156769
157030
159045
163365
165754
166284
166941
167259
168419
169792
170401
171628
173457
173756
174076
174953
175117
176303
176561
176711
176717
177013
177786
178194
178774
180582
180593
191901
192615
192894
193280
193430
194915
195129
195183
195454
195499
195990
196460
196529
196939
196987
197102
197703
198945
198970
199737
199752
200066
200288
201090
201115
202120
202242
202440
202441
202558
202658
202666
202781
203066
203156
203720
203968
204719
204889
205000
205137
205812
205814
205821
206051
206236
206474
206558
206653
206654
206816
207515
207594
207658
207820
207961
208313
208314
208524
209284
211112
211150
211290
211312
211479
216061
220545
220546
220547
224848
225319
229775
231134
236011
237278
238154
241191
241658
241690
241714
241975
245275
247143
247453
249178
250230
252011
253678
253754
255523
257123
257143
258469
258562
258569
258863
259386
259601
260021
260721
260837
260878
262871
264463
264809
266615
266921
267327
268095
268097
268101
268106
268115
268129
268205
268363
268626
269652
271938
272357
272363
272567
272623
273183
274185
274287
274431
275875
276593
277602
280231
280360
281864
282563
282924
283205
283207
283210
284212
284632
284665
287502
287688
291422
292773
293201
293922
293937
293947
294600
295135
297228
297619
298066
298112
298143
299221
299396
300431
300778
302077
302079
302483
302623
303297
304605
305100
305114
306371
309862
310067
310439
310973
313434
313760
315812
316202
319358
320675
322483
323402
324787
325039
325057
332073
333415
334289
334618
334833
334928
334960
335661
340978
342041
347891
351612
355239
355652
363248
365485
366297
366419
367557
368622
368994
372501
373599
373608
373646
374140
374206
374765
376501
377002
379284
381418
384058
388985
389831
391350
392159
392545
393712
393718
397035
400307
400770
400777
404486
406422
407153
407240
407984
410017
410965
414802
414889
415299
417945
428869
429972
430625
440392
441635
441638
445506
448416
449588
452682
455191
458308
459118
459964
464344
466817
468659
469091
472312
475548
479704
481677
484192
484290
485040
490452
492327
497494
498124
498139
499080
499358
515783
526531
527665
528133
528263
528309
531697
532453
535524
535553
536260
536278
536293
538650
538660
538667
539052
539730
539797
539798
541737
544639
545363
546163
552710
555943
571689
573381
576459
578427
586097
586098
589430
591008
594182
598246
606475
614517
624281
627463
631988
634200
638357
648273
660803
677028
687435
694883
707335
719595
722000
780924
824329
825548
859725
862188
986144
1016505
1017218
1063956
1065790
1096392
1133302
1166984
1223920
1224451
1228725
1236066
1249295
1252017
1360654
1382629
1393954
1439872
1522879
1526687
1596765
1602085
1611146
1632642
1668876
1700717
1804489
1859356
1948135
1948506
1963385
2141566
2252031
2271446
2291424
2386587
2443448
2686677
2706818
2831997
2914292
2950821
2953038
2976671
2994194
