1856
3888
9044
9408
10847
11090
18106
19943
28056
36830
45871
47938
63285
63357
68024
71753
75153
76325
93563
96344
106390
108062
108819
112195
112318
113249
114139
123684
124205
125788
128205
133172
137816
142597
143083
146607
149384
150923
151436
155990
156617
160977
163612
165518
166921
168729
171295
173776
188564
190564
190711
191306
194620
199347
199659
204296
210321
211687
218118
221836
230287
253294
253463
255202
257189
258583
260949
265537
268991
280731
281170
281523
282047
283878
285592
287762
292860
294529
294955
298660
304241
309239
309567
311715
318915
326154
328938
329100
331463
333382
336835
337830
340113
344996
349955
350186
356743
362566
364817
367231
368949
390005
393091
399872
406799
407829
407955
409096
411493
414700
417523
418562
424496
429026
431427
436594
437648
437784
439107
448814
450756
451204
454049
455123
457274
458188
461200
467664
468827
468830
471817
475864
486379
487698
488441
489429
500507
502190
503322
517678
524842
530697
534097
534869
543007
544450
546798
546984
548895
548939
550941
554813
560202
567665
567904
570870
573002
583101
589361
592320
597429
602453
604782
606335
607354
609838
611343
616472
617255
618712
620979
624943
630416
631286
631619
633437
634362
640205
641788
646169
646780
650610
652780
654863
661148
661468
663997
672498
674771
680962
686197
686680
689790
695305
695976
696968
699810
702677
702950
721188
724598
726057
740915
741870
742005
743275
754408
760481
760830
767031
772929
774729
774822
776590
778833
788199
788959
798340
800099
800290
807176
807876
808524
813617
815379
822702
824250
829058
833791
835173
840406
843282
844318
848282
848660
857671
868077
872445
873167
875295
875458
877586
878033
883512
883887
892158
892194
894958
897979
898092
898229
903047
912786
914534
921958
924484
928280
932026
938272
940859
945051
951307
954723
956511
959401
970814
971409
973864
980325
987820
988748
988878
993945
1005426
1006086
1012724
1015874
1016714
1018796
1021076
1023123
1024951
1030515
1033940
1035944
1038358
1049997
1058132
1063343
1064206
1064757
1064995
1072760
1073123
1073537
1073807
1080560
1084061
1087663
1091781
1092910
1098835
1106544
1109235
1109705
1110744
1112956
1113374
1116473
1118118
1118837
1121260
1133489
1134724
1144062
1144313
1150987
1155818
1158219
1158552
1166090
1173840
1174105
1178084
1185066
1187622
1195428
1198349
1200628
1215234
1221247
1222782
1224802
1226332
1226608
1230809
1235915
1237937
1238698
1245445
1245480
1245691
1252350
1265440
1268335
1273558
1274022
1275679
1283529
1290868
1291834
1293824
1296906
1297719
1301539
1303146
1304383
1306781
1314878
1321909
1324769
1327410
1338028
1338566
1346760
1347102
1351869
1356031
1361655
1365705
1373638
1374619
1382343
1385670
1390295
1391002
1393069
1394446
1396801
1413477
1421909
1424509
1431910
1437327
1444824
1452625
1453232
1456533
1462084
1465936
1473146
1476231
1476561
1484080
1501382
1509083
1515957
1518005
1539574
1546474
1547055
1549667
1554996
1556696
1556946
1558885
1558977
1568489
1569649
1570266
1573391
1588545
1591105
1601829
1602031
1615128
1616691
1616979
1623092
1625650
1625824
1627572
1628734
1634819
1643261
1652203
1661531
1674328
1674869
1675703
1680021
1680474
1686896
1688287
1693954
1697615
1710360
1713128
1717868
1718367
1722805
1727574
1730020
1734316
1734771
1741056
1741357
1750506
1766028
1767892
1777949
1778196
1779150
1779856
1782380
1784200
1797849
1802520
1808342
1814537
1815646
1826138
1835168
1836987
1837207
1841241
1845766
1849282
1858398
1867161
1867321
1873703
1878342
1879100
1888186
1890134
1893430
1896759
1899605
1911177
1912822
1915125
1920834
1921286
1926912
1931510
1937091
1948821
1949886
1951529
1962952
1971486
1973455
1975841
1976760
1980099
1981529
1984278
1986821
1990489
