1249
2780
2856
2869
3357
4092
4093
4396
4453
5397
6339
6634
6636
6671
7415
7761
9175
9676
9677
9683
9688
9690
9694
9698
9729
9762
10334
10546
11389
11584
13139
13491
15252
15269
16139
17323
17508
17867
18337
19813
21382
22785
22858
27575
33110
37649
41790
44694
47551
49509
50982
51022
51131
51628
51936
51943
52157
52211
52726
52905
53925
54464
55202
55985
57840
62716
74353
76189
76192
76193
76300
76648
77182
93560
105873
105898
144294
152921
167259
178194
203156
368994
429972
452682
780924
824329
825548
1016505
1063956
1249295
1382629
1439872
1526687
1611146
1804489
1963385
2386587
2443448
2706818
2953038
