511704
36184
898742
244941
269233
821868
58065
639801
1420
59220
60631
55237
2386654
119338
59219
53824
6730
58564
671692
284149
458835
59644
4131
379311
338157
521791
289127
1215
1156
275828
38277
1489367
294209
33625
214863
43507
214179
1139346
79881
57743
294592
475093
51657
119376
98108
289781
76948
525159
43304
813256
530158
65192
267113
6991
24170
292348
437865
377933
203637
427312
642366
302915
2093385
734343
520575
239738
54480
54616
434766
9641
1115812
393812
102024
360863
396180
269414
1091324
799461
52158
69311
76639
266917
893189
473045
577942
90571
71309
58044
269995
172998
432423
291889
13301
60023
661006
939629
47456
738468
417981
217951
6830
393772
441408
1372050
53359
81141
42463
326587
40941
52696
447592
97956
247249
837864
529977
302027
531744
277330
391621
319669
57587
54503
74636
39974
404533
7583
339427
552906
333287
22530
26697
371374
411048
443257
811204
413602
60095
416625
393780
301285
316701
950221
120385
562962
537533
61636
94334
50516
565440
384685
645480
274696
1010938
71288
383440
293154
599711
94996
455596
471631
649437
13234
48035
597236
208829
53349
92789
54199
417063
126670
43052
442904
589373
383815
20786
74076
88775
542974
18041
56466
559294
606334
269819
15096
285624
31185
90896
4550
118
900231
34430
62091
293233
200544
106572
1775923
303369
49423
344147
666690
417489
77350
205560
293399
273889
248851
271621
60687
783407
287857
788308
63033
4371
53278
993809
52188
67951
1798255
216505
381469
1342308
212075
87060
97995
195881
75145
294736
205074
644272
208299
52171
74107
90085
10428
52977
63267
249015
13664
45815
78038
653071
66054
682877
344386
407349
117831
55263
386715
332217
70721
121751
864857
53792
60587
568172
358058
589819
244934
27372
442474
53369
406584
75320
60422
429220
715632
392736
23313
383682
561778
34414
392158
86918
414663
434524
52180
54625
1343517
614672
298911
154814
676972
51535
397271
550363
250279
291891
420893
55230
267724
75733
12695
60593
38042
816736
7485
62196
607442
12381
397595
70370
350893
683081
21794
70683
315631
472499
342592
499821
348372
6408
85971
300336
208674
244198
417840
66467
490190
509754
191510
351362
488148
485053
115
81391
932561
363803
209390
58357
8450
57165
280245
994333
53229
53258
405517
266962
53238
71836
67450
401720
701633
395469
217733
276827
52220
1272980
70719
52206
96800
351490
100854
175975
731090
59146
59224
210768
85428
12368
430555
550319
293792
1028
495319
532381
344089
63901
582811
480780
501276
52429
22633
52981
218287
293397
417914
550113
332359
301832
564994
339109
246836
87878
481213
353139
59398
216077
788652
91185
87072
407679
161569
391206
58877
549709
9765
89761
514828
649514
1185906
243234
183309
65338
50488
377820
55597
574894
19875
64292
87365
571361
1169678
27413
38982
53294
1016847
56014
486267
207385
812308
287129
361765
96744
406091
6396
497575
54605
290029
24598
70172
422979
333128
813568
289354
207463
607291
100001
276980
71284
70939
53688
682146
622668
504774
34413
39082
505776
284601
207
63507
416260
756403
269648
62516
270711
172007
70544
416644
339143
482358
53527
339829
353979
544781
3534278
643249
384675
309195
309891
283289
212486
61114
94377
86999
353141
53769
172451
401178
431285
51424
477570
9586
374825
19689
535641
718121
1236112
439913
50489
1030950
429371
848227
247875
207123
365535
342349
50867
210575
29783
62939
282018
272157
304480
82626
664951
287760
54184
66852
56031
540132
1009415
288764
432538
55007
3961
332793
353752
314033
500443
305577
42666
994628
1330840
38075
393829
311860
34296
650451
52989
18543
2106
229911
384833
54190
77466
200450
561226
289121
466610
7507
112316
591955
314527
77464
1021535
6395
284235
425322
541555
289320
363566
6817
39354
50671
416687
156758
438927
9805
66474
42183
53245
348263
106490
268360
21027
780685
1045696
304440
562203
155590
348260
75412
788782
69046
6431
54007
21962
232400
57596
413977
618391
53241
112323
40395
287104
64831
144574
62077
420488
572869
211461
6707
215959
314820
275452
58100
329179
507325
498391
270067
4170
60599
53787
293405
294847
687581
352279
4315
53257
214320
442501
390833
260928
69522
976991
381301
328138
99871
112327
1122809
286728
41157
527212
217185
213828
365135
408086
18607
51974
62693
336897
505020
2452737
221833
6822
77751
53961
571940
656186
57586
41932
647856
385331
384556
393627
92054
67286
15593
17455
897483
21031
317828
6565
2094
267969
378387
73407
90878
351780
335734
1159662
81292
1506237
52022
793284
57453
33975
391322
67597
474192
535307
457122
324316
485058
642955
55414
58832
603105
18632
2291735
41328
61197
48460
874604
32132
535076
13759
583908
203297
426147
274350
9555
1046216
606195
69593
465530
133089
672990
1111212
283589
53525
438772
372893
41145
680231
52367
444416
591095
52068
1089153
1088341
420715
950199
33942
117133
10127
74895
6813
39791
902802
505710
317685
52449
54781
584621
270000
608285
20789
96685
12544
200350
197759
311484
361110
315830
383813
77846
441270
54486
40829
98749
39626
204673
268342
409905
495823
279323
591663
391985
61242
693007
249069
58124
687437
201626
52391
257121
320333
744600
54726
199988
34149
63949
310267
208243
53016
208245
217874
319081
25288
299156
330514
349219
492988
280463
68608
178936
52201
39214
550935
85960
391987
20152
116
548598
706720
95123
293225
418563
10008
52679
302958
336596
1054487
55527
15553
1018092
6430
286709
18618
320562
213393
7620
34312
284810
380164
270862
367539
53818
84044
339607
628994
296220
23205
303630
97353
1300947
3675
662204
3444
1286484
317623
67961
355460
118994
809191
370134
16082
388301
1152375
43167
53287
270734
58558
20133
76670
86987
1044186
2030
373054
43602
1271
632315
57438
52052
493210
59566
659575
214209
80653
27404
260922
92922
4435
24652
1094259
93582
54997
544440
296548
1857852
244879
276671
214831
300646
46313
52154
440926
270390
76208
688000
52200
205408
77340
928145
67451
401708
1073230
286885
6455
107924
131183
85296
1963
91575
228340
548004
58096
53642
284182
3467
455428
22344
626438
74101
425403
269587
1030751
53800
56694
314169
1021698
9920
113825
784179
141208
51803
298220
509430
389197
361844
31408
60624
409371
87999
58099
475592
628451
62717
1987747
1026336
494493
2754
575197
1268198
270024
355677
362170
107570
312089
62787
70401
216472
502187
1164275
605830
968612
40487
390938
52183
2516341
1143106
74080
72923
412716
33928
250
1123807
286833
406877
83410
23414
67090
409455
86748
7650
289144
79832
670063
1084590
270558
277181
864775
414513
53374
82264
9861
541827
38062
63079
116093
268855
58195
267991
9228
41270
216790
52078
591856
49307
290654
27987
81995
291280
81565
467701
52310
123055
299188
522637
65428
37907
301735
380187
299357
17323
62712
400176
1032692
970840
1007249
2790787
44137
502948
202985
405050
347788
45666
270007
81491
98786
9766
87527
591767
76766
105959
20308
66355
611966
327481
57874
286294
730023
491615
83230
386692
180803
73139
841549
151449
21802
21967
34567
333937
45466
391257
68607
378869
215953
56090
575496
287592
107283
489167
567224
106455
482204
299485
288573
310095
396157
596978
87474
60127
857287
273209
35340
53767
597088
272875
2064
41758
7187
486172
336608
82622
3182
65501
441638
346428
787810
52365
97979
379682
121086
52975
249170
371315
384468
215252
278926
430406
54189
455963
97903
82689
338100
740229
60744
645812
330516
286689
508908
688132
429932
25637
70766
21614
785694
794459
2237
269458
24948
423199
54725
741806
72006
244861
52845
312020
571513
463476
717
56316
278267
1764897
679051
205541
96270
22090
144794
523613
167299
372289
105193
70774
435868
1834309
252272
57451
553356
482874
208926
202228
34551
4331
519374
268364
326261
361852
69205
390908
271868
85150
17168
584883
415545
64594
1734407
642610
472722
584685
63770
130424
60042
9572
215204
23249
60075
210947
524566
376760
13559
249626
104067
307835
200165
114914
6773
67748
289467
370497
243102
809099
898895
58218
281166
344413
556630
549254
41067
33225
639101
115816
215263
161434
75317
197057
393608
21358
378556
1981
343845
212359
592753
408102
60020
400095
90079
207008
175197
439922
15623
492701
421185
115917
457876
210122
70973
500280
295566
56110
393962
1013861
745098
85414
354873
289614
205850
149591
245569
795048
3098
269186
746209
441068
432577
249374
329406
1651961
345491
414386
99041
102674
127242
290548
106406
142040
53262
546154
29804
439857
92524
386453
911924
5072
407704
40507
377509
22627
95507
405219
690291
22381
503049
450717
319850
388984
56717
626726
450709
52999
39249
568687
1026
116663
60984
7815
172995
817918
1798144
1898050
6692
2584
567299
19233
818694
353792
118692
38390
81027
52336
86378
390843
39828
57131
54046
440750
393482
255518
456558
4458
88638
421050
292198
567176
101711
384637
58567
54294
316642
34540
4337
107540
80013
40154
77025
358505
392654
271154
73137
10045
352750
34313
58199
20956
217369
60964
367707
618373
196264
107545
15587
63627
211043
88368
314448
78385
57313
212698
92147
293918
89144
717252
287438
1202728
145756
39718
75144
123946
205819
272832
427908
709941
294128
379680
207630
120526
403538
72915
498415
304354
57056
529120
281482
39805
11159
196888
197890
200075
374026
782499
553221
736636
547513
62144
50875
31224
589915
715695
320738
275977
3304
280518
74295
293151
779499
54447
494388
89093
211814
328132
401256
54715
60104
275156
1280662
413424
341821
626367
517002
457536
293421
19679
478312
61450
207502
320337
1629485
160
3817
69942
253467
146466
938792
26788
207363
205758
445371
174564
76543
682905
492315
406693
92364
119353
360228
675987
76444
54202
58371
354064
393136
43303
303959
492692
66694
80991
60124
209805
542672
328336
7594
1971
607759
290052
45645
823729
731277
13031
558857
201406
64018
781174
52759
30113
547288
209552
103756
267728
478886
433345
281479
275846
6441
537826
45713
269425
356369
41064
82768
56205
596274
588326
276406
57916
320731
43494
498554
33606
537653
205177
35336
19156
412058
30708
60067
64218
608578
54370
216301
339830
416973
943640
382512
735486
269093
107050
448522
38374
281428
325261
267599
118180
55438
52385
84416
130141
306571
53393
420953
75566
319975
52819
67110
274257
203654
497773
94152
217151
561931
79310
1306707
425725
527435
151196
810997
57757
1179895
215188
53030
880131
414163
254445
1056975
91707
297298
34418
198054
472728
291552
271157
1570169
100053
1152974
99472
892807
561786
291886
74016
76656
610078
213107
2806
332505
361697
57982
60637
316271
402319
409238
52343
483839
53005
545952
53751
46359
19879
17242
199092
204089
101774
83217
854858
119626
12891
38635
134834
488506
779782
687607
99931
53217
37917
207130
311143
445019
276564
416632
283946
208220
443673
402157
336097
786579
727903
1020867
212859
316613
86083
371639
656230
586351
256102
13277
90481
21471
28232
52432
72870
57315
689530
369577
74282
84188
352622
213396
60806
114664
409640
49432
16609
1554508
70634
353520
138569
38031
138605
296577
416997
860521
122597
319819
276103
96580
231065
88738
283326
369663
19308
343307
402751
6734
7
212172
209725
47061
154274
446426
68899
53683
1054955
278581
617192
462343
308673
344986
6433
509574
124842
605376
55847
228
56247
434555
47361
41360
270381
207068
679503
342355
808845
282428
54213
313637
102854
728424
87094
442360
34446
87502
243824
208045
1144885
210793
1593819
947590
216363
214354
12602
931444
327249
507618
88181
52557
455406
511102
783142
6140
68692
727640
292014
65758
11774
50986
361025
285135
1343687
204098
336197
422212
63728
291190
114819
261215
281696
31839
299058
458931
297015
70131
364768
319207
1035367
548885
57800
399041
81708
640403
29074
11510
334239
528249
58343
80428
302746
657216
266910
1261
352438
58667
59275
23459
265461
77562
549185
73873
92252
68944
276109
966158
304106
398531
252271
40703
48879
503147
58803
9864
573176
553197
813187
53779
604703
386419
369926
547734
512213
273415
1644687
478892
217887
324676
469813
72636
340404
353785
381081
20881
83215
381560
217971
65895
851817
62601
62845
101759
272842
74395
214192
63840
704711
719816
558702
710167
306581
785654
67631
639633
290581
97317
296914
340391
595077
501390
248868
16608
52984
81064
345325
565798
110346
97167
442906
61792
542019
214847
107722
74176
382177
41916
561774
84367
107638
9777
368072
13
57877
322119
301289
319721
73996
312786
724629
856736
465626
74116
60050
65512
529981
60630
113554
514771
334823
57938
133579
77918
911130
4506
3579
695834
273576
318539
614435
11276
446043
296067
162435
2166
352164
1181033
23261
65800
321803
50755
1109917
71769
15589
52441
57183
1388088
89851
76655
342342
402118
90880
386969
59082
112231
6583
9862
61470
379958
34283
623317
56318
1825949
214565
208608
73156
391368
43068
129560
53239
1863
45723
416112
355455
52046
585669
414436
303834
301999
6722
49003
386191
327438
545209
1082838
306806
345430
437769
1169341
65344
724151
838184
58112
67644
53797
38970
1093621
217931
38043
1015998
68118
302575
102052
1088709
213125
74178
77450
442952
54650
33955
396188
336443
316556
419575
94653
901883
42371
334725
54090
69316
53441
65484
6704
249053
490529
123703
9818
1151121
65044
55022
558715
441210
447075
249097
11515
438111
471961
54029
322228
369898
208536
67513
69087
217533
408458
22618
200198
553204
52971
199882
53500
656901
408905
55279
116027
936857
372781
73152
729927
269467
324318
54581
780908
449791
34663
439865
101809
60202
596388
393811
55008
217879
296880
6157
10862
606913
300089
1026653
301779
18154
22587
59617
54448
287031
847660
38520
793523
250615
452449
428768
72724
61486
53255
33645
11826
60149
1141985
574716
491860
321223
718546
39838
549704
410437
53252
110518
34557
77351
53043
38810
449773
83201
73893
541344
509259
170390
326013
91332
58926
431119
339371
11231
326931
147536
196771
73746
66597
293343
120601
348258
384118
29753
468054
82912
393791
322397
100459
170465
114890
54974
125120
12741
1071903
38037
95969
800411
52155
95288
521816
277374
1302204
53959
13665
289341
33740
737956
145115
219672
204592
336948
8489
386696
56473
67107
67625
9548
390939
20943
41013
425376
55814
213843
685008
61977
728534
316730
1162926
637732
371764
33763
84002
84104
81048
382257
282984
679925
293621
335046
67578
94445
60047
572124
273616
319844
354723
641291
800716
215118
53315
307757
146797
1646115
336652
325871
52066
55674
9783
19520
478779
610946
54465
287971
320870
79873
54322
78951
47865
27249
338010
226709
710759
1002826
898097
456592
316678
22206
173092
279994
296936
22185
20626
74868
279638
343954
65336
78905
402180
285062
45638
80803
6706
352591
82853
780509
63725
57764
421630
38659
60558
19160
212856
116270
56298
114923
351038
72176
22597
52980
1382983
75531
57831
112320
589989
54690
1600365
212290
6718
71837
398595
57686
202539
366719
938923
33940
251082
83202
391602
292652
20796
97354
44159
492629
1018061
328520
12543
121593
59015
279881
1091418
600962
38104
358138
120046
809610
79059
172436
305112
946331
56021
199680
60327
57311
892013
107562
58123
288344
55787
280094
211608
11771
412420
554758
800166
92097
52212
432170
41745
1166106
667637
40322
55213
817483
325172
60452
125041
506830
635099
291211
304478
441058
429231
6812
537750
56042
365042
309997
247633
1139257
34005
313308
301147
74693
66501
330705
65495
201786
558502
114812
107523
331417
68634
37866
71730
87555
421697
421525
457405
584064
944118
60976
107623
295234
78524
63779
287710
211041
66087
211482
78674
354475
310782
20261
23575
348424
52542
545870
416257
53463
48064
3298
305750
57437
366085
738175
442933
309906
24020
99729
510768
19166
92027
673227
424436
380142
266593
407700
18934
314625
276987
1104002
226342
15560
574
54570
3324
79876
360272
147014
60423
396286
7486
1343829
218112
52790
5042
275119
57051
299557
1774123
65940
198561
57594
268428
70758
73738
118513
213555
280258
382119
21596
938943
604782
119375
584729
929865
328149
52996
149888
544197
63453
213763
12371
470086
422680
347653
174581
211567
33311
204427
57133
48626
57057
68129
52988
1414463
585903
396172
512849
81981
407715
61713
504775
370
81395
68351
55551
77976
326936
184904
586476
1883939
142033
75074
17808
563715
146460
318266
158853
316782
1401784
365489
619341
441641
197245
54780
74189
54535
199
508110
204435
90529
89861
23240
54288
166
79156
380249
730430
833304
53494
2292
478754
74835
441048
54478
217418
42047
278627
390923
319507
323540
52380
103976
165978
615171
332870
242300
63856
625514
1132693
480544
11281
22523
71758
267820
60547
327261
550161
69957
202174
43644
289466
393765
368822
449877
316792
298661
10977
651778
53550
16504
2717
93329
565551
304708
280706
315181
372897
298924
484097
270977
73404
101930
586157
91474
868039
89156
56043
38315
697307
380150
98968
74831
294542
99416
53584
426967
52228
1180349
70549
210573
3293
233330
505201
53307
9894
147353
73562
80343
421994
217520
373712
1349368
111781
593494
59253
7826
1733196
18412
291086
211501
644489
57540
67710
602226
98070
75335
589127
1755751
64188
64675
60033
39730
715842
630690
214999
153675
341822
489162
53750
737916
841158
84010
72659
680097
63172
382976
561217
68330
216471
37784
61023
294234
816236
69536
56058
563857
73921
52405
182984
456922
671154
691214
680034
548658
259679
48314
415479
882087
90860
782149
53327
245926
1043248
29076
207406
69519
12227
283296
380205
861762
21727
996404
188820
342631
39053
29083
109930
439607
79839
838560
414741
29405
77919
296599
52453
65431
100014
100780
276835
1871893
1429275
44707
637598
11157
80186
226434
265321
18088
58445
377607
126581
42058
605845
629899
452258
444506
18638
57045
15958
327345
101320
277670
1022325
177288
538383
109978
53277
845701
249062
216599
35309
461756
64855
82529
115776
270610
74937
140153
20172
39407
495143
65519
28218
390952
512945
381443
16137
106103
639127
59686
497181
459701
71420
319877
56898
1409405
455864
660781
51228
56671
200162
2867545
505074
363910
43326
729032
44140
48490
619276
67930
80038
837843
24892
318654
20979
45468
587369
309488
56258
590209
991397
501382
280489
62042
202636
82754
571763
657686
371094
552057
361276
396150
294634
413637
271571
782418
353852
62052
87525
38453
264605
915209
361836
56243
80707
207368
460353
107531
365470
80668
45636
341657
459077
342718
282088
30493
378957
55214
60811
173442
69187
33628
529935
627988
96090
570559
21001
44112
52480
586179
155706
2999
29485
55072
119673
909093
574919
213088
415784
56373
461755
909139
166608
60706
1049154
414539
57756
80678
198636
57019
58326
271649
938754
49327
119100
298002
97304
204984
605372
329704
326153
3442
61667
374527
278465
465527
651325
651946
12
92526
266923
25448
11375
143
7584
321975
431172
330504
465996
1058793
659168
337531
218745
426152
270990
304269
481534
521510
75111
353516
381352
4484
120161
513689
329
387527
43740
213023
456872
443881
314096
70312
198624
612022
319009
357345
639511
56432
10578
34607
59373
476524
14383
320285
38379
315291
54977
289340
197242
125044
81673
269690
10978
678084
274626
880
74417
3383198
502103
100963
90461
444753
504504
54499
302481
1027599
52718
69383
17070
286273
370225
81937
82756
76688
3166
608512
302711
1169022
429189
658374
147978
383909
206300
98403
60670
1966
1326382
12423
24175
138088
11193
488520
559267
471109
996636
314490
54330
1209819
2405
56256
368530
260838
58136
21442
110669
90125
304542
67460
51840
1329569
6705
86420
37848
434557
43898
538086
74314
123466
108163
422326
312271
52778
81
333963
280782
83032
53314
269447
55483
1390134
497235
461231
519086
412410
1205985
356654
286191
286420
75544
67466
545358
277854
215363
691285
276288
71834
53443
833214
32052
670709
1146659
267817
22004
268151
556314
276253
308304
53038
76870
213860
6735
110820
360213
670956
544695
783176
49323
53377
289528
494992
97041
381897
675356
370128
196814
442243
261746
568918
329769
588459
663992
335131
79804
879621
919567
166781
4345
554403
81225
97965
393804
40089
1453938
112333
52762
336270
393071
366128
6168
52363
52351
1046055
353906
420598
108492
90122
417149
211708
110893
53749
59507
18654
661776
320803
275573
105863
33966
527424
38515
38779
439108
83011
318213
26882
254495
217572
47586
209159
304209
606331
83252
490193
408229
53428
51966
78569
107624
210684
377881
1257
1762728
448729
66348
375147
72917
370242
202871
303659
217188
309894
521420
22617
531587
352737
600152
55663
315793
68366
340669
43751
285065
88534
51011
214984
310742
74245
52196
293263
702649
412475
322328
79883
95549
25918
366670
480742
1038763
25166
99400
23946
40045
212865
21724
57255
52529
65500
107747
287932
344611
53487
129033
17790
22626
312014
39040
278576
273066
411655
56892
493929
347020
281311
117222
419206
1329138
208808
342351
282441
483095
585812
22620
38242
75491
214959
641172
59081
62754
53496
431886
54509
2075
1144345
537936
833565
298083
642952
598755
289356
393803
387392
211276
586578
418509
6398
1436794
21605
208463
75885
404436
1403812
128019
58009
591160
68403
19018
60698
1968
77190
437796
514176
415884
112408
319106
339200
55533
508906
49288
558794
205763
55060
273063
686309
95021
17126
72261
90448
270010
55675
76345
406733
312416
366
306530
402586
275019
289304
9772
274008
54817
282803
511019
211736
352841
115345
1151130
471991
480125
21889
710506
1057022
491714
320664
61084
317204
42230
198944
19682
48500
63252
55776
519607
476322
9377
608239
443770
266616
605591
905095
637848
83415
793387
1026637
380658
710311
373574
1798143
281170
61395
121438
27447
577992
57711
518642
116129
211039
64577
614852
676375
114886
102176
589186
537370
289298
60486
143970
955200
803762
210566
53508
74264
7579
1056655
347052
1003126
117064
662450
698416
61123
57014
1839
1001038
346296
382614
4500
210213
530230
278149
267835
1730082
617357
76433
328347
810501
33617
217210
12028
1210796
53459
1080594
65430
454692
1079422
48297
472141
18811
81469
879065
701960
3029
293408
2297358
146785
42462
1035718
647701
51989
495185
279832
19455
31539
420935
57607
208633
356198
450419
390961
38793
318224
441355
294544
38979
1152786
123714
110194
290942
465450
53291
333892
76361
270304
605407
294010
201476
909674
480265
390919
1275547
69219
739208
915326
211893
85713
217869
415212
855939
57793
65561
65173
538860
323722
172994
186214
184173
467755
3959
99199
2886
57786
62930
74093
736166
722946
700925
304019
294356
60132
54482
134714
540523
352714
299894
645842
269714
52334
915614
53215
6769
5040
294448
83910
64673
1339
319450
6930
272720
45305
73477
293121
212870
68295
269224
28260
57727
513489
9804
1045901
299994
267707
54979
444508
436088
344680
660367
281657
52754
214246
459167
83434
40127
508586
400154
1977380
440909
231839
197612
35868
123690
72154
60414
10132
80387
69362
82187
38903
442555
53233
336675
268636
376510
285105
313773
42959
67400
331798
374070
278764
127824
340539
65712
393768
201856
10645
210958
333480
492826
91907
471906
73884
439065
289374
426298
56125
204092
366410
62986
76511
59367
436793
54595
314151
297568
549924
84941
31637
316708
34300
1061423
281936
291892
71290
221818
187725
84937
67598
222858
702480
301288
437428
67548
385898
55685
511402
983462
59997
273423
71716
84311
290737
353877
206243
305390
661063
154112
1228493
2687
78133
440295
157615
715638
285394
41096
95009
275341
69126
38371
212773
58846
924780
691235
52440
233024
448910
246988
65706
304605
65740
6697
219643
84387
305273
536767
310987
562724
94026
434352
85188
409456
1471680
215949
600799
327874
293400
615008
341714
396278
44299
351409
101881
111399
74843
22839
92472
309563
307814
53776
58425
416740
18377
426640
382007
98960
486092
91054
54291
418236
34423
13216
785717
764236
364169
923742
44341
460811
18371
35486
72218
371965
106786
542567
602801
780155
74803
66469
37995
626936
510464
62139
311464
52291
471996
63003
530915
268595
40464
294368
58746
441639
608371
690879
757810
63465
709956
152818
10866
563832
340995
53367
92011
42529
92406
107968
66291
295892
214193
77481
5122
81031
337303
585583
569503
51956
627352
52205
53076
19137
55737
556560
67319
405145
344885
279922
62270
393317
56908
69550
41286
336102
199896
70397
123685
976269
81463
468144
694150
1185143
65860
61047
215858
215258
21591
53853
60071
216361
60203
479749
421628
15099
628831
521937
42711
21595
358048
410062
396215
9573
627603
379890
345641
300078
6428
93362
140594
300917
215940
16136
56086
56340
56068
683693
1195143
66461
7631
53755
958895
27019
5018
69952
913353
19074
55594
84752
212402
34439
61703
184905
62508
52791
273753
135823
20178
821070
789822
345447
39933
51021
47622
53721
412206
77565
151745
71381
914456
2005
244894
528565
619336
86593
452354
101697
1642289
360609
288028
47481
114959
17445
7866
361072
215847
128538
11270
47445
59346
360881
269219
282430
436943
78554
146960
509063
83744
86079
604563
88405
5474
57773
711802
352208
6413
214360
61498
347462
614880
593373
106018
178911
1070606
607399
198822
52585
373812
603102
393807
5687
4403
268064
1798145
105246
114705
608509
23323
864841
116084
293636
357868
397041
114537
55291
333648
292015
60774
408747
123677
289858
9780
625804
190717
88176
86035
349330
3820025
70400
200343
323755
50542
52486
431231
8498
347386
41114
346693
287309
203770
35097
96375
672178
287235
84325
268370
28098
61961
286545
296535
91319
873434
53965
409466
76678
13303
58050
60107
55598
217948
333186
395219
25703
202065
114887
69432
293115
340643
314513
38285
21033
55222
93978
202791
52290
72010
287524
431232
80327
211048
55427
86992
198652
22248
274669
298731
92453
202073
12378
91438
738135
9800
552377
54104
231346
65661
281278
38389
623417
786113
16102
65262
5442
137671
77371
60546
299937
64576
176617
62610
53328
63912
70924
55249
180361
14404
6416
413843
2580000
278396
20598
52039
46429
725124
1276749
693603
380263
43504
55765
17780
217890
428464
659569
76484
114975
286628
71824
447181
551404
34782
848309
713988
462543
57733
56262
290114
52070
72701
79431
316660
132415
347200
791406
261281
616063
49861
54967
55443
1151164
496512
370234
329249
248852
473448
371100
312937
54916
468649
380153
441642
235174
135991
55460
706489
877584
615428
57649
57854
534682
296320
63481
321256
64599
408173
18540
215383
411573
36172
56331
96420
64550
22534
397296
56189
367481
87062
245843
208265
4517
7836
394099
59289
1115600
355567
263168
277402
41021
15570
54555
97076
33603
1166917
288979
465559
292138
199735
1195354
348257
55327
133326
412645
435216
58844
444908
284229
475033
380467
7713
84333
308811
50809
538498
55378
357287
635295
208523
89739
215255
1985
1068976
391776
13744
636535
212694
941987
38289
619369
74780
447150
89330
151627
55224
215945
73133
7703
397278
284156
52702
380162
12369
619660
60994
69042
33939
1188545
61761
54201
62721
303597
370550
43741
958464
293654
864242
40985
353951
445999
30489
273196
75802
471438
54302
368078
1215212
414729
67509
593273
274281
382615
103861
547293
34573
392566
416676
13564
16095
360728
548610
49925
24060
68465
588866
542159
839362
543505
24359
64070
510287
425944
52202
12541
6622
554222
279220
203150
202213
360445
585018
502584
22593
873568
117494
1076736
22546
1185657
347818
795082
866464
891859
54579
55183
98316
57360
111626
578453
120073
54685
326117
743759
798171
586510
55913
16529
374203
56013
392453
662116
304894
217924
72871
79594
99466
1636597
278457
12838
76415
63652
83213
2636278
20117
18592
62137
65883
814437
39233
1273756
211456
69204
66441
102523
842002
319496
64549
392651
567391
74301
297636
203157
50134
63478
148780
61112
56374
87488
200957
622978
52255
61471
298155
1936701
73953
441637
109616
16054
252520
2601
334245
44704
4456
65446
60997
163492
324341
52352
58023
468909
324531
13205
395542
52091
309982
670143
495979
105398
334247
462182
1505744
67491
6778
75485
6723
53475
349791
67012
61694
1228242
276836
199668
60150
1031669
488479
282486
407898
56404
52251
547300
640384
290574
277595
269895
677515
649235
560290
31055
69939
72224
51003
2163137
530575
276204
521389
107573
272540
107650
510186
657650
18089
312009
64028
106906
27148
275161
422924
6737
549711
491252
1447868
83255
598783
52327
68927
321715
57827
190719
924640
71821
53389
2162
22119
284457
277693
107292
58364
74788
839066
52168
187658
416618
266928
719181
815523
622963
286152
226128
521337
868274
67911
445969
669977
362753
98260
442083
817924
69356
102615
215938
22683
54707
447513
363725
525863
357297
909934
380264
67464
94600
89213
558706
60834
361579
403379
69945
782040
67594
61040
205161
89841
269192
683952
354828
409845
476035
406074
638020
23325
365502
309880
15890
407005
608296
279663
211762
544341
1796
69969
25
81566
940302
1265125
203402
1090054
78694
203118
11517
1097287
55178
44381
521292
56194
342353
67689
727971
883460
8051
212861
66129
613626
57463
6860
301787
611431
435949
439993
579718
364477
198878
337524
282120
90328
669328
415177
52690
784701
43016
639621
439995
458827
64072
792133
390933
87694
4523
20710
19847
466411
435684
20174
817231
392620
22851
980670
204350
52302
94018
788232
38792
889676
294734
314102
53243
617745
584631
532004
14392
312283
275680
82558
78670
310745
392820
55794
599168
71996
429211
522121
88066
3690
273354
99092
116820
523435
217171
63618
560814
56525
268954
267566
411386
53281
177
77962
11829
60342
388027
981716
279292
552596
578112
215244
128405
7120
679035
204977
602072
2473
57993
406876
291049
492341
116629
555098
278415
69326
20173
30890
390970
59343
42528
65529
550954
574769
130500
2347352
2112
590395
9767
17775
70133
408097
39795
1015074
151661
493185
232
213591
34967
562720
87635
53518
60738
638415
230946
691794
330543
610944
59903
688714
61753
73200
82993
425373
44956
408982
64298
570879
673792
481373
433084
52221
339397
431175
291337
267622
293435
451878
966746
61635
214461
66724
441938
433919
45703
884045
297847
213117
57872
3988324
179444
269387
275404
217133
311618
511217
91721
1467398
54507
441547
364765
56815
55425
447177
389888
380139
762806
499439
644143
2410386
16408
80977
10504
89325
145996
205751
71315
637022
382529
19317
72750
338862
435843
555691
61455
269190
696330
816801
1048080
401231
52093
124273
69103
142840
59299
361830
72378
20793
56006
303031
42250
165562
22614
607177
949934
1051319
215864
69053
306545
329733
184893
669291
7410
567946
198208
546210
75214
363769
492945
10330
76501
301480
53933
308767
19574
436300
90452
548641
545375
78019
1177284
53585
450853
608407
913
286682
61056
57459
836643
84241
405426
280841
861623
883253
78327
52307
214339
208908
582978
781935
41148
198447
360995
41354
16180
319797
56345
377533
278040
49780
282095
333237
690129
276190
36057
38020
43411
63203
30955
62079
39266
60724
279521
285236
7338
61645
502191
59328
551891
56901
545360
366217
72507
60658
31167
6427
791763
180798
479963
562380
107854
102189
38928
211125
507935
22608
310608
528500
396200
152655
319486
349231
310937
105094
76675
53342
839016
552141
568147
54702
95588
66986
44131
9774
678164
368381
977422
544160
376322
41358
953821
70923
231340
307551
276079
16612
403794
53411
24811
30855
300283
409782
531779
24208
959470
116014
144
488188
60386
551206
449902
65949
326572
53109
61407
521293
216139
87673
57154
596770
2552
60169
33686
200729
266185
243686
325269
461468
621682
289846
197230
296609
530424
1183959
440729
90035
66645
323
92030
67471
1029879
3562962
65711
48729
374701
70365
276630
385552
132785
1150909
29466
231895
63748
63095
180800
269255
403632
1058659
39677
544803
50190
81464
1938607
345712
572609
314106
91905
211541
266641
52554
7496
547971
573963
122617
64644
72863
205544
336366
382530
16094
3122996
75294
13403
170500
178
301334
83951
53302
541665
423305
496235
1189874
355021
860328
80961
441646
409491
31250
869402
17888
6400
308459
276189
341701
387455
65579
427201
700530
510924
444462
1125869
22674
54664
67100
561468
735468
273374
101951
289502
392883
304512
15510
58080
337920
523499
278261
1032840
77071
267037
645949
54589
574765
204994
4638
72714
328497
59159
1002364
1333660
328057
11715
47221
54197
959011
55804
803670
463766
915456
890810
592975
97032
200490
326164
293772
393585
1288795
58829
40559
30522
68797
260926
574122
282849
492231
348525
6742
108944
77201
733475
49332
56158
388348
350201
214941
70733
101581
425103
595094
130427
29957
57493
268373
614385
55429
479974
600992
472972
289821
532049
460418
567019
650409
243654
994941
449954
550966
52162
83575
66147
7498
112610
3913
77315
352408
64016
52368
316759
289154
353411
380669
486924
587529
343237
287851
63166
318503
954277
276921
40209
293250
118353
418572
125498
87534
129334
203974
415528
258063
20991
336595
61079
509255
70731
283118
6693
270209
283793
216188
586059
616036
791154
78386
381412
308674
448223
26426
56702
83014
491559
59032
360404
54025
519096
377422
255876
10618
118684
91203
337093
39619
345199
842811
48023
274717
440690
897273
511037
144833
456893
65485
590962
266579
512662
271368
149931
57052
206923
350963
682854
89857
56287
799494
126750
53778
43692
7845
512412
29889
371758
344236
3887
301964
316639
396130
54490
217883
88799
2464087
314720
363770
274177
374696
771980
367111
53240
346465
571094
243670
58405
121205
5636
83300
287907
462128
369338
299884
486044
41098
59999
319001
14393
83226
117491
29397
23612
58651
86270
513504
117609
1109029
808484
33623
52683
69679
3884177
145807
260861
601492
176597
440741
445313
429636
381496
43341
281279
311675
80275
509768
283738
87061
19135
379900
292158
85018
341126
303618
53318
55682
408787
523855
56989
470803
54292
567317
361037
671459
567208
441334
577148
58779
99650
83222
54485
356958
276006
329019
205820
67947
325869
203944
109950
58022
318812
719996
291486
599638
280301
338631
11190
491113
128412
69051
553734
291615
350913
33599
719194
42935
442152
506173
606854
4117
291863
1557
791144
602012
552058
616712
2442
197120
1627294
27194
53289
21007
497299
650797
116146
785774
64571
511041
269428
427582
213145
58671
303795
54315
59484
255539
496445
2108
53838
315230
16100
619662
405520
152641
273713
410328
342070
38388
268445
2902
212593
434286
86916
13743
76353
207387
43621
309228
19880
2041201
861705
846845
196747
16130
51462
7585
290900
320392
144835
59310
299336
97994
90690
12962
98116
414433
24204
303147
175204
33648
410850
696086
43434
294831
567010
40442
493006
51965
76976
82618
273958
61660
416823
54185
481612
576803
421083
11869
63590
66443
213399
73839
888954
1458049
794903
282450
519873
180804
94443
1100125
42189
144795
587628
496529
488271
197894
981471
345475
326291
77451
79232
367173
1837823
53236
55223
741172
108094
53753
19477
21584
26294
349466
1505
368910
13831
61415
383338
508644
105438
522125
67576
64144
85809
292710
296646
7627
287575
74408
29952
447192
835005
554429
487935
350805
884123
63664
205193
84922
955805
208676
304389
56199
21543
594348
1088898
58332
77933
677787
224458
90814
111883
233711
30504
404447
45631
352322
289312
90578
346348
79110
51536
485925
1406041
212693
53407
7613
58206
67546
52979
82222
289395
91386
590110
1927971
53521
272729
1401748
110032
56305
90986
433493
504233
434587
415464
385436
426145
268908
217755
39401
676272
284513
63916
49426
310572
177286
18897
260976
18444
371566
55066
63040
346350
76338
291811
52518
206252
28
983753
1852472
609635
1100678
53777
812613
120751
153272
64205
54688
715051
41017
11723
335055
274919
305105
200252
442994
355587
53290
371953
210669
721602
67593
6698
70387
54457
52067
506104
61491
294208
66871
789101
76684
386352
488546
873
1017349
78658
22848
20131
18601
38795
461018
585124
347529
303651
441792
783138
82792
1042852
442722
303600
412622
284792
553807
619338
40791
355300
60620
53399
614863
344271
287921
345286
85500
26446
673151
451660
38660
208827
215761
890417
806242
642996
470025
53465
331017
113638
458708
794371
217294
560540
52054
113781
33879
58766
571903
1518795
633373
6301
54039
625651
397563
232385
53371
317815
1447677
588145
383034
314130
596041
323711
199093
396179
60142
371763
56363
218261
58167
500707
599015
25525
3854221
382635
42530
658575
2019803
123917
836308
599960
101953
374264
336613
377748
68606
32899
3404
530151
67508
282110
350795
548590
317133
425454
64404
55526
40372
503487
296861
363604
6163
416143
584153
392432
604552
925732
396318
884684
593581
327457
668412
86038
4362
56408
45576
205882
5433
390916
70876
297572
28050
1174138
283082
293410
38268
15521
346411
1435166
56659
613813
71250
61104
504311
33988
274139
338558
85764
55810
29404
328134
280252
381969
73879
49920
58323
9842
341703
298792
2127630
645123
9811
363721
344917
83703
607395
554733
80044
488311
977389
1046273
281282
54649
88811
312174
289334
339153
59901
51754
369002
33934
344578
55716
443924
33971
153923
535079
68341
653385
237973
517387
411292
368069
11268
84236
621984
467743
431728
1369460
508341
692960
323342
53392
291564
202187
123678
34664
450412
8667
206237
57319
361640
527199
453037
584263
20465
21101
459807
558545
502945
19755
675363
954290
313833
62633
202062
350799
466167
7818
77159
781235
288212
669093
87480
544714
672676
1145
94248
168229
537918
108789
439265
40692
113700
732173
48554
68013
357757
208434
227
367863
297560
64573
319198
500302
6497
79292
53069
50363
418039
53947
205202
63568
584945
442317
61623
380131
243943
368737
200574
481029
460348
356202
524082
376233
285891
384069
64149
14827
210418
80350
701
18707
39434
64042
20243
72496
40992
1788256
204172
359383
52689
1244129
197248
462763
212585
560895
23243
405357
88067
394100
53348
2897
80047
508831
60481
504989
16386
111299
106782
366477
408752
64851
91889
296045
28425
1230374
98299
53219
76652
24226
630523
586581
1049336
382948
304174
25859
73085
211693
507357
34821
207621
1267108
59954
138801
215270
9794
58801
123715
289317
53249
307665
53980
107574
538102
2162567
174604
103377
789198
617990
316689
71620
1779321
30902
291899
578111
554237
412745
72159
276661
30418
281713
1070998
49436
273334
73004
204746
210106
217875
80769
289070
212712
266459
57762
52669
18861
421659
315044
68450
423534
387796
282701
50124
53073
429524
292541
71855
1720551
53574
79654
762720
26568
14394
215762
34336
57881
409312
118178
34684
50648
219710
4645
674458
120382
38996
52278
101768
6814
40541
598030
71839
6699
40164
98984
538356
300339
294421
322772
339099
369339
397851
1149094
111876
678714
877
1261858
52208
393598
67613
969442
598143
345117
217908
62497
23346
1162989
249689
61399
406955
68463
305120
52048
81560
344
86630
60093
3292
857247
55816
279253
54449
144444
110053
52165
1492175
392752
594831
103978
275844
57734
356816
56470
393743
896108
283105
287719
204762
744086
92266
377130
216681
486055
81261
213832
535854
349610
149462
207913
73003
14407
392472
307578
337514
212953
642724
292617
627616
266056
987324
34053
79838
541341
789539
277782
428548
551632
79275
44110
940497
399048
211610
6689
68981
67512
27889
551570
76332
590106
65230
320717
337520
285971
330527
676833
213984
437072
65720
369998
216729
68225
52062
80206
420580
17477
7614
207538
282249
69669
1747259
336932
91599
66462
282086
270695
485349
443249
3673
293633
20179
294442
439731
210354
77993
1889090
585236
214052
460572
20838
170786
24216
350956
287041
75517
208339
248173
54218
73198
201179
1214654
97759
744837
428695
151618
112211
54551
584354
690931
61397
654547
520121
234068
459262
344303
34192
526591
20647
43198
1767
1275025
20147
594544
1286325
742007
52047
53506
58356
566281
903231
115996
89713
22672
314676
470856
519925
478909
1176343
944195
55202
429681
620068
52050
519375
605678
341145
1197629
77207
87584
55521
63661
1008860
54453
460707
386388
20826
592
1561669
201165
300522
13396
67202
381989
370037
116041
2395
627310
52295
213468
534456
62412
794197
78398
211896
384395
60134
163
63527
98752
856576
68690
480996
210851
196735
111012
439737
68900
529462
4139
296698
595907
80710
335137
658738
25180
305070
486881
23141
1737672
966469
128890
34555
278755
357984
57715
50606
148
534100
321464
348520
174540
1152060
54186
2143700
111482
38136
289301
458406
575331
294903
280492
94335
10860
175067
604873
458494
334567
314670
545898
465383
270516
107584
97168
522116
508457
58663
329907
20134
428412
26
931340
27953
381308
431047
57728
530431
378898
62615
346150
698837
201603
57499
504170
722613
55748
88876
53461
560688
349711
513104
45972
306037
140227
55281
456556
682865
312022
678790
27423
279906
87633
1302
266945
285389
537009
207610
60256
64541
529752
438495
15538
1017797
271346
10049
269917
305345
122425
233538
440557
1826497
207214
25086
338553
65394
857133
488643
52667
941764
465604
307646
102151
1307867
10233
505342
330446
78486
345439
271612
271155
17062
53761
297823
281721
67459
53419
36835
59127
24010
203647
341672
1087721
82065
58182
65195
363109
308744
672733
350606
3238
3685333
408111
303154
410419
373396
304877
288234
207850
48038
289330
55658
383392
71692
64564
3013
788474
56139
76431
318120
452552
56361
562643
464305
9261
504268
1108034
48478
82812
441807
419379
616274
287380
353540
402051
41341
1135350
59527
417425
861786
100947
705948
634446
666522
1284744
1310
1731
282985
137128
446767
91995
3257
375973
996351
623474
403266
54439
252499
45529
360498
79044
84437
270394
319134
213188
395637
247628
342367
283954
62691
34545
608437
72238
8356
42394
439889
297494
4510
285199
372484
52101
310007
284325
77978
37102
44124
6
426654
1960735
40528
583284
265172
64020
1511910
77579
311320
58776
60174
202850
640825
178910
438526
87011
54545
247612
57303
415185
65975
299506
123701
274482
383246
363563
383342
61472
99938
19555
455910
58914
609110
114642
418035
322438
83022
353849
54984
478385
42356
441146
4347
247362
24124
199726
54597
266889
232448
301221
477957
420265
9787
386009
217889
349732
1056082
79854
277523
199438
65390
210285
600531
915022
8354
422347
597108
19024
40131
369518
93376
78458
107399
596027
706372
928394
145009
426744
455073
39000
18336
439868
432886
99470
325746
286696
585985
128096
121129
78453
418970
699112
39964
83360
544327
351111
166662
55790
12370
441648
301870
444539
47573
57471
411396
58562
525735
52195
63826
18634
53519
55356
42962
103325
442522
508194
118908
438225
71428
675517
38254
12469
79591
401353
319199
53224
304265
61180
48248
371504
53610
309125
480862
410450
107065
365787
570415
527481
807479
87363
724752
589997
132762
293626
62682
217631
107517
52692
1052125
218675
800726
404683
308270
2780834
547970
204464
52275
732344
380720
56264
60990
573732
411483
73412
496505
38816
7626
2681
276919
230
366175
636682
308669
299870
77990
261212
744089
150488
620938
149647
423745
53460
413246
120039
56873
525788
7578
331513
529781
272389
287511
52157
655359
298941
66250
8871
62167
575727
98993
1050586
25690
19940
52160
20984
97807
83355
596732
59563
595462
73176
489195
206251
185507
322453
215856
416624
273384
209557
810658
2508772
280744
60022
336312
105936
33954
70043
339219
381600
348873
54512
397564
596603
503549
50112
362168
22158
85744
276081
333183
282981
1323430
551204
20449
31387
520370
888596
6165
393759
19031
304807
979744
204736
210955
1511
688989
80230
201898
626330
547292
322607
84330
518828
11855
62236
445032
23315
292362
29873
381070
471920
4320
449883
407082
82832
631571
625280
317257
1414236
361010
559509
213000
1168103
332805
119576
25603
152774
19403
280211
53220
17502
349755
624610
53355
610512
33619
533106
214224
343722
599966
1095368
707182
416387
382739
66717
65759
38797
310174
88564
1334143
365576
57572
212396
584518
227902
201544
529401
555923
149034
91842
63201
965348
11519
207965
33622
110151
339880
102456
1038922
344293
299507
1674509
455697
59656
327162
292731
1057021
70912
69344
57355
505862
557681
49131
56389
151577
204904
54334
888808
528625
410672
63609
705019
261280
1186195
676979
682418
91393
977739
95230
537292
75553
310480
536321
4747
957894
213694
80906
246714
274988
436694
317625
296251
1342068
54525
7495
1155625
47614
419122
52309
401954
390918
2890225
55543
24949
929871
695959
3676
382922
82746
1296538
112883
206173
201859
21644
435999
30487
613605
2932
642514
58329
55514
468915
23091
214027
355065
47050
613602
1639562
67585
278263
347629
74174
320284
1811289
445347
315759
153
54479
491845
1091954
303954
61552
396145
69949
84566
216164
54647
602912
8893
58045
364842
595099
17834
59985
38806
57539
367667
58372
447315
210864
58711
80719
54961
55750
154765
198627
72951
19029
251535
427198
55595
281809
216726
329032
562919
110717
84354
650443
9924
850574
86226
91900
449913
55185
438539
275696
292340
425874
30138
113591
1052444
198884
49758
57230
379691
289359
61632
203086
520345
28129
79510
53370
203803
40984
319861
1047689
665241
59242
47849
75725
1181814
887241
1077027
908003
15618
337342
298625
62816
10924
90503
414570
3509917
6055
890849
558856
77959
886042
889832
707137
1153575
396133
870
479746
77193
344388
205270
569262
266963
316244
215627
43319
299670
429378
33741
210617
52229
40500
423664
91007
73589
287558
6468
78137
291328
275205
72101
67651
261104
53298
20861
279782
20181
89680
276614
272551
135110
280103
30408
27431
81262
70494
20422
1081218
308683
875341
196800
412486
455271
22035
69578
23237
618739
94284
546004
55522
38761
321249
232398
52465
282671
249381
12831
1959
88551
52452
298147
372585
573761
99503
1054146
204949
319725
276282
326281
1602938
148693
431199
407894
919137
91207
793084
34655
63348
352462
37916
592117
741805
269971
59614
413990
451049
54022
60841
102427
103806
1208145
284316
447173
653166
700210
203099
93627
700175
518871
27233
373223
941256
346354
342356
212864
91908
242215
63274
444283
393653
1077739
7680
716578
10576
43322
6064
614491
333613
415789
641727
81404
27373
284960
802792
606408
3295
207281
29242
61170
25840
72935
339509
1890958
523635
270999
31053
42138
390941
87296
107644
390841
1045902
68620
475339
20833
654787
9707
211485
570714
59791
131195
346119
294206
380035
48848
353861
540692
446681
312104
244880
214881
293419
9379
316059
38464
441629
974496
449669
4635
73966
462296
600049
54638
31195
69376
39972
305213
35860
845235
202144
53231
281787
793486
315444
537644
290033
530544
269172
165288
276914
102955
30152
54497
601442
90024
60424
15556
124232
213749
2144
449743
325783
17824
194008
380526
73956
62779
56589
33691
868033
100313
35871
146529
316816
159714
371873
62887
214198
692477
42898
38945
396131
655163
25489
302023
50545
867299
943232
2058709
841428
201788
967153
856110
56328
557743
496765
57225
290482
111917
736395
52164
82917
10975
494051
102795
314517
1201478
480804
288510
540737
39713
381844
646836
1715538
35316
2203105
20064
398672
863076
57862
11825
38811
55424
377528
276639
78316
209918
637182
200349
416608
708192
46207
381133
291465
584918
799486
511211
417829
29234
29419
423045
345310
145407
308399
57351
75079
273416
74241
200215
1577044
912032
16410
14878
409090
293404
644622
302636
287769
217885
584947
463971
6410
10583
678902
60048
65554
30327
486158
82741
662736
55289
213748
5036
53962
69309
16995
208543
58807
296470
396195
334422
430764
103101
46306
325735
24037
29560
215103
65185
63053
157913
481838
551525
447736
533764
213400
65116
84535
51805
134370
69599
524063
664738
34570
208821
7131
72502
139477
1320079
67478
543848
314550
470137
76722
762767
676901
1109350
16677
548497
6415
23987
427640
702487
54027
255057
577153
624109
377850
91984
155428
684496
39675
61439
328773
85935
875783
454817
77235
383357
865509
552386
72868
117241
562987
25862
565164
949277
74013
57241
54327
672035
403146
108236
84527
117353
29078
292022
277091
432278
80027
59358
761
290376
284980
318075
13137
348468
268639
102549
386689
172282
89891
254541
76223
486281
339826
496449
562737
385147
335146
50885
18367
116106
108271
79911
102247
802707
419746
397450
360137
4128
340591
97793
837506
292019
57864
70785
65703
23265
69132
514110
403609
1055771
1379477
135044
95010
511701
381804
46193
80065
39272
384713
22580
18245
77515
502259
210951
93231
69982
91309
842607
448880
17785
450876
964812
307504
587390
381566
2199731
378949
13670
299055
1288
505322
316043
53035
486057
53490
272125
380855
395139
268137
116167
76709
281032
52472
55559
274273
357878
231039
214361
1637225
38566
287100
286301
132943
390853
457534
29870
1003275
319836
414811
913788
117511
353743
428644
72876
454683
7123
311223
57518
282455
67463
53714
1384484
781597
391248
431995
307195
59468
502906
423785
91392
354436
699820
344027
62882
336268
863547
1057157
77459
382391
200628
69022
1160309
2580252
62758
50492
58316
306327
335077
526526
780633
72754
43318
279898
407885
279826
394149
287912
31536
16
417397
101488
204534
950214
212231
52730
281953
1901090
4342
105790
1083822
616027
39764
206743
294635
267717
60982
668396
73883
68413
54489
67267
562148
93946
107619
916785
52086
78030
383074
523035
66028
28632
107657
384214
1044673
347771
89030
1798589
94270
30874
1754834
1658101
200613
355250
53770
34014
704055
385443
74183
410406
15939
182368
276295
98228
18955
974403
519963
52242
700170
76753
668468
56797
892511
38467
1336650
23703
471061
437268
297619
62858
67511
268612
6185
936479
246503
385558
427199
589772
70406
67481
114979
273335
73915
1276007
608814
354834
245874
2544
58104
345132
408749
607070
472162
455095
68850
95024
59499
846625
370209
420369
56152
127353
296865
666630
197995
891456
388368
578578
353386
452699
23515
50982
13704
24237
269644
99954
1323736
291808
503410
327330
70614
393103
298157
60824
56027
1294134
211431
73183
38036
115043
487959
55689
33594
87504
419583
540438
73454
215939
86149
847351
71720
296692
81683
9906
212758
91155
268082
34725
512263
210449
116159
441816
417401
1114368
344090
81915
207473
21017
84382
56155
407690
62437
386436
49302
381035
849787
318564
53153
466858
1062054
50125
334196
57257
92647
84006
57166
6436
364743
595107
68007
441760
57978
65669
54367
249070
73621
45403
18800
667657
2377
351860
92794
584120
54483
45004
75492
41046
722444
349268
56312
81159
90520
327987
55208
82920
52388
211452
353323
213993
335265
269405
431300
380915
302325
706110
73391
392762
89511
34013
65504
270028
197627
944392
48482
249095
406484
407039
837991
786095
850429
100850
60578
137108
527170
373296
797375
54055
962524
1436075
66048
463588
397561
199241
1990
21824
200341
653760
211488
94081
2813
4349
298252
3450
38325
347637
628686
207409
3672
314172
53211
381715
6446
38969
133282
481024
940605
286727
890227
39127
226075
381480
301875
405555
398701
783377
1338
52153
76420
411016
283222
57124
337527
314098
269713
456468
395021
502096
41787
335947
371679
325162
87071
343720
67980
204491
827707
900232
63060
738461
381550
38850
365923
512443
33607
361179
156921
149642
388384
368867
179093
94088
586884
84858
61182
53227
498534
1063236
643689
995659
545597
1300
77288
49475
871799
60014
404370
79438
449880
534105
351273
63016
38798
277251
864786
376529
1945
620661
605687
65522
59992
273210
347955
54221
308341
610449
524073
361432
184914
445275
73517
52755
273371
332215
95893
366877
344301
509769
105392
24003
716073
83924
1053045
109272
465334
1365579
21401
65218
559869
320527
9806
560842
7832
404925
230944
69439
594379
444341
740577
311440
60573
55453
177659
69532
62131
549573
643809
65589
1228902
50159
53547
441213
52357
529755
214239
52326
100855
821297
59280
442359
4410
68609
206240
1043920
45696
215257
24824
247363
34440
42725
52427
665323
383375
29982
41555
281152
361089
642473
56869
680667
58435
16044
568082
15508
3761632
957407
58673
317624
53341
101644
1193933
95017
427218
2043
73551
213773
103662
291915
377513
123339
81878
85166
82729
315412
324236
715339
577163
6868
947770
351
590000
204100
315868
69618
464754
97599
455272
599057
74714
73799
301268
380626
66007
38038
333614
93480
373850
605632
74909
320867
207991
17278
38825
71449
360696
78477
74386
20382
80576
379880
43908
378073
116139
210673
381066
380147
25591
383854
226439
114994
265595
58381
52058
452309
205197
142417
886178
535975
349465
506039
3905
380445
53319
515256
783239
293544
34302
58033
56176
386683
836656
377591
71435
53270
980660
280250
207067
382448
409756
279739
147185
74787
441375
56329
275130
423268
39659
96673
302131
292204
532714
78076
14430
12945
299785
112119
608067
604326
127349
272136
735533
781102
52261
72275
56714
542607
38978
976989
12180
779783
96692
69997
403807
55535
534740
1189129
284322
763032
6514
106992
392070
22193
354404
478711
2400
1458534
72398
144807
21413
452361
650452
113986
284809
22797
510735
591197
435889
50551
455419
551127
175501
30063
74222
496923
610450
40987
186238
334236
84238
434518
489522
393642
299877
931259
211699
296247
13232
410074
80937
52974
351969
35272
625826
96055
696201
329046
52057
35532
388651
23241
27113
54349
503787
67902
274671
590388
286966
297800
407720
66155
107620
57999
525669
513813
107764
326000
303370
719130
396340
173441
585788
471717
3490
612390
438345
54256
53266
60391
44132
55783
269657
1036524
266914
484062
38789
55434
66523
412727
327725
68347
674960
594847
410321
442443
338819
408829
521566
1030477
327058
61475
352919
101357
501897
232453
57210
34096
668512
537836
618790
200559
10584
13889
17776
661677
366374
560310
155194
71127
20640
416437
217528
533437
52373
594929
1148652
436557
290087
301374
361508
203703
315261
80670
131467
53356
863743
605959
294632
53747
249342
558939
126
271850
60000
6691
11557
405723
284777
369605
435476
117748
687460
270661
3268914
48014
19290
729895
497923
305336
215875
380560
512441
346430
244871
473452
99619
564647
97856
452749
61223
314480
310172
301282
469432
53368
463646
971501
247485
6510
76167
2111858
129376
1588258
38905
88207
64579
60776
1467592
219
12863
214257
69368
794140
1335215
339839
355454
37223
109318
67949
218024
266718
56066
537473
41394
406949
849531
135660
13029
7580
287384
590290
24299
335883
547484
91351
89485
454933
196732
127164
73941
338955
353868
43745
621123
1239103
429092
3920
56105
206740
591775
34422
417299
80715
203000
33688
9851
344348
512439
1967
74273
352090
442491
417167
589660
305822
484238
55641
590047
430952
586710
983555
14385
300873
60560
118174
660857
58106
9832
568689
91312
174576
288448
20806
660952
298360
66482
325148
552836
47065
549165
1162167
47113
763205
601949
57455
320813
91978
593562
407694
72671
72169
632462
743635
345135
361127
274146
2017
16519
393761
104226
52083
59399
57084
48648
61440
548341
302054
282385
472587
165756
318614
82098
394088
335192
448810
375100
651685
857978
57335
64797
437943
454337
1997850
82504
268403
205831
58015
177595
33765
95541
137421
382955
6205
571230
117342
416910
7592
55534
393926
304879
411595
501989
286830
341622
88006
338191
214588
58825
228482
1565
35305
371753
380841
104794
53022
383328
186212
72999
317121
544151
11391
381484
314703
39767
1340662
4805
91094
381744
210508
454667
392974
862290
52214
79588
50586
648701
72021
475945
208249
74017
74257
3987076
260959
6787
53223
663815
587178
116632
54215
324389
541500
982415
553420
393899
208250
116275
58018
402582
287072
468950
53078
604725
635518
91765
2132
58669
26064
6041
73975
58836
291974
70418
56434
583794
572044
290465
432352
1167379
841901
1744601
320709
70183
81068
47356
87482
318043
55187
683638
422936
552882
22254
578552
442592
61057
66530
77461
118225
52177
91358
301223
667653
621991
621308
81077
565205
53501
58883
463726
1152209
736390
335992
59508
4538
73872
292994
273341
114878
269565
67642
35364
299331
539303
327156
3804
271675
292360
287867
527733
347469
13563
298519
11941
213754
655706
7621
962748
60444
800126
576475
77379
6783
395201
84688
370251
87721
376422
261745
63541
57002
60678
60769
410510
85841
319697
271674
59479
570428
58760
63452
637696
354990
50614
208927
554821
71786
599165
77355
93765
920799
38579
1154762
52300
393937
278039
6145
270709
1412765
350922
491447
452771
21966
386752
353438
133739
1164969
573517
655253
121044
216419
210099
115899
90292
383345
127630
56030
455325
67907
54637
241840
84015
309621
276618
49958
50673
858914
147783
906124
393509
67746
73913
1287443
884257
81910
297896
680927
213760
519215
76190
207977
382215
482897
68601
77221
38834
340189
12616
20958
635885
411033
380729
15960
52280
315797
337538
101905
85027
331602
388201
1109214
1005639
442484
23234
70360
282407
55258
500221
21822
130922
378708
57856
73392
463772
2883
53425
269411
639070
205527
51988
868853
558659
1017778
275122
56996
165746
418245
397527
799280
1548656
431263
208336
1081266
11509
690817
115175
23269
61177
214631
2382129
52264
15584
616730
971790
53225
673
405325
500685
31391
56351
673341
106761
21499
214280
458367
191501
347905
266908
8113
520657
60779
1087512
296527
41521
483358
1042856
64604
524771
54282
1401382
3674
47357
107569
126747
135335
415734
651220
1187804
284233
213588
278082
288638
4537
60066
438783
544088
66084
371601
352465
52732
81770
302108
55198
392599
341516
457830
268384
205859
327102
994956
611368
3571108
523925
593023
61127
314351
204981
810516
638204
39273
413037
447805
503066
342254
13295
186201
380275
114832
323015
300627
287313
70185
66233
7639
958273
687216
282879
393015
474926
66463
405268
205822
42601
386378
504860
145
541498
90182
309241
105974
410212
884821
60138
473125
269677
509775
73712
381479
261007
451052
181181
400366
392434
1237572
138465
681046
87134
58767
258394
229718
39023
1047006
244893
946947
63186
311428
511147
90441
604322
97739
71673
683783
585322
311448
463634
274204
302579
745514
48707
282379
75801
358133
323953
605010
322832
143978
480900
607553
327496
319723
149296
346132
533151
212920
281656
107627
33804
431729
153271
32851
375144
52402
20138
121982
282808
114915
343499
420632
858802
56667
476778
349744
296513
299539
582800
55196
213497
26565
113612
56011
101403
286365
543331
248739
80759
151630
606122
806688
888884
278111
717251
364458
6673
56341
21752
1241176
419039
444342
261533
6405
288593
212297
214177
542746
518645
59672
97306
105261
283867
445377
624613
293394
1200095
121392
614076
401920
334922
56315
54815
1008459
104498
54469
42347
16763
206823
955564
214188
606208
314798
673723
304908
44427
100960
760571
56255
493472
23137
694080
344268
488498
703009
207694
100120
632051
1111433
52492
348405
74375
7413
496221
604888
310056
27952
55307
248854
6993
12680
39941
353135
248798
380447
58157
472617
403373
267924
212638
101450
565211
38029
316649
543939
9339
468661
92213
1004059
379693
475054
312021
36754
57509
99743
69317
76035
440940
9536
25044
92925
1035640
15520
20188
687584
67653
306234
55853
61191
56129
163518
734951
405527
514579
300329
275495
71238
527314
407055
6843
7657
53360
94916
33782
380928
412054
165734
552924
336588
411165
90485
81881
88495
10715
216183
609018
355586
45241
298967
57840
52729
18982
800024
841763
2223
1188112
463924
60551
125039
84448
201903
6749
269637
23903
99426
590768
353619
53044
72859
620039
60775
504628
20791
481557
274370
33941
126503
54548
1229875
289413
503365
296542
356950
85917
357575
38259
56299
387598
505615
478297
327483
88351
336670
665236
298549
466461
54296
218719
54042
641434
40565
849292
34309
74891
119231
421740
85161
71494
95706
440121
201896
318050
181184
113548
270038
554314
441875
261625
423693
52339
393734
803113
85160
30302
10992
382005
915076
38904
357706
338224
56350
266978
423052
145992
27241
197619
23281
420056
286080
444762
351086
290251
4123
11885
214048
1115217
593681
381430
744619
291495
74268
15401
78916
1261637
34144
341962
536988
817066
52348
7754
526446
279672
296869
50777
532910
673968
274831
105751
440087
880572
1358181
87406
571836
402554
954285
347796
12737
2140
107356
28079
265259
522835
402535
381703
156724
47433
65836
307250
45834
526316
614094
104901
4024
870024
61285
54992
209299
50984
119286
393312
535500
92657
8009
84439
205848
35314
414563
1639313
50501
83041
546160
761300
74184
280118
291194
48708
267060
1075233
3779090
83336
1545313
60793
1172747
266937
1056944
155429
212873
387241
140160
393745
60236
444786
17803
601631
251086
55045
277728
270323
385986
364320
41550
1026427
329091
54470
238401
408652
198302
330862
275666
435186
335824
472006
214062
383582
9544
64588
351434
281978
57239
453938
15106
400800
53264
38601
420896
291057
736387
1042702
741432
267856
215790
994329
440551
38830
42087
24147
116086
268744
210427
534996
206401
715802
400286
340287
9779
212580
289442
468760
4203
886431
216474
605628
443012
56696
270369
655352
586152
205355
286016
952232
24412
75789
212589
368961
504992
52166
373662
43359
659787
151626
52082
267505
584298
385334
478560
201304
272441
40495
490046
274297
203035
448812
252269
31247
90436
27226
55234
540920
598831
463288
7931
77594
123971
33670
35551
216140
82977
57748
208274
22713
532403
772041
79900
305142
1140878
574124
95078
515408
593359
459502
530898
345426
119040
144990
53251
314402
302396
405011
120570
310763
499737
5271
127225
835319
615000
804616
1195135
55455
505626
28585
344973
435341
10137
402674
7642
39015
55431
438834
782569
299955
381267
34428
268022
89471
400711
637836
104297
849913
21387
534322
212484
298977
665335
215034
73398
594468
210286
479191
180344
115036
297286
361915
23716
1763157
428932
269670
1943865
641314
750369
563908
654969
476638
46427
872453
20871
609875
705111
39632
964537
50932
84376
467144
97964
114550
411407
302125
9242
119618
407610
296875
54467
944320
250328
211087
377837
61255
721684
270302
42109
67565
812483
450848
361024
38017
520574
48785
1032081
56208
412757
82363
441365
1080394
339235
743914
52268
208209
308372
81443
294268
61187
839193
506805
285399
57178
59093
401501
408108
521280
598728
471884
71820
513815
4955
294484
635513
388350
393635
258046
292566
102648
217709
598826
34193
385959
542690
302118
2610
525766
441811
391416
439102
304399
590925
230877
920583
413175
637134
34145
107511
497278
59666
280765
291202
41922
245764
17906
107738
301300
54567
63633
244812
273179
22685
380191
924026
590396
79878
33696
1732319
59435
272178
53026
308295
64287
54471
78194
106765
280212
605304
587917
22770
418971
99905
22591
834692
25995
65527
810962
83674
79727
76365
340217
15527
449894
269129
658432
67636
1111203
57739
332710
80728
365466
441922
915648
350924
606424
604679
967786
200245
439840
55757
38961
857570
268028
93176
339888
808044
336586
43048
61106
86683
19349
151701
213464
283584
211463
201876
861661
59550
338918
94048
427204
854712
13560
1214873
56353
207468
901342
337624
91388
11083
304979
441636
109918
53402
72921
59671
74862
53791
39520
273568
415797
212392
963412
297758
77896
54656
214407
85171
381968
625234
1069005
445265
1576310
296534
292196
318276
440318
363034
17601
28755
65181
847087
574884
443722
296900
538322
108490
111874
68919
698883
62886
23705
217915
337808
544329
131391
184896
54678
31417
449872
65897
57164
615333
58613
439843
114636
529433
90998
271659
92425
434371
83576
443392
297389
56455
654284
1400113
23636
93769
307101
94279
17464
411445
273427
393773
442756
544354
24999
11527
54633
55379
319
393710
306771
62998
205738
21043
87736
304095
314337
226435
52962
57475
284832
6703
215376
382938
43334
717828
56453
197845
1243295
267389
376732
214645
435053
266894
124817
26622
76657
63306
270031
604050
57538
61004
47828
48057
983106
355318
1254881
967465
54101
216427
21641
782624
1080131
72684
12168
57751
333775
117481
47378
52450
178904
54451
102905
575528
1077994
273191
115855
287785
73592
369664
333203
267635
60376
303159
362841
6767
80396
68337
298153
201323
65120
443008
74085
668393
23021
116569
266531
57817
436727
94283
25744
792418
38596
408113
845903
24982
83267
216803
316924
208911
106546
54594
536256
381778
78940
102903
60565
8669
201810
184127
284990
117523
304365
344274
1284778
387767
472732
74566
120782
267090
1261856
9962
547366
77347
28081
378763
67909
356245
624823
214211
18918
114879
420813
208609
423262
53809
43307
447271
278092
294701
882416
27124
368008
618925
52407
87067
38382
674305
506329
526024
342075
65075
403317
381454
97277
268603
288198
1663778
450168
269407
3398
85631
53794
35942
519084
323392
299372
263802
1089532
718912
197861
491549
477623
244353
91971
482960
203668
64964
102462
807080
275790
562269
497524
396270
392594
406429
3767119
506800
19140
60196
358815
80697
1338357
60987
658591
627388
942087
261155
383463
300823
438648
299207
74873
83571
80756
269643
442316
210416
290792
530421
118686
401705
59330
21810
720482
547953
370667
1018012
898788
668339
575505
61651
660735
654812
477888
642306
435918
204968
99184
209818
448609
425239
393771
78972
94907
1162276
295205
309122
10644
121565
602700
114808
55819
41570
380914
442903
667441
49641
207608
169219
126661
270638
15642
53851
52030
85758
381446
530074
44041
492371
296497
208361
543849
96998
396228
12022
53280
7699
53007
50949
289707
116244
437359
239239
62820
2605452
412384
381790
205083
989556
35449
440602
52204
1639253
486060
88087
1227644
300463
100858
215662
3063
112933
884762
532081
505194
72288
1710862
339220
70587
53748
384827
3853305
74877
324762
147207
200422
290905
59368
206908
277975
68539
321651
2438
12660
77563
663495
369660
314047
368320
266564
18852
437986
547989
409368
520185
1674461
84156
545109
30677
362597
268444
107564
1077219
1017370
67191
354719
81707
614855
329743
9932
889530
66714
216231
90196
789798
1056347
589850
697336
489194
30136
7643
709175
43516
78454
416616
59285
50137
6286
91769
90472
3073
310164
207242
261153
669683
1291578
510739
873879
346165
79844
244855
59283
885631
481411
53826
70428
1056653
66508
18826
689090
268351
59467
23713
71164
447646
616570
89695
487732
498139
436523
200558
53024
541571
19937
74689
247639
52436
362288
10700
605326
351363
313549
47470
50326
78032
780902
46187
277495
2485
113594
42881
46763
362037
55599
501440
291488
1406116
270904
41579
452657
786249
393779
785160
85718
414527
54230
53017
372483
846954
126426
563748
443052
215028
272031
358057
1177639
341673
348025
125165
278950
64647
114649
501544
884502
342881
297682
304453
94654
350243
441412
40648
442953
337837
544147
44157
216166
89874
20073
293022
596252
359395
20938
963678
99420
273345
77452
294123
37086
174095
370308
75121
36934
409196
448033
275155
59338
339909
589990
24080
400362
107639
84266
4119
413581
353447
40440
1798228
88880
115856
107698
509046
864070
406655
93823
212388
18388
2315093
52386
47109
362085
626381
271022
1184
268599
47138
16762
54520
280525
1230243
709581
7659
93958
197596
15524
1152698
7593
468176
54036
561946
261209
80161
57242
354545
54076
458235
69975
6729
63682
480286
2444
33981
821500
83204
17285
248866
785182
230920
59412
215867
71459
515070
512610
289415
361313
61678
99677
210484
16502
20211
67611
43305
95924
72962
414341
38976
211423
247403
1288890
1209537
1559289
109469
67701
304351
58348
198628
3473900
319020
70669
100641
490689
267401
56197
786790
60115
200456
80364
365467
1084469
217147
677039
486435
305422
208894
373510
872114
842049
584166
101729
71719
25203
614871
71647
213724
306322
57237
53293
503437
422837
79260
378622
606762
86122
63025
52829
292195
442709
543356
78099
368544
269527
57729
13233
486030
477452
460577
1073102
72665
16862
76309
495090
205835
356651
559884
87746
476750
444431
596380
402183
462703
685308
381079
57452
64034
63630
586503
383811
439749
299826
390846
480078
202032
803089
232451
593878
85031
114982
290744
212298
279111
22831
1217673
45751
263256
296868
271359
90841
383928
91012
8355
307784
11864
1274839
584140
350959
74348
310266
779239
24959
488712
1173388
273607
84172
19012
61049
341241
272898
53582
137105
380313
408810
52389
1145093
208351
56203
1503861
43787
316132
1064238
723990
115254
355842
274668
35474
532989
70736
351408
573218
101604
67583
5952
380776
53028
453322
799066
273966
232417
481332
68133
116015
36381
318930
98110
