562
346115
2972404
2357022
5083255
2414071
16034
2503584
3845988
1192527
12506949
7257296
208968
12462519
4815490
13265474
649150
14981
5920164
225660
174987
1766995
40790
150960
6890579
3700
1007621
904502
4044741
772388
403597
1213446
8823831
3013423
10449274
798057
5888293
16654879
2596395
19277008
5205481
835543
5662907
2940421
1097321
1135393
3689567
6858587
3353728
3027925
13222709
779178
531325
43196
16834234
4867980
60712
5188137
6526691
1909733
1698551
40120697
2612909
91836
4353751
6794309
18779716
1877147
914666
8894015
9208197
568285
31164
6682483
21062677
10914837
453564
3713008
67355
2032323
25412
11953343
12985444
1732
77577
3962804
5223690
2711516
4870943
3688957
1031401
4855066
864253
5261664
4476618
1018982
67953
2583596
3462535
19561328
2366713
4842291
40175
172941
42463
10267961
965666
13664848
12309417
12461863
22157746
4597021
11470211
15468906
4600285
4972897
6837396
146809
7609621
299
4081105
3696454
8071144
10076664
29226720
4444703
6266165
11979194
94531
2424065
3732378
10531310
3148941
1955230
2469422
20818
12245921
7658139
4411416
140199
466378
1712811
4262
1141506
1037503
17397309
4931179
6635639
2144501
1349932
12596354
11610631
12481276
7590350
833364
3991761
2797100
4298170
5122012
2875528
34593
8843078
426845
3366845
69220
8614736
81887
5682326
9723175
1194288
18100405
1865584
4614996
20813957
413838
9606972
3680372
1327939
4006848
1318962
1449542
5824533
388303
656198
312684
430050
776544
4983671
146854
10672725
13296076
5747486
329754
5727122
3949570
6917667
3074909
22085541
3068509
25587802
9279019
3614597
10428590
3405398
2149861
25765
2259846
9071090
11325545
482833
2143925
3817489
21682
19571
1796582
36110
2089025
8192873
4474204
3244123
337774
321597
28321
1423600
12984220
4282198
3794
630365
2830596
2000208
11043906
774113
740461
895989
1956064
798556
3268967
8495261
2024443
7182651
390851
985364
12378313
4748122
1122835
2886542
41599
6180679
23976122
1392493
7204685
345442
1938686
2586387
1605290
10070539
1722503
168811
1490456
2443606
1491003
13328522
11219068
4942718
3283795
56556
332946
31853827
3760248
14143836
4828659
2965344
6865827
2982412
284716
4260618
11365754
16208498
5892264
4229950
5676784
21711255
3344094
5885787
4444667
6271199
314745
1309784
3938345
5759085
7989105
3669597
3947763
6777409
1697648
5163599
3949887
837991
1692057
11676399
4804029
574255
2260091
3181325
1302958
334405
119352
93924
4436228
6760711
2262043
4183665
895078
12929257
560829
23511230
886544
6882693
12232466
2217247
5015896
5223797
10136505
5838512
148567
2126550
39526
1119268
20220686
87357
3873780
4187513
8747
1174182
6286120
1849080
6219991
28282596
14567016
8332565
48226
226859
5979348
2750309
1864312
4320315
7664670
4145009
4477562
1067172
6690025
17412369
6585024
35105898
5501365
5935362
9647919
2498339
4082196
1898514
24770777
11210604
8758745
5187329
5628754
2660
1404534
0
2064621
1320767
21877989
17735964
4522027
5190999
150740
694284
122307
5067612
4325505
911416
7695453
1141159
524159
194215
1128434
10094129
7957925
102373
145986
1056825
2187071
3869107
2499792
8288756
24546229
11133385
254418
15593131
1754832
6054593
5338450
908955
5577016
4290441
8023864
154344
2556834
10820015
3865182
716564
135649
8273
2532057
7503205
24424067
3361621
14107065
14142324
23871288
7902836
271354
1164849
19021254
13226995
3451465
3640669
1911538
418383
1533235
5555170
3072423
3775396
298759
800601
2254110
12813499
5186479
5614317
22420487
1275030
3929695
3752561
1561607
2341353
2529973
5380064
3925001
3948253
1261438
4955455
683317
5325781
3829450
6472784
1399952
21250724
222199
4894694
1059469
2011062
4100982
155178
1395628
17243729
11503576
459021
9220544
2434459
5593845
2706832
4612665
556335
4462150
5464116
13652406
334363
5881108
21151522
4805153
4069634
8680334
8566775
213790
864602
3454647
4406103
1843279
5694561
2997334
33267334
11667553
524789
12207823
9753157
1125942
63459
169111
9697537
14028931
16120789
1445642
4583410
1219403
2473898
16496316
1770773
87464
33170471
4312590
1152735
20345233
10170362
289821
31939
3689334
807671
12661302
6032476
705696
1099356
1324578
714921
31500897
3875380
16669363
5651567
5083158
5151008
800315
956173
677143
541589
5293328
532071
10034976
17973498
4058231
7643444
1683546
10748073
3021307
2886287
1058491
812083
8030187
16536024
16074
3993287
5970316
9183728
975671
981945
5101919
2221028
14174901
4339178
75574
1565798
6338728
5854668
1837967
7184594
4657707
7007002
3838093
54133
7896011
471870
5456231
2739677
31939573
42568
4082907
892034
34503
15394187
676114
6789085
298913
4480303
1073346
112544
11743697
1411555
42357
7
414428
18833451
5421656
20072526
593595
12803471
17485357
142676
2470896
775640
18804146
285748
2621311
461015
43388
288074
23539754
9534814
8866392
1181107
5299544
4174471
2880025
2148325
423501
1874354
466504
5581130
4511628
4855254
3202475
3475758
1832010
9075737
88516
25839063
2014292
15416676
637690
5491239
5590507
1134415
53645
2059309
11476648
2729452
24853862
7100430
6914573
7538041
1629767
12457493
11201340
29186
2909310
3386497
2599578
25391
631363
3216086
12445576
580566
445831
2314261
5720985
2144073
18988802
6056849
2120717
381744
16461
6467200
8163500
916043
14073502
15233331
10445606
273177
1875356
14570767
3774252
5083407
25759380
542396
4476253
789068
17625195
5887366
8171409
2685713
1618359
2408749
6913844
10338814
1935160
3626390
637773
6637125
13302307
5164879
4368171
6527203
4287299
5889296
5659678
8101322
17238587
10550449
2886414
25546281
2419606
4203544
6712070
1727238
5066900
11164933
2471515
2751082
6971018
2994525
4439689
85404
6508179
569
2804102
947090
2329451
6861211
1847476
4393
2694625
19355808
6384449
17132679
11379731
2685292
13757631
3949197
317457
1193325
18338
736167
2794824
2607343
3592715
29147
7347750
3841450
4616503
1504822
12891349
871436
5152306
811778
6747936
6920422
9024507
847803
2902101
9087466
6989103
4973649
5527638
7970688
3185392
9634079
489232
2910358
1610277
2478864
12457189
5710844
1240015
754
3469290
9502629
8760897
4050769
4263682
14353455
200894
743782
296872
9015605
9168013
7600614
3639607
5006609
1946704
9460788
3119643
450975
5347996
721860
12272965
27244969
206099
2866562
1737133
1294123
6844427
20381208
1531376
891376
5032376
936444
4998216
2461396
468605
6516522
8443829
14316247
6288913
7072388
