14981
2583596
4597021
34593
2149861
2830596
41599
4870943
3353728
2414071
5164879
11667553
10076664
4998216
1837967
1875356
4444667
798057
3185392
3949570
3947763
5824533
40175
5299544
91836
4815490
7007002
2886414
172941
6527203
3845988
6219991
965666
298759
5261664
7
4867980
10267961
4748122
213790
5759085
7664670
911416
3072423
1135393
3013423
208968
3216086
142676
206099
14142324
4100982
1605290
6917667
48226
3713008
11470211
1504822
19571
2469422
5066900
7695453
14570767
1260893
25391
2366713
53645
140199
168811
194215
1
334405
0
1128434
4082907
5187329
1309784
337774
5887366
7072388
42463
146809
271354
12596354
811778
2561450
5151008
1489956
4393
7503205
60712
1181107
226859
3148941
154344
6837396
8843078
3954703
4894694
7970688
11979194
2875528
77577
145986
1302958
4384780
630365
1376047
601724
334363
296872
807765
677143
11676399
299
6271199
17700959
128
11201340
4081105
5662907
1445642
6858255
9279019
3777714
119352
12245921
81887
1683546
4876513
5421656
1561607
16120789
5985453
8897863
581614
6682483
5083255
4572964
9208197
2190708
1141506
5012036
3700
2972404
4161527
5577016
403597
14295391
7590350
5651567
453564
1865584
6338728
3575683
174987
2532057
8760897
3658153
4368171
14143836
4290441
11379731
9070545
2499792
2032323
2886542
12207823
2011062
1629767
5190999
5347996
2507238
1992054
6637125
5935362
4476618
2217247
14107065
3908336
1935160
8288756
779178
19582700
3929695
4406103
3793993
593595
6467200
19277008
5223690
34009
10715087
562
25592491
2880025
4748924
14567016
482833
1141558
5004428
1018982
8713705
16496316
8554266
5338450
5979348
1098667
4888050
4480303
9765191
3077038
916043
1676052
8900246
1449542
11610631
91856
7690560
222199
20813957
3817489
4512826
1318962
3853547
4462150
490252
8307145
284716
288074
5909486
11178855
4985051
11164933
9359415
2902101
10326307
8435364
17625195
1563748
16993107
54773
13222709
2120717
9662428
19082
11215519
5764670
12272965
18318459
13619896
321597
1697648
27932498
130490
6755932
13148080
7591456
8305997
7794025
5154906
17146421
11514135
4983671
13058730
4791011
4648907
2424065
29186
284525
7914136
289821
16063
5459505
12246614
22209873
12985444
58188
2052006
3018551
173384
19603115
147785
7233602
5555170
2890583
4229950
1140605
2594110
15692598
10974008
8332565
5325781
207258
16654879
815202
875285
112765
63329
94531
1218057
4579158
1411223
3348709
7687786
9371994
4803384
4564243
21213840
7979050
65657
5022049
3244123
8498911
9697537
13011480
6635639
5214603
15416676
1897088
2307010
6858529
3030999
24511790
532344
4006848
4082196
5119715
28468449
8594566
865672
11476676
248971
31847917
8747
219772
1192527
638280
4118687
11748016
22457842
15933158
14530497
432988
81536
147579
84958
325693
33170471
1555
11132091
9486038
13878015
23707475
14618437
4050757
3388126
6526691
156445
544829
581692
8163500
3087043
881790
28605413
11805481
39465
6356306
1139758
6332849
8101322
19341821
456018
9051863
4425333
2392809
4663905
13939577
4050904
10208
902689
28952605
542396
5898488
5482813
13985736
1487144
9563990
3380158
14234751
27040745
5735262
102373
19019648
10890800
5482092
4298170
6371353
204298
24127059
4146380
450975
4391534
2917771
2094029
467470
444566
2700766
5313585
4998524
2795165
34013981
730391
75487
