562
2972404
5083255
2414071
3845988
1192527
208968
4815490
13265474
14981
225660
174987
3700
1007621
403597
3013423
798057
16654879
19277008
5662907
1135393
3353728
13222709
779178
4867980
60712
6526691
91836
9208197
31164
6682483
453564
3713008
2032323
25412
12985444
1732
77577
5223690
4870943
3688957
5261664
4476618
1018982
2583596
3462535
2366713
40175
172941
42463
10267961
965666
4597021
11470211
4600285
4972897
6837396
146809
299
4081105
10076664
4444703
11979194
94531
2424065
3148941
2469422
12245921
140199
4262
1141506
4931179
6635639
1349932
12596354
11610631
7590350
4298170
2875528
34593
8843078
81887
9723175
18100405
1865584
20813957
4006848
1318962
1449542
5824533
4983671
146854
10672725
5747486
5727122
3949570
6917667
25587802
9279019
2149861
9071090
482833
3817489
21682
19571
3244123
337774
321597
28321
630365
2830596
8495261
4748122
2886542
41599
1392493
345442
1605290
168811
31853827
14143836
284716
4229950
4444667
6271199
1309784
3938345
5759085
3947763
1697648
3949887
11676399
2260091
1302958
334405
119352
560829
23511230
886544
2217247
5015896
10136505
8747
6219991
14567016
8332565
48226
226859
5979348
7664670
4145009
5935362
4082196
11210604
5187329
0
5190999
911416
7695453
194215
1128434
10094129
102373
145986
3869107
2499792
8288756
24546229
254418
5338450
5577016
4290441
154344
135649
2532057
7503205
14107065
14142324
271354
13226995
418383
5555170
3072423
298759
3929695
1561607
5325781
222199
4894694
2011062
4100982
4462150
334363
4069634
213790
4406103
11667553
12207823
1125942
9697537
16120789
1445642
16496316
33170471
289821
5651567
5083158
5151008
677143
541589
10034976
1683546
10748073
16536024
6338728
1837967
7007002
7896011
4082907
4480303
7
5421656
593595
142676
288074
8866392
1181107
5299544
2880025
3202475
1832010
9075737
25839063
2014292
15416676
53645
2729452
1629767
11201340
29186
3386497
25391
3216086
12445576
18988802
2120717
6467200
8163500
916043
15233331
1875356
14570767
25759380
542396
4476253
17625195
5887366
2685713
2408749
1935160
6637125
5164879
4368171
6527203
8101322
2886414
6712070
1727238
5066900
11164933
2751082
4393
11379731
13757631
1504822
871436
5152306
811778
847803
2902101
6989103
5527638
7970688
3185392
8760897
200894
296872
450975
5347996
12272965
27244969
206099
4998216
8443829
7072388
12839921
2561450
29622820
8305997
12377770
15909
4384780
19082
2292315
65657
1260893
147785
581614
3575683
11645557
601724
6858255
4748924
2516402
3489643
4701952
1846804
1820314
3145233
91856
6755932
12069125
4258803
6484416
396145
4581996
5662119
5650077
3268671
5012036
490252
9765191
1489956
3547514
11748016
5623022
74503
5985453
1141558
5959970
3853547
9051863
4568547
128
10603750
3793993
5735262
3658153
8653054
15254085
6063314
1563748
27932498
3075660
11250956
147579
2018955
12915503
31824669
9371994
17400522
5885442
5004428
10579567
997916
5570607
10412099
1376047
28605413
10974345
11178855
4564243
4648907
6340757
833047
34009
4876513
3777714
1360123
9434866
4791011
13113543
84958
1411223
7657275
325693
2795165
4985051
7383777
16993107
3087043
2507238
12208746
4534460
10749421
5800120
1843411
1340424
10715087
12325246
10326307
1
32920594
47364
2890583
681752
26892836
3380158
30785218
2420931
4579158
5518350
807765
5484165
6403960
14226879
22209873
2965970
3533875
96622
4973336
4146380
18318459
5200574
26107898
3340646
13058730
16660
7099549
3077038
3240285
33565836
8096625
12514614
37363195
6905
2893864
5909486
7689067
17858667
1051206
248971
12415210
1849080
2907905
63329
1098667
907701
17700959
25592491
2099112
7813124
3018551
16063
2070533
4998524
24127059
33723106
13939577
284525
11263732
24075509
19582700
902689
1132479
1139150
10420731
12087005
6688492
5772750
2363033
5830084
4391534
7794025
18044454
9079596
194392
9662428
34384991
688532
75553
5373373
4832909
9070545
2019322
8435364
1009133
4751730
14295391
28952605
11215519
6858167
3522817
995746
2594110
5115210
870863
467313
6735979
6274839
5828092
8554266
11266275
376939
14304187
54773
9357280
5918529
16455
13905933
6858529
17794218
819053
7905162
2940254
268593
1340482
2172271
5241824
4572964
8406539
2867146
23707475
8713705
433260
2560571
7204395
7944133
7690560
14602461
1992054
18455
8401472
9995324
875285
6656598
69617
6866859
5199277
11132091
1784377
3489688
3954703
3683417
23938743
21173
10890800
5676094
112765
5214603
4842821
6505892
1098340
23460946
962192
10242270
7980733
5334421
72568
10616234
4355113
8706995
9486038
367398
4389737
4434488
9258764
4262513
12792906
287480
20429073
2027928
12246614
1971405
6089013
8498911
5764670
34359387
3200571
6784265
2281948
13011480
13126424
15757893
1723232
5204292
456018
28088018
4614790
356576
768013
4825576
17910588
7016725
8594566
23715
451490
2490858
532344
35624316
2026024
9461062
2190708
4461978
3834412
12794016
17146421
9359415
8265635
24192593
21175194
9640594
6986873
3361299
9812771
8900246
2868041
4663905
15620108
6394870
11537940
2886286
986311
4888050
4372766
4803384
4684278
130490
320021
9755476
2090557
17797762
11392012
312153
14211341
10080178
1941292
1140605
815202
504640
32984674
8525586
8678293
19014774
9463940
233629
8799110
3287311
5154906
1765469
2444481
2069879
10649989
23084096
467470
9217582
7233602
39643043
12059124
24360019
56918
81536
1862740
10389169
6973085
1126809
5298456
7591456
2761181
21125966
1218020
15933158
9698723
7044786
4383375
328425
7075949
2627073
3445965
3341674
460512
4660552
6426987
8307145
4551429
11476676
3908336
7246664
7239949
2237225
3201709
19603115
9834084
5009548
353230
3643000
128298
17886381
27001622
18225505
999568
5898488
36936289
253139
5843656
10391129
8683933
1555
4692729
2121115
25853049
36332
23927688
1003220
2285748
29140938
29717979
227766
13849480
20424054
7189491
6503941
450381
59406
7534363
1744873
1836746
7570110
991963
10032618
6142147
156445
14295332
28924452
1058532
18419969
10170362
671530
1713744
3972083
9105293
7981930
32224283
5282140
8366238
3489583
479842
3388126
6912417
13148080
3876326
15154496
29149965
4336668
4056297
5379978
2884781
3584800
39465
10690753
13272173
8573039
3603835
2007468
219772
5108460
5228667
5422027
12469287
986628
5459505
9684245
3865791
2159552
7914136
6189888
5348995
4727436
1123704
3705968
3629705
18137082
3185916
17586384
6332849
7602936
4512826
14621978
20767883
3344730
5670980
23966555
2043210
8897863
9483260
20014017
12838
11514135
25702131
356403
538762
43267
78636
1350096
12627022
10485151
2125284
8907538
18933671
10500616
28981374
5064850
8435066
9645610
1089767
19341821
4505670
4337324
7927145
388766
1580290
13688539
3457094
638280
218122
1378219
5778704
5119715
50572
19907661
1406869
6398030
2024234
1218057
2259846
34404452
4344552
26853806
1854661
3372204
204298
2967561
1676052
6098500
5266199
17540894
2431683
9247488
96631
5833680
2683359
9173777
1389329
29681
361607
5191646
21448575
14099375
4271269
8945322
296911
26013922
581137
57632
8989491
15943665
5357063
1100604
5875710
8562515
265941
14785312
9064866
1387208
7749254
64885
5326553
2439639
13809131
18589584
10277184
26830938
4104149
10731088
2454372
1340529
9563990
10067270
5507025
4882011
1623516
183381
3087033
9695187
1252461
161911
48928
3966278
10281868
2149830
2226070
4894168
12451848
2271074
1274362
173384
14235211
1471444
4161527
82585
2544405
8082917
1487144
5563744
6341707
3164343
2707242
4534154
11743697
4681175
7616846
3929675
8768130
13323221
608456
229274
52650
6483714
2248551
22555276
4320765
5115389
19019648
6672433
973909
2967481
10111599
7264267
2717384
20822384
15473802
11393058
1454845
236893
6129942
15005103
1638790
11805481
16480553
1896054
2917771
7295926
1226036
390498
19605313
1074821
4997155
434688
4139013
12929257
2075461
6025681
5655928
4147645
2893957
2460150
356982
28016438
7687786
9351086
11671222
174571
1454190
12925798
2700766
30727451
2879760
5914888
5534092
26572
1545354
13664848
3984146
757989
7904621
3783873
2306328
8409364
7952753
6400929
22618932
2778194
3169842
24026936
14618437
16072817
13383308
5174582
34337031
22677701
7426036
1078300
9719190
3622346
3175814
26339691
156766
18229055
15913900
2203009
616910
72206
23499778
1712693
47639
67329
177573
4050757
7051197
4602009
313892
14537603
674547
1388542
1058108
17884715
4658260
5975546
10813501
66140
7994985
22368129
5498417
1090325
5575642
2653540
2159678
4058231
5513556
1049847
14156047
7888494
2764531
85223
4671971
24227682
5416972
3913334
13192663
614782
16893
16056262
1274834
3174485
98259
9517655
1290803
1683633
16182556
16333397
22101313
4652543
2180861
10827050
2613067
240714
27466393
838836
7979050
3361223
7619118
15511154
13978333
16598418
10463575
177768
17787201
2198913
2137745
2070969
1900148
111063
7821524
15069338
24110157
59414
11382874
9104569
3944457
5527847
15692598
5242497
8734070
5267289
229271
11416515
191987
315974
6485639
61705
7737101
2659479
274103
13145969
28771240
2270549
1117458
2830601
11121762
4706782
904567
815216
650584
83142
1698216
12850208
10224260
3930409
3720014
4626737
2338906
4860833
3871544
2695627
8663684
11480186
8949586
398518
226670
2787835
4947602
29706
829149
2722345
110933
5808950
8613514
8548645
3883106
4600640
1597562
8651815
3069724
6468357
4761223
2818252
20826048
5134059
4492847
1014789
12649930
2336219
14234751
4567912
16638920
9825454
10176355
2903350
694160
5170428
7424808
807469
2393805
291379
1184888
5909650
12674723
300849
19993111
100191
6730675
1907802
6371353
25027196
672697
6461714
19292605
3702421
246152
1853515
2453004
500150
4149819
449048
19688490
4270828
5721425
458588
12680417
2756598
3953609
1888893
893605
19848029
14807499
4789865
678148
3743986
7880837
7659407
10212429
7676635
70491
949675
11200327
2371586
94725
29371590
26289082
2300296
8071144
279362
1012748
4140302
5038162
1897088
5951414
6810986
581692
13160317
23767
5541554
551079
343743
3030999
5313585
10383255
5420072
6356306
21039072
3010791
34609
4615665
4171042
947663
1185297
32285
18572822
11656343
1040564
2755818
7670994
4097878
4500359
15773351
3434317
2626390
4857546
4615239
6855443
988
212191
4515036
11469325
25620008
909735
5026087
5370570
12901533
14723431
14387
8074080
18995603
12177751
1717516
2094029
2052006
12184521
23641744
4117561
447346
58188
5598943
8401118
1468016
1234417
2307010
3944807
389496
8425052
871053
2715405
16890
1138656
4118687
10424708
1056245
1709109
14006136
7169810
28854087
6767236
25179794
5512323
321991
3288762
208613
499344
21764283
8611423
6560650
17096399
1561292
74787
7028600
1020043
7820856
85049
5432626
22684671
15225615
1880760
3865264
27401
3881190
7030176
1068641
11914148
8501790
1187456
279246
955403
17709484
4380883
1673859
24488475
5456398
17438667
968918
2544139
2388571
32588
616840
4350709
944806
632867
1231148
5478671
1110847
23759547
11934769
5777093
27401157
8274506
6939156
23278805
26609931
27514248
10588940
7291009
3358846
273422
10253120
7108411
35385343
1740529
4670860
3348709
16965073
1590145
97284
848259
1356805
5659795
2024176
4941466
2748270
4192196
5085230
19327638
2796536
6590428
4796704
4587078
3960140
2699567
11165692
40050594
4425333
2832039
1083311
12907974
2288852
3517782
21416745
30852502
7577049
2407903
23976122
25857311
10012403
1347279
195390
15791627
9104827
9726462
4226345
430170
13619896
1059054
400765
1672817
1423025
11093014
5022049
2160621
13321086
12531560
14849652
4207608
4430853
3257
24065345
666059
9636556
5094113
1515038
26777
8275026
451684
465447
4646043
33706278
5157804
91997
5843774
6801173
452767
698503
12318558
8847680
1578763
3530949
20975698
15385025
3766304
14282442
4993892
634557
3430336
5076516
3240705
4199284
370236
24079
10106781
8485438
232132
4433
11197153
4100862
4658031
6481714
10974008
9143755
3166209
2091451
1098931
8752878
74186
8448499
4402949
452746
2064721
5998749
2444232
1625835
4305367
2836431
16129488
2495221
833364
8360856
277390
4590990
3252858
4302020
9284978
19024879
332169
3911856
4823792
12686199
3993287
119057
13847554
10212284
2128170
14647976
4728214
12972944
4483132
881790
4652512
4638892
32960481
13209250
11167054
11953294
7614958
12398756
2431908
2876322
648927
4614991
8169119
11984364
7485202
21248712
1099365
3949747
13170159
5208616
1122835
11289210
14045458
10601861
1008907
11199083
3794456
2783864
7051736
6580302
10104624
2213519
2145335
1234887
4170298
8521724
5378070
7182651
84897
3023133
21275775
167880
2307473
331763
2965928
9653887
13145229
7453457
11077947
7883415
5097498
4064688
1678354
308158
15542558
34831
1058882
4398654
299283
548086
18397814
2759849
4019823
3263282
1725602
5373607
1683437
12158044
25897
3667493
1376966
9544622
333680
6457598
2040599
33396833
390628
4284315
439364
761396
4063859
7275720
1630638
35242474
6054112
9415438
5486984
15698
13278876
23842254
6825672
12325140
1502854
103370
14299
14967347
4729241
7524989
6631858
5372551
2717568
2749095
2537570
8328970
21501747
6290011
13878015
266093
830605
33053862
15204525
6526151
4405722
11448367
2158820
163240
1702076
4876976
815422
6523043
18547204
3658160
5226872
444566
23312834
6964519
14530497
12911949
88476
4672614
14835077
1457828
3032846
21467089
2194306
13670310
4994131
15986989
3360704
4219991
542113
2219444
5673453
5736413
7649219
3072638
732551
21146317
56976
5307192
35629241
2743372
3520714
13793986
34861034
1762678
3118549
1612071
3882808
13878109
2524607
2091450
7898377
4867978
7277899
5131551
17734928
3735259
3866396
16045628
59434
331503
5043882
1402357
1847124
8587904
14159391
1375661
22470622
5308322
44
1125533
14961558
4941124
23698105
218263
3488771
8125445
18928
10665875
225220
3904872
1475241
7989976
8612013
2501568
10230330
12485384
5286387
5988079
1340584
1587490
5508785
7216922
14090591
30766845
85379
2895911
3168199
18259237
8718233
1089862
7959942
5188932
5149773
20802453
4680384
4795333
12689256
250505
7790762
2006500
5243404
3295042
17186523
361424
2877204
17492208
5184957
29324768
6349959
5194716
12670327
2020323
10887236
6445832
9989144
2973643
1190191
18183756
56248
281440
7503819
6019466
6958514
761493
1423789
4977754
20590
1998280
1027611
8094194
2559710
544829
8382051
2092940
7150869
6433886
809099
5909739
10381423
4641225
7822917
7232227
5226037
2439489
6549044
1593251
4047157
2199099
2871362
7589232
2419597
14349131
6906013
17525129
5576931
4886436
8964
5410882
3648364
3794
12780718
6141525
581883
364344
19907740
8322160
7523144
39586689
3249247
3258024
22644299
18417662
7517101
25991
13004461
2885878
7043564
6920613
17068131
11515827
13296076
4712373
13188836
89358
9922626
551913
7133956
100529
2984417
5193125
3142950
8850167
7330467
4177462
1523781
865672
22670
730474
12759633
3185123
4647508
35756
8980079
2240694
22457842
2388349
9284839
13917696
4551456
2499111
9360765
8042714
545403
1988660
6249079
7811075
17684051
1574339
5798568
6510558
7393971
1587700
1683625
8288769
29222817
3308704
6601116
1885753
17577851
6531972
2001248
6137696
3489739
871518
12415286
3149354
10076874
4660003
5762279
7955709
8751621
16130
10912247
2341033
30975429
27665
8113843
522568
10619698
2883835
201120
1152653
10127083
4476086
5198466
18169805
5345543
5585029
10179099
5573120
4697805
3947163
7538041
9920379
1525703
6079044
21482
2652367
4359671
13983783
5806758
2459804
23333588
1348284
8448076
276796
16184
445782
389067
912779
3560218
1617533
16826444
25574119
29790987
9534394
21248250
7680880
1196568
4816011
557611
5181193
19567859
12413269
15462080
4420503
173476
8607189
2390483
23297575
6072740
10052510
16034
1973819
5749439
6494660
8507579
1946704
5552141
51883
20072526
956810
9573138
11753193
924869
3832722
7984978
4755128
5226738
5326106
8149271
8521669
15320991
3648285
5455493
1830190
3835149
2144794
6465495
202533
90886
19410
4780914
11603811
317903
21834749
6955418
11892665
3271437
1448645
21979553
10119529
130973
9104667
7765353
8085050
5134932
5533211
4384795
6534192
4287299
8595212
28122454
12635761
1891294
7770638
5943
488
9860688
9516002
2882515
23530948
1200597
12698170
20320505
5316169
5833786
9131202
29760
48858
100753
646650
6146475
1961455
10257657
20033105
7505806
9109555
7791915
2342486
4847913
16678501
1032856
70539
1646983
2759430
27513737
13697634
2079727
14787484
3069959
675673
2018887
664471
5783772
24362430
7939993
7954335
74654
4814360
7488273
978266
1250591
8343423
3463794
5897592
5862862
616925
8531024
221030
2998127
2781782
5670077
18422490
5609897
1227375
9208442
5508629
1811044
12337092
1121556
723837
872689
5851562
11711851
12843778
75487
1950532
9286360
3927046
1719388
4788402
26192025
3745957
5966591
15204972
7930027
23122118
3810877
22945767
1707037
11112471
3802045
29699636
1580576
7162371
11251999
322119
1932391
9854136
1362093
323244
6602966
3992988
203655
3769770
3414042
2163199
1302965
3597454
5198704
3913427
2616898
2813324
130044
4707545
194873
17593878
3335427
9291229
10666387
18070511
2164111
8639115
26997352
3069985
762
37309868
2297497
4484549
12019146
31847917
4892946
19073440
19502772
56261
4283521
12830410
1050134
13117914
3338777
6478486
21213840
3683780
15673974
1898748
21019296
27731335
3405398
5135458
1269913
10923868
2085831
4149179
1661339
4370990
1645523
1694711
4963411
18574289
4012988
2791147
7096043
5042199
5089719
9641617
16065970
280316
2221035
368377
8118370
34274295
515444
4733930
4617397
7280352
14305170
30813337
1344585
9134
2612774
432517
2494479
14307761
185690
4887221
7600130
464935
4243216
11463459
17307320
1402094
88632
5096251
3947596
2106832
15499829
19829219
27411391
7219808
7151730
4488737
213785
50072
9661890
20664997
25731761
8322463
56204
4643189
8940223
28845604
23966745
56361
43627
32937052
207258
22178769
28468449
3789907
3648623
4298315
1570007
3433682
5032587
8557709
1912118
23871288
4523732
3619370
36409503
75282
1216093
5876651
5832614
1119268
33428601
12562779
8660761
1634607
2072361
6607453
5879690
9865404
1117579
3854644
4880589
3243260
7725365
20725748
5298917
4333131
9516976
14101306
6603228
1494026
6247883
3424545
15626406
838094
2530228
15813079
12724157
927976
6749958
18195199
1445930
66128
46811
6411
17902032
6954116
1612161
21542805
1676119
14075215
413865
4300841
344496
3624991
7476249
5482813
4928946
4238524
20351679
10739430
4836420
4908480
177398
4191112
15384219
17526992
3118616
19267465
1309958
50712
5975008
5469000
3842505
5642544
846300
122882
2184739
1838592
1612192
5109555
5821626
12583349
15691024
3540431
184083
2341325
3778254
19142117
7326204
39548490
2078849
20182606
19839111
5094180
21844402
2788116
1379252
2143781
8399391
4552456
60714
10745594
7686
1900551
432988
4050904
21665044
4716050
6565489
6837613
29801570
1134670
1513873
5094299
5954279
9480948
4352849
762451
107938
1493954
5232043
32891652
1436753
2483459
6805676
5878124
757543
6432412
566067
14933261
2099976
16351181
1022184
5936965
7384377
818082
9767962
1681037
3083293
15433690
6995828
4937871
6428640
17630665
1068468
24756459
5122012
2116474
3362627
5620814
10564961
9824500
299386
10136740
2940482
11437002
5615511
367064
16827
2162673
11295
3382494
3257969
4606266
2402245
142298
2226987
2556410
2920191
3339017
8587736
6084608
1234864
12255186
6592053
93777
2959229
10310149
6247384
3141819
10266122
14158972
4377701
4628307
10185502
12209778
1563886
1211940
5128177
12422358
3479835
3696584
7076123
4718969
7928884
4344078
15103975
5776425
6148296
2576176
12236333
4375797
6735579
1631372
3289157
10869636
3940848
8187425
28239107
5211920
3836702
3895573
28660915
1438427
12101593
8486141
1735901
461071
26756271
1436913
24511790
14311674
164988
21000830
3665420
13628349
7611367
767745
2193644
1121755
3862322
2277061
10224808
876609
1717984
5168606
353188
4474312
9328754
8523418
9886993
35244944
243316
103927
569566
8362754
4338658
215673
3987519
6720430
5173468
4262862
2199093
4558048
3363695
4748133
308427
2926499
192699
1649889
5615572
19537472
24948268
88011
7879908
5375337
14599800
6605881
4576653
70917
5066122
3185606
5709898
3682784
8994622
2828729
11071798
1281303
32172154
137125
9985428
13885892
1223168
6516522
8369526
47122
1672552
1384335
13478571
7759523
1662721
104573
1258149
9879080
2547110
19446962
5051958
15429249
364757
7899036
789191
18791653
5343693
564140
538482
1303076
1223936
1202289
6281035
6367140
6375929
4533901
22853597
8520729
7175746
24374649
477224
17302943
8867214
17314134
30035259
31549
1837602
8862138
18293932
3299620
23060886
3778705
2846044
10138350
20963784
654224
9710697
86592
5466108
2723400
4098365
5501408
401981
115442
90369
13387069
1763856
4785707
396
18447116
1994122
2135307
3145174
11275040
7443
29865020
93565
1042668
15646794
5048328
3604787
7680545
15619434
892034
156780
4029358
9528366
298795
4877761
923738
404129
9820437
8045637
18450613
2603763
9306070
22521120
22884867
801464
3450616
17132679
84227
17261235
2042903
10618953
1483136
5149230
5458271
2622467
2159506
5093500
1938686
7552403
9353607
4739896
8506450
4509091
10403673
270228
55005
9076105
16806109
18186
1953352
1868283
3828540
6735085
10028858
6032039
3705956
5999444
4219796
20967281
1250683
5526838
7759819
52375
1512288
740809
46335
3397947
6928272
6069912
5663899
1717100
18697743
6067295
8506562
5482092
114089
36226
698617
149369
12550401
81254
18338868
28673746
2356963
12700946
5848007
5653641
22251588
1127705
4496065
5622515
1440780
13679900
2897120
19499143
201524
2437091
19288172
2222113
1078931
2218425
9419527
1943804
16264214
21066005
1146129
13299475
3003652
36406632
3601214
2195072
395707
3534355
5710844
12293262
757517
5580996
7165620
8643404
12429
4270932
2377318
1754891
20161111
4603737
8635889
27514948
6329862
13138707
201265
37589242
4847407
3062727
232505
4725865
1587901
9468630
13192258
12387910
3192365
8801271
8070268
1027603
8668422
24735397
381451
2341731
5420460
32190
13384343
4480491
6804839
844364
13399340
14498
3596806
10624386
1364043
5237472
28111365
3850873
262190
1452931
22411887
3883211
599717
186757
5167264
4888426
2107408
7945654
4768054
334430
7258776
3101266
5817750
14657740
15317693
11056798
22578412
226999
5871963
25773890
12878177
16806459
4611731
11180926
10854989
4797433
5815015
2613374
3923654
12494833
26645665
2182805
19835214
1223962
3373153
472113
22217702
2007497
16655436
2675435
5733969
2192709
21100
238206
4327594
9403981
9546456
29998037
9188205
3511148
7304509
2871631
4670693
20221921
7821230
7258762
11906860
1481165
2548615
4859568
6838049
11814975
33027301
177125
13455791
21207729
2391733
651163
6424194
1152735
7017284
12803471
22090459
14334203
471545
7873054
25934369
1480970
19716053
7619429
5355595
1821000
2082681
472417
37831189
8607364
282049
10363969
10798828
8263380
12457493
1695717
32622231
7560970
1196375
7268865
6479701
3202737
10245906
12200025
29208808
4172573
21061186
29042
332899
4274916
27040745
17842191
4450319
1673677
1739060
3475758
7360886
240309
4815948
159977
4697110
6701902
14971608
3052150
5015634
3035621
76600
561041
15138197
403470
8849001
5930833
16003018
5325238
3345269
8398867
21915
13832287
26745280
7194513
1866020
4560813
31292638
1791238
15195530
2165919
1306047
59448
60004
14739735
17914061
4966373
25767936
7025996
4019315
20130377
32572191
26917762
3315613
12663238
72609
270208
22115
45379
11178264
14233558
3951310
1489817
15493682
15277098
85133
787691
1464000
4796835
238374
4782071
5658738
4773174
1176925
1062875
8068353
5039509
1762445
3534488
877240
5659672
17520661
1114065
6002693
738876
881409
1224585
9182291
12523096
1696585
1973482
8394510
12173548
25753164
2693155
1140266
9117103
3203383
3436715
7728900
6464729
4360994
2785367
6279237
292034
4128819
8806589
6373306
25188
14065690
713959
10288515
22751066
8126391
71702
28048718
28449495
5382279
2220533
3896649
3174094
257970
4156298
26826460
381917
14035613
794932
8487861
5921594
2164868
5916104
6647
8318137
11016376
2522076
3028538
1710357
3984094
750240
266442
32022548
191179
4910717
10047839
9696145
4022409
23866052
5419489
11649524
7280391
1732412
19355
7917672
9920934
2410833
18364613
18346425
10119780
6304676
6953819
1160040
15981012
11989508
1951520
1140130
7034495
21257946
7967256
1431465
2861768
2622723
5098818
7788
10677969
816101
22474323
13532305
7822127
9808599
1198078
18650383
10302580
1096458
68213
760202
9484823
40670
11651392
5851662
1284227
5353121
4573209
314087
50946
1079733
477595
3188794
15477299
4641720
9026798
8604283
21450
4444601
13053740
6395536
13698310
13403901
279228
1865678
745505
4670940
7553254
32167991
12469154
7945789
1023941
12468105
7906229
23461819
3072722
15907883
9610882
4839569
3348569
1874354
996095
10788697
12183815
1731596
674552
6370460
8452269
166098
3209609
1606954
2808365
61280
4108289
114124
10542646
12186222
2195108
22690663
5092258
5376277
2665529
5356362
6882279
15280688
1790573
266587
5497792
6534083
5419966
178833
1139758
2722350
2120622
6564436
25825837
7618417
25109552
5195706
163399
279964
57754
4702642
21637717
1054031
2607526
21057313
18101785
16377215
415496
4479809
228958
12447339
3503244
26026957
2136627
15199919
11157168
829215
6565051
3619025
52554
3678361
6423960
1134643
5579509
2255460
20898940
18496540
9203365
40778260
7852017
12809153
3490309
1835926
2416450
19326940
2198931
8669919
11330633
22337190
6705471
5095438
7426951
21892315
3644630
1956775
558228
7235293
1437811
9963061
6486420
231152
617428
5214083
2529800
3620073
6740989
1746046
13266577
493455
4780801
34881800
2851060
10117997
22735540
664146
5784682
6388338
2232655
10878707
1397318
619617
411072
37606714
15689623
53414
1560095
6078263
20404927
664481
26052110
10302335
4903506
33885014
39502395
7084807
8511472
2293156
4990012
22883804
5388630
6402565
2439689
3029631
1454650
15678733
11244458
9666
8864295
102360
64144
3760393
25893478
2198959
9708071
4406
121188
27597325
3403233
96062
4788406
21561931
3524270
900884
3959019
8395257
1333933
8206553
797041
5031840
20156202
13653526
2902501
9568335
9527076
6887616
16002353
723153
3477495
9262372
10274796
21431139
8857715
27520825
312281
9286703
3502571
1991663
9024076
1906806
515112
2057216
18355276
6226991
18468022
7500666
1371922
27876603
6084181
26597891
2021403
404707
9449985
18605637
16417169
17204753
2719455
2388564
85353
3405812
5091322
173307
8143044
11754031
19133955
16208498
9401187
2541736
39399251
15394187
29547978
8664599
64308
15322076
568176
3972716
3017882
1555552
10272083
7267957
2273793
1651144
938241
2618613
7084217
5250055
2572293
6409399
994591
5102605
22153014
887117
5908170
8724290
7364584
2648312
6238859
15246257
4802634
11130506
12242883
23850988
5519217
740746
460152
2279710
899423
5157763
2266719
13161090
4401180
3597138
5517875
61569
2816107
17687759
544956
3067408
16226085
930727
2921766
1391937
18483932
3674098
122918
5778654
6487697
11140318
2206105
3544555
5994784
24541986
6665921
2356178
12425618
25050744
2253926
1702244
2595808
8436423
3179533
6442445
3418548
1340664
6226023
12670956
2929965
4374272
17035950
3289489
12501754
8310509
5830314
22047508
15008
1316279
12526162
1613559
1778664
3605236
27513046
6135396
794385
690168
10499499
20975192
942611
3253943
3742654
5347178
4286848
7596645
10803268
11322510
458400
2994641
941799
2942349
12442958
28823044
5999329
1266837
169111
1915026
5529701
29445086
20060476
1564174
1041705
77527
5279650
4265005
6883376
4124349
5668942
9109116
17997262
6046605
7551866
84140
7523107
703863
19395141
20328092
7043361
1439641
12660786
26188201
6323700
4516127
5371028
41183838
457649
5670564
5609638
3264328
18061191
3622990
5559746
13961413
3946948
170908
484435
23698291
3404648
150682
778901
25760755
3870412
2817104
186785
649150
11126609
4765488
298913
246453
9333180
1541672
6618773
5739182
5101919
18934864
2879492
3415990
5195014
23069974
58141
1726286
56180
15751255
20225963
3086277
8989529
85371
12412035
774986
3807936
7888546
1971838
4893426
528879
23939940
274944
4385101
593339
118353
2058037
2348895
4041292
3258183
1975754
921692
12397944
5056128
5564799
2723772
454571
1267947
68797
35523302
14330401
20245485
3019776
23972703
3365066
26971736
4842783
26552134
8544919
4863695
1770661
8532188
1236471
167415
1933319
1074109
2499429
3
4808518
69464
42357
82168
35331704
357926
4360807
4890486
101971
7008612
7912987
4980600
8075361
6595211
229269
1081460
7670951
4909712
22402486
44284
721601
8688211
13314391
25735428
1617254
5038728
144887
4019076
2375555
15595025
12519277
1268824
2007997
6158651
8302467
1398678
6536552
4899340
5287474
3741010
535354
564827
25560153
1790125
8671228
1569354
4133025
2918898
6917879
4969010
22697749
3287440
1617486
5588826
3331734
4334188
13440244
4149673
25396420
992637
3909990
1664824
13361831
1121557
8613311
175733
3544409
1686346
662089
723351
20804370
16884
6293509
23575796
58815
18798423
9874771
27705650
18620620
5131693
5366254
1435757
2770365
3875883
4506253
2182252
1391293
7748002
194172
6861211
3137216
274590
4021000
361304
4261110
1089972
4133350
2855501
55075
3117674
4165293
83652
323862
37061135
4097890
21976407
110960
10701480
2058483
2056911
3233075
221191
1634761
12109017
6533695
7142894
19329308
3884404
1987873
366387
259267
17207024
10258414
180307
71351
401941
4988111
20634006
1696648
11394252
24676718
3689334
26870601
8529995
7560757
104691
108933
9621352
20717
2660389
5191214
2742292
1999756
8451512
1617715
1598819
18102699
557318
461164
4575138
5039797
11674344
1339395
954833
248079
17848482
5328048
2876948
20128644
11729572
6089784
22464994
3846746
654391
145945
1122651
18129755
119783
425357
2483574
800315
5507187
468575
56600
15669516
15909777
7553724
10208384
1012105
4689648
9118305
3191155
14944366
3654934
9045100
1248174
24347494
10093110
764725
194032
18964122
1050282
218
8437914
747497
3704685
1692743
15082630
1979085
2782200
1373779
21573546
4019083
5967607
7138263
22936716
10621111
3681857
3823406
4489082
4995180
4547735
574371
288112
2057904
1408597
3174667
233756
4257086
24516087
7668835
4891271
158022
1302982
2412558
876792
31174766
140492
5108511
2177644
20730785
230250
3116477
22042321
551212
12935372
783290
49812
2711516
11961296
16614751
3075845
2198336
6206719
10962923
4980744
5895183
10210256
7220975
2235349
178541
4822582
6755201
2945092
82921
3257715
213282
3162014
8427189
10183555
665275
3346240
1170773
5368151
640403
1180184
1367592
12357852
3308398
111260
7697689
327503
4475
371138
959008
5556429
21013736
13928135
6802
982876
9812560
19243580
1068447
4063173
5100047
18701
8639079
14757819
2084502
3373738
4272499
5037689
10933208
21737139
1632074
7606122
21348993
9184681
35890369
3689513
11548607
2604235
635785
3908461
7978872
7749179
9132016
3186143
3332360
4883868
1439823
5082503
6007936
2195680
1631380
2115102
410434
3149318
29131
21328299
3828563
5621046
22065528
25311990
9247766
6522574
24993827
10144070
13790793
3489808
5792973
8784787
5288065
20708154
16016160
9064323
6347547
9206849
14892886
2769669
34180
3777940
190778
59053
18030288
9818192
23471586
6819553
21802
17658948
18167799
2069612
14974779
1731
1012592
70535
6510768
7829234
5455309
15115577
11422306
461098
40119663
12370112
9417317
821950
17175438
5673322
226701
3408957
15327412
120501
11142382
1040983
19239595
1333130
17807411
34949
4446319
1170242
429372
5527768
89152
3562104
5888293
18971215
8712437
1695259
17538835
7239342
2396673
5050943
494349
24152008
7234998
9034298
14174901
6955335
4843045
5959340
81528
756294
6428514
899705
4449060
5850620
4604280
15078869
15298303
2753820
2883880
1970180
7669066
11166731
3361621
25601382
6449736
4691790
883508
40342167
4584438
2187427
8249846
21118522
26578688
9726556
18690344
1069962
375574
2186752
10271307
10325523
38696815
2071134
485568
2798176
6504706
17848719
8490735
9109543
10917542
5824241
14354369
4310172
13759500
15018680
9117744
1432736
4633296
6072660
6555369
6015688
23623
4259663
2057765
3074490
190266
7821843
963248
380999
963374
12390396
22602660
6063556
5801110
2630059
888868
1018826
4659478
274399
4975127
15398548
2810146
4449390
9181081
6897641
19040906
3621377
6608167
9245412
285913
35576197
9577181
18361870
98618
6844427
297868
23625906
24636824
6378444
5081192
18885040
4159839
3566428
4806644
19287269
2934069
28831742
1055604
7837829
48578
524541
9312428
1109096
932285
2039661
5290033
12889423
26386446
4383250
150737
8656773
2525762
2684941
28383869
981489
9214704
4573460
20826601
29999849
4191572
5824864
550580
4336921
8390754
13720893
2329515
12421321
55814
4550233
26860129
21502203
27323221
1188721
6501510
6642162
7565880
4713349
190931
8642594
896573
9180534
364150
10527416
1258156
9178913
11984173
15752161
40166706
22522228
4500575
16848385
726104
3253226
5907678
514958
19156729
7545043
8589799
2479197
24537167
12344338
60271
2737138
5877204
6527908
13128164
1005654
237634
971793
2665944
1013061
27782845
2617201
7650449
2997471
1825125
14339878
17285864
6667172
2379022
12050576
96791
1607439
21270414
11530482
12154481
6335380
12040145
24007033
8163562
3613473
9567952
11647876
2794826
2268216
14518517
18476003
2050366
1192313
6754339
830791
15303068
3525887
3420599
5346800
5227997
15712917
31502199
499930
48715
1514279
21776392
1074038
281928
2336184
6647330
11122962
1001337
5860505
6321110
5591101
5963029
13555236
25698477
3673534
11842329
1785989
2072435
2057888
4282198
6241346
354351
1135447
2795137
2379129
616887
3194581
36154311
37213449
10027659
14395595
5505862
12871943
8751965
358367
3625532
42631
2776573
3870132
2561670
3814153
4899613
6385004
9631102
77235
7804187
2422604
176860
15805567
1678234
904755
2747706
2124137
156642
5628754
12477911
7069519
13821153
26126
126709
4724077
21890847
502134
2353199
14154288
390621
6623759
13598671
4024788
17975202
3483707
23187451
6507937
10295695
5186832
4418374
16892
6515927
102446
10076100
1753645
4417111
25857793
16102336
17203680
7775348
5219238
1516715
25355233
87532
9588269
482356
7492892
4126366
10591072
15953511
277579
1132945
656263
8081294
12108311
16212568
3381786
466926
2782800
24887535
14747347
2970447
654925
2207772
19715315
334876
572779
1114965
8448877
2075260
7972232
188621
18073084
2154163
290942
30577590
25657610
9889791
781395
5606230
659948
4435620
2272286
4560716
20622452
2024443
791280
1571409
17425581
381888
14812871
1572238
3411196
13648672
28617858
27859288
1940500
19006026
18358927
4275823
20154072
6047291
4474562
17544890
34386547
9351236
1207488
7372766
5811543
621501
12162023
41461927
22972924
285748
8379023
2567618
1450604
9062076
3278875
1221299
5731039
12472480
21734652
587887
3637842
5292784
26375125
3484378
6194024
59634
32711039
21718297
9603370
1846882
5472076
4792642
286276
6925434
4383615
198440
639375
500213
24371824
13393016
2039796
2059332
67718
2145555
5402436
6357422
730391
2057926
18111852
2460429
3373678
3658408
2166259
1814373
3074663
36582594
22594714
7421318
6423699
7743975
1303064
4608137
6383937
2246522
11857316
19224053
4055846
1804457
1352691
20682677
5095745
36584910
5884078
4613685
15395030
10868412
1394739
4834610
2716135
2949108
193565
3415416
10283486
287162
326062
1250
10122607
1796526
4471679
5570085
13957812
359800
1991360
27522196
514301
3874356
12105672
3656938
7225867
2918259
20477226
2172873
6701815
3323666
390067
6814482
1634058
25314100
202028
3540732
6338740
2979562
6695290
8771654
9533619
1410601
18405327
4041736
3108132
880554
4197654
851964
3597473
706017
4408541
1819076
5347094
6024674
8718932
5806093
1568392
8462318
20449451
12465359
11856445
1453497
620732
6114620
7566745
2007250
228469
3810123
62214
7669654
87082
3743401
37386936
18652611
2860928
4676542
7921322
172417
10192620
5918690
16781901
3846507
160658
6707451
10930571
5509043
4930180
2147947
4874934
559359
7896426
63713
672
8593374
4520558
3120679
967992
6077386
1453175
36236
10877802
3440140
13851775
25155780
17587680
5593303
2432034
344933
122845
8949022
3679166
8373780
5180921
566203
14296521
14706796
1171578
2233501
5848076
3973759
4211187
7974769
2830777
8352491
3417318
5975220
25904021
3204693
7131398
44759
5231462
6625660
5700305
76057
4751846
32754184
4994726
15593131
6150959
9795238
152972
6584212
24072
23691032
436438
5596878
5155977
4521673
18347483
1611184
308141
3676790
12916728
14247655
279401
33002836
21137502
20495923
50113
67389
1286699
10475311
14238643
113227
822481
1441181
6521886
5100160
888145
886383
3410746
27370115
7833968
4410506
163209
1417437
5970524
1790664
4326304
3362697
3698216
80404
6527809
1761018
12058378
1107184
12173416
1612226
22243716
6837372
2204069
1579634
4498728
4814152
6559
3876535
3331081
1239739
25708799
5670073
7862038
32807354
25746372
2756747
1901641
12319028
4942646
10995750
7299958
2927332
108
2165836
23462780
2462549
12051821
800711
5854668
990017
2719013
834463
714538
10168530
7638001
975424
3421461
2266358
17277852
4340616
3744932
1455031
245926
5028049
3515215
6424786
4923117
790423
22965479
2592754
35798923
14350281
16886
7307312
661307
2175100
22871469
11162142
14266521
36940
12955566
696273
4443921
12755057
2007922
12007606
1078025
821314
2510627
5621111
26306
13664735
9021818
3854100
8823831
10818013
8761837
3578530
736269
6555195
10618928
20824483
10231377
3369642
4520302
1953760
12845917
11453627
2276806
2453368
2089581
7373976
28375760
18807094
13851944
156364
3640919
13158146
166530
999961
2702049
14237890
9799357
668639
4283913
20429582
716200
37610363
18089704
369544
921243
787894
127715
4282761
28097468
20067234
1518001
3182655
1129493
3359479
35465070
3816739
12594536
432638
5344044
19404357
2523460
16634809
3913974
3725847
4
5401752
5032417
398258
8262809
6101091
1950860
391073
2080178
11193060
4347114
2043292
4055717
7957649
17841769
2525093
9637389
1509070
5558967
316799
584592
10421215
68723
601757
9539676
14983591
29142757
34254162
9599077
2445334
4830776
2051902
3492868
1633941
3819663
39352
19847919
855627
2802745
5088506
20509752
81423
1284013
3290909
141485
2051787
16039277
77676
3491151
4432499
12251575
19216472
28718547
2689192
26637812
3035395
5227480
17398780
15607549
459206
1669130
59532
12246378
28116337
997067
15298028
2209013
118993
7494240
3186803
1057225
1063890
1316703
306201
3985855
914094
7385243
5187426
8320661
2357022
2017831
6674412
8290283
24883177
13811328
1461487
5330291
233374
5390986
6196473
10072242
169122
3455921
3795093
15133439
1221135
3602189
6811212
15500325
3247412
2717439
17061841
18636631
7714775
5882585
1352926
8044497
4062538
14548
23833812
5867570
15220973
59849
18319391
4947736
11556399
22781174
3904102
13825765
3560877
3698702
1614583
9250708
19268131
852906
14860941
770768
2755968
67393
5868007
22549243
5439474
2752934
957007
30732406
8683622
14161150
7564628
12636805
7276215
5388398
75360
241977
9805866
9835024
3456777
11007790
1754429
3356900
136162
633814
13982680
1628793
12820640
10182364
5348271
12293855
23051695
4281869
6531080
7395989
9038675
6683346
29805550
5884734
20332
2503431
2524669
140475
23192879
857048
4342859
43310
3916964
17502939
2513253
2753935
33117
28239297
15362021
788284
1078290
16862791
418965
629322
2234359
12468852
971928
2057791
776544
5367482
1682928
1334087
3050917
67916
18298
38433113
6528836
2952609
6388959
25194895
8835086
20073781
16313182
2043191
7915066
2652580
3031418
429474
4439689
6006327
11103613
5831176
7361066
105050
25778021
9533190
24030964
10059
2789572
23467888
9267265
1588788
3841877
2755366
15102433
4576552
9213237
24552383
4830319
9063177
4806962
15061074
9904767
10746552
16841977
319
489225
13211406
1833042
7126411
23085829
5293328
3145944
90201
2801493
9320292
1332093
4852708
2122652
12404680
2219003
13493166
7273148
3673837
5372009
2456201
16742510
98496
12498605
194382
1071300
4447519
4440487
3422697
2834867
17303209
8838266
1412628
22997843
5006306
904502
5373148
10501067
37970
40790
3606119
5594913
5555336
1153376
19915359
383220
14845325
1572023
22739581
10976772
3073802
2009380
16981338
475013
9286511
9809922
13865014
5938099
20112488
8659252
2620681
6941202
3942273
5743105
2580346
17278226
10167772
222817
404701
3215135
3043769
1268351
51308
6055776
694580
5558402
15341510
243138
13905962
52030
1895820
324108
188804
4579988
2756813
532613
24080009
3095460
9118449
39165747
9109888
386090
54
8032380
24294492
6488723
5731470
2216002
7450144
2634130
16033325
12506949
5813515
7324244
4282561
9632822
2993200
5375726
4390807
1193427
1008755
410740
5593597
21265801
9560383
700073
18266800
4986573
2042871
17831082
975399
5778454
8446450
17089
5669725
32817989
6342305
5087872
19966960
157785
1021723
161244
23462
228249
23162738
6976616
25549233
1570593
5981338
1772
1156944
21044891
13973627
8205137
5526597
1297587
5453365
1227133
20990742
3250692
5006514
3478084
4381754
2612909
700413
184797
1006147
27171755
78077
28383547
1745390
20258543
3590763
5424895
6075528
7242608
8361073
2656300
6627408
29493150
14330405
378499
3371321
3830667
4379718
437337
14937107
23069597
3987160
7222373
4640773
651370
1389521
5299958
11054966
2784956
18960394
727494
9976591
25623626
1612242
2460798
504795
18173462
9220544
7266235
3053078
1263093
2028415
2559313
30419363
14181227
2749382
891586
2656211
2198753
536520
453489
36160153
4384816
1394226
2069575
3663362
18011548
5216385
7285548
16034455
6967568
326153
5094045
3061958
14928163
2607410
7141199
1517878
1272852
5673683
4405930
65476
4111439
2454248
679521
345238
36536
980289
1754105
1200089
7026200
7157875
1093564
3666767
10034719
165539
4681618
8361992
18802146
3347747
15475651
10092343
22458779
3162238
64782
14570814
98306
4029900
4692406
7635681
3992901
1445057
2057819
11142458
664430
800012
659470
29616688
575877
2056261
12612346
15546325
14950260
673914
39391964
3929895
5621480
11400501
21397043
19994094
4989299
5779499
536028
5590507
12865905
26810840
2380854
4872351
806008
1439107
31866617
22177787
13978960
21526185
42936
1887127
6564138
1013158
18828580
9362587
4306411
38155081
9564032
680128
147243
6403797
4415928
93924
9331982
7086581
1853639
3407680
13625894
9529962
5487458
13837703
2207606
7020054
14294443
12794424
954097
13635349
12408482
705696
240372
3268381
18981633
26781715
12176658
3038712
9116347
2215355
13723552
1650723
2044286
5189809
972907
5970175
2494627
2751991
2091605
2068144
3449613
1214722
17253742
2541988
6515257
6920713
1466483
6861466
2502398
4250957
867761
5860000
101279
4597962
18605034
21217
8306865
33508378
909752
2930866
990671
17737177
6488379
5837956
376760
755059
242802
2285020
9537119
2623122
1640880
13480762
1692057
2621086
9313473
4935826
143553
4835325
11473759
3751456
6466278
7944624
10208
2054393
14073502
873801
6575280
1326986
5351926
2528116
18255725
14504468
3434679
8018058
4434001
7927967
18510665
557636
402066
8233642
2496890
114297
1822671
4698248
25175825
4081632
1307466
4618244
1721617
3067231
5549632
10750816
2665899
21290848
5374305
5264273
300902
17986836
22113139
2123096
2786686
9008
16484905
19432193
23489093
11185294
7298065
6976418
4353287
4755328
3056389
254980
24266181
6069040
2503463
8080560
8375292
2677279
6812115
2366382
19544115
4742710
2711313
15607517
4914715
2511232
8373055
2325633
59036
17092561
22743380
5983711
6087258
61334
28689228
2193769
28538985
22266928
4162
1536924
6557651
7811405
2486237
5182069
12005201
4371344
1948292
12339116
13137931
15951516
17973140
24531377
9672330
308367
5670782
7236366
14417963
7110833
1843279
1705150
9091455
4343018
9134287
2498339
19965879
4672937
1258511
35404024
5866676
1003164
581917
8654749
9782127
16863581
5510775
815213
4107577
833915
1955372
1221819
3118614
3709480
24477562
1262638
27966007
10807604
567230
2145408
2535026
18717175
9132158
6266056
3444528
3797633
4267861
5560712
1834700
2745106
13142550
2216700
240563
12816445
41839
3364545
1793216
4163113
7238591
15986909
10685037
9607347
9480280
18457226
24406249
1742332
22593063
7341776
6976326
10514733
15760458
4795472
3741835
7171563
467584
6689761
1279027
619552
4591571
21932314
12067918
2780391
4071242
4405188
5924311
14859535
12032147
378812
10273506
59740
5060965
1702147
3604365
2255484
4384926
7586235
6551453
4382716
2004018
5100692
14428929
29915343
7501543
8679453
8864554
6187034
4380154
7042316
4433602
1407103
5314216
4132868
8647420
880970
9202264
5071665
7126779
75248
5439199
2057653
13776469
33327403
12171602
2558251
1865698
5392783
27299595
9249364
849806
1111554
126233
34891883
1194866
88634
32757474
17412369
6788458
26424997
327496
3669160
1889575
3258070
4554456
1952038
20023253
4432560
4805153
12250418
14848277
13856447
226941
1639737
8713089
6869063
46168
5748572
25714585
1031612
14119539
4784014
7152615
257558
153614
14661459
32169733
38
1696910
890426
5039830
9521933
3106870
27537319
13372806
19051236
5191649
3418056
3032433
49843
3597067
9060405
4577911
10201134
1034418
32945489
12285909
31990446
16796970
14532953
356859
5231406
541592
1747493
11443171
4142307
9347148
5373500
2508481
9658586
1730495
7289641
2929589
3124877
117003
2148325
3825235
4995254
15431470
29581
8642691
1911538
8745900
2189929
13961666
33868050
19326648
11621152
4026893
27374515
3247410
1303122
23406715
23970321
2679360
355391
47051
2266821
2109701
4489595
1754151
9063818
2616142
10486884
8214873
6538773
112547
1027325
13448041
6694156
6687869
652096
2158685
1802325
3240967
18746756
9840517
31156699
761552
27498590
11065869
5592525
21486110
547386
13007410
5417374
260776
5459620
212393
17901053
5953566
2454975
13562351
1555835
8168911
462499
12867520
18158114
992216
20570725
2477106
310470
3623091
75073
28962478
657115
27739719
19576840
4133430
3947944
894096
398848
9489854
3284241
8922420
1351417
25679492
13336997
5832321
6287
7588128
8452093
2224100
1111975
12305813
5110677
7398778
1983654
7827494
21242018
5261559
746042
2383075
9709801
4695959
996208
12537252
22753202
7000689
965191
8720104
11356482
7701438
357283
26836
14060918
4859536
751446
12732042
16204363
7651607
1279461
2289353
7882912
11926044
27349039
4489353
19277709
1266508
12360851
19619766
8049513
6629366
20529062
4506227
146600
208596
4207274
15916031
37432103
96378
347753
5320
2385308
9136084
17129099
16704574
9052339
6747936
18036496
1481398
16466643
2258514
30084608
4128440
2239447
498562
3197420
145378
687935
410492
10173011
3155962
3021307
1787005
27314711
7531554
4261288
351188
13988191
876518
6183586
6384931
6306573
9801076
4349826
6876178
4376014
4777119
8404189
3717307
11750410
8580635
30027790
3675019
13363607
59610
16504131
3818408
1765557
6827867
4735473
3843846
168203
1128139
2980745
1303300
22457872
657374
526250
3395953
5191750
1567255
2760893
2754357
10487219
11190386
13362331
1271699
26925149
5199606
9766316
41653
2772764
63472
5541444
5524900
5280875
16843783
12896147
627024
4469166
1644382
8303005
961406
26806258
8512394
863722
163792
6861335
3970791
2920237
1247129
9464619
6101344
18092735
6884074
7724053
14907212
9878043
2611500
1342732
9534630
4851628
2577175
2066731
8122114
4586078
610474
379439
1516782
907561
29439242
35
5493800
17536768
4060495
398416
5739664
3612992
9422335
7565439
4483903
149331
7014992
4489035
10836986
10932139
645997
15952609
1387768
23786209
11185955
7737564
3840565
77193
18564857
1938445
3934696
17890904
4203544
7549233
9319602
776244
2522658
10755430
9471670
5095050
3456627
19422869
6073046
2473792
31991
1959067
300719
21472633
8154946
2743378
856470
17110546
400267
2210817
5822987
1007607
2069215
11740621
153893
1272614
15351202
7493931
4129080
10207419
809217
1631626
8034195
367306
5331290
6074453
204632
2789390
3606471
18493759
3273157
8217418
23260754
6890930
14586265
1006750
8742
14611074
4799612
17553354
8157110
3107567
1217142
5021131
17180801
6805241
2840071
7289348
13673880
97261
5598587
5346974
6756292
4876718
233563
2069751
2525196
5116892
4718061
7295209
2440832
45257
5788794
1367815
20949148
468040
6622691
18443098
7372742
4016188
2150079
16129652
4062744
22430410
13050386
4269492
10205776
22999445
4605755
758307
826826
1575835
842152
462008
3419753
2158857
3215924
2858523
5808501
5487822
13984597
4825081
29088472
4005632
4842653
22825608
22859
19477307
19648134
4367408
7868691
6290830
1573201
2042910
3425946
7145718
456194
7288909
29610813
3132
962985
9483028
32631815
10626906
13953801
1256525
10531310
13261505
19805338
10556052
7732480
7379016
5992520
21622060
1269799
130504
2625011
853190
12069187
3276721
3830129
15973691
1993027
3059220
1376332
14900058
613088
10815434
767213
524159
2954217
624236
19725349
12313423
1164048
2059442
7669470
29560167
190051
3358180
5462725
1397453
19491458
9587
70076
241844
7986857
6289530
13362959
6462265
413897
5482803
4079759
2497356
757560
1711415
4912187
4369691
302154
4333855
7963752
2536121
20323478
8839882
12316127
4329064
3197
2179167
298364
17231154
4449
1171718
3647503
9083122
14672404
5691924
5398302
1026720
964999
32753467
28298094
3675479
2037818
29756619
323094
15519187
6377040
5573413
2215904
6018035
12467938
1800396
29343417
14089774
1031798
19779268
695675
7631358
33486674
17149948
26185455
14777918
619464
13342860
18022370
4189807
24505583
4517015
688818
12649839
5335996
2104179
29206849
9541319
14346034
3746511
6863822
5157672
19691
1212835
1893287
22067999
9523652
3797532
261282
7219741
8717091
6380585
5071293
3794776
5178134
968254
5472005
19904592
16167732
4320315
5177096
4761845
80751
6055807
6637970
5354629
447555
135660
12639877
91502
5159470
7935755
37180
22395391
19208112
905226
2286233
1582525
7712679
8373246
12697260
14698198
3348452
3808721
6830630
16384163
150052
6861183
4264525
33575
3562037
13699371
5923701
2948799
819568
1631544
191161
2604449
10700939
13263010
2649222
29333166
5066113
2009456
2223041
5577440
20516552
516
5343136
7969791
7851351
5831101
2919640
10072295
2523036
2932618
61455
12206409
5644737
9194717
1989696
22527179
75330
110269
351596
32483233
33981960
20344660
4646465
137225
89795
6796506
11991952
79368
2465800
1734305
5888301
71809
618711
10368
1488780
14606226
2902117
4404650
33058704
575108
4435
7183714
5457765
6497654
1395551
1263879
167043
3798504
23162499
2508085
19306401
5589825
29645511
35628424
1454136
3962905
4868566
5819511
36392352
1246977
19179308
2144605
98035
5035534
925678
26066953
2410513
19948717
656198
7953260
27508266
2008986
102711
4766791
23787717
8629565
160494
396231
23477235
200213
8703954
2650789
5049768
11779897
2069932
368672
1096360
18356769
9878471
3667664
1239214
5534014
10632144
12593927
3796970
4743326
17375253
239718
12653339
2961307
628464
17351808
2917342
465635
15560023
22567554
409872
12997007
8606259
1997788
3457575
10400830
5845363
3534375
6866977
28397815
6983778
76044
6523156
758451
1321491
10476606
4422225
24424067
19647563
1847600
3663294
2118380
6430677
600765
7900447
5095296
9292410
415455
26489522
19095490
22641996
24991601
26251937
14955029
116875
5346629
5451605
30071507
19
24310621
34203371
72782
813290
1309513
2207050
5765562
6517924
2699024
7978105
15563325
3390160
18130219
1960970
3697292
1679508
365942
13231785
3841395
5963149
1128070
150480
7688066
10037908
25728271
759069
31379010
8849608
6602841
4651503
1589825
15836537
19658658
6513013
26987942
2497948
486164
471128
40792
5469515
908220
13443460
42655
1238
4264468
12665235
7275061
8189799
9312739
987861
5889296
2465447
906288
4705758
1022521
4272823
381439
18091004
20804968
10053868
85700
1246267
1340892
4853138
2413962
32756710
7778297
609887
6404806
2908313
4216567
4616959
114123
292785
19534791
20601129
1209187
3791820
10955734
4565300
15274205
198290
3291155
9951973
15038628
1342014
1077987
18794733
986336
721421
3427848
784317
2826049
10604102
81443
23096954
8465181
4923412
2648244
9256183
1790080
7582734
144611
21624132
4804029
6458828
12486690
18288441
4967876
286
2663732
62403
7702162
25755410
14921992
25743454
6311147
29779595
2915131
4285867
8201645
6621345
15145068
20165719
10117104
362072
37760865
4804454
11393310
15321748
5012087
1102926
4813478
9592824
1815562
2692774
2899430
3910572
466910
28043211
8099362
4163029
3253841
2332992
2913
4581218
30470547
7923245
1200605
2481555
9484663
19157502
1565626
6837203
14151314
15211531
5982766
8475849
940754
5124590
111737
17065362
8820273
10753680
1761475
1129141
24367063
1450694
4967169
976955
1030620
16314787
3932573
8336220
7565617
3884482
5732889
2302795
6316336
6873030
6557277
836856
2089060
3750307
6527469
64829
4501270
8941823
504189
15743441
3826722
13378275
10914108
2083235
783068
8922584
323307
35179101
4710681
12643614
7499721
4867916
16117996
6475
20827036
11651307
700860
7814449
3166425
8599868
2178193
4231304
11826636
3371086
8347679
1445203
144425
9119665
8499331
29379865
1153293
3253773
5911854
4922648
4694460
19485764
990843
3176605
8458151
24740447
6564089
9291343
18288
3876335
5676659
7165809
8495882
10456001
14629414
16973062
10545862
1031607
9313673
28902606
5958840
1370890
3754848
4270615
11606975
29399312
13610999
18713235
1256121
576275
1393396
8385830
10629780
32346486
9817201
12207825
3232230
6329721
7160704
5139968
2117661
6774
3883337
4991570
8931783
5133754
5032376
12476509
9499480
10138716
3817499
5179368
981105
3108255
1634136
13899231
3074015
7623603
13660105
2911777
571940
3925445
295595
8351338
17432710
4567457
33276638
11100691
319947
9110634
7308624
2477214
3419413
5927444
4014670
990136
22722176
2568694
3110713
514981
6477296
19944617
7106947
2155343
308174
5184305
14417228
10843321
19488070
2221028
432623
4999050
75358
10232121
2992550
809313
10568512
21065873
6456383
4512065
4609367
5276472
20543186
1853190
18028054
52806
13714132
6197112
3342186
13210503
12909531
2759515
3468772
15779743
39750830
5881384
27897840
2336391
9192191
5339655
6603421
31873223
862640
281907
713427
12670561
40886
399008
3276550
5205192
8551767
798556
10493202
369552
9827511
17216431
229702
2892782
1288089
3601759
3676932
24132419
5744582
994159
2618438
696000
18118386
3884935
66463
1309101
4281021
350245
95313
689926
7129058
4784312
1183026
7446380
362936
493731
5755347
10018190
4912905
290033
5936039
2646482
3602177
2633689
8720121
4525480
2043154
4989684
11598623
19329790
6488703
2410630
8378041
2648206
25944468
13568119
2232644
7564029
4306805
277416
1265359
5178089
4894184
910773
833104
7669473
3788796
7511531
22626559
881356
3785418
6798379
438966
9488993
254067
20662869
1256496
421925
4612665
8347502
4346
9744507
21100830
5606294
5486063
26574345
7931648
3036907
8727876
5885522
214535
42813
2934405
44295
2060377
3743054
17764177
381971
866964
4551887
390021
4729114
27911907
19114215
4717089
1798290
637015
1562977
6774652
5885787
33212
4767169
11647438
12390051
4442068
23501711
81524
28379363
4803332
94334
240023
3980208
1994843
5239795
2043112
1988440
1900659
11061827
9992040
19258478
2151
22093090
1203279
2968612
4760117
28492043
13965281
1081207
8917875
277971
4509908
12007295
26374999
724619
10613773
6844075
10128114
1865714
5021707
7979329
3672654
1268851
51950
7401346
789580
12824373
10725867
2097667
16380802
28580497
3359908
22615227
1418820
719234
995227
2828280
198260
5037507
9115984
5051446
3495524
950382
904687
17303024
60322
35138741
887511
606843
29704620
5038591
14281051
59880
17652
33425046
7515687
45951
7745000
38430258
5812404
137114
708143
491421
21168544
3056153
21101831
28534262
5984069
5172536
6498578
20591617
2511096
23047213
34101961
354360
3793612
279963
5243909
1531376
4901952
4972980
8002475
5803203
5916050
1161820
7533944
14852934
1136090
7690244
1860917
622872
54660
59494
3194038
94400
328332
39828519
4863894
40990462
134280
1844171
8933953
5662067
758535
5313158
5848328
6977296
980482
277764
8605071
114497
1012812
1433255
19395136
5211534
1734432
1475943
5872749
3552901
616874
1646063
2080174
10529298
10478619
10254102
5268070
3000097
4870465
15250211
7311333
65706
10484
11246779
6554875
2203338
3388919
6417319
2708253
5036372
1213457
1194593
2090218
26974783
368593
17393024
25953314
16090352
1457044
935619
15310384
8520590
2623927
1979059
294195
2437565
21338544
7927791
3087390
106358
15168631
3696454
18149283
4533979
8604922
7511273
10215706
5891842
44072
14539089
4881012
7130212
3106913
4880432
9228504
7530019
26208
4135847
4435482
19102292
7286818
5507165
19325014
6580638
20767684
3486285
7433491
925342
2213991
10985216
3411987
26581
5707585
5357709
5973034
946853
2383943
17781522
7470665
5468805
2486364
8814023
7826022
1852154
1970259
1553363
29143752
12455156
1496876
3468779
311631
39872091
4236658
12538270
25328325
3427336
10311876
8578123
116953
7985789
766495
2896555
3381354
251838
7119814
684815
6144138
32164643
6100110
13866592
6426706
3503135
16297687
2629865
2668471
8068987
26863752
24184453
3321357
269699
1516047
2409247
8659334
3929528
2177221
4874336
7235762
928627
103735
1511892
11639749
588887
5742655
10083391
2709420
2784893
11076859
25572049
135823
65132
17098295
2160607
6921844
9971750
10234851
6918074
3253274
127121
1008355
6405046
815845
1200165
9831785
2750712
1297286
366534
1699954
6584162
19045887
14372147
10677871
27217118
9639329
719835
27461232
383391
2938426
1472730
15611380
31193842
8531483
561404
2982040
11269463
12551643
23857280
9652214
3287370
995150
1504948
26806322
1796349
6992182
413838
830722
2169635
3438918
3032745
59547
7867561
1473889
1410436
12596710
19655752
11100753
92026
260284
2139
5010425
9487549
112141
3945009
5470782
12084987
34516622
5911298
61175
2043069
6089334
1512492
35561747
5863986
12790850
11781863
5358707
4919511
13976507
15746240
18836812
27880316
26802176
20108145
36356371
11090655
8347459
22434436
757846
3838130
15171879
8502720
3235157
1844631
15349406
928493
1739105
14289045
98525
2594185
8608015
708006
21372979
3438158
2069194
2239746
5830168
12006602
14960244
11295252
10069145
67764
7541226
359383
390467
2371920
11162025
2937512
195776
31606313
8382986
4740056
12075051
8902281
2513186
527687
15565
2982830
24476118
38905285
27790070
3054725
7758534
28767732
4083413
3665730
9446152
3634242
3253810
975893
19105276
6363540
5347823
1701067
34326612
3931518
4347682
2266665
3767574
67963
12240364
7256799
546505
1729329
809342
1181417
5262543
12544787
2043184
3750967
2975033
16272625
26149147
97150
3659259
4393937
11041483
5975133
4520741
21069226
33271395
6073364
149665
616867
7558710
41021075
4741699
11444323
6270975
8546365
5108072
3699890
1428199
20500277
15165
1412886
8706510
19468628
20649809
6367070
579033
6951802
3355377
6383650
59601
4090936
2406027
1675587
11638156
703628
6799476
4070769
2952468
4493383
11431815
1287159
5144520
208659
4575663
13779829
24635
19788220
1755209
7826708
2002050
1356621
2464860
4481485
587012
2695411
15078436
284472
1078878
1075282
754912
22853437
9832285
13912396
2661426
4359334
20837849
826183
15640012
10687248
3604350
1062817
150541
11384119
6460122
11242457
1223456
229496
10930
4081063
3383940
19762488
51982
744096
8777536
19077885
14244139
1874291
554094
13652406
99819
157802
12662150
552923
1589347
2175435
2293204
957436
5864045
4616638
20934063
18788990
2225681
13818757
61640
3883028
296430
1511897
10757016
3309897
2761043
8900275
9498924
13868850
1615033
19035296
4944491
4351313
28076964
6143607
3344715
30937398
982735
6977438
197222
6500771
349634
7539524
26637455
16885
4899343
1543563
13474690
2536009
19311898
3184175
2147282
28290022
1774014
1019827
4724616
1014409
21756058
14340578
411690
10899285
5369470
48786
26447372
4963514
7461206
313506
5492622
4540881
10046238
5061572
5326877
5660901
5418707
12202696
8273
1579130
9745423
1359696
13098144
10122289
3768371
24520795
999024
26356244
1521656
3447178
6917476
10732642
6630181
1143779
15951864
1384399
1833590
1040164
331068
575860
4617238
1511816
5273534
69584
4631420
19612094
5805026
13858785
335272
188230
1232781
28846016
3363145
5910976
166347
20778022
3720947
2686768
9122229
42138
21981091
1718818
37471652
1477024
2844411
10918538
5457599
13544432
36007641
1933911
28017206
4722055
2009963
1557149
430050
35984475
2093226
29579394
31052940
13668265
10476919
5844206
19383
1622502
7232718
22008017
5191656
5738106
7968476
13663612
429823
7709235
7944984
11006072
4865373
12268370
468507
676584
678040
36344
1373373
10397270
14290960
559151
1032545
7715404
2516283
13301033
38336268
11965302
25378378
4593129
17366268
15802371
66375
2595982
8643158
3079729
21973025
706872
1350793
6359757
2340035
22458567
8281269
538128
9229754
34964
21632420
8028924
9183728
10006251
8861485
11043906
2645106
7339
3391058
2902250
2207125
284329
7886035
2459962
218361
5416484
2766491
11606942
118435
15590417
6123234
6134465
3727891
8967369
15506708
2448592
7915708
1055248
14298020
17720160
27062750
5626472
4710477
8600327
12939184
3940405
61590
14107238
30887455
18486061
23108045
5871306
8531097
8480310
20924825
33461199
6200
3235020
29808601
2474353
2477461
7930770
56196
4352648
4624999
18171240
25945301
1141613
8540731
13412989
923507
5822128
1673101
7819889
24430748
2214739
37764592
607208
780347
3676820
500396
2515403
5920164
731680
1060841
6122547
2556591
7675397
6816440
6301177
2168656
4026629
16046
4748002
38935
9318116
5051336
11402777
1033179
2432330
2024386
6957105
24613
10725348
9579967
2057754
4481620
187097
14903591
2440976
34659281
4548810
471870
1048081
28886800
6567644
13170949
5802341
1777667
1211767
6443753
4692341
8416599
422558
4474204
615
5980624
30161630
5269767
19755994
28887262
11574268
6607246
7122401
7263112
11154376
10340459
7866380
6173418
19379688
1947720
4847567
68499
2417518
1169178
22388131
3340798
27875372
4098898
21377279
9978672
5279981
40506122
12192524
2473898
7806827
28293835
3743544
1370418
5468645
5295301
30057760
75333
30629331
908955
12989061
852692
5298840
50167
3390307
13795872
615177
2616155
21745234
19168886
1996411
874180
1376777
2842577
2392809
2049333
2108077
700814
23555362
17735964
22007106
4866088
7417077
6675166
13585533
19710412
3453605
2679391
9264136
8947770
5866069
1936027
78914
6266760
4426674
1523910
3114305
15590039
1374057
3677176
1194288
4184151
839903
11493601
14863283
3798280
4629589
4303522
6414214
3336371
16548082
24437454
29204059
4138939
10952065
133348
81674
6540222
5917271
4709579
4878966
18803590
13030509
18463877
2120716
7217128
2194723
669888
6390609
9266337
77504
2413591
2104561
6871541
7171788
2855011
329786
25912139
2000208
1135411
150657
5090476
23614510
9423499
320290
1788788
5321198
8804843
5156052
3119455
8876645
2550850
20543179
5032108
2431262
3767519
12455602
15494579
303402
11671730
1865728
2496989
2024365
2030609
655741
7678940
4250268
12688949
1686094
1122761
437679
14128315
15998689
13127599
23580826
35072481
626969
8754924
4387077
24195140
21875356
10231478
5916009
1936551
1456264
1584307
4765825
5983337
1409810
4410120
11737669
9869816
6344817
3021749
5061222
4522100
5767792
4786876
1412002
284815
3359474
9481114
39253072
6586219
527204
31340264
8
1887270
10074847
3715030
6056981
7358021
15641364
115354
18472429
26386798
10765649
22445011
54065
8036959
14374921
6950974
24163986
15294170
1596120
34681711
77531
149646
16074523
2462046
19482823
31767562
538510
5146838
20583317
9998950
4183933
13232873
2664096
4513782
3597544
14355905
2746514
24058979
5177148
7049232
11651340
26987080
7612278
15105416
18020848
8609128
1324041
11943413
3139984
1559637
5300426
48035
187839
35276024
1365412
1683932
2978699
412486
1440150
532051
10028118
3515085
3771084
356274
4555032
13664709
19081286
5512585
4643513
63105
10338814
6341738
967933
28294296
10422756
1183170
7545468
8735828
2471639
10237129
5484068
7567030
41166
3961777
4549094
1021950
2070259
4331265
980427
3933113
16695203
12761283
13359880
22682043
1462093
15489565
4268226
905016
27733029
16302430
4573556
5308061
7620949
35952
2775901
1704305
2626037
32329062
52227
5524172
1794533
2267227
3524981
745135
15592992
2537001
28444689
18032888
29894534
1729014
5838512
15267845
8656310
4389405
2288128
2057242
277851
8560815
33444126
18447032
22933809
2144544
4134780
2749855
3503489
5085991
3361506
27852269
4544031
2617061
1714835
5632659
95820
10694857
2425576
2431954
5005369
1415357
4176249
1637831
5261719
129837
8353439
10220268
5598268
2129969
2043141
9337410
569539
85231
21257169
4281114
3841450
1032022
4880197
1885180
1007249
5288477
5585508
7002681
28799222
4474696
296966
2265878
14462552
6729592
718354
15264342
625067
6122887
2753744
458691
10865094
2687822
138982
3112852
1186676
59658
19856048
6043003
1271496
12570258
1490142
4715830
919065
7468232
3234549
1685426
5700945
4806959
9227721
11657227
3195239
5777947
2569802
2779127
3903303
60835
3404959
8652704
10427738
1578636
434333
6434741
75326
1507078
27463164
5454430
797246
42975
2676343
5957678
5080460
18108432
14410386
21349434
4002418
17876924
16380010
5908891
11032404
2263066
21574298
2192216
2949274
775954
6459193
5011791
5338220
2520621
2365407
7450468
22227121
141001
12035429
5587007
837763
19647650
4139765
8610798
8081116
6795439
3638398
15015433
24476348
761446
2509533
3329217
1860351
848572
1694650
4898373
3021456
1220081
75623
19578905
2443604
4099408
13682260
3854070
658939
38042
2042967
7817615
7670402
476882
9392536
477
2156755
1868997
2530903
23599940
211906
2144509
22706106
5349244
9617642
2321150
17036
7578234
1454062
7288386
7578914
11554755
2063434
2215939
6783183
2162325
5142637
144936
25867328
18609569
4667862
59567
32098740
11585521
333493
2922628
12901564
560474
494614
1590004
37244838
7385807
3117275
10963953
1258855
1000515
5772124
3026205
8771425
11852403
2277541
83544
9386230
18166886
4848628
6547
7531998
3677032
3926404
1998904
98995
10591701
571510
14295652
9509040
966219
494740
18961093
17160206
19190962
21114356
2164639
7896716
16769158
1024310
29561697
711085
14067741
3256206
4161541
21019367
4400289
2739114
4747910
22010451
8495039
2699550
9592318
4580196
12893378
2208853
11333237
15925575
5025856
1000687
158916
3068984
23042315
2203126
5868587
12041
6631832
20058439
10220927
24484797
818535
23828552
18498223
2668368
25267888
9540215
630952
6704696
4547557
1802226
29760862
20119
5025129
31362139
440230
3307795
4476330
11604218
3459865
22283124
5265374
9836179
19872031
4349711
571877
17337035
653449
2441101
10430045
22296748
17593
3604398
3219027
3861119
6302038
16888
438601
7077876
751504
686192
4261156
2788941
6
3609386
88421
7468103
30295
726613
19596971
5175992
2280273
657048
26498587
4453777
10052212
15625769
1500114
12654337
2061591
11233771
8159959
9642881
5581922
371907
2451181
6677372
2141991
4546905
7117060
14707733
4490807
7236603
2586317
5116479
9812115
597152
1663724
2607343
834794
9521880
17004
8608224
28035513
32997
7251303
18409357
16318575
10914837
4989203
18472
543461
314269
12513792
14128071
15536767
2940375
12932596
1599481
3683913
6834067
10676633
11435422
12656441
5446087
14601043
625400
1459819
5087316
13180852
8473337
4595101
17234190
24601435
23263139
10493927
2224683
2079156
2789351
7268077
9632459
2140747
4485970
10609211
11155525
17702877
9363721
14885267
11672127
30577178
13457802
10319595
18025298
22587052
202265
1503230
726938
4549451
20126961
169224
2430669
870136
1191072
7174958
736042
6518223
6366571
5658114
1537049
12647934
6500149
4878596
7266893
557660
5997448
8779018
829760
686782
5842594
24261688
14223731
5777151
217736
29045574
4509988
1748841
37801
4462080
6172252
12440892
36365446
1501534
275412
1347676
21103174
3766608
1090614
14359148
5468584
33351145
100840
18357453
627909
2041492
1915565
4599074
1943990
498812
15512137
1896314
436740
12069518
15663007
3967970
21019930
4147543
11461
772073
29462540
11051196
69647
5032368
5134738
5558837
554756
12127142
3283843
38975846
10910324
7275205
5398226
7104146
3816422
3062968
12606720
5362079
1225375
95698
845570
23125557
1040196
3425179
1418308
2665926
16881030
5959728
1287792
5411247
25498844
2213922
26547848
2061218
1804950
458642
6585810
17836108
1552928
5368656
607557
4656307
10940674
6368255
4517774
7615407
56413
9655484
4758001
19089062
5177804
9130282
26497147
2030492
1082919
12134278
13955702
6919398
87591
23287661
9000210
961912
3270345
15932621
2266511
15570650
29190544
3163334
302477
23070287
21576377
1833094
1384450
1795614
9129425
2227098
4339134
1314043
11277811
4920981
21054240
7675935
80190
17357495
6707835
5190320
6085321
408039
3690462
17827773
506446
7804926
4574527
15085749
903763
9136143
1753474
24272848
19125
420040
13985736
5487878
6282108
5030449
3827587
2831611
21693240
19333919
2057167
7151805
5348130
4496050
31378718
4386896
10693912
21071973
438915
23828490
11570810
211200
11417171
620971
91793
17583115
6013112
5593845
31377795
8643911
13510364
778953
80409
3358101
6285006
23881476
884074
16055141
7016052
5448302
252982
5087035
3259230
4343760
746674
8718373
675318
37530373
8475944
30520115
4538404
2915183
2304620
21211591
8105383
7017914
14572322
11893805
7359896
1776487
1190083
14469725
27521
4379918
22676
1734519
1328572
1577537
996280
3997888
9322263
13166034
137402
7019947
9385322
412702
4987056
27252511
2771666
2547113
1272541
2522276
1109563
5113537
21190588
3897102
260753
23784430
12992155
8526627
8030187
3183066
746929
26608624
656847
18839
86171
5305127
1395801
808708
40330361
10918865
2209717
15573598
3261140
60453
749214
3882082
190709
369101
37018136
12787582
1801870
29115137
4516259
6939463
3196270
2606055
3871467
2361076
25554328
4147810
3798037
4600442
2054463
1261438
2707635
26664944
2032962
2314264
8434772
21490528
18659471
2227486
15392094
426909
695503
8082240
2868788
1654500
4632583
9875994
8446168
2578955
6323832
26420432
38612390
7060430
17131596
2480841
170433
2405502
16147217
2104277
2591270
25804405
15987301
388518
3858127
6711268
23718855
96976
1124282
14706477
1249698
9071370
2187669
15346436
255515
7909236
688634
2679189
112265
36944517
6526632
5592218
1874065
7219277
23976479
190573
18248164
95878
5184887
21462948
2085389
40505072
24726893
15641454
3187053
17472349
2582078
4400861
7080754
1518271
7596211
3105868
2971846
12152720
11407147
4352770
12099867
16410823
6388447
9982312
2706832
25553422
16015155
3822105
10724523
20749424
5371494
10029891
16418148
17811959
3238694
2890282
2099973
12098206
15042885
21790158
19433090
724259
2142250
2045506
24196969
5106149
8002013
8190248
105035
4265311
804770
64841
10827265
2066634
518517
18324917
12241857
3780653
5960930
8731934
2073800
2167755
12834422
257392
8475173
8600213
4344681
17677641
3226083
36532
8992697
792094
8481563
5411239
22197613
18687801
4735526
2775078
7017
2784047
6417000
10039788
6703467
3459679
521063
164980
610849
3831281
5299257
657343
14447988
15507513
12709351
22491901
3951019
30859181
5801670
695712
123423
1233726
16436766
697605
5131998
51997
2043228
1691344
5450884
8529085
14563902
10037947
3984134
804282
7237925
8029896
4125161
9866750
8167422
7288491
1380664
5974708
30436221
3320276
12937543
1018140
41500003
8041656
576590
5302312
8625290
5191932
4638238
9010012
13755320
1013704
31982982
4367844
7664629
1873999
2898453
33896783
427416
23092338
2740533
3013564
1742793
4303399
10723966
30402224
292624
52796
3685948
166870
16406305
939937
1449846
2609461
3855867
976226
9195702
27621309
8942474
10740
150375
5821932
5617227
2065210
9465500
2902554
2055041
1118154
1458845
39526
1355598
1616893
30303108
12677019
15767308
1284143
3398946
9574426
5046145
19800780
21378536
25048745
5337048
28851019
8398878
1110319
3844831
3993253
28668894
9447884
6885074
2983242
4977166
7836271
18753865
4553596
4377965
263067
1834653
306773
39379838
837464
15144021
9337103
10332
18012451
16889
9126073
27682
9039914
2043236
2206815
6536439
22896047
13321
5594568
608273
2873962
2114091
2218348
965889
28013277
17440443
889085
28285122
8058673
879222
547923
11703705
5041706
20262566
46199
252259
12041664
12153681
8140754
5096023
1192116
21803642
1188064
36964
579555
22837192
54646
18231758
6940139
12266448
391240
1503840
5376147
20965693
9981412
865309
8618252
8030778
2789891
11017182
682368
4355494
26863020
11939979
6776758
4799583
18640278
16036382
138853
10636270
18234750
3482239
34097879
1651785
1488481
2198249
10343130
33960216
1729001
172206
2605525
41975
7217696
5231019
1851075
21849497
4379337
620792
1624087
31525
1130313
3357598
5548143
5138518
6727684
480678
17632406
3349541
11751798
413057
13065180
4569005
4726672
24644341
15725491
16000317
23588962
14420623
9041239
10381624
360265
6958596
5012312
4692982
12972858
2480613
3619395
287366
1359874
30976039
566082
23771357
4397522
9254130
4594546
5206966
6561929
9533337
3667569
4400097
2440248
6250384
16997855
7075782
2522896
4799432
3741696
9453164
656754
94274
22946147
8897952
1730496
2033356
17651
2765282
4983636
1379901
8097123
1105830
318362
17090
857510
23144949
17499809
20093792
11740512
3771593
1268192
8599328
6442778
7309754
2254467
92457
12137262
3648951
277104
10030710
22287610
1903621
4542458
173857
12260724
17574214
2047900
106226
17040402
5796445
1772778
24259050
13146329
3182971
14152693
8828057
1341212
5843267
9578772
2700411
654947
1295892
4714868
2147148
4621778
1494893
5681941
25757746
9611162
15194283
277307
36457031
2680670
346724
4557526
8001042
26879509
9716120
46106
21640399
4937060
3678966
23993517
10214675
13183994
4825042
5750357
1055186
1474215
2512272
1400422
142023
901739
4991716
20830831
41213374
3947928
9761792
6015768
1373387
10544888
11047546
3857026
23286261
360506
13554641
696140
317457
1059892
5350376
490271
6839526
2334061
19318277
4316969
7814355
8072859
15284828
13533125
22409487
12359092
116095
16725358
29457236
7640030
3801391
6417674
24199753
319532
119901
13051097
17236
9921901
23694478
3479048
9672020
3995702
3611083
6815950
6047143
2144697
2019120
182257
35250295
5846222
9110947
10717248
1990978
9807348
2009792
1491003
19658116
24107713
18988219
1019066
2820805
17583687
19561328
12599424
20224960
27027
27605216
1046674
15516606
15625079
23564971
1770361
4468184
5970481
10109406
3201794
17706471
13112074
31339
10885655
3574950
2255290
7082476
7391721
5841720
1392266
9908057
432437
7185505
3820057
11155267
7785122
4015521
20937302
1714757
7771107
187088
1642048
5571142
3796128
1383230
108611
3587937
3293717
9589360
2779686
499133
5600643
1165260
1235150
19880578
2799051
95747
10204949
8704047
1446010
24289804
16058548
21040466
17892100
70489
278891
8261007
4987675
4866671
2256829
9541454
6065719
1685502
7608149
24209733
2930253
12679537
812502
2483496
21276263
2949261
4356743
2606253
1355715
38657615
605577
3456992
65712
616849
9205632
3799677
4871904
16563224
25518929
129314
391095
77130
6542765
6653974
92276
5805215
1339536
6326340
10767948
7460533
14564417
17448946
2144501
633242
22238655
804727
3438911
3449087
6281891
17519308
6017939
2317728
7575969
17206154
1415278
16137621
18867615
6367102
2894819
20363961
2420524
165835
1313470
3423926
6503646
9058620
13830078
9030492
1494512
2891280
6811907
287202
1660200
2010250
4664796
12032151
13478293
16033855
9607305
7104720
41008504
7339505
4153769
5374263
9731125
10372686
3459979
1493022
1287890
13793198
25974521
26387010
4936537
51113
28728355
5037583
1458911
107326
15915756
6998937
1010463
4769796
10110744
4837720
10334546
4498159
11977302
57403
13041809
9257697
18733217
1590307
521058
15324653
10805251
464093
3903112
1590849
208550
104333
254229
7999642
4907454
1563403
9579346
5652228
34235274
378918
12397964
8401008
5109122
17312929
8703721
42824
240039
2133683
14601404
3286169
22474883
5981961
2150801
14863982
11363186
6555661
7841303
8353644
3072579
2228649
6632681
6898037
359897
4453061
4497028
350021
2843454
3437112
408871
18980413
30545996
2789437
18332157
5648257
375802
2409401
3754208
30391391
5744924
5780128
11911680
997315
9102823
2343098
4204721
7009698
1952598
4734138
8690644
74778
21299062
7681160
3842976
4769737
8175268
6281791
4829086
17973498
31523483
10471793
23100
1975907
14442854
8319814
12229099
980779
2057979
1829688
2719372
8636335
616914
5574235
3477885
1538556
2791172
7042431
961077
38989
10376450
4035340
25424186
715582
789983
4129994
4630920
5134626
14098723
23243299
14213721
1024298
6928585
23373
791016
1392961
2165384
6034886
987071
36184483
5399905
171619
13105737
2747292
1077975
11632119
6029390
7656224
2103099
18438560
14694992
16057869
5395281
9848510
9192949
1105175
7160994
7436770
12292546
208574
13026777
12772666
369639
3674828
908206
2030290
107655
5763160
1660099
22976922
1078381
7189885
2217586
11643279
11429822
28914683
3328485
2377345
2141968
21211195
6489941
16084846
5576002
916814
5845853
16529249
15516965
10428910
45176
1223351
12661302
12906174
5140298
8513503
18951711
2022886
950111
13562538
5259217
1993749
6285963
5081249
23067717
7460518
7592831
3676517
251595
438666
316712
499350
905520
3969648
2017066
142855
1125825
2924127
992950
21510291
150740
2906772
13061
9389822
31774663
16119852
9108376
9227883
3203378
1397163
25234742
36987114
1440489
1026557
4623030
11262980
2565848
105112
2218145
1942638
1842058
7321414
2589621
836035
10912518
5848872
1393540
2434331
1112875
4835590
13982647
3726417
6559393
6935300
4803816
3610531
8466525
4718203
5229909
5930219
6061161
4509801
8672639
21478014
3872699
10767699
10913052
180963
10301019
4392178
4485373
8825928
4683462
8446626
35017892
3859451
1809735
276989
12008395
1879394
2630269
16383072
18592521
2825254
8686846
4430927
6223338
2185566
13632018
18443661
280637
15814754
1999611
992671
6566975
1122533
17102130
1629181
16384304
14301987
23314088
26359135
5007214
12733627
12123238
3015536
16317473
4202232
3808744
6310297
9745454
10687791
3455177
14164428
412758
5202220
3818786
28094009
864794
4875938
72823
15567968
2870472
3286967
3403708
1468561
4695199
15447191
2418562
11216706
2549947
17440058
2263588
11106628
2630032
1523746
3430919
2346349
4521480
3253818
3742832
726088
23011155
3032490
2911057
27059894
38311033
1936860
5863561
3863903
8422811
11821755
5600078
16913461
8065283
274925
22551160
331721
23746449
9776664
9058370
350618
1400669
4221064
25940708
37052591
6003815
4439782
9143532
909818
16081104
13294010
557292
12419266
3470748
14458057
8088322
4152743
6895406
4839817
759182
6267
4635272
2042942
8746979
10031476
3931752
969501
9876134
1999559
750998
10546583
2095467
4339178
20031378
12707189
2321423
2511342
71276
4862706
4799258
2313471
3384011
9302460
1895993
35036626
127123
5261761
2790526
7084761
6959396
18226652
3878408
744758
1069332
5829325
4606870
3676846
36729
11287232
23283389
8463451
11155609
10909
8676630
1086012
9501795
7084116
14102402
20929992
4164592
4356596
17776804
23763
9592230
2061092
1331402
3060185
8011542
22521397
13942979
22942435
13080577
1496195
213638
34756615
16237451
193943
3508789
2022580
12880503
5150340
2471262
6206028
7785888
4829018
1462445
7443820
2788299
1275654
17479808
5244802
3315283
6503695
23335526
3813645
3055767
10111514
6029113
5990580
1529439
317015
8466592
11587380
413797
13044344
2158688
1136305
4256
35589
1348029
2553781
25869727
15412592
8864352
1554499
319924
1082780
19543520
17294317
3356947
416951
9121600
498091
36720669
3347554
16065830
5717034
1317710
50061
4967878
3073489
5931318
10321025
6345504
170020
3077979
4544999
2549664
197049
22868073
6632598
16950380
50383
150960
2444239
17469477
4057840
1829202
31898
37272360
3075628
704945
3766711
2861062
11063
5807769
4256042
19716195
17997944
12662652
4328904
3582127
2250625
10343162
632913
14077960
1252090
22752967
2549277
115555
6735338
18324501
10740978
14591485
22511696
21593552
13566931
19056615
7287948
539166
2437873
3677059
1990395
3418857
10192777
4424772
2588601
4229303
19317254
232750
3839702
2042799
9559736
379429
12001099
10653957
6849437
442564
18476629
7183718
3377953
8952652
3521661
4614308
212656
5887181
2525677
6390244
5859437
17005085
2077077
27479682
6645961
5682750
8508526
1531844
22103900
13594224
244964
226615
502424
1441368
1357415
21451844
10371417
9087466
949931
7943841
6017935
817090
526614
17916721
19921
17702116
33068131
3927047
21484068
2687181
4292412
3756541
443414
177083
1207807
8419236
2507504
699627
5923538
782609
7552574
7973934
6076927
9396401
26353165
8913884
4383725
510734
8026814
22620964
23610107
3040478
39741
4735095
12355738
23589715
451395
5232008
4332844
16587166
5420347
616845
4211341
8824139
3656316
37460390
195105
887791
2373349
2042820
71954
7394846
2121326
19442667
4838467
2043121
9558926
7945234
292014
6826059
5597539
3303981
1350053
164227
10267162
10085495
661342
266281
404868
7343
1581308
12168797
208641
19968082
6844237
891490
5005395
542188
9460788
3799255
4291205
1359619
4732753
460868
4295820
24784
10730978
50465
4317865
23303752
6970099
1720390
15306292
8606445
15900055
4084871
21207069
207618
62842
8268482
2727401
1678007
1221775
11439454
411426
27395674
7590059
23553941
75336
2025772
11118
2873791
893273
4324655
8360130
11406205
1343831
1150096
668
1781286
840549
3290472
3186613
11425956
7770812
11223
8763439
547606
179818
6844315
3831593
936246
9180460
9043229
11973520
32011196
1899232
1897615
529947
12842811
5171975
504239
4390863
29356560
227265
21593754
2280890
384616
2172853
6943392
23803809
461015
402801
23654233
406360
3506709
5180127
1757489
27232136
5141078
1776985
2230058
6579517
380982
226796
22947612
828834
77413
31603062
2632544
8057719
2312069
9241890
5985798
532093
4422378
2618420
707607
8603896
353812
3062328
82148
4801864
213803
1799199
5981548
502069
616879
414428
10341858
14629915
5773401
4020191
5019563
20574228
24037716
36707614
1304673
3240553
2844759
3866096
8622810
