562
346115
2972404
2357022
5083255
2414071
16034
2503584
3845988
1192527
12506949
7257296
208968
4815490
13265474
649150
14981
5920164
225660
174987
40790
150960
3700
1007621
904502
772388
403597
8823831
3013423
10449274
798057
5888293
16654879
19277008
5662907
2940421
1135393
3353728
13222709
779178
4867980
60712
6526691
2612909
91836
8894015
9208197
31164
6682483
10914837
453564
3713008
67355
2032323
25412
12985444
1732
77577
5223690
2711516
4870943
3688957
5261664
4476618
1018982
67953
2583596
3462535
19561328
2366713
40175
172941
42463
10267961
965666
13664848
22157746
4597021
11470211
4600285
4972897
6837396
146809
299
4081105
3696454
8071144
10076664
4444703
11979194
94531
2424065
10531310
3148941
2469422
12245921
140199
1712811
4262
1141506
4931179
6635639
2144501
1349932
12596354
11610631
7590350
833364
4298170
5122012
2875528
34593
8843078
81887
5682326
9723175
1194288
18100405
1865584
20813957
413838
9606972
4006848
1318962
1449542
5824533
656198
430050
776544
4983671
146854
10672725
13296076
5747486
5727122
3949570
6917667
25587802
9279019
3405398
2149861
25765
2259846
9071090
482833
3817489
21682
19571
1796582
2089025
4474204
3244123
337774
321597
28321
4282198
3794
630365
2830596
2000208
11043906
895989
1956064
798556
8495261
2024443
7182651
4748122
1122835
2886542
41599
23976122
1392493
345442
1938686
1605290
168811
1491003
3283795
31853827
14143836
2982412
284716
16208498
4229950
5885787
4444667
6271199
1309784
3938345
5759085
3669597
3947763
1697648
3949887
1692057
11676399
4804029
2260091
1302958
334405
119352
93924
12929257
560829
23511230
886544
6882693
12232466
2217247
5015896
10136505
5838512
39526
1119268
87357
8747
1849080
6219991
14567016
8332565
48226
226859
5979348
2750309
4320315
7664670
4145009
17412369
6585024
5935362
2498339
4082196
11210604
5187329
5628754
0
2064621
17735964
5190999
150740
911416
7695453
524159
194215
1128434
10094129
7957925
102373
145986
3869107
2499792
8288756
24546229
254418
15593131
5338450
908955
5577016
4290441
8023864
154344
135649
8273
2532057
7503205
24424067
3361621
14107065
14142324
23871288
271354
19021254
13226995
1911538
418383
5555170
3072423
298759
22420487
3929695
1561607
2341353
2529973
3948253
1261438
5325781
3829450
21250724
222199
4894694
2011062
4100982
17243729
459021
9220544
5593845
2706832
4612665
4462150
13652406
334363
4805153
4069634
213790
3454647
4406103
1843279
5694561
11667553
12207823
1125942
169111
9697537
16120789
1445642
4583410
2473898
16496316
33170471
1152735
20345233
10170362
289821
3689334
12661302
705696
3875380
5651567
5083158
5151008
800315
677143
541589
5293328
10034976
17973498
4058231
1683546
10748073
3021307
8030187
16536024
3993287
9183728
975671
5101919
2221028
14174901
4339178
1565798
6338728
5854668
1837967
7184594
4657707
7007002
7896011
471870
5456231
4082907
892034
15394187
298913
4480303
11743697
1411555
42357
7
414428
5421656
20072526
593595
12803471
142676
285748
461015
288074
8866392
1181107
5299544
2880025
2148325
423501
1874354
4511628
3202475
3475758
1832010
9075737
88516
25839063
2014292
15416676
637690
5491239
5590507
53645
2059309
2729452
7538041
1629767
12457493
11201340
29186
3386497
25391
3216086
12445576
580566
2314261
18988802
2120717
16461
6467200
8163500
916043
14073502
15233331
1875356
14570767
25759380
542396
4476253
17625195
5887366
2685713
2408749
10338814
1935160
6637125
13302307
5164879
4368171
6527203
4287299
5889296
5659678
8101322
2886414
4203544
6712070
1727238
5066900
11164933
2471515
2751082
4439689
2329451
6861211
4393
17132679
11379731
13757631
317457
1193325
2794824
2607343
3841450
1504822
871436
5152306
811778
6747936
847803
2902101
9087466
6989103
5527638
7970688
3185392
12457189
5710844
3469290
8760897
4050769
4263682
200894
296872
9015605
1946704
9460788
450975
5347996
12272965
27244969
206099
6844427
1531376
5032376
4998216
6516522
8443829
7072388
12839921
2561450
757517
29622820
11448367
8305997
12377770
15909
1653626
4384780
19082
106358
2292315
2667
3844558
2675612
9286360
65657
1260893
147785
150541
581614
3575683
12058378
3842505
11645557
1802226
601724
6858255
4748924
7326204
2516402
3489643
4701952
1846804
1820314
3145233
91856
6755932
1959067
4135048
4780914
12069125
5110677
4258803
424743
1398678
12000162
7558710
6484416
396145
4581996
5662119
5650077
3268671
526250
5012036
243316
490252
202028
9765191
1489956
3547514
166347
6015768
900884
11748016
5623022
2871362
74503
4740056
47107
5985453
4497028
3685948
2749095
1141558
5959970
966219
3853547
21510291
9051863
4568547
1806301
9869816
128
18030288
5148022
8965674
10603750
3726417
7912987
3793993
38062870
5735262
3658153
4990012
3619395
8653054
4631420
3202737
15254085
6812115
6063314
1563748
3088023
3307612
27932498
1893287
3075660
11250956
116953
147579
2018955
12915503
5211920
11871
587887
31824669
9371994
17400522
5558837
367306
16953741
4386896
12362829
3525592
3883028
5187426
2107408
46303
5885442
5004428
8446450
736005
5882585
7194513
10579567
9896609
2232644
156780
19208112
997916
18667216
5658114
2881010
4769078
9812115
5570607
6517899
10412099
1376047
28605413
5320
4162
45257
2280890
10974345
14706477
11178855
2832039
5588826
4564243
21190588
1161957
36154311
4648907
12612346
93801
6340757
2341033
833047
34009
7219741
4876513
3777714
7709235
1360123
9434866
9185151
4261156
18652611
2144952
5261559
4791011
13113543
84958
10047839
1819076
5346974
1411223
7657275
6342634
1074038
985013
325693
30965514
2795165
4985051
34542713
5390986
20459022
7383777
3961734
957436
6368255
20449451
6041254
1075963
3877801
3420599
16993107
535176
3087043
2507238
12208746
1878330
4534460
10749421
5800120
21026392
5909418
1843411
1340424
10715087
1292636
5517875
12325246
391240
10326307
2895911
5486063
1
5190320
32920594
47364
529849
2890583
681752
26892836
3380158
30785218
3069095
2420931
2750712
4579158
5518350
807765
3949916
5484165
2799051
6403960
14226879
22209873
490975
887117
150657
2703978
2965970
15915756
5570085
904628
3533875
7552574
96622
4973336
4882703
4146380
18318459
5200574
3667493
26107898
7917019
448082
3340646
175733
8674696
9497806
13058730
16660
7099549
969898
3077038
1320274
3240285
5963029
2091450
33565836
712783
5398302
3062328
731680
8096625
12173416
12514614
37363195
1102926
6905
2893864
5909486
5840478
7689067
2057296
17858667
1051206
4270828
