562
2972404
5083255
2414071
3845988
1192527
208968
4815490
13265474
14981
174987
3700
403597
3013423
798057
16654879
19277008
5662907
1135393
3353728
13222709
779178
4867980
60712
6526691
91836
9208197
6682483
453564
3713008
2032323
25412
12985444
1732
77577
5223690
4870943
5261664
4476618
1018982
2583596
3462535
2366713
40175
172941
42463
10267961
965666
4597021
11470211
4600285
4972897
6837396
146809
299
4081105
10076664
4444703
11979194
94531
2424065
3148941
2469422
12245921
140199
1141506
4931179
6635639
1349932
12596354
11610631
7590350
4298170
2875528
34593
8843078
81887
18100405
1865584
20813957
4006848
1318962
1449542
5824533
4983671
146854
10672725
5747486
5727122
3949570
6917667
25587802
9279019
2149861
9071090
482833
3817489
19571
3244123
337774
321597
28321
630365
2830596
8495261
4748122
2886542
41599
1392493
345442
1605290
168811
31853827
14143836
284716
4229950
4444667
6271199
1309784
3938345
5759085
3947763
1697648
3949887
11676399
2260091
1302958
334405
119352
560829
23511230
886544
2217247
5015896
10136505
8747
6219991
14567016
8332565
48226
226859
5979348
7664670
4145009
5935362
4082196
11210604
5187329
0
5190999
911416
7695453
194215
1128434
10094129
102373
145986
3869107
2499792
8288756
24546229
254418
5338450
5577016
4290441
154344
135649
2532057
7503205
14107065
14142324
271354
418383
5555170
3072423
298759
3929695
1561607
5325781
222199
4894694
2011062
4100982
4462150
334363
4069634
213790
4406103
11667553
12207823
1125942
9697537
16120789
1445642
16496316
33170471
289821
5651567
5083158
5151008
677143
541589
10034976
1683546
10748073
6338728
1837967
7007002
7896011
4082907
4480303
7
5421656
593595
142676
288074
8866392
1181107
5299544
2880025
1832010
9075737
25839063
2014292
15416676
53645
2729452
1629767
11201340
29186
3386497
25391
3216086
12445576
18988802
2120717
6467200
8163500
916043
1875356
14570767
25759380
542396
17625195
5887366
2685713
1935160
6637125
5164879
4368171
6527203
8101322
2886414
6712070
1727238
5066900
11164933
2751082
4393
11379731
13757631
1504822
871436
5152306
811778
847803
2902101
6989103
7970688
3185392
8760897
200894
296872
450975
5347996
12272965
27244969
206099
4998216
8443829
7072388
12839921
2561450
29622820
8305997
12377770
15909
4384780
19082
2292315
65657
1260893
147785
581614
3575683
11645557
601724
6858255
4748924
2516402
4701952
1846804
1820314
3145233
91856
6755932
12069125
4258803
396145
4581996
5662119
5650077
3268671
5012036
490252
9765191
1489956
3547514
11748016
5623022
74503
5985453
1141558
5959970
3853547
9051863
128
10603750
4262
3793993
5735262
3658153
8653054
15254085
6063314
1563748
27932498
3075660
11250956
147579
2018955
12915503
31824669
9371994
17400522
5885442
5004428
10579567
997916
5570607
1376047
28605413
10974345
11178855
4564243
4648907
833047
34009
4876513
3777714
1360123
9434866
4791011
13113543
84958
1411223
7657275
325693
2795165
4985051
7383777
16993107
3087043
2507238
12208746
4534460
10749421
5800120
1843411
1340424
10715087
12325246
10326307
1
32920594
2890583
681752
26892836
3380158
30785218
4579158
5518350
807765
5484165
6403960
14226879
22209873
2965970
3533875
96622
4973336
4146380
18318459
5200574
26107898
3340646
13058730
16660
3077038
3240285
33565836
8096625
12514614
37363195
6905
2893864
5909486
7689067
17858667
1051206
248971
12415210
63329
1098667
907701
17700959
25592491
7813124
3018551
16063
2070533
4998524
24127059
33723106
13939577
284525
11263732
24075509
19582700
902689
1132479
1139150
10420731
12087005
6688492
5772750
2363033
5830084
4391534
7794025
18044454
9079596
194392
9662428
34384991
688532
75553
5373373
4832909
9070545
8435364
1009133
4751730
14295391
28952605
11215519
6858167
3522817
995746
2594110
5115210
870863
467313
6735979
6274839
5828092
8554266
11266275
376939
14304187
54773
9357280
5918529
16455
13905933
6858529
17794218
819053
7905162
2940254
268593
1340482
2172271
5241824
4572964
8406539
2867146
3202475
23707475
8713705
433260
2560571
7204395
7944133
7690560
14602461
1992054
18455
8401472
9995324
875285
6656598
13226995
69617
6866859
5199277
11132091
1784377
3489688
3954703
3683417
23938743
21173
10890800
5676094
112765
5214603
4842821
1098340
23460946
10242270
7980733
5334421
72568
10616234
4355113
8706995
9486038
367398
4389737
4434488
9258764
4262513
12792906
287480
20429073
2027928
12246614
1971405
6089013
8498911
5764670
34359387
3200571
6784265
13011480
13126424
15757893
1723232
5204292
456018
356576
768013
17910588
7016725
8594566
23715
451490
2490858
532344
35624316
2026024
9461062
2190708
4461978
3834412
12794016
17146421
9359415
8265635
24192593
21175194
9640594
6986873
3361299
9812771
8900246
2868041
4663905
15620108
6394870
11537940
986311
4888050
4372766
4803384
130490
320021
9755476
17797762
11392012
312153
10080178
1941292
1140605
815202
504640
32984674
8525586
8678293
19014774
9463940
233629
8799110
3287311
5154906
1765469
2444481
2069879
10649989
23084096
467470
9217582
7233602
39643043
12059124
24360019
81536
1862740
10389169
6973085
1126809
5298456
7591456
2761181
21125966
1218020
15933158
9698723
4383375
328425
7075949
2420931
2627073
3445965
3341674
460512
4660552
6426987
8307145
11476676
3908336
7246664
7239949
2237225
19603115
9834084
5009548
353230
3643000
128298
27001622
999568
5898488
36936289
5843656
8683933
1555
4692729
2121115
25853049
23927688
2285748
29140938
29717979
227766
13849480
20424054
7189491
450381
59406
7534363
6505892
1836746
7570110
991963
10032618
6142147
156445
14295332
28924452
1058532
18419969
671530
1713744
3972083
9105293
7981930
8366238
3489583
479842
3388126
6912417
13148080
3876326
15154496
29149965
4336668
5379978
2884781
3584800
39465
10690753
13272173
8573039
3603835
2007468
219772
5108460
5228667
5422027
12469287
986628
5459505
9684245
2159552
7914136
5348995
4727436
1123704
3705968
3629705
18137082
3185916
17586384
6332849
7602936
4512826
14621978
3344730
6340757
5670980
23966555
8897863
20014017
11514135
25702131
356403
538762
43267
78636
12627022
10485151
2125284
18933671
10500616
28981374
5064850
8435066
9645610
1089767
19341821
4505670
4337324
7927145
1580290
13688539
3457094
638280
218122
1378219
5778704
5119715
19907661
1406869
6398030
2024234
1218057
34404452
4344552
1854661
3372204
204298
2967561
1676052
6098500
5266199
17540894
9247488
96631
5833680
2683359
9173777
1389329
29681
361607
5191646
21448575
14099375
4271269
8945322
296911
26013922
581137
57632
8989491
15943665
5357063
1100604
5875710
8562515
9064866
1387208
7749254
64885
5326553
13809131
10277184
26830938
4104149
10731088
2454372
1340529
9563990
10067270
5507025
4882011
1623516
183381
3087033
9695187
1252461
161911
48928
3966278
10281868
2149830
2226070
4894168
12451848
1274362
173384
14235211
4161527
82585
2544405
8082917
1487144
5563744
6341707
3164343
2707242
4534154
4681175
7616846
3929675
8768130
13323221
608456
52650
6483714
2248551
22555276
4320765
5115389
19019648
6672433
973909
2967481
10111599
7264267
2717384
20822384
15473802
11393058
1454845
236893
6129942
15005103
1638790
12838
11805481
16480553
1896054
2917771
7295926
1226036
390498
19605313
1074821
434688
4139013
12929257
2075461
6025681
5655928
4147645
2460150
356982
28016438
7687786
9351086
11671222
174571
1454190
12925798
2700766
30727451
2879760
5914888
5534092
26572
1545354
13664848
3984146
757989
7904621
3783873
2306328
8409364
6400929
22618932
2778194
3169842
24026936
14618437
16072817
13383308
3865791
22677701
7426036
1078300
9719190
3622346
26339691
156766
18229055
2203009
616910
72206
47639
67329
177573
4050757
7051197
313892
14537603
674547
1388542
1058108
17884715
5975546
10813501
66140
7994985
5498417
1090325
5575642
2653540
2159678
1049847
14156047
7888494
2764531
85223
4671971
24227682
5416972
3913334
13192663
614782
16893
16056262
1274834
3174485
98259
9517655
1290803
1683633
16182556
16333397
4652543
2180861
10827050
240714
27466393
7979050
3361223
7619118
15511154
13978333
16598418
10463575
177768
17787201
2137745
2070969
1900148
111063
7821524
15069338
24110157
59414
11382874
9104569
3944457
5527847
15692598
5242497
5267289
229271
11416515
191987
315974
6485639
61705
7737101
2659479
274103
13145969
28771240
2270549
2830601
11121762
904567
815216
650584
83142
1698216
12850208
10224260
3930409
3720014
4626737
4860833
3871544
11480186
398518
226670
2787835
4947602
29706
829149
2722345
110933
5808950
8613514
8548645
3883106
253139
4600640
1597562
8651815
3069724
6468357
4761223
2818252
20826048
5134059
4492847
1014789
12649930
2336219
14234751
16638920
9825454
2903350
694160
5170428
7424808
3489643
807469
2393805
291379
1184888
5909650
31164
300849
19993111
6730675
6371353
25027196
672697
6461714
19292605
1853515
2453004
500150
4149819
449048
19688490
5721425
12680417
2756598
3953609
1888893
893605
19848029
4825576
14807499
4789865
678148
3743986
7659407
7676635
70491
949675
11200327
2371586
94725
29371590
26289082
2300296
8071144
279362
1012748
4140302
5038162
1897088
581692
13160317
23767
5541554
551079
2099112
343743
3030999
5313585
10383255
5420072
6356306
3010791
34609
4171042
1185297
32285
18572822
11656343
32224283
2755818
7670994
4097878
4500359
15773351
3434317
2626390
4615239
6855443
11469325
25620008
909735
5026087
5370570
12901533
14723431
14387
8074080
18995603
12177751
2094029
2052006
12184521
23641744
58188
5598943
8401118
1468016
1234417
2307010
389496
8425052
871053
2715405
16890
1138656
4118687
10424708
1056245
1709109
14006136
7169810
28854087
6767236
25179794
5512323
321991
3288762
208613
499344
21764283
8611423
6560650
1561292
74787
7028600
1020043
7820856
85049
5432626
22684671
15225615
1880760
3865264
27401
3881190
7030176
1068641
11914148
8501790
1187456
279246
17709484
4380883
24488475
5456398
17438667
968918
2259846
2544139
2388571
32588
4350709
944806
632867
1231148
5478671
1110847
962192
23759547
11934769
5777093
27401157
8274506
23278805
26609931
27514248
10588940
7291009
3358846
273422
10253120
35385343
1740529
4670860
3348709
97284
848259
1356805
5659795
2024176
4941466
2748270
4192196
5085230
19327638
2796536
6590428
4796704
4587078
3960140
11165692
40050594
4425333
1083311
12907974
2288852
3517782
21416745
30852502
7577049
2407903
23976122
25857311
10012403
1347279
195390
15791627
9104827
9726462
4226345
430170
13619896
1059054
400765
1672817
1423025
5022049
13321086
12531560
14849652
4207608
4430853
24065345
666059
9636556
5094113
8275026
451684
465447
4646043
33706278
5157804
91997
5843774
452767
698503
12318558
8847680
1578763
3530949
20975698
17886381
15385025
3766304
14282442
4993892
3430336
5076516
3240705
4199284
370236
10106781
8485438
232132
4433
11197153
4100862
4658031
6481714
10974008
9143755
3166209
2091451
1098931
74186
8448499
452746
3201709
2064721
5998749
2444232
36332
1625835
4305367
2836431
4658260
16129488
2495221
8360856
7099549
4590990
3252858
4302020
9284978
1007621
332169
3911856
4823792
3175814
10212284
2128170
14647976
4728214
12972944
881790
4652512
4638892
32960481
13209250
11167054
11953294
7614958
12398756
2431908
648927
9723175
4614991
8169119
11984364
7485202
21248712
3949747
5513556
5208616
21682
10601861
1008907
11199083
3794456
2783864
16536024
6580302
10104624
2213519
1234887
4170298
8521724
5378070
458588
84897
21275775
167880
2307473
331763
2965928
9653887
13145229
7453457
11077947
5097498
4064688
1678354
308158
15542558
4398654
4684278
299283
548086
18397814
2759849
4476253
4019823
3263282
1725602
5373607
1683437
12158044
25897
1376966
9544622
333680
6457598
33396833
14785312
4284315
761396
4063859
7275720
1630638
35242474
6054112
9415438
5486984
15698
13278876
6825672
1502854
103370
14299
14967347
6631858
5372551
2717568
2537570
8328970
21501747
6290011
13878015
266093
33053862
15204525
4405722
11448367
2158820
163240
1702076
815422
6523043
18547204
444566
23312834
6964519
14530497
12911949
50572
4672614
14835077
1457828
3032846
21467089
2194306
13670310
4994131
15986989
3360704
542113
2219444
56918
5673453
5736413
7649219
3072638
732551
21146317
56976
5307192
35629241
2743372
3520714
13793986
34861034
1762678
3118549
1612071
3882808
13878109
7898377
4867978
7277899
4058231
17734928
3735259
2338906
3866396
59434
331503
1402357
3257
8587904
22470622
44
1125533
14961558
4941124
23698105
218263
8125445
10665875
225220
1475241
7989976
8612013
2501568
8907538
10230330
12485384
4270828
5988079
1340584
1587490
7216922
14090591
85379
18259237
8718233
1089862
7959942
5188932
5149773
20802453
4680384
4795333
250505
5131551
2006500
17186523
361424
2877204
17492208
5184957
29324768
6349959
12670327
10887236
6445832
9989144
2973643
1190191
18183756
56248
281440
7503819
761493
4977754
1998280
1027611
8094194
2559710
544829
2092940
7150869
809099
10381423
7822917
7232227
5226037
6549044
1593251
4047157
2199099
2871362
7589232
2419597
14349131
6906013
5576931
8964
5410882
3648364
581883
19907740
8322160
7523144
39586689
22644299
7517101
25991
2885878
7043564
6920613
17068131
11515827
18225505
13296076
13188836
89358
9922626
551913
7133956
2984417
5193125
3142950
8850167
7330467
1523781
865672
22670
2613067
12759633
4402949
3185123
4647508
35756
2240694
22457842
2388349
9284839
13917696
4551456
2499111
9360765
8042714
545403
1988660
6249079
7811075
17684051
1574339
5798568
6510558
7393971
1587700
1683625
8288769
29222817
3308704
6601116
17577851
2001248
3489739
871518
3149354
10076874
4660003
5762279
2907905
7955709
8751621
16130
10912247
2341033
30975429
27665
8113843
10619698
2883835
1152653
10127083
4476086
5198466
5345543
4706782
5585029
5573120
4697805
9483260
7538041
9920379
21482
2652367
13983783
5806758
2459804
3688957
23333588
8448076
276796
16184
389067
1617533
16826444
25574119
9534394
7680880
1196568
4816011
557611
19567859
12413269
15462080
4420503
173476
8607189
2390483
23297575
10052510
16034
1973819
5749439
6494660
8507579
1946704
5552141
51883
17096399
956810
9573138
11753193
924869
7984978
4755128
5326106
8149271
8521669
15320991
3648285
5455493
1830190
3835149
2144794
6465495
90886
833364
11603811
317903
1350096
21834749
6955418
18928
10119529
9104667
7765353
8085050
1590145
4384795
6534192
4287299
20767883
12635761
1891294
7770638
488
9860688
9516002
2090557
23530948
1200597
12698170
5316169
5833786
24079
9131202
29760
48858
100753
646650
10257657
19024879
9109555
7791915
2342486
16678501
1032856
2759430
11093014
27513737
2079727
14787484
7044786
3069959
664471
24362430
7939993
7954335
74654
4814360
7488273
978266
3463794
5897592
5862862
616925
8531024
221030
2781782
5670077
5609897
955403
9208442
5508629
12337092
1121556
723837
872689
5851562
12843778
75487
14211341
1950532
1719388
26192025
3745957
5966591
15204972
7930027
3810877
22945767
1707037
11112471
29699636
1580576
7162371
11251999
1932391
9854136
1362093
6602966
3992988
3769770
3414042
2163199
1302965
3597454
5198704
3913427
2616898
2813324
130044
4707545
194873
17593878
3335427
9291229
10666387
2164111
26997352
119057
3069985
762
37309868
2297497
4484549
12019146
4056297
31847917
19073440
19502772
56261
4283521
12830410
1050134
225660
13117914
6478486
21213840
15673974
1898748
21019296
27731335
3405398
5135458
1269913
4149179
4370990
1645523
1694711
4963411
18574289
2791147
7096043
9641617
3023133
280316
3802045
5286387
368377
8118370
7182651
88476
34831
515444
4733930
4617397
7280352
1344585
9134
5194716
2612774
2699567
432517
2494479
7600130
3993287
464935
4243216
11463459
17307320
1402094
3658160
3947596
2106832
439364
15499829
19829219
27411391
7219808
7151730
4488737
213785
9661890
25731761
56204
4643189
8940223
28845604
56361
10212429
43627
32937052
207258
22178769
28468449
2832039
3488771
3789907
3648623
4298315
3433682
5032587
8557709
12686199
1912118
23871288
4523732
3619370
36409503
1849080
75282
1216093
5876651
5832614
1119268
33428601
12562779
8660761
17525129
6607453
4857546
5533211
9865404
3854644
4880589
3243260
7725365
20725748
5298917
1122835
4333131
5226872
9516976
6603228
1494026
6247883
3424545
15626406
2530228
15813079
12724157
26777
927976
6749958
18195199
1445930
66128
17902032
6954116
21542805
1676119
14075215
413865
344496
7476249
5482813
4928946
4238524
4551429
10739430
4908480
838836
4191112
15384219
17526992
3118616
19267465
1309958
5975008
5469000
5642544
846300
11711851
122882
2184739
1838592
5109555
5821626
12583349
15691024
3540431
2341325
3778254
19142117
39548490
2078849
20182606
19839111
5094180
2788116
1379252
2143781
8399391
4552456
10745594
7686
2091450
1900551
432988
4050904
21665044
4716050
6565489
6837613
29801570
1134670
11743697
1513873
2160621
5094299
10170362
7524989
5954279
9480948
4352849
762451
107938
1493954
5232043
32891652
1436753
2483459
6805676
757543
6432412
6526151
566067
14933261
1961455
2099976
16351181
1661339
47364
1022184
3667493
5936965
7384377
818082
1099365
1681037
3083293
15433690
4937871
17630665
1068468
24756459
3362627
5620814
9824500
10136740
2940482
522568
11437002
5615511
367064
16827
1003220
2162673
13004461
3257969
4606266
2402245
2226987
3339017
8587736
6084608
12255186
6592053
93777
8663684
2959229
10310149
6247384
3141819
8734070
10266122
4377701
4628307
10185502
12209778
1563886
5128177
12422358
7076123
7928884
15103975
5776425
6148296
12236333
4375797
6735579
1631372
3289157
10869636
3940848
8187425
4117561
28660915
1438427
388766
2556410
2043210
12101593
8486141
26756271
1436913
24511790
14311674
164988
21000830
13628349
7611367
767745
2193644
1121755
3862322
912779
876609
1717984
5168606
353188
4474312
9328754
8523418
9886993
35244944
7051736
28239107
3794
8362754
2524607
4338658
215673
3987519
6720430
5173468
4262862
2199093
4558048
3363695
4748133
308427
2926499
192699
1649889
5615572
19537472
24948268
6958514
1885753
88011
7879908
6939156
6605881
4576653
70917
3185606
5709898
4483132
8994622
12780718
2828729
11071798
1281303
32172154
137125
10176355
9985428
15233331
6516522
8369526
1672552
1384335
13478571
7759523
1662721
104573
1258149
9879080
2547110
19446962
5051958
15429249
7899036
789191
564140
538482
1303076
1223936
6281035
7883415
6367140
6375929
4533901
8520729
7175746
24374649
17302943
8867214
17314134
8752878
6137696
30035259
31549
1837602
8862138
18293932
3299620
3778705
2431683
447346
10138350
9710697
5466108
2723400
4098365
5501408
401981
115442
90369
13387069
1763856
4785707
3832722
2135307
7952753
7443
29865020
93565
1042668
15646794
7680545
4788402
892034
1612161
156780
4718969
9528366
298795
4877761
404129
9820437
8045637
988
2886286
2893957
18450613
9306070
22521120
22884867
801464
3450616
4615665
17132679
17261235
2042903
1483136
5149230
265941
2622467
5093500
1938686
7552403
9353607
4739896
4509091
270228
55005
16806109
18186
1953352
1868283
34274295
3828540
6735085
6032039
5999444
4219796
20967281
1250683
52375
1512288
740809
6411
46335
3397947
6928272
6069912
21039072
10923868
18697743
6067295
21248250
8506562
5482092
36226
698617
149369
12550401
81254
21844402
18338868
28673746
2356963
12700946
2271074
5653641
1127705
6072740
4496065
5622515
1440780
2897120
19499143
201524
2437091
19288172
2222113
1078931
2218425
9419527
1943804
5122012
16264214
21066005
1146129
13299475
3003652
3601214
2195072
395707
3534355
12293262
8643404
2377318
20161111
8635889
27514948
6329862
13138707
201265
4847407
232505
14045458
9468630
1448645
13192258
12387910
3192365
8801271
730474
7880837
8070268
5308322
1227375
1027603
8668422
24735397
381451
5420460
32190
6804839
844364
130973
13399340
14498
3596806
10624386
5237472
28111365
262190
1452931
3883211
599717
186757
5167264
4888426
10564961
7945654
4768054
3101266
5817750
14657740
15317693
11056798
22578412
226999
5871963
25773890
277390
19410
5134932
4611731
11180926
10854989
4797433
26645665
2182805
2221035
19835214
1712693
322119
3373153
472113
22217702
2007497
2675435
2192709
21100
4327594
9403981
364344
2281948
29998037
9188205
3511148
6801173
7304509
2871631
4670693
11906860
1481165
4859568
11814975
33027301
13455791
2391733
651163
6424194
7017284
2040599
22090459
14334203
246152
7873054
25934369
201120
19716053
7619429
34337031
5355595
1821000
2082681
472417
37831189
3382494
323244
8607364
2920191
8263380
12457493
1040564
32622231
7560970
1196375
7268865
10245906
12200025
29208808
21061186
29042
332899
4274916
27040745
1673677
1739060
3475758
7360886
240309
4815948
159977
8343423
3944807
6701902
14971608
3052150
5015634
76600
15138197
8849001
1673859
16003018
4300841
5325238
3345269
8398867
21915
13832287
26745280
7194513
1866020
11289210
31292638
1791238
15195530
6484416
59448
17914061
4966373
25767936
1423789
18417662
1811044
32572191
3315613
12663238
3560218
72609
5089719
270208
45379
15619434
11178264
8639115
4568547
1489817
15493682
15277098
85133
4796835
4782071
5658738
4773174
1176925
29790987
654224
8068353
5039509
1762445
3534488
877240
5659672
1570007
243316
17520661
1114065
6002693
738876
881409
1224585
396
11892665
1696585
1973482
12173548
25753164
2693155
1140266
9117103
3436715
6464729
4360994
2785367
6279237
292034
8806589
88632
1634607
25188
14065690
713959
10288515
5663899
8126391
71702
28449495
2220533
3174094
257970
4156298
381917
14035613
8949586
2895911
8487861
5921594
2164868
5916104
6647
5879690
2522076
4193263
3028538
750240
266442
32022548
191179
4910717
9696145
4022409
23866052
5419489
11649524
7280391
1732412
19355
7917672
9920934
2410833
5508785
10119780
6304676
6953819
1695717
1612192
1160040
15981012
11989508
1951520
1140130
7034495
7967256
2861768
2622723
7788
10677969
22474323
7822127
18650383
10302580
1096458
68213
9484823
3168199
40670
12689256
11651392
5851662
1284227
4573209
314087
50946
1079733
477595
3188794
4641720
21450
4444601
13053740
13698310
279228
1865678
745505
4670940
7553254
1152735
32167991
5066122
7945789
1023941
7906229
3682784
3072722
15907883
9610882
20590
3348569
1874354
10788697
12183815
674552
6370460
8452269
50072
166098
3209609
1606954
4108289
114124
10542646
1223168
12186222
2195108
5356362
6882279
266587
23060886
18422490
6534083
5419966
178833
1139758
2722350
6564436
7618417
25109552
163399
6019466
4780914
279964
4702642
12674723
1054031
2019322
2607526
18101785
16377215
415496
4479809
228958
12447339
3503244
26026957
11157168
6565051
3619025
52554
3678361
6423960
5579509
7728900
20898940
40778260
7852017
12809153
142298
3490309
4614790
2198931
8669919
11330633
20320505
22337190
6705471
5095438
7426951
21892315
3644630
1956775
47122
558228
14101306
5282140
1437811
9963061
5214083
2529800
3620073
1746046
493455
34881800
2851060
10117997
22735540
5784682
3895573
10878707
1397318
229274
619617
411072
15689623
53414
1560095
6078263
664481
26052110
3927046
7108411
39502395
7084807
8511472
2293156
4990012
22883804
5388630
4560813
2439689
3029631
1454650
15678733
9666
102360
64144
3760393
334430
212191
16965073
2198959
9708071
12803471
2018887
5497792
1202289
616840
10047839
96062
4729241
21561931
3702421
3524270
900884
3959019
8395257
8206553
797041
5458271
7505806
5031840
20156202
13653526
2902501
9527076
16002353
723153
1994122
3477495
461071
8857715
312281
3502571
1991663
1364043
18355276
14158972
6084181
26597891
404707
9449985
13170159
18605637
4603737
16417169
2719455
2388564
85353
3405812
5091322
20221921
471545
1717516
173307
8143044
11754031
5951414
19133955
16208498
9401187
2408749
39399251
8664599
64308
15322076
568176
3972716
3017882
10272083
947663
20963784
7267957
2273793
2618613
13847554
13697634
6409399
1117458
994591
22153014
390628
887117
5908170
7364584
6238859
15246257
4802634
12242883
6486420
23122118
14599800
6402565
899423
5157763
2266719
13161090
3597138
5517875
50712
5733969
2816107
17687759
544956
16226085
930727
1391937
3674098
5778654
6487697
11140318
2206105
3544555
5994784
634557
24541986
6665921
2356178
12425618
203655
1702244
2595808
8436423
3179533
6442445
12415286
3418548
6226023
6226991
2929965
70539
17035950
3289489
8310509
5830314
22047508
15008
3842505
5527638
1613559
1778664
445782
3145174
838094
27513046
6135396
794385
690168
10499499
942611
3742654
5347178
12468105
11322510
458400
12878177
28088018
941799
12442958
28823044
5999329
4219991
1266837
5529701
29445086
20060476
1564174
185690
1735901
77527
5279650
923738
4124349
5668942
675673
9109116
11275040
2613374
6046605
7551866
84140
7523107
703863
7043361
1439641
8318137
12660786
6323700
5371028
41183838
5609638
1058882
3264328
5559746
3946948
170908
484435
23698291
18070511
3404648
25760755
3870412
186785
649150
11126609
4765488
298913
246453
5181193
1541672
6618773
5739182
5043882
5101919
13679900
2749095
2879492
3415990
1471444
23069974
1726286
56180
2341731
15751255
20225963
3086277
8989529
85371
12412035
774986
3807936
1211940
7888546
1971838
4893426
3202737
1744873
9546456
593339
2058037
3258024
2348895
4041292
15913900
3258183
1975754
921692
12397944
5564799
2723772
454571
1267947
68797
35523302
14330401
20245485
23972703
3365066
26971736
4842783
26552134
4863695
1770661
8532188
167415
1933319
3
69464
42357
1790573
82168
35331704
357926
4360807
10028858
829215
4890486
101971
7008612
4980600
2572293
1223962
299386
238374
13403901
8075361
6595211
2603763
1081460
7670951
44284
282049
721601
8688211
13314391
25735428
1617254
5038728
4019076
15595025
12519277
1134643
3696584
4172573
6158651
9568335
2085831
8302467
1398678
4899340
3896649
5287474
564827
7790762
25560153
1790125
8671228
1569354
4133025
2918898
4969010
22697749
3287440
1617486
5588826
3331734
4334188
13440244
4149673
25396420
992637
3909990
1664824
13361831
1121557
8613311
13885892
3544409
1686346
662089
723351
20804370
6293509
3923654
23575796
2072361
4344078
60004
27705650
18620620
3604787
1435757
2770365
3875883
4506253
22411887
7748002
194172
6861211
3137216
4021000
4177462
4019315
4261110
1089972
816101
2855501
55075
4165293
83652
323862
37061135
4097890
21976407
110960
5195706
10701480
2056911
3233075
221191
2876322
1634761
12109017
6533695
19329308
3884404
1987873
366387
259267
71351
401941
5710844
4988111
3403233
20634006
1696648
24676718
9767962
3689334
8529995
7560757
104691
9621352
22251588
2660389
5783772
2742292
1999756
8451512
6995828
1617715
1717100
18102699
557318
4575138
5039797
11674344
1339395
954833
248079
17848482
5328048
2876948
1306047
177125
20128644
11729572
18447116
22464994
3846746
12429
1122651
18129755
119783
5507187
56600
15669516
15909777
7553724
10208384
3191155
8394510
20328092
24347494
14307761
764725
7596645
194032
1050282
218
8437914
3704685
3605236
1692743
15082630
1371922
4839569
2782200
1431465
4012988
25050744
5967607
7138263
22936716
10621111
3681857
1198078
5943
4489082
4995180
574371
288112
1408597
3174667
233756
18346425
7668835
4891271
1302982
2412558
22751066
140492
2576176
5108511
2177644
2882515
230250
3116477
468575
22042321
783290
49812
2711516
6503941
2198336
10962923
4980744
5895183
2945092
82921
3257715
6141525
213282
10183555
665275
1170773
5368151
640403
1180184
5174582
1367592
3308398
7697689
3624991
371138
5556429
2255460
21013736
13928135
6802
1068447
4063173
5100047
21057313
20033105
14757819
2084502
5037689
569566
3947163
238206
10933208
4401180
1632074
35890369
3689513
11548607
7978872
3186143
3332360
144887
4883868
1439823
184083
7165620
6007936
1631380
2115102
20664997
3149318
21328299
3828563
5621046
22065528
25311990
9247766
6522574
24993827
10144070
13790793
3489808
5792973
9286703
8784787
5288065
5343693
16016160
9064323
477224
6347547
6838049
2769669
34180
3777940
59053
18030288
23471586
18167799
121188
18061191
1117579
70535
6510768
7829234
5455309
22115
12370112
9417317
821950
2058483
17175438
226701
120501
10302335
16655436
1040983
19239595
15477299
1333130
17807411
22690663
34949
4446319
2116474
1170242
89152
22853597
3203383
4892946
18971215
8712437
1695259
7239342
2396673
5050943
494349
1464000
24152008
7234998
9034298
14174901
4843045
5959340
81528
756294
6428514
899705
4449060
4604280
15078869
15298303
4272499
180307
11166731
25601382
6449736
40342167
4584438
4128819
4567912
2187427
8249846
23461819
202533
21118522
4270932
7235293
26578688
5527768
2921766
2483574
1069962
20072526
375574
7759819
2186752
10325523
2159506
30766845
1373779
485568
2798176
6504706
17848719
8490735
9109543
10917542
6433886
4712373
14354369
4310172
13759500
15018680
9117744
27876603
1432736
17997262
169111
6072660
4259663
1316279
2057765
3074490
190266
7821843
22602660
6428640
6063556
2630059
1710357
23939940
888868
274399
1480970
15398548
2810146
9181081
6897641
3621377
9245412
9577181
98618
6844427
297868
4689648
28048718
23625906
24636824
5081192
18885040
4159839
4806644
19287269
2934069
28831742
13961413
1055604
2548615
48578
2998127
9312428
1109096
932285
3823406
2039661
4808518
7326204
5290033
8656773
2684941
28383869
19326940
9214704
4573460
29999849
4191572
747497
1062875
8390754
145945
13720893
55814
4550233
7606122
27323221
1188721
6501510
18468022
7565880
190931
18791653
9180534
364150
10527416
1651144
1258156
9178913
11984173
3249247
22522228
4500575
16848385
3253226
5907678
515112
514958
11142382
7545043
122918
12344338
84227
60271
2737138
5877204
4788406
6527908
3705956
237634
971793
11295
2665944
2136627
27782845
20404927
2617201
7650449
4449390
2997471
1825125
14339878
17285864
6667172
10618953
2379022
12050576
21270414
11530482
12040145
8163562
3613473
9567952
11647876
2268216
1906806
14518517
18476003
1192313
1754891
6754339
830791
14892886
15303068
118353
3420599
5346800
499930
2021403
231152
103927
281928
2336184
13532305
9808599
6321110
830605
13555236
25698477
9026798
2057888
6241346
354351
1135447
37213449
10027659
14395595
4602009
190778
9184681
12871943
3295042
8751965
1236471
3625532
2776573
3814153
2604235
327503
3622990
77235
7804187
2422604
664146
176860
2753820
15805567
1678234
904755
156642
12477911
7069519
10412099
126709
502134
14154288
390621
13598671
17975202
3483707
2195680
10295695
5186832
4418374
2439489
102446
10076100
1753645
4417111
25857793
16102336
17203680
8322463
14739735
1516715
25355233
87532
364757
18496540
482356
7492892
4126366
25893478
15953511
277579
8081294
12108311
4547735
26860129
16212568
3381786
11130506
466926
2782800
14747347
2970447
2808365
654925
6146475
19715315
1114965
7972232
7821230
188621
18073084
2198913
2154163
5670564
290942
30577590
9889791
5606230
4903506
4435620
2272286
5092258
4560716
2024443
740746
791280
17425581
14812871
3411196
4515036
5519217
27859288
19006026
4275823
20154072
6047291
4474562
285913
16884
17544890
2883880
34386547
9351236
57754
7372766
5811543
61569
9203365
7912987
12162023
22972924
285748
10274796
18364613
8379023
2567618
1450604
3278875
6531972
5731039
3683780
4133350
551212
3637842
59634
32711039
21718297
9603370
1846882
5472076
25825837
12501754
639375
35576197
500213
13393016
20717
3408957
2059332
12935372
9333180
6357422
2232655
730391
2107408
2057926
18111852
3850873
1814373
36582594
22594714
4257086
7743975
7142894
4608137
6383937
11857316
361304
4055846
1804457
1352691
5095745
36584910
1847124
5884078
10403673
4613685
10868412
4887221
4834610
1074109
10179099
13384343
12469154
193565
10283486
561041
3908461
12523096
326062
33885014
1250
10122607
1796526
27520825
5227997
5570085
3338777
1991360
27522196
26853806
514301
1041705
46811
3874356
12105672
3656938
23623
7225867
20477226
2172873
37589242
274944
6701815
981489
7689094
390067
6814482
1634058
25314100
3540732
4780801
6378444
14305170
19243580
9533619
1410601
4041736
12670956
12526162
4197654
851964
9874771
3597473
706017
6024674
5375337
8718932
5806093
8462318
20449451
410434
1453497
6114620
6079044
2007250
4909712
228469
3810123
62214
7669654
3743401
37386936
18652611
2860928
4676542
7921322
3562104
172417
3194581
10192620
5918690
16781901
160658
6707451
617428
10930571
4930180
6373306
4874934
559359
7896426
63713
672
6206719
3120679
967992
6077386
1248174
36236
10877802
3440140
13851775
10798828
29547978
25155780
5593303
2432034
344933
16065970
11394252
4359671
6887616
4406
12494833
5180921
14706796
1171578
2233501
5848076
3973759
4211187
7974769
2830777
2277061
3417318
5975220
25904021
7131398
5231462
6625660
76057
32754184
5042199
4994726
15593131
6150959
152972
6584212
4633296
24072
15712917
2541736
18347483
1611184
3676790
14247655
33002836
21137502
20495923
50113
1286699
10475311
8864295
113227
3904872
822481
888145
2379129
18701
886383
3410746
27370115
4410506
3654934
1417437
3362697
3698216
6527809
1107184
274590
22243716
20730785
6837372
1579634
4498728
4814152
23187451
6559
3331081
1239739
25708799
5670073
23850988
7862038
5860505
2439639
4286848
1901641
10995750
7299958
2927332
108
2165836
150682
23462780
2462549
12051821
800711
9182291
990017
5250055
10168530
229269
3373738
14974779
21637717
3421461
17277852
1455031
245926
5028049
3515215
6424786
4923117
790423
22965479
2592754
3951310
661307
2175100
22871469
11162142
14266521
4886436
1391293
696273
8980079
4443921
12755057
1078025
821314
2510627
5621111
13664735
9021818
8823831
10818013
8761837
6536552
3578530
736269
6555195
20824483
10231377
656263
1953760
38696815
1555552
12845917
11453627
2453368
2089581
7373976
28375760
18807094
13851944
20708154
21257946
13158146
166530
999961
800315
2702049
14237890
18934864
4283913
20429582
716200
37610363
26188201
369544
8604283
28097468
5056128
20067234
1518001
30813337
3182655
1129493
21348993
35465070
12594536
19404357
2523460
4876976
3913974
3725847
4
5401752
5032417
398258
8262809
6101091
1950860
20130377
11193060
4347114
10210256
4055717
7957649
6089784
2525093
316799
18964122
757517
10421215
68723
601757
2039796
9539676
14983591
9599077
8595212
58815
2051902
714538
3492868
2460429
1633941
3819663
39352
15394187
9286360
19847919
13266577
23966745
855627
20509752
81423
1284013
141485
108933
163209
3491151
4432499
3162014
12251575
654391
28718547
982876
2689192
26637812
3035395
17398780
5353121
15607549
459206
1268824
997067
4374272
15298028
2209013
7494240
528879
11244458
1316703
8544919
914094
7385243
5187426
2017831
6674412
24883177
460152
429372
13811328
587887
1461487
21573546
5330291
1441181
233374
5390986
6196473
10258414
10072242
6755201
4019083
3795093
15133439
1221135
3602189
6811212
127715
15500325
3247412
2717439
2747706
18636631
7714775
5882585
21979553
6189888
44759
1352926
5226738
8044497
4062538
14548
23833812
18319391
4947736
11556399
22781174
3904102
13825765
18169805
3698702
7084217
1614583
461098
3836702
8382051
5191214
19268131
14860941
2755968
122845
22549243
2752934
616887
14161150
12636805
7276215
4475
15199919
9835024
3456777
11007790
1754429
7025996
5195014
13982680
3984094
15115577
12820640
10182364
12293855
23051695
4281869
5096251
7395989
2817104
9038675
9812560
29805550
381888
5884734
20332
2503431
2524669
4342859
17502939
2513253
2753935
33117
28239297
28122454
15362021
788284
23842254
16862791
418965
2234359
12468852
971928
2057791
5628754
1628793
896573
21802
1334087
3050917
67916
9045100
6528836
2952609
25194895
8835086
20073781
7915066
5815015
1012105
3031418
429474
5963029
11103613
5831176
18798423
6883376
1221299
105050
25778021
963248
5673322
24030964
2789572
23467888
9267265
1588788
2755366
403470
4576552
9213237
24552383
4830319
550580
9904767
2561670
489225
13211406
1833042
7126411
23085829
5293328
1332093
9118305
25657610
4852708
5824241
3673837
9076105
2456201
1207488
98496
12058378
3204693
3422697
2834867
17303209
8838266
22997843
5006306
938241
5211920
3075845
5373148
2235349
40790
3606119
1153376
19915359
383220
14845325
1572023
1012592
22739581
883508
10976772
3073802
1013061
2009380
16981338
475013
9286511
9809922
9206849
5938099
16892
20112488
2329515
2620681
6941202
5743105
17278226
2166259
222817
3043769
1268351
51308
6055776
5558402
5824864
9726556
243138
13905962
52030
11961296
5219238
324108
188804
4579988
5243404
8771654
461164
24080009
3019776
2375555
39165747
9109888
54
8032380
24294492
2216002
2634130
16033325
12506949
635785
7324244
4282561
9632822
2993200
5375726
18483932
1008755
410740
5593597
21265801
700073
18266800
4986573
2042871
17831082
975399
5778454
32817989
20622452
6342305
5087872
1021723
161244
535354
228249
2124137
6976616
25549233
21044891
4450319
8205137
12421321
9132016
20990742
3250692
3478084
4381754
8589799
42631
27171755
28383547
4340616
21737139
6335380
20258543
3590763
5424895
6917879
7242608
8361073
61280
14330405
760202
378499
5878124
3371321
5591101
3356900
14937107
3987160
975424
7222373
6608167
1761018
80404
1389521
2784956
4516127
727494
25623626
1612242
2460798
504795
1979085
7266235
3053078
1263093
2145555
26126
21776392
457649
30419363
14181227
2749382
2656211
453489
5372009
36160153
4384816
18011548
5216385
16034455
996095
5094045
1970180
3061958
14928163
7141199
1272852
4029358
5801110
65476
4111439
4997155
679521
345238
566203
2207772
36536
1754105
1200089
7026200
7157875
48715
10034719
4681618
436438
10092343
22458779
3162238
14570814
98306
4029900
1250591
3992901
1445057
10803268
2057819
2942349
800012
31502199
11016376
5102605
29616688
575877
2056261
25746372
16045628
15546325
21502203
3361621
5621480
11400501
21397043
3876535
2069612
5366254
19994094
4989299
536028
12865905
26810840
6479701
806008
1439107
31866617
7669066
7837829
21526185
42936
11856445
3854100
6564138
37606714
18828580
9362587
38155081
23499778
334876
147243
4385101
621501
6403797
1853639
13837703
2207606
17841769
19040906
12794424
12408482
3268381
3870132
18981633
12176658
3038712
13723552
1731
1650723
2044286
972907
1790664
5970175
2751991
6423699
2479197
5344044
2949108
6015688
2502398
4250957
24007033
5860000
21217
12325140
8306865
6810986
10391129
8642594
13821153
33508378
909752
3359479
1348284
990671
3566428
17737177
6488379
376760
755059
242802
8949022
2623122
1640880
13648672
2621086
4935826
143553
4835325
11473759
8448877
7944624
10208
14073502
24537167
10591072
1326986
5351926
2528116
18255725
14504468
1915026
198440
8018058
4434001
4899613
7927967
18510665
2204069
8233642
2496890
2648312
25175825
4618244
1721617
3067231
14350281
2665899
15395030
5264273
22113139
2123096
5909739
12955566
23489093
2525762
7298065
6976418
2266358
4755328
3056389
8290283
254980
6819553
6194024
2503463
8080560
8375292
2677279
2366382
1234864
5292784
15607517
2325633
59036
36406632
61334
2695627
2193769
28538985
4162
1536924
6557651
12005201
4371344
1948292
13137931
6955335
24531377
9672330
308367
359800
5670782
7236366
1571409
67389
7110833
1705150
87082
19965879
4672937
35404024
5866676
2075260
1003164
8654749
16863581
659948
17842191
4383250
815213
6507937
3673534
1955372
3118614
4792642
17587680
10807604
567230
7421318
2145408
2535026
2499429
5888293
6266056
2182252
1834700
2846044
240563
12816445
7238591
10685037
9607347
306201
18457226
15327412
202028
10224808
1742332
22593063
7341776
6976326
10514733
15760458
3253943
3741835
26386446
467584
6689761
14294443
1279027
619552
4591571
2780391
4071242
100191
5924311
12032147
378812
59740
880554
37970
1702147
3604365
4384926
7586235
6551453
834463
21734652
2719013
5100692
17204753
14428929
29915343
8679453
8864554
1568392
9818192
27597325
4433602
1407103
5314216
380999
959008
9202264
7126779
3323666
75248
776544
2057653
13776469
12171602
1074038
5367482
5392783
27299595
524541
9249364
1111554
126233
34891883
177398
88634
32757474
6788458
4520558
26424997
3669160
1889575
3258070
4554456
2795137
1952038
20023253
4432560
12250418
14848277
2007997
1598819
1639737
6515927
14159391
6869063
2007922
584592
25714585
4784014
7152615
153614
2416450
32169733
38
3658408
1696910
2051787
890426
9521933
2994641
27537319
5191649
3418056
3032433
3597067
4577911
10201134
1034418
41461927
32945489
31990446
16796970
34254162
356859
541592
4142307
5373500
12173416
2508481
1730495
3124877
117003
425357
2148325
3825235
4995254
15431470
29581
8642691
1911538
3640919
8745900
4640773
13961666
19326648
28617858
27374515
5155977
1303122
1412628
2679360
355391
1340664
1669130
1453175
4489595
9063818
2616142
6388959
7749179
112547
9637389
13448041
6694156
14944366
3240967
18746756
7220975
9840517
20682677
31156699
12154481
761552
27498590
11065869
5592525
21486110
1018826
1907802
5459620
17901053
5953566
2454975
13562351
8639079
8168911
4521673
992216
20570725
2122652
15752161
3679166
2477106
7307312
310470
3623091
75073
28962478
657115
27739719
7258776
894096
398848
2353199
787691
12498605
25679492
13336997
7588128
8452093
2224100
1111975
4024788
12305813
5110677
14859535
7398778
1983654
7827494
5261559
2020323
746042
5596878
5930833
9795238
4695959
12537252
6521886
22753202
965191
8720104
11356482
5439474
357283
26836
7500666
4942646
4859536
751446
5854668
16204363
1279461
2289353
7882912
11926044
4489353
19619766
20529062
4506227
19224053
208596
4207274
96378
9136084
16704574
28116337
9052339
6747936
7273148
5700305
145378
687935
410492
10173011
3155962
27314711
7531554
351188
13988191
620732
6384931
9801076
20351679
68351
4822582
11621152
11750410
3675019
770768
3818408
2276806
19156729
168203
8352491
22457872
657374
3415416
2760893
2754357
10487219
1271699
9766316
15102433
4282761
963374
32807354
5280875
627024
4469166
241977
1644382
8303005
8512394
863722
163792
15220973
9464619
8373055
6884074
9878043
2611500
1342732
4851628
2577175
8122114
4586078
610474
2357022
9262372
29439242
35
5493800
2612909
2802745
10059
4483903
4659478
7014992
4489035
24516087
22101313
10836986
10932139
67718
3816739
1607439
7737564
3840565
12390396
8683622
1938445
2219003
3934696
4203544
776244
3455921
2522658
10755430
1612226
14296521
3456627
19422869
8154946
136162
856470
400267
2210817
5822987
1007607
2069215
5509043
11740621
153893
6531080
1272614
36154311
10207419
809217
1631626
5331290
19216472
6074453
204632
5555336
2789390
3606471
12007606
23260754
6890930
14586265
1006750
14611074
4799612
17553354
8157110
18158114
5021131
386090
17180801
2840071
7289348
13673880
9008
5868007
5346974
6756292
4876718
233563
2043292
2454248
6575280
4718061
8724290
7295209
5788794
1367815
5402436
468040
6622691
852906
15475651
26306
4016188
2716135
4062744
22430410
1509070
13050386
16806459
10205776
4605755
1303064
758307
826826
27966007
842152
2486237
10093110
876792
532613
2858523
5808501
4825081
29088472
4005632
4842653
308141
19477307
4367408
1573201
3407680
7145718
456194
7288909
29610813
1078290
19966960
287162
1525703
3132
849806
32631815
10626906
13261505
391073
19805338
10556052
7732480
10501067
16886
4697110
7379016
1269799
5082503
1517878
2440832
41839
9560383
3276721
15973691
6647330
19051236
14900058
10815434
7501543
5983711
2954217
19725349
12313423
1164048
12319028
7258762
190051
6967568
5462725
1397453
9587
36940
58141
241844
6075528
6289530
13362959
413897
5482803
4079759
2497356
1711415
4369691
2918259
2756813
8320661
27349039
2536121
8839882
3197
2179167
17231154
165539
1171718
726104
14672404
3916964
5691924
2652580
1026720
964999
28298094
3675479
323094
15519187
12467938
184797
29343417
1747493
33486674
17149948
26185455
14777918
619464
300902
6385004
4189807
24505583
4517015
688818
286276
12649839
404701
5335996
3108132
29206849
9541319
59532
1193427
7450144
1865698
5157672
1212835
261282
7219741
6380585
5558967
5472005
13363607
19904592
16167732
178541
5177096
4761845
23069597
12472480
80751
6055807
668639
5388398
226941
12639877
37180
22395391
26781715
905226
1582525
7712679
4691790
6623759
2165919
12697260
6338740
2071134
3348452
12916728
1572238
4439689
3525887
16313182
13625894
33575
1514279
3117674
3562037
1745390
5923701
819568
2080178
2604449
10700939
156364
13263010
1802325
2009456
5577440
17061841
516
4282198
7851351
2919640
5374305
10072295
2523036
5549632
1006147
12206409
17986836
5644737
3846507
700413
13978960
1989696
9799357
12404680
22527179
18173462
110269
3841877
32483233
169122
20344660
137225
3186803
5071665
79368
2465800
7361066
5888301
71809
2069575
5439199
1013158
2902117
4404650
33058704
4435
5457765
1263879
17538835
6812115
24371824
2508085
5589825
29645511
2216700
1454136
3962905
9118449
3484378
652096
8373780
2494627
6861466
36392352
9220544
26375125
19179308
5035534
925678
26066953
2410513
27508266
3744932
1214722
1843279
23477235
2665529
200213
4320315
2650789
11779897
3369642
16484905
368672
90201
664430
5867570
10632144
4128440
12593927
4743326
17375253
239718
12653339
17351808
2917342
5526597
409872
12997007
11122962
437337
5845363
3534375
6866977
4520302
76044
6523156
77676
6876178
1321491
10476606
9320292
19647563
1156944
3663294
7285548
4326304
600765
5095296
9331982
1835926
22641996
24991601
14955029
13493166
5346629
30071507
19
5813515
8214873
5299958
1093564
34203371
72782
813290
680128
40119663
1309513
2207050
3929895
8506450
6517924
15563325
3751456
18130219
140475
2607410
43310
365942
358367
4975127
319
1128070
10037908
25728271
157785
759069
8849608
6602841
4651503
1589825
19395141
3479835
9062076
471128
3347747
40792
5469515
13443460
12665235
7275061
921243
93924
8189799
9312739
4805153
987861
5889296
18092735
86592
4705758
4272823
381439
20804968
85700
1246267
4853138
32756710
3434679
609887
47051
4216567
957007
292785
4440487
20601129
1209187
3145944
21207729
15274205
16841977
9951973
14661459
15038628
1342014
1570593
3373678
986336
721421
3427848
784317
2091605
10604102
7635681
23096954
2648244
1790080
7582734
1394226
144611
21624132
12486690
16129652
35798923
4967876
62403
3035621
30027790
705696
2932618
581917
4742710
7702162
5100160
25755410
14921992
25743454
7020054
2915131
4285867
6621345
15145068
4269492
2253926
5590507
787894
4804454
5012087
4813478
4597962
9592824
1815562
2899430
5006514
8099362
2745106
4163029
2332992
2913
4581218
572779
17092561
2481555
19157502
1565626
14151314
2279710
15211531
9024076
7566745
4471679
8475849
1819076
5124590
6683346
5673683
17065362
14907212
10753680
1761475
1129141
968254
1057225
24367063
1450694
4967169
976955
12732042
7565617
867761
9091455
6873030
6018035
2089060
8941823
15743441
5850620
3826722
13378275
10914108
67393
14417963
8922584
35179101
651370
12643614
2037818
4081632
78077
2215355
31174766
46168
891586
3794776
3166425
8599868
2178193
11826636
7086581
1940500
8347679
1445203
144425
9119665
8499331
6466278
14233558
379439
5911854
22368129
4922648
4694460
19485764
2285020
990843
3176605
8458151
9291343
18288
5676659
8217418
7165809
8495882
14629414
16973062
3970791
10545862
2794826
4408541
21890847
498562
3754848
29399312
10271307
1393396
8385830
10629780
32346486
9817201
12207825
25234681
3232230
7171563
6329721
6805241
5139968
6774
4991570
880970
5133754
659470
1351417
12889423
9499480
536520
10138716
3817499
981105
3108255
1634136
13899231
3074015
7623603
13660105
2911777
22402486
295595
17432710
4567457
10746552
3663362
857048
11443171
3419413
2656300
5927444
3110713
19944617
7106947
24887535
17253742
2155343
14417228
24266181
10843321
9631102
432623
75358
4795472
10232121
2992550
10568512
1567255
6456383
30732406
2498339
4512065
1853190
18028054
52806
13714132
3342186
13210503
2759515
3468772
3021307
15779743
39750830
27897840
2336391
9192191
6087258
6603421
713427
41653
12670561
40886
3276550
6395536
2043191
369552
17216431
6290830
229702
2892782
1288089
3676932
5744582
2618438
1309101
9529962
95313
689926
1128139
1183026
362936
5755347
781395
17973140
5936039
6925434
2980745
347753
3602177
2633689
8720121
59849
4129080
11598623
2410630
7564029
4306805
277416
5178089
4894184
9533190
114089
3788796
10363969
18089704
881356
16614751
438966
694580
1256496
547386
111260
421925
5376277
21100830
26574345
7931648
3036907
19277709
8727876
5885522
214535
21622060
3106870
29756619
7000689
1227133
16742510
9480280
866964
4551887
49843
390021
5182069
15280688
4729114
27911907
2541988
2059442
1798290
402066
6774652
33212
4767169
12390051
794932
28379363
114297
94334
1994843
14950260
5239795
1988440
11061827
2104179
9992040
5227480
22093090
3612992
28492043
116875
1081207
1303300
277971
12007295
3843846
2215904
4806962
26374999
4447519
18589584
1765557
4026893
10613773
7979329
3672654
6462265
462499
1754151
789580
1194866
12824373
2097667
16380802
2511232
4163113
2109701
22615227
4914715
719234
4390807
1096360
995227
1031612
3947944
6006327
5037507
950382
60322
35138741
5526838
5669725
1692057
606843
29704620
1682928
1822671
14281051
7515687
14532953
10273506
45951
17089
7745000
5812404
961406
362072
240372
9709801
4380154
491421
5199606
21168544
21101831
28534262
5984069
9658586
4836420
2743378
20591617
2511096
34101961
1005654
354360
876518
3215924
9484663
6642162
1793216
13856447
4972980
8002475
5803203
7638001
4713349
5916050
1136090
6827867
1860917
59494
5048328
575108
10167772
7549233
5032376
9132158
26251937
40990462
1844171
8933953
6861335
5662067
4777119
13372806
758535
853190
3419753
980482
1772
5981338
114497
10486884
6687869
1433255
19395136
5211534
149331
1475943
10529298
904502
212393
10254102
3942273
5268070
3797633
5320
6637970
10750816
5510775
65706
10484
557636
6417319
2826049
17412369
1587901
7651607
9313473
22859
1194593
26974783
4349826
25953314
8520590
5832321
1979059
294195
12612346
13953801
2437565
2118380
1001337
7927791
1027325
3087390
7811405
6629366
8922420
18149283
4533979
10215706
33868050
10493202
37760865
398416
996208
4264468
4880432
3358180
7530019
4329064
175733
3247410
381971
7778297
3062727
19102292
7286818
2525196
5507165
19325014
20767684
3486285
526250
1466483
925342
3411987
26581
8580635
3667664
18493759
946853
5231406
3107567
17781522
7470665
1387768
7826022
907561
1970259
3665420
3468779
311631
39872091
4236658
4133430
10311876
8578123
12285909
4376014
684815
32164643
5598587
3910572
17207024
13866592
6426706
16297687
2629865
2668471
8068987
26863752
20949148
3321357
2409247
3929528
2177221
700860
6627408
7235762
928627
1511892
1787005
5742655
10083391
11991952
3666767
3284241
59610
6921844
367306
5487458
6918074
3253274
6069040
127121
6430677
8049513
1200165
6475
9831785
1297286
6584162
14372147
9134287
9564032
279401
9639329
719835
23786209
1472730
15611380
5739664
8531483
9083122
2982040
2786686
12551643
3287370
61455
22567554
1504948
1796349
6992182
830722
15986909
7493931
3438918
5191750
12596710
302154
5837956
26208
9487549
112141
4803332
4872351
13865014
17129099
5470782
2385308
111737
19691
35561747
5863986
9250708
8713089
15746240
18836812
27880316
36356371
11090655
327496
22434436
3838130
15171879
3235157
12246378
1847600
1844631
8427189
15349406
962985
1256121
1739105
5088506
8446450
18358927
3438158
6863822
12006602
656198
37432103
7541226
390467
2371920
5970524
45257
7833968
12075051
5779499
13007410
527687
15565
7701438
24476118
27790070
8351338
9446152
2147947
21242018
8465181
3634242
351596
3253810
38433113
975893
10531310
6363540
5347823
60714
3059220
3931518
9319602
4347682
2117661
910773
26489522
91502
2266665
3767574
67963
3425946
546505
1729329
21290848
9488993
2043184
1297587
3750967
18405327
3659259
5975133
21069226
24424067
6073364
149665
41021075
23162738
4107577
5108072
5398302
75330
4867916
1428199
20500277
1412886
8706510
2920237
613088
16634809
2054393
20649809
7724053
579033
6287
14238643
29131
6951802
4912187
7935755
3355377
6383650
4090936
873801
2406027
3841395
11638156
703628
14606226
4070769
2952468
1893287
7900447
2008986
9523652
208659
4575663
77193
24635
19788220
16466643
462008
6089334
1356621
300719
4481485
1959067
284472
150480
1078878
9063177
1221819
18361870
7564628
33981960
9832285
2255484
4359334
20837849
100529
1077987
3273157
7814449
826183
15640012
298364
1265359
15351202
4710681
466910
1062817
9537119
11384119
7688066
6460122
229496
22266928
3253841
4081063
19762488
8777536
19077885
14244139
1874291
554094
2004018
1239214
286
1375661
12662150
12896147
8361992
23501711
14346034
2711313
29560167
8373246
5864045
18788990
2225681
5343136
2198753
8647420
1511897
10757016
7953260
2699024
1031798
18443098
3309897
2761043
12339116
8900275
9498924
1457044
1615033
19035296
257558
6861183
6143607
3344715
30937398
4449
59880
3798504
6977438
81524
349634
26806258
7539524
2756747
6515257
7160704
3830667
1217142
13474690
3697292
17890904
3290909
1031607
19311898
3184175
2147282
28290022
798833
1774014
4724616
11142458
21756058
4405930
7372742
10899285
5369470
6377040
4963514
7461206
5276472
5492622
4540881
10046238
5061572
5660901
6830630
8273
7631358
504189
1579130
1359696
13098144
5095050
22067999
5541444
999024
8404189
3447178
11190386
10732642
1143779
15951864
2221028
19491458
12316127
2558251
19655752
331068
2189929
4617238
5273534
6837203
7669470
13858785
633814
335272
4480491
3363145
2043154
3720947
2686768
1515038
9122229
8820273
21981091
1718818
5992520
20543186
37471652
2979562
19208112
2844411
3067408
8742
1933911
28017206
7963752
2057904
29579394
13668265
10476919
3449613
767213
2302795
624236
2266821
5844206
6538773
10117104
1012812
22008017
5191656
5738106
7968476
2580346
13663612
8703954
429823
7944984
11006072
10069145
14089774
7715404
3253773
9782127
2516283
13301033
11965302
1022521
14060918
4593129
12909531
17366268
15802371
1268851
18288441
8643158
3079729
396231
21973025
4847913
2772764
6359757
150052
13568119
3830129
2340035
8281269
64829
538128
9229754
3346240
8378041
21632420
8028924
10006251
7339
12867520
70076
2902250
5819511
1256525
19432193
135660
7183714
15590417
6123234
6134465
7129058
2448592
7915708
10368
5060965
27062750
4710477
8600327
12939184
2223041
3884935
3796970
23108045
198260
5871306
8531097
8480310
20924825
33461199
6200
29808601
2474353
2477461
4352648
18171240
8931783
25945301
1153293
8540731
63472
2214739
5982766
3395953
218361
14698198
758451
96791
6122547
3427336
2050366
6816440
4766791
4333855
4612665
2286233
3696454
1246977
11606975
54660
695675
13976507
1033179
21338544
9471670
4306411
6580638
323307
2057216
24613
17098295
8593374
187097
29333166
14903591
5358707
1048081
6567644
13170949
5802341
22853437
1777667
9483028
2948799
9194717
6183586
4698248
422558
4474204
5980624
6607246
1247129
7263112
6173418
19379688
7289641
22722176
68499
2417518
22388131
27875372
4098898
778901
160494
12192524
11269463
4868566
2150079
7806827
28293835
146600
447555
13412989
8717091
5487822
13544432
5468645
5295301
30629331
2473792
18036496
12989061
1755209
852692
50167
3390307
13362331
9976591
2649222
18960394
19168886
1996411
874180
2801493
1516047
2392809
2108077
11422306
23555362
15341510
9292410
6675166
308174
3453605
3197420
2679391
8947770
5866069
4646465
11781863
10456001
78914
6266760
4426674
3677176
1194288
167043
2692774
4184151
4830776
5179368
11185955
9116347
3336371
2258514
2908313
24437454
29204059
4138939
3808721
5049768
2066731
18564857
23162499
18803590
6796506
18794733
2120716
7217128
18802146
6390609
77504
2413591
39828519
329786
25912139
5090476
6101344
5159470
20826601
320290
1788788
31379010
4501270
676584
8804843
6557277
2663732
20543179
5032108
3767519
303402
2497948
1865728
42813
4250268
12688949
1686094
437679
14128315
15998689
5468805
15321748
23580826
626969
10231478
1936551
4765825
5983337
1409810
4724077
1900659
465635
4804029
1734305
4422225
4786876
24184453
994159
7969791
9481114
102711
15916031
39253072
6586219
1646983
527204
3750307
31340264
4343018
10074847
6056981
5453365
19658658
14119539
3785418
7358021
3985855
15641364
18472429
16314787
13699371
31606313
22445011
54065
8036959
14374921
1596120
1785989
21472633
809313
19576840
11185294
524159
7311333
31767562
6073046
94400
13232873
2664096
11651307
7565439
1394739
24163986
24058979
576275
7049232
514981
11651340
2828280
4609367
1161820
493731
26987080
6100110
97261
18020848
4641225
8609128
11943413
5300426
27217118
35276024
1365412
2978699
1440150
2232644
4014670
10028118
7690244
13664709
19105276
5178134
10338814
10422756
1183170
7545468
134280
10237129
2648206
11041483
23192879
7567030
3961777
1021950
4331265
13142550
3933113
16695203
12761283
862640
1462093
15489565
13610999
27733029
16302430
4573556
833915
35952
2626037
6306573
3709480
1376332
1794533
2267227
745135
8416599
15592992
28444689
29894534
4389405
2623927
2288128
4509908
23047213
3371086
2057242
277851
8560815
2090218
33444126
4134780
3503489
5085991
4544031
1258511
10694857
5071293
2425576
3359908
5005369
4740056
4176249
2413962
24406249
8353439
10220268
20516552
2383943
22626559
935619
5598268
19045887
28580497
98525
6555369
1481398
1007249
7446380
12455602
5585508
7002681
2465447
296966
2265878
12465359
14462552
6729592
432638
783068
625067
2753744
7758534
1186676
3883337
19856048
552923
1271496
4751846
919065
3234549
18605034
2477214
6740989
11100691
5777947
2569802
9183728
60835
3404959
20827036
10427738
4863894
6434741
1507078
101279
21932314
571940
1997788
18108432
14410386
1734432
3932573
4002418
17876924
3291155
5908891
618711
21574298
5731470
22743380
5011791
5338220
7450468
1340892
9878471
22227121
7669473
3560877
3056153
5587007
980289
2559313
9534630
5116892
4139765
269699
940754
15015433
2509533
3329217
2646482
3021456
1220081
1200605
75623
2486364
89795
3980208
9827511
1488780
2443604
3854070
4132868
995150
38042
798556
476882
9392536
1868997
18486061
23599940
22706106
5349244
9617642
8382986
7578234
1454062
7042316
2215939
2162325
4281021
25867328
18609569
26870601
12901564
9971750
560474
3117275
10963953
8771425
13635349
2277541
5573413
8902281
5326877
7531998
3926404
12476509
1998904
33425046
904687
328332
98995
2145335
571510
14295652
14852934
2144605
17160206
21114356
92026
5243909
8917875
326153
7896716
29561697
14067741
3256206
21019367
5765562
1266508
2930866
44295
22010451
21431139
1055248
3717307
18118386
28846016
150737
9592318
12893378
645997
157802
10985216
15925575
5025856
1000687
61640
3068984
5868587
31873223
24484797
18498223
7558710
2668368
9540215
630952
2784893
3746511
31362139
16885
7433491
11604218
10128114
3459865
22283124
9836179
571877
653449
1307466
5606294
2709420
2766491
833104
10430045
622872
7511273
7709235
19114215
19095490
251838
7077876
10478619
8546365
6414214
7468103
3945009
30295
2239746
5175992
2383075
657048
11054966
15625769
471870
1553363
6498578
8159959
5357709
908220
9642881
11162025
12357852
8629565
5036372
718354
7130212
2451181
6677372
3457575
2141991
20934063
7117060
14707733
4490807
7236603
5910976
11043906
5116479
1663724
834794
9521880
17004
28035513
22825608
32997
18409357
34326612
10914837
14128071
3741010
15536767
2940375
1599481
17652
11435422
13957812
12656441
2934405
13180852
38430258
8473337
114123
17234190
24601435
2224683
2079156
25944468
5021707
2789351
673914
7268077
9632459
4485970
1477024
11155525
14885267
11672127
1473889
9110634
30577178
4346
10319595
18025298
2060377
2695411
870136
7867561
6554875
8604922
17658948
6518223
15294170
6844075
2158857
14340578
17536768
708143
1537049
7401346
4692406
16039277
8779018
5348271
24261688
6513013
4509988
37801
4462080
118993
12440892
36365446
12084987
7930770
1501534
275412
26802176
21103174
61590
3876335
33351145
59658
4393937
5881384
6488723
59547
5066113
29379865
1943990
498812
3026205
436740
10725867
9422335
15663007
3967970
21019930
5848328
11461
29462540
2513186
11051196
5032368
5134738
29779595
5321198
3841450
1584307
10910324
7275205
24477562
5398226
7104146
4303522
19710412
2028415
1225375
2938426
5958840
20662869
5039830
3364545
2665926
16881030
5959728
16504131
296430
10677871
696000
25498844
13973627
13652406
28902606
3388919
191161
3743054
1993027
15165
458642
17836108
607557
1523910
5010425
399008
2239447
10940674
6368255
5061222
4517774
9655484
8336220
8605071
5177804
9130282
26497147
87591
6630181
23287661
319947
9000210
3270345
15932621
18717175
302477
4435482
106358
588887
15310384
4920981
21054240
17357495
26925149
6085321
1833590
3690462
7804926
23462
6834067
903763
708006
1370890
9136143
1753474
4923412
2160607
420040
13985736
6405046
5487878
137114
260284
7151805
42655
957436
4496050
31378718
8347459
97150
29142757
4270615
14539089
11417171
766495
5038591
91793
17583115
5098818
35628424
31377795
1731596
4717089
8643911
13510364
778953
80409
6285006
4135847
23881476
16055141
5448302
5087035
3259230
4343760
7256799
8718373
37530373
724619
11032404
11444323
8475944
30520115
103735
27461232
2139
5468584
23970321
4538404
5963149
486164
21211591
8105383
7017914
20778022
13868850
11893805
7359896
27521
5446087
22676
1512492
1734519
2380854
30057760
815845
137402
1555835
7019947
412702
27252511
2547113
3119455
1109563
260753
12202696
4919511
12992155
3183066
2687822
1456264
4525480
6311147
18298
2175435
5305127
22458567
629322
6977296
19488070
4026629
6404806
1543563
32753467
8551767
190709
37018136
8034195
12787582
2937512
2361076
7978105
25554328
6301177
5872749
4147810
4600442
2213991
56196
30084608
10122289
6707835
5172536
2314264
8434772
2842577
18659471
2975033
15392094
3715030
12455156
36344
18447032
1654500
4632583
8446168
9998950
6917476
2578955
6323832
23691032
38612390
14469725
170433
9744507
20323478
9489854
2104277
10234851
2496989
25804405
4410120
19534791
15987301
388518
3858127
23718855
96976
14706477
1249698
2473898
6172252
3054725
15346436
255515
688634
19329790
13984597
112265
36944517
6957105
7219277
23976479
190573
3095460
3699890
5830168
5184887
906288
17110546
11333237
9579967
4349711
413838
14960244
24132419
17472349
7080754
1518271
7596211
3105868
9745423
2971846
5822128
4631420
4352770
7308624
16410823
980427
59601
2169635
9982312
16015155
16418148
17811959
2890282
2099973
12098206
21790158
15590039
1075282
5486063
66463
757846
5106149
8190248
4265311
655741
616867
64841
10827265
2066634
7986857
7288386
23787717
25328325
10618928
1622502
3780653
8731934
2073800
7612278
8475173
4344681
5891842
5457599
616874
36532
8992697
8481563
2104561
11076859
22197613
77531
18687801
5451605
4735526
2775078
14290960
65132
164980
5299257
657343
14447988
15507513
10340459
3383940
5801670
9115984
695712
3665730
123423
1233726
6458828
10676633
7985789
2002050
4874336
2043228
4760117
9978672
16074523
8529085
14563902
10037947
3984134
804282
5262543
7237925
5974708
11493601
3320276
12937543
4265005
24195140
8041656
19755994
3381354
4748002
211200
4944491
966219
2080174
13755320
908955
188230
1683932
12240364
7664629
4351313
2740533
3013564
4616638
292624
52796
2068144
1449846
34681711
10930
23857280
9195702
51950
8606259
8942474
150375
1262638
4060495
2902554
5144520
2055041
1458845
1355598
1287159
1122761
30303108
6122887
3398946
2982830
5265374
5046145
19800780
2069194
21378536
9347148
757560
5337048
28851019
13128164
4624999
3844831
6270975
4901952
5916009
28668894
9447884
4741699
4977166
3283843
18753865
263067
39379838
5484068
809342
4617079
746674
18012451
3827587
9126073
9039914
22933809
13682260
11246779
3771084
711085
6536439
780347
597152
1496876
2464860
28043211
5594568
7775348
2114091
2218348
6144138
965889
5732889
889085
28285122
8058673
31991
46199
13965281
7826708
928493
21490528
3106913
23042315
4870465
4353287
1188064
18231758
6940139
1887270
4493383
3871467
1699954
731680
5376147
1040164
20965693
9981412
2227098
8618252
2789891
16843783
15264342
26863020
14355905
166347
2645106
8656310
18640278
1646063
4231304
138853
1651785
368593
1488481
279963
1589347
16090352
195776
2605525
12268370
284329
5231019
1851075
411690
19468628
14289045
22177787
4989684
1776487
1624087
2459962
22682043
17632406
7868691
5911298
413057
13065180
4569005
4866088
4726672
625400
10052212
10955734
6497654
4183933
36007641
3884482
1060841
8347502
12972858
9423499
4899343
24740447
1359874
141001
1135411
761446
1328572
566082
23771357
7499721
4397522
4267861
6561929
10725348
1675587
3667569
13818757
67764
7533944
4400097
5339655
5279981
6250384
34516622
2661426
1373373
5177148
7866380
656754
94274
2788941
22946147
2536009
615
4379918
8897952
17651
1347676
1030620
1105830
4880197
9869816
6316336
857510
17499809
3771593
2151
5534014
6442778
2254467
1141613
277104
3883028
797246
10030710
7675935
4281114
1903621
173857
17574214
2047900
81674
10400830
28076964
1562977
3524981
13146329
313506
3182971
14152693
15570650
1887127
5843267
33271395
1374057
4714868
4621778
25757746
15194283
277307
15105416
1232781
2680670
4557526
1238
3601759
14107238
9716120
954097
21640399
6388338
4825042
3515085
5767792
1055186
144936
1400422
887511
818535
31052940
2024365
3444528
923507
3391058
2896555
16046
10544888
3857026
360506
13554641
5350376
4316969
1102926
15284828
13533125
22409487
12359092
116095
29457236
2868788
607208
2750712
554756
28799222
5920164
24199753
383391
13051097
2515403
5146838
17236
21372979
31193842
6047143
4989203
2019120
182257
6488703
5051336
9060405
5846222
116953
2746514
5184305
5051446
10717248
17303024
284815
23828552
6187034
2009792
5805026
21875356
19658116
1552928
14863283
1685426
150541
4616959
615177
7923245
5416484
158022
5505862
5973034
38336268
27027
27605216
19081286
15625079
23564971
4468184
6704696
5454430
1019827
13112074
7122401
5308061
31339
2070259
2255290
95820
1895820
4747910
115354
9908057
432437
3820057
2556591
11842329
576590
4015521
8861485
5524900
1410436
20937302
3727891
19125
1714757
187088
1642048
3796128
21349434
1383230
499133
1885180
669888
5600643
1165260
1235150
2042967
1637831
3459679
8704047
21040466
17892100
278891
18091004
746929
8261007
2192216
6341738
4987675
2083235
4866671
1071300
1376777
11606942
2930253
12679537
812502
5700945
21276263
1557149
13585533
38657615
38905285
65712
14601043
15168631
18463877
430050
25518929
391095
77130
3340798
532051
2831611
1578636
118435
21065873
8814023
5805215
3897102
6326340
290033
8081116
14564417
2616155
3000097
17448946
633242
13912396
804727
6281891
8659334
6871541
80190
8735828
7232718
11574268
7675397
18867615
2894819
20363961
165835
6503646
9058620
6783183
3940405
13830078
1203279
17735964
11703705
6811907
23406715
7886035
1660200
2010250
12032151
13480762
4692341
4643513
41008504
2739114
5374263
9731125
2009963
10372686
1412002
3459979
13793198
25974521
28728355
2607343
1679508
6695290
4083413
26498587
2968612
2194723
2069932
4580196
1010463
34964
2208853
2168656
4837720
10334546
24196969
1169178
13041809
9257697
1590307
521058
4415928
6950974
15324653
7678940
138982
561404
20165719
5298840
1511816
1852154
6798379
1590849
356274
39391964
208550
1418820
5113537
2595982
4912905
254229
12932596
83544
1673101
3903303
18032888
15267845
4907454
1563403
6920713
99819
12397964
198290
8401008
17593
17312929
1181417
150657
2150801
3359474
11363186
6555661
8495039
637015
2843454
3437112
18980413
9318116
30545996
5772124
839903
375802
2409401
5780128
997315
2049333
9102823
4204721
4734138
8876645
575860
1936027
74778
100840
9465500
16318575
21299062
6631832
1714835
4829086
9866750
2043069
9228504
12544787
31523483
4377965
4555032
7251303
10471793
23100
15512137
8319814
980779
434333
5087316
4735473
2719372
27621309
8636335
1032022
13342860
616914
23070287
1032545
3477885
1575835
169224
2791172
7042431
5997448
4035340
10765649
135823
4630920
106226
2915183
23243299
44072
6928585
2165384
6034886
32329062
1559637
3597544
987071
5399905
17720160
17036
4379718
1077975
12127142
11632119
3882082
20058439
257392
5838512
1494512
149646
726613
1960970
7160994
4453777
7436770
29115137
8754924
208574
3072579
34659281
4999050
5763160
587012
8652704
6302038
3822105
1040196
9227721
2217586
3328485
9805866
2141968
6489941
5512585
5845853
16529249
2582078
45176
12906174
2431954
3925445
4387077
8513503
18951711
2022886
950111
2749855
18166886
13562538
5259217
1993749
5081249
836856
5560712
4268226
4549094
9313673
2924127
829760
1701067
9389822
2949274
31774663
18472
9227883
3203378
1397163
1440489
1026557
4623030
1942638
7321414
10053868
1874065
2589621
23263139
4937060
10912518
3139984
42138
4520741
13982647
6559393
6935300
187839
4386896
5930219
706872
3219027
211906
2030609
3872699
10913052
2000208
2779127
12069518
10301019
4392178
4485373
8825928
19612094
24209733
5261719
4683462
3859451
4847567
7817615
12008395
2293204
4784312
2630269
2440976
6564089
837763
678040
9363721
9812115
194382
754912
569539
6223338
13632018
6459193
11431815
333493
4549451
4565300
992671
2550850
7819889
17102130
9256183
10110744
14301987
5313158
12733627
4383615
3015536
4202232
2708253
11233771
412758
5202220
864794
4875938
3403708
4695199
15447191
2418562
20583317
11106628
1523746
2164639
5658114
3430919
2061591
3201794
5957678
3742832
2142250
726088
40506122
5190320
38975846
27059894
5524172
4547557
8422811
11407147
5600078
16913461
2471639
2144509
22551160
4474696
331721
7620949
408039
9058370
81443
982735
477
37052591
7615407
4439782
9143532
16081104
6443753
4442068
12419266
32098740
202265
8608224
8088322
6895406
1272541
4635272
2042942
8746979
3604350
15951516
969501
9876134
750998
10546583
700814
21257169
2321423
4595101
559151
5131998
4522100
2313471
3384011
2855011
1895993
35036626
4983636
7084761
51982
4405188
605577
610849
5829325
2144544
277764
4606870
4629589
16548082
3676846
254067
75333
3032745
56413
5417374
23283389
8463451
20119
3495524
2431262
8676630
1086012
7084116
18592521
15494579
5594913
744096
3816422
5617227
4164592
19190962
12099867
775954
59567
686782
105035
11751798
20224960
4991716
23763
9592230
1008355
1331402
686192
3358101
9541454
213638
2022580
12880503
9385322
2471262
28887262
4829018
1462445
2041492
19089062
5354629
2057167
438601
427416
12041
5142637
6503695
23335526
3813645
10111514
5990580
1529439
197222
2522896
5382279
11587380
2158688
25378378
2198249
19596971
5418707
23588962
1384399
12134278
3021749
6417000
23828490
494614
18690344
4758001
14223731
16769158
9121600
21745234
260776
4513782
3347554
35072481
7171788
3112852
15836537
24476348
3073489
3114305
10321025
4544999
3357598
26826460
2549664
2522276
1415357
557660
17393024
6632598
8
3638398
281907
16950380
50383
2030492
38935
17469477
4057840
37272360
12647934
543461
1500114
808708
5288477
4256042
2203126
19716195
17997944
2263066
12662652
3582127
5450884
9337410
10343162
14077960
22752967
6711268
3678966
63105
22511696
17827773
15952609
13566931
967933
4382716
6366571
7385807
75360
350245
16117996
30402224
8002013
21803642
11154376
3609386
4424772
11657227
2156755
4546905
2144697
7578914
4481620
9559736
11737669
5558837
10653957
2405502
4339134
18476629
1729001
1373387
2922628
240023
3521661
6388447
26608624
6390244
5859437
17005085
27479682
1287792
2043112
6983778
5707585
5302312
12677019
9672020
24726893
244964
226615
4261156
15767308
6795439
1441368
88421
9087466
6017935
3855867
318362
25572049
17702116
12599424
1915565
16888
5821932
1000515
48786
14359148
1207807
8419236
1223456
1082919
7552574
95698
26806322
8659252
1090614
104333
751504
16057869
22620964
23610107
3456992
3040478
12606720
19482823
23589715
29493150
451395
5681941
19306401
26664944
2043141
1418308
37764592
7468232
11639749
616845
1261438
884074
6477296
37460390
21693240
195105
12137262
2042820
1896314
494740
2129969
3798280
521063
69584
2054463
3768371
4356596
656847
2537001
1395551
6826059
2057754
1691344
8082240
10267162
10085495
12168797
3361506
208641
2280273
5777151
542188
4291205
3062968
460868
24784
60453
6500149
2549947
10730978
23303752
1720390
15306292
2441101
62842
6919398
2983242
16406305
2727401
1678007
1221775
158916
25424186
1802226
366534
22296748
27395674
23553941
75336
2873791
3195239
8360130
13779829
11406205
1343831
1833094
1781286
6
905520
2911057
6547
11425956
10740
7770812
179818
6844315
3831593
4715830
9180460
9043229
11973520
32011196
12842811
21377279
6282108
21593754
92276
384616
5748572
23654233
4400861
27232136
1776985
6579517
15078436
1694650
6939463
380982
226796
3993253
16058548
66375
77413
31603062
2632544
9241890
1458911
1795614
532093
916814
41975
2618420
990136
12654337
5362079
6500771
4878596
28294296
502069
30161630
2676343
10724523
1531376
3793612
14629915
5773401
5019563
20574228
20262566
24037716
36707614
3240553
2844759
3866096
9453164
173532
13026777
9588269
8167422
620971
5080460
9266337
35250295
10687248
360265
1836159
848572
4359144
10332
33960216
51997
5281058
33327403
19936285
17219195
2072435
18357453
366832
59441
18988219
7017
99076
2203338
8076250
9471902
3035712
35589
608273
2747292
16189324
10693912
3837493
975211
3971281
3349541
7309754
724259
18234750
2493888
10436105
6367070
18022370
6267
2898453
2138866
8630072
15471671
5131693
11192775
11939979
22976922
11287232
166870
4548810
2061218
10029891
30977463
7266893
15641454
7278673
12705396
4709579
2432330
23784430
2357661
1577537
25267888
7228878
48035
1463554
1856063
3508789
1451482
675318
7909236
10493927
1704305
16147217
2609461
45636
3798037
2606055
25048745
7417077
1415278
1194745
24430748
2873962
27050919
1616893
5887181
28767732
3756050
2045506
4400357
4255742
1635796
1393540
11852403
2700411
6015768
17040402
13231785
1191072
749214
4486291
17206154
1095427
27463164
3995702
371907
3587937
2835136
33896783
1339536
12661302
3841687
9058273
1907640
252982
1314043
21190588
6017939
20021342
3423926
2462046
620792
4328904
5592218
2706832
3048247
6703467
2947478
8097123
2033356
5581922
4898373
22868073
1878902
7845261
17337035
1024310
2430669
26387010
10377619
12776359
5970481
772073
11954940
3861119
3775790
1800396
16997855
468507
