4597021
2149861
14981
2583596
34593
41599
4870943
2830596
3353728
2414071
5164879
40175
4998216
10076664
4444667
11667553
3947763
1875356
1837967
5299544
5824533
798057
3185392
3949570
965666
2886414
172941
91836
4815490
3845988
7007002
6219991
6527203
298759
7
7664670
4867980
5261664
213790
10267961
4748122
5759085
1135393
911416
3013423
3072423
208968
142676
1605290
48226
19571
3216086
206099
1504822
14142324
4100982
6917667
25391
3713008
14570767
11470211
5066900
194215
2469422
2366713
7695453
1260893
140199
1
53645
334405
0
168811
1181107
2561450
4082907
7072388
1128434
5187329
337774
1309784
42463
5887366
146809
5151008
811778
271354
12596354
1489956
7503205
60712
4393
226859
4894694
6837396
4384780
154344
3148941
8843078
11979194
3954703
7970688
334363
2875528
77577
145986
1376047
1302958
296872
1445642
630365
6271199
601724
807765
11676399
677143
6858255
17700959
299
128
11201340
9279019
4081105
5662907
119352
4876513
8897863
5985453
3777714
12245921
81887
1683546
6682483
581614
5421656
1561607
16120789
5083255
9208197
1141506
3700
4572964
2190708
6338728
2972404
403597
5012036
4161527
7590350
5651567
