562
2972404
5083255
2414071
3845988
208968
4815490
14981
174987
3700
403597
3013423
798057
19277008
5662907
1135393
3353728
779178
4867980
60712
91836
9208197
6682483
453564
3713008
2032323
77577
5223690
4870943
5261664
4476618
1018982
2583596
2366713
40175
172941
42463
10267961
965666
4597021
11470211
6837396
146809
299
4081105
10076664
11979194
3148941
2469422
12245921
140199
1141506
12596354
11610631
7590350
2875528
34593
8843078
81887
1865584
20813957
1318962
1449542
5824533
4983671
3949570
6917667
9279019
2149861
482833
3817489
19571
337774
321597
630365
2830596
4748122
2886542
41599
1605290
168811
12985444
14143836
284716
4229950
4444667
6271199
1309784
5759085
3947763
1697648
11676399
1302958
334405
119352
2217247
6219991
13222709
14567016
8332565
48226
226859
5979348
7664670
5935362
5187329
0
5190999
911416
7695453
194215
1128434
145986
2499792
8288756
5338450
5577016
4290441
154344
2532057
7503205
14107065
14142324
271354
5555170
3072423
298759
3929695
1561607
5325781
222199
4894694
2011062
4100982
4462150
334363
213790
4406103
11667553
12207823
9697537
16120789
1445642
16496316
33170471
289821
5651567
5151008
677143
1683546
6635639
6338728
1837967
7007002
4082907
4480303
7
5421656
593595
142676
288074
1181107
5299544
2880025
15416676
53645
1629767
11201340
29186
25391
3216086
2120717
6467200
8163500
916043
1875356
14570767
17625195
5887366
1935160
6637125
5164879
4368171
6527203
8101322
2886414
5066900
11164933
4393
11379731
1504822
811778
2902101
7970688
3185392
8760897
296872
450975
5347996
12272965
206099
4998216
7072388
2561450
8305997
4384780
19082
65657
1260893
147785
581614
3575683
601724
6858255
4748924
91856
6755932
5012036
490252
9765191
1489956
11748016
4298170
5985453
1141558
3853547
9051863
128
3793993
5735262
3658153
1563748
27932498
147579
9371994
5004428
1376047
28605413
11178855
4564243
4648907
34009
4876513
3777714
4791011
84958
1411223
4006848
325693
2795165
4985051
16993107
3087043
2507238
10715087
10326307
1
2890583
3380158
4579158
807765
6403960
22209873
4146380
18318459
26107898
13058730
3077038
8747
94531
5909486
248971
63329
1098667
17700959
25592491
3018551
16063
2070533
4998524
24127059
13939577
284525
11263732
19582700
902689
10136505
12839921
5830084
4391534
7794025
9662428
5373373
9070545
8435364
14295391
28952605
11215519
2594110
870863
467313
8554266
54773
6858529
17794218
2424065
4572964
8406539
560829
23707475
4082196
8713705
7690560
1992054
8401472
875285
6866859
5199277
11132091
1784377
3954703
10890800
112765
5214603
9075737
4355113
9486038
4389737
9258764
12792906
20429073
12246614
8498911
5764670
13011480
456018
8594566
102373
532344
2190708
17146421
9359415
8900246
4663905
15620108
7657275
11537940
4888050
4372766
4803384
130490
1192527
1140605
16654879
815202
504640
19014774
8799110
5154906
467470
9217582
7233602
81536
7591456
15933158
2627073
8307145
11476676
3908336
2237225
19603115
353230
3268671
30785218
5898488
36936289
542396
8683933
1555
3533875
13113543
7570110
25412
6656598
72568
6142147
6712070
156445
1058532
3388126
13148080
39465
13272173
219772
25587802
12469287
5459505
7914136
11250956
16660
6332849
4512826
8897863
146854
11514135
356403
19341821
638280
5119715
1218057
34404452
204298
1676052
5266199
96631
5152306
4534460
5875710
376939
3938345
9563990
23511230
173384
4161527
82585
1487144
3164343
13323221
19019648
7264267
236893
15005103
5298456
11805481
2917771
9834084
4139013
7687786
11671222
2260091
2700766
757989
768013
6400929
14618437
26339691
2203009
4050757
1360123
7905162
674547
31824669
5498417
1349932
4671971
1836746
3174485
9517655
2180861
2685713
7979050
3361223
15511154
7821524
59414
11382874
9104569
15692598
7016725
6526691
6485639
2659479
833047
21448575
650584
4931179
32920594
5800120
17910588
3069724
6468357
1014789
14234751
6730675
6371353
19292605
10579567
449048
893605
871436
11200327
2371586
7689067
9357280
1897088
12069125
581692
5541554
551079
343743
3030999
5313585
6356306
991963
13265474
5026087
12901533
8074080
18995603
2094029
2052006
1218020
58188
2307010
7981930
4118687
7169810
1454190
24546229
6688492
499344
9071090
2069879
74787
5432626
3865264
27401
1187456
5456398
968918
4350709
5478671
27401157
23278805
26609931
3145233
3348709
4660552
16598418
848259
4192196
3960140
5662119
4425333
2288852
7577049
1638790
24075509
13619896
28321
2026024
5022049
9636556
9173777
10277184
4993892
3240705
10106781
4894168
10974008
74186
5998749
2444232
3244123
2626390
191987
32984674
5650077
332169
7602936
4823792
450381
18988802
881790
2431908
9461062
3949747
9064866
5420072
3794456
681752
434688
2965928
1678354
4145009
2756598
26830938
12377770
233629
4882011
13278876
2717568
13878015
266093
8495261
15204525
1727238
1854661
2158820
3287311
444566
14530497
12911949
4344552
3032846
66140
35629241
5484165
4867978
28924452
1051206
3361299
57632
2778194
4973336
22470622
4461978
225220
10230330
3344730
2516402
7749254
8718233
8275026
4492847
4795333
250505
2006500
541589
5721425
111063
761493
8613514
1290803
8094194
7295926
7204395
544829
3584800
7150869
5843656
2490858
3949887
5778704
2984417
1340424
3142950
1832010
34384991
4652512
865672
23460946
6986873
22457842
2363033
907701
3705968
1683625
3643000
9640594
10731088
2001248
14295332
1454845
2306328
8751621
226670
2007468
328425
7820856
4652543
14006136
15462080
173476
23297575
12325246
7075949
13905933
1732
3648285
3835149
30727451
19688490
3240285
678148
69617
23938743
15254085
18572822
6534192
13192663
1891294
5833786
2444481
48858
4638892
3834412
433260
400765
279246
156766
3360704
221030
5609897
3522817
75487
17438667
7930027
10389169
7162371
1932391
608456
14304187
2813324
4707545
3335427
9291229
26997352
37309868
31847917
11393058
29371590
1050134
6767236
21213840
356982
1269913
4262513
1683633
8118370
4842821
432517
13793986
12680417
37363195
2818252
886544
1274362
56204
207258
28468449
3648623
1090325
163240
1820314
23641744
1356805
8501790
5876651
10212284
8507579
9865404
7725365
6905
1676119
1580290
5482813
67329
23698105
8525586
4191112
15473802
8169119
30852502
9698723
3778254
1083311
19839111
2884781
432988
4050904
4716050
29801570
5094299
4727436
4352849
16182556
2099976
2300296
15757893
7189491
2940482
5655928
4069634
10067270
2959229
20822384
29622820
1563886
7928884
3940848
1126809
356576
28660915
2965970
20424054
26756271
24511790
1027611
23759547
