562
2972404
5083255
2414071
3845988
208968
4815490
14981
174987
3700
403597
3013423
798057
19277008
5662907
1135393
3353728
779178
4867980
60712
91836
9208197
6682483
453564
3713008
2032323
77577
5223690
4870943
5261664
4476618
1018982
2583596
2366713
40175
172941
42463
10267961
965666
4597021
11470211
6837396
146809
299
4081105
10076664
11979194
3148941
2469422
12245921
140199
1141506
12596354
11610631
7590350
2875528
34593
8843078
81887
1865584
20813957
1318962
1449542
5824533
4983671
3949570
6917667
9279019
2149861
482833
3817489
19571
337774
321597
630365
2830596
4748122
2886542
41599
1605290
168811
12985444
14143836
284716
4229950
4444667
6271199
1309784
5759085
3947763
1697648
11676399
1302958
334405
119352
2217247
6219991
13222709
14567016
8332565
48226
226859
5979348
7664670
5935362
5187329
0
5190999
911416
7695453
194215
1128434
145986
2499792
8288756
5338450
5577016
4290441
154344
2532057
7503205
14107065
14142324
271354
5555170
3072423
298759
3929695
1561607
5325781
222199
4894694
2011062
4100982
4462150
334363
213790
4406103
11667553
12207823
9697537
16120789
1445642
16496316
33170471
289821
5651567
5151008
677143
1683546
6635639
6338728
1837967
7007002
4082907
4480303
7
5421656
593595
142676
288074
1181107
5299544
2880025
15416676
53645
1629767
11201340
29186
25391
3216086
2120717
6467200
8163500
916043
1875356
14570767
17625195
5887366
1935160
6637125
5164879
4368171
6527203
8101322
2886414
5066900
11164933
4393
11379731
1504822
811778
2902101
7970688
3185392
8760897
296872
450975
5347996
12272965
206099
4998216
7072388
2561450
8305997
4384780
19082
65657
1260893
147785
581614
3575683
601724
6858255
4748924
91856
6755932
5012036
490252
9765191
1489956
11748016
4298170
5985453
1141558
3853547
9051863
128
3793993
5735262
3658153
1563748
27932498
147579
9371994
5004428
1376047
28605413
11178855
4564243
4648907
34009
4876513
3777714
4791011
84958
1411223
4006848
325693
2795165
4985051
16993107
3087043
2507238
10715087
10326307
1
2890583
3380158
4579158
807765
6403960
22209873
4146380
18318459
26107898
13058730
3077038
8747
94531
5909486
248971
63329
1098667
17700959
25592491
3018551
16063
2070533
4998524
24127059
13939577
284525
11263732
19582700
902689
10136505
12839921
5830084
4391534
7794025
9662428
5373373
9070545
8435364
14295391
28952605
11215519
2594110
870863
467313
8554266
54773
6858529
17794218
2424065
4572964
8406539
560829
23707475
4082196
8713705
7690560
1992054
8401472
875285
6866859
5199277
11132091
1784377
3954703
10890800
112765
5214603
9075737
4355113
9486038
4389737
9258764
12792906
20429073
12246614
8498911
5764670
13011480
456018
8594566
102373
532344
2190708
17146421
9359415
8900246
4663905
15620108
7657275
11537940
4888050
4372766
4803384
130490
1192527
1140605
16654879
815202
504640
19014774
8799110
5154906
467470
9217582
7233602
81536
7591456
15933158
2627073
8307145
11476676
3908336
2237225
19603115
353230
3268671
30785218
5898488
36936289
542396
8683933
1555
3533875
13113543
7570110
25412
6656598
72568
6142147
6712070
156445
1058532
3388126
13148080
39465
13272173
219772
25587802
12469287
5459505
7914136
11250956
16660
6332849
4512826
8897863
146854
11514135
356403
19341821
638280
5119715
1218057
34404452
204298
1676052
5266199
96631
5152306
4534460
5875710
376939
3938345
9563990
23511230
173384
4161527
82585
1487144
3164343
13323221
19019648
7264267
236893
15005103
5298456
11805481
2917771
9834084
4139013
7687786
11671222
2260091
2700766
757989
768013
6400929
14618437
26339691
2203009
4050757
1360123
7905162
674547
31824669
5498417
1349932
4671971
1836746
3174485
9517655
2180861
2685713
7979050
3361223
15511154
7821524
59414
11382874
9104569
15692598
7016725
6526691
6485639
2659479
833047
21448575
650584
4931179
32920594
5800120
17910588
3069724
6468357
1014789
14234751
6730675
6371353
19292605
10579567
449048
893605
871436
11200327
2371586
7689067
9357280
1897088
12069125
581692
5541554
551079
343743
3030999
5313585
6356306
991963
13265474
5026087
12901533
8074080
18995603
2094029
2052006
1218020
58188
2307010
7981930
4118687
7169810
1454190
24546229
6688492
499344
9071090
2069879
74787
5432626
3865264
27401
1187456
5456398
968918
4350709
5478671
27401157
23278805
26609931
3145233
3348709
4660552
16598418
848259
4192196
3960140
5662119
4425333
2288852
7577049
1638790
24075509
13619896
28321
2026024
5022049
9636556
9173777
10277184
4993892
3240705
10106781
4894168
10974008
74186
5998749
2444232
3244123
2626390
191987
32984674
5650077
332169
7602936
4823792
450381
18988802
881790
2431908
9461062
3949747
9064866
5420072
3794456
681752
434688
2965928
1678354
4145009
2756598
26830938
12377770
233629
4882011
13278876
2717568
13878015
266093
8495261
15204525
1727238
1854661
2158820
3287311
444566
14530497
12911949
4344552
3032846
66140
35629241
5484165
4867978
28924452
1051206
3361299
57632
2778194
4973336
22470622
4461978
225220
10230330
3344730
2516402
7749254
8718233
8275026
4492847
4795333
250505
2006500
541589
5721425
111063
761493
8613514
1290803
8094194
7295926
7204395
544829
3584800
7150869
5843656
2490858
3949887
5778704
2984417
1340424
3142950
1832010
34384991
4652512
865672
23460946
6986873
22457842
2363033
907701
3705968
1683625
3643000
9640594
10731088
2001248
14295332
1454845
2306328
8751621
226670
2007468
328425
7820856
4652543
14006136
15462080
173476
23297575
12325246
7075949
13905933
1732
3648285
3835149
30727451
19688490
3240285
678148
69617
23938743
15254085
18572822
6534192
13192663
1891294
5833786
2444481
48858
4638892
3834412
433260
400765
279246
156766
3360704
221030
5609897
3522817
75487
17438667
7930027
10389169
7162371
1932391
608456
14304187
2813324
4707545
3335427
9291229
26997352
37309868
31847917
11393058
29371590
1050134
6767236
21213840
356982
1269913
4262513
1683633
8118370
4842821
432517
13793986
12680417
37363195
2818252
886544
1274362
56204
207258
28468449
3648623
1090325
163240
1820314
23641744
1356805
8501790
5876651
10212284
8507579
9865404
7725365
6905
1676119
1580290
5482813
67329
23698105
8525586
4191112
15473802
8169119
30852502
9698723
3778254
1083311
19839111
2884781
432988
4050904
4716050
29801570
5094299
4727436
4352849
16182556
2099976
2300296
15757893
7189491
2940482
5655928
4069634
10067270
2959229
20822384
29622820
1563886
7928884
3940848
1126809
356576
28660915
2965970
20424054
26756271
24511790
1027611
23759547
7904621
56248
26892836
6672433
1110847
32588
174571
11480186
5615572
2064721
4660003
815422
2828729
11071798
1281303
7759523
1009133
12451848
1223936
15986989
9284978
1597562
18419969
4258803
7443
7994985
11416515
762
694160
33723106
8045637
18450613
22521120
3450616
10749421
2893864
3445965
3766304
23084096
1250683
1512288
28771240
7944133
6928272
8506562
5482092
8265635
1440780
5507025
9419527
9105293
8643404
12445576
3603835
20161111
4019823
29706
13192258
1623516
8443829
262190
26289082
1593251
5817750
10672725
7030176
4814360
1125942
8866392
2675435
1392493
9995324
29998037
1765469
2172271
33027301
10974345
27244969
17797762
2082681
25857311
10649989
11210604
1196375
3783873
18455
4274916
27040745
8573039
9886993
76600
8849001
12514614
10111599
3372204
5039509
56976
1114065
25753164
8562515
8082917
1132479
7917672
12843778
8448499
5184957
10420731
1389329
1951520
7383777
995746
10677969
280316
370236
4398654
12583349
8668422
5585029
5918529
5085230
17684051
166098
4108289
2195108
1139758
287480
3358846
5563744
4789865
18338868
5379978
12447339
4534154
1098340
5579509
27001622
20898940
320021
1561292
1956775
1437811
815216
493455
10878707
619617
85223
17709484
7084807
2293156
6063314
14387
3745957
9708071
818082
2128170
20156202
56361
5115389
18044454
1991663
1379252
4626737
9449985
10463575
13145229
25991
9079596
5416972
14099375
110933
3972716
2618613
5226037
6409399
5204292
9188205
3674098
7239949
4739896
17540894
6290011
6226023
1121755
4972897
6483714
4337324
2024234
11469325
9641617
70491
5999329
5009548
2755818
3547514
21125966
9351086
18137082
23698291
15204972
2544405
1726286
3166209
1698216
7476249
2723772
9104667
23972703
4370990
122882
5422027
7232227
7899036
32891652
178833
8113843
15320991
8302467
3462535
21248712
1184888
7659407
12208746
4149673
25396420
7589232
24360019
11934769
5727122
1340482
2454372
904567
1435757
4751730
14933261
1662721
8653054
8706995
5083158
1362093
37061135
221191
1707037
259267
401941
59434
2125284
20634006
599717
1696648
4320765
16480553
2559710
18102699
3992988
2652367
308158
3075660
15669516
12184521
74503
16130
14621978
713959
39548490
21173
829149
783290
49812
97284
27514948
23966555
1367592
7697689
12415210
21013736
452767
5015896
8521724
10619698
3629705
270208
2115102
4383375
10500616
6445832
2342486
10748073
93777
2879492
4748133
6510768
16072817
4600285
4302020
6510558
1185297
27731335
14723431
6784265
7234998
33565836
1971405
16056262
10104624
40342167
4533901
2722345
2751082
10325523
9208442
9109543
5959970
40050594
3074490
1344585
22602660
2729452
2810146
13321086
5821626
12794016
32960481
27513737
2014292
367398
25853049
3540431
2039661
4377701
21764283
4336668
28845604
5828092
4500575
16848385
14156047
7888546
14090591
1200597
1770661
10080178
14961558
7650449
17586384
5777093
361607
7216922
14349131
23866052
3386497
12761246
19446962
2292315
3625532
24026936
17261235
1678234
26572
3883106
5108460
1753645
13670310
15953511
2879760
6580302
3720014
7133956
188621
18073084
8096625
2272286
7488273
10887236
59406
19142117
2149830
1140130
270228
6601116
4171042
9695187
15154496
1723232
5347178
5191646
2184739
9247488
1450604
23715
32711039
2396673
9603370
1226036
6882279
730391
317903
2388571
18100405
2783864
12635761
5642544
5833680
5975546
7980733
3743986
1146129
1250
9645610
557611
4261110
5843774
4646043
1475241
21561931
6814482
2653540
6906013
20967281
381451
7813124
4670860
1574339
548086
2544139
4405722
43267
6465495
2791147
10034976
32285
3503244
7246664
3930409
2407903
1493954
4672614
2796536
997916
1171578
3424545
7131398
48928
7043361
12425618
3947596
4576653
1286699
345442
9922626
5575642
6481714
3463794
1973819
8274506
25759380
55005
20975698
9684245
15069338
2462549
24065345
2393805
5200574
22522228
9403981
3622346
2175100
11162142
2390483
3769770
10818013
215673
9920934
29717979
34609
9755476
7770638
17400522
22883804
5149230
9109555
15981012
22684671
35242474
3182655
7043564
21542805
35465070
308427
276796
632867
2523460
6989103
8613311
7957649
316799
986628
7280391
6735979
2501568
315974
22936716
479842
4432499
15607549
17307320
8328970
2121115
8850167
15298028
9480948
4226345
6602966
1122651
25027196
177768
14330401
15500325
13387069
2612774
18397814
25620008
1059054
14860941
4842783
200894
9573138
5512323
281440
4796704
6607453
1252461
12850208
274399
16638920
1999756
4670693
13917696
12293855
20725748
6394870
5884734
9143755
14537603
3340646
5287474
4199284
12019146
14602461
2952609
22555276
20073781
19502772
10603750
12186222
23467888
4505670
33428601
26597891
8409364
5370570
331763
5808950
7896426
1196568
5518350
24192593
254418
6238859
2009380
15678733
4910717
15542558
110960
10616234
19848029
128298
2761181
19267465
10601861
2285748
3683417
6855443
5615511
7649219
723351
452746
4282561
2248551
3828563
2135307
32817989
21501747
19288172
21467089
7384377
1008907
8205137
91997
4170298
28383547
1058108
13978333
19829219
7888494
3263282
21892315
16351181
847803
25773890
12531560
5032587
14807499
10224260
4243216
16450107
26645665
4097878
6560650
3061958
4816011
9854136
1100604
9463940
21175194
4111439
703863
34359387
5038162
4681618
1340529
4029900
19993111
4444703
1098931
2018955
12972944
4947602
1138656
229271
12318558
14647976
35756
16184
2867146
1406869
135649
23767
3268381
4614991
15082630
5747486
4104149
5673453
2193644
1402357
50946
10208
1631380
4761223
3200571
25839063
12627022
14504468
9434866
56261
4941124
5988079
29149965
7298065
5676094
1387208
2366382
4581996
15773351
2940254
564827
1049847
16455
1234887
308367
515444
296911
10745594
68797
30035259
1672552
31853827
2070969
4479809
5378070
4692729
2092940
4681175
268593
2137745
8864554
2377318
218122
1645523
7791915
11077947
22677701
52650
1889575
8945322
2159552
7028600
794385
5570607
2743372
10242270
36409503
1692743
2508481
801464
4647508
8607189
9719190
7219808
1376966
5623022
11984364
11392012
21486110
6590428
2830601
12925798
871053
15646794
8435066
12907974
3010791
4476086
24488475
6964519
2224100
70917
4021000
2024176
11251999
2159678
789191
4980600
4506227
5298917
8587904
6603228
687935
410492
357926
1865678
351188
723837
1410601
8436423
2885878
1042668
29681
1846804
1843411
34949
8678293
4498728
8448076
22618932
85353
35624316
10094129
418383
5348995
6464729
5208616
6432412
23927688
10012403
3883211
22178769
4483903
6954116
94725
4802634
11165692
616925
1933319
18259237
5100047
1007607
2213519
13809131
300849
2715405
5021131
5267289
3430336
6622691
1468016
14226879
19907661
9825454
2707242
1953352
8249846
5832614
5909650
1632074
6523043
93565
141485
1612071
2536121
1694711
1740529
458400
24756459
51883
5552141
6279237
3676790
5534092
8042714
876609
29140938
3118549
1457828
13361831
3365066
3489688
16167732
5967607
6055807
3869107
4271269
18183756
9213237
12697260
1012748
8611423
12915503
1580576
1123704
3562037
3972083
3688957
3966278
225660
1702076
4890486
82921
5501408
1898748
9117744
7426951
5851662
460512
2560571
21416745
7896011
26052110
9723175
2410513
7534363
5064850
2868041
9812771
1274834
4701952
6461714
3252858
12649930
6398030
12997007
90886
313892
35244944
538762
6920613
5860000
22641996
3185606
25728271
6602841
4877761
64885
5469515
4262
1378219
3404648
3264328
20804968
3169842
1695259
3202475
2722350
85049
4444601
98259
3362627
2336219
195390
11645557
7424808
3881190
8366238
5115210
191179
5776425
5373148
698503
332899
1631372
4334188
10136740
2764531
11515827
381917
19537472
5241824
100753
6912417
6858167
1074821
6749958
8531024
7822917
1125533
8761837
13383308
5911854
25179794
761396
5772750
6249079
15943665
12562779
2748270
15277098
3116477
13160317
11140318
32167991
10912247
16333397
396145
5357063
19327638
3258183
20258543
5334421
96062
6603421
1866020
8263380
4937871
1216093
10827050
500150
18933671
10485151
8712437
1564174
85133
2633689
3
32022548
13757631
24080009
27514248
266587
96622
421925
1941292
2967481
11266275
3185123
18650383
6247883
4523732
3087033
8548645
1340584
10119780
973909
6647
1231148
3341674
12412035
1008755
26374999
3233075
1862740
3672654
451490
2453004
7299958
18547204
995227
5620814
1763856
8806589
672697
944806
5076516
14849652
1139150
1489817
31164
12663238
1572023
6007936
11197153
5288065
5736413
6449736
4728214
2787835
17858667
10254102
5762279
4908480
240714
11914148
5914888
75553
8399391
13126424
4506253
25760755
1079733
2268216
8768130
39643043
39586689
2007497
2219444
6522574
5507165
227766
5885442
2459804
10076874
4298315
2717384
7882912
15909
10424708
1838592
8557709
581137
6953819
13226995
4600640
1445930
15233331
8425052
226701
1040983
18129755
167880
29324768
4994131
5576931
4434488
2218425
312153
32622231
25574119
10700939
6426987
12087005
1830190
14967347
3438158
17526992
177573
7541226
1224585
19715315
5373607
5094113
3929675
3931518
1056245
8751965
167415
5290033
2622467
6494660
1880760
7955709
28981374
2836431
15138197
6067295
4611731
22670
7126411
3308704
7939993
11638156
31292638
7034495
8486141
5157763
688532
4496065
819053
2270549
89358
16890
986311
3517782
2075461
77235
2226070
536028
5862862
1578763
3876326
17884715
298795
3309897
5188932
26013922
3457094
10383255
23489093
5851562
12236333
7686
71351
2759430
10813501
3913334
5492622
10499499
5660901
28492043
15813079
5659795
389067
5877204
2686768
10138350
10072242
1258156
740809
192699
44
10257657
6274839
17186523
2027928
4733930
9134
14787484
22474323
1713744
11548607
3069959
2499111
17492208
6631858
877240
3789907
20014017
15791627
5410882
3185916
909735
2834867
4568547
12724157
213785
4941466
5167264
21682
17787201
2973643
4384795
1068641
3186143
5598943
8233642
4923117
78636
27665
2408749
13664848
194172
5527847
13688539
161911
25934369
81254
13983783
1673677
279362
29208808
6340757
2392809
2693155
274103
13145969
10665875
3953609
60271
3492868
14235211
6129942
115442
11656343
651163
648927
2622723
8085050
1545354
1078300
61705
8660761
3489643
8018058
6025681
11199083
149369
1007621
8862138
13117914
6428514
194392
6341707
7151730
7959942
8964
750240
7393971
1326986
488
7426036
5173468
5228667
1502854
367064
9534394
291379
11167054
4097890
3961777
5469000
3619370
27733029
13698310
35385343
2199093
1900148
2019322
4064688
2877204
671530
15298303
5455493
29222817
5345543
24374649
5419966
1988660
7676635
9587
7503819
745505
10690753
5670980
3489739
66128
5966591
3987519
1347279
2164868
8071144
20802453
12209778
12177751
20804370
581883
1853515
5242497
75623
5091322
22578412
430170
1868997
12059124
6973085
5670077
962192
13314391
9544622
5831176
5897592
3871544
9599077
11463459
3149354
1309958
16806109
13849480
4063859
6825672
1778664
1129141
16893
7099549
14299
465447
9415438
17520661
3489583
119783
2759849
6098500
4420503
7989976
32172154
33706278
925678
4825576
7291009
29206849
4375797
5175992
1950532
13832287
5095438
899423
5401752
5527638
9879080
24735397
253139
3035395
228958
395707
4476253
7523144
213282
26026957
14311674
17302943
601757
7732480
25175825
12105672
7927145
4333131
72206
22945767
8485438
39165747
201265
1513873
1719388
27466393
2297497
2090557
2099112
10281868
9131202
14211341
56918
11126609
16536024
25897
844364
4765488
17630665
3405398
35
6484416
1739060
26578688
2683359
5326553
1234417
10412099
16003018
2503431
9989144
2970447
1625835
2356178
6054112
1849080
1672817
18636631
13985736
3436715
5038728
8322160
7517101
10032618
7619118
2079727
6505892
12050576
7670994
47364
27521
8068987
2723400
9284839
11437002
34386547
8360856
12255186
3866396
20990742
1445203
5609638
42357
5392783
19133955
3345269
19605313
321991
3854644
33396833
3289157
28016438
4615239
15018680
4684278
657115
18225505
17068131
13161090
4380883
19355
137125
15246257
3944457
7680880
8607364
5198704
10421215
4963411
28831742
10827265
232132
1402094
33053862
8125445
855627
17902032
1725602
222817
2460150
22042321
16827
674552
398848
774986
12293262
25692399
10122607
6084608
4305367
30975429
2902554
7523107
1355598
47639
30303108
11121762
28851019
4446319
28854087
1518001
17886381
5659672
4140302
15907883
1089767
10701480
9527076
1188064
18231758
1423025
1649889
1107184
13790793
9610882
2420931
25767936
29645511
5472076
1494026
7737101
614782
164988
12838
4433
2684941
3491151
1971838
4147645
826826
8847680
4238524
2240694
1569354
5372551
12101593
8511472
15626406
8401118
59053
1105830
12929257
288112
6247384
5573120
3865791
2047900
2148325
10266122
5843267
2281948
1384335
13478571
1837602
3913427
7616846
4551429
14657740
1683437
9483260
37610363
28088018
3984146
1696585
932285
1762678
18229055
16862791
11753193
15195530
182257
3911856
11603811
27370115
4207608
17848482
183381
55075
8907538
4658031
27323221
5994784
28383869
4484549
4643189
284472
6189888
36332
74654
388766
2431683
1614583
797041
15225615
5128177
5094180
7614958
38657615
2907905
5134059
12200025
12337092
2903350
6370460
616910
4500359
12457493
21275775
8521669
5135458
2271074
23333588
33117
35523302
4977754
1943804
5375726
8651815
2785367
4284315
3882808
1119268
551913
1888893
10666387
13653526
927976
10868412
5924311
11112471
544956
22458779
9484823
541592
8487861
3819663
12032147
7485202
3489808
11674344
20826048
2439639
29760
6955418
5170428
5109555
3434317
23976122
6674412
2341325
2523036
4860833
3862322
19994094
22781174
4614790
4930180
630952
7560970
646650
25731761
2163199
4430853
15673974
10854989
2537570
1896054
9666
83142
4830319
398518
1303076
6069912
2391733
4785707
13209250
16264214
6304676
3414042
5050943
5653641
2871631
8529995
10301019
7044786
1739105
6549044
32224283
3288762
2341033
4062744
21482
1438427
13053740
872689
6565489
9516976
7952753
1744873
208613
16826444
1388542
29581
9824500
2336184
37052591
4488737
257970
7984978
16678501
2886286
13440244
5936965
5149773
265941
4149819
4604280
6802
6503941
3174094
27171755
4283521
10205776
10475311
3362697
2883835
46335
9104827
26853806
3257969
5097498
956810
331503
2022580
10391129
1397318
971793
411072
81423
5806758
7967256
12636805
3946948
390621
194873
25735428
666059
10381423
3648364
15317693
4852708
22549243
6363540
9539676
25698477
2091451
2547110
5282140
3289489
472113
10170362
18620620
9661890
3201709
72609
14075215
1587490
5371028
20477226
5157804
14785312
7076123
5798568
6241346
14282442
18589584
8187425
1471444
22090459
6579517
34861034
8288769
404129
3656938
800711
1630638
10052510
54
13299475
23499778
17149948
5368151
1702244
3315613
15471671
3490309
19287269
1190191
21146317
8989491
17314134
15384219
21526185
3072638
1762445
9401187
1003220
6805676
8688211
5508629
4658260
9653887
2954217
34337031
273422
5307192
6457598
464935
4250957
9064323
1900551
732551
4371344
7157875
2198959
299283
1617533
24110157
9621352
175433
14570814
7385243
108
8390754
807469
5015634
1350096
458588
757543
3141819
2840071
2781782
2495221
767745
4590990
6837613
190266
2307473
12387910
2510627
1117458
1020043
3735259
4586078
110269
21265801
24152008
5513556
17593878
1712693
6774
7364584
1397453
20182606
28111365
4755128
6665921
4056297
10176355
14498
34013981
2259846
45176
2222113
2419597
4058231
16417169
4966373
371138
6605881
20767883
85371
6701815
5051958
17734928
9468630
949675
451684
85379
5232043
344496
7275720
103370
12413269
9766316
5486984
3299620
7545468
12398756
17096399
2695627
2861768
69464
23477235
18476629
684815
5373500
928627
