562
346115
2972404
2357022
5083255
2414071
16034
2503584
3845988
1192527
12506949
7257296
208968
4815490
13265474
649150
14981
5920164
225660
174987
40790
150960
6890579
3700
1007621
904502
772388
403597
1213446
8823831
3013423
10449274
798057
5888293
16654879
19277008
835543
5662907
2940421
1097321
1135393
3353728
3027925
13222709
779178
16834234
4867980
60712
5188137
6526691
40120697
2612909
91836
4353751
6794309
18779716
8894015
9208197
31164
6682483
10914837
453564
3713008
67355
2032323
25412
12985444
1732
77577
5223690
2711516
4870943
3688957
5261664
4476618
1018982
67953
2583596
3462535
19561328
2366713
40175
172941
42463
10267961
965666
13664848
22157746
4597021
11470211
15468906
4600285
4972897
6837396
146809
299
4081105
3696454
8071144
10076664
4444703
11979194
94531
2424065
10531310
3148941
2469422
12245921
4411416
140199
466378
1712811
4262
1141506
17397309
4931179
6635639
2144501
1349932
12596354
11610631
7590350
833364
3991761
4298170
5122012
2875528
34593
8843078
8614736
81887
5682326
9723175
1194288
18100405
1865584
4614996
20813957
413838
9606972
3680372
4006848
1318962
1449542
5824533
388303
656198
430050
776544
4983671
146854
10672725
13296076
5747486
329754
5727122
3949570
6917667
22085541
25587802
9279019
3405398
2149861
25765
2259846
9071090
482833
2143925
3817489
21682
19571
1796582
36110
2089025
4474204
3244123
337774
321597
28321
4282198
3794
630365
2830596
2000208
11043906
740461
895989
1956064
798556
8495261
2024443
7182651
390851
4748122
1122835
2886542
41599
6180679
23976122
1392493
7204685
345442
1938686
1605290
10070539
168811
1491003
4942718
3283795
56556
332946
31853827
14143836
4828659
2982412
284716
16208498
5892264
4229950
5676784
21711255
5885787
4444667
6271199
1309784
3938345
5759085
3669597
3947763
1697648
3949887
1692057
11676399
4804029
2260091
3181325
1302958
334405
119352
93924
6760711
12929257
560829
23511230
886544
6882693
12232466
2217247
5015896
10136505
5838512
2126550
39526
1119268
87357
8747
1849080
6219991
14567016
8332565
48226
226859
5979348
2750309
1864312
4320315
7664670
4145009
17412369
6585024
5935362
2498339
4082196
24770777
11210604
8758745
5187329
5628754
0
2064621
17735964
4522027
5190999
150740
694284
122307
5067612
911416
7695453
1141159
524159
194215
1128434
10094129
7957925
102373
145986
3869107
2499792
8288756
24546229
11133385
254418
15593131
6054593
5338450
908955
5577016
4290441
8023864
154344
3865182
135649
8273
2532057
7503205
24424067
3361621
14107065
14142324
23871288
271354
1164849
19021254
13226995
3640669
1911538
418383
1533235
5555170
3072423
298759
800601
2254110
22420487
1275030
3929695
3752561
1561607
2341353
2529973
5380064
3948253
1261438
5325781
3829450
6472784
21250724
222199
4894694
2011062
4100982
1395628
17243729
459021
9220544
5593845
2706832
4612665
4462150
5464116
13652406
334363
4805153
4069634
213790
864602
3454647
4406103
1843279
5694561
11667553
12207823
1125942
169111
9697537
16120789
1445642
4583410
1219403
2473898
16496316
33170471
4312590
1152735
20345233
10170362
289821
31939
3689334
12661302
705696
1099356
1324578
714921
3875380
5651567
5083158
5151008
800315
677143
541589
5293328
532071
10034976
17973498
4058231
7643444
1683546
10748073
3021307
2886287
1058491
8030187
16536024
16074
3993287
9183728
975671
5101919
2221028
14174901
4339178
1565798
6338728
5854668
1837967
7184594
4657707
7007002
54133
7896011
471870
5456231
4082907
892034
15394187
298913
4480303
1073346
11743697
1411555
42357
7
414428
5421656
20072526
593595
12803471
142676
18804146
285748
461015
288074
9534814
8866392
1181107
5299544
4174471
2880025
2148325
423501
1874354
466504
5581130
4511628
3202475
3475758
1832010
9075737
88516
25839063
2014292
15416676
637690
5491239
5590507
53645
2059309
11476648
2729452
24853862
7538041
1629767
12457493
11201340
29186
3386497
2599578
25391
3216086
12445576
580566
445831
2314261
5720985
2144073
18988802
2120717
16461
6467200
8163500
916043
14073502
15233331
1875356
14570767
5083407
25759380
542396
4476253
789068
17625195
5887366
8171409
2685713
2408749
6913844
10338814
1935160
3626390
6637125
13302307
5164879
4368171
6527203
4287299
5889296
5659678
8101322
17238587
10550449
2886414
4203544
6712070
1727238
5066900
11164933
2471515
2751082
6971018
2994525
4439689
85404
2804102
2329451
6861211
1847476
4393
17132679
11379731
2685292
13757631
317457
1193325
736167
2794824
2607343
29147
3841450
1504822
12891349
871436
5152306
811778
6747936
9024507
847803
2902101
9087466
6989103
5527638
7970688
3185392
2478864
12457189
5710844
3469290
8760897
4050769
4263682
200894
296872
9015605
7600614
3639607
5006609
1946704
9460788
3119643
450975
5347996
721860
12272965
27244969
206099
6844427
1531376
5032376
4998216
2461396
468605
6516522
8443829
14316247
7072388
12839921
2561450
757517
29622820
12672836
11448367
8305997
2692176
12377770
15909
1653626
4384780
19082
106358
2292315
2667
3844558
2675612
9286360
10256114
65657
1260893
147785
150541
581614
3575683
12058378
3842505
11645557
21114092
1802226
601724
6858255
4748924
7326204
17609875
2516402
282181
3489643
4701952
1846804
1820314
3145233
10150343
91856
6755932
4750122
1959067
761332
4135048
7339822
4780914
12069125
1382698
5110677
4258803
3361363
424743
1398678
12000162
7558710
1901361
6484416
396145
4581996
5662119
5650077
3268671
7954219
526250
25829968
5012036
2074953
243316
490252
202028
729513
8778374
9765191
843702
1489956
3547514
166347
6015768
900884
11748016
5623022
7028487
2871362
74503
4740056
631289
47107
5985453
4497028
3685948
2749095
1141558
5959970
966219
3853547
34068638
21510291
9051863
4568547
1806301
9869816
128
18030288
5148022
577665
678762
8965674
10603750
3726417
7912987
3793993
1274021
38062870
5735262
3658153
1444618
760177
4990012
3619395
8653054
4631420
3202737
2046323
15254085
6812115
6063314
160565
13080984
1563748
3088023
3307612
27932498
1926159
1893287
3075660
11250956
116953
147579
2018955
12915503
4763430
5211920
11871
587887
31824669
9371994
17400522
5558837
3741317
367306
16953741
4386896
12362829
5203172
3525592
6746486
3883028
5187426
2107408
46303
2892593
5885442
5004428
8446450
1733366
736005
4725806
5882585
7194513
1071628
10579567
9896609
2232644
156780
19208112
997916
998706
18667216
5658114
2881010
4769078
9812115
5570607
6517899
10412099
1376047
6341114
28605413
