562
2972404
5083255
2414071
3845988
1192527
208968
4815490
13265474
14981
174987
3700
403597
3013423
798057
16654879
19277008
5662907
1135393
3353728
13222709
779178
4867980
60712
6526691
91836
9208197
6682483
453564
3713008
2032323
25412
12985444
1732
77577
5223690
4870943
5261664
4476618
1018982
2583596
3462535
2366713
40175
172941
42463
10267961
965666
4597021
11470211
4600285
4972897
6837396
146809
299
4081105
10076664
11979194
94531
2424065
3148941
2469422
12245921
140199
1141506
4931179
6635639
1349932
12596354
11610631
7590350
4298170
2875528
34593
8843078
81887
18100405
1865584
20813957
4006848
1318962
1449542
5824533
4983671
146854
10672725
5727122
3949570
6917667
25587802
9279019
2149861
9071090
482833
3817489
19571
3244123
337774
321597
28321
630365
2830596
8495261
4748122
2886542
41599
1392493
345442
1605290
168811
14143836
284716
4229950
4444667
6271199
1309784
3938345
5759085
3947763
1697648
3949887
11676399
2260091
1302958
334405
119352
560829
23511230
886544
2217247
5015896
10136505
8747
6219991
14567016
8332565
48226
226859
5979348
7664670
4145009
5935362
4082196
11210604
5187329
0
5190999
911416
7695453
194215
1128434
102373
145986
2499792
8288756
24546229
5338450
5577016
4290441
154344
2532057
7503205
14107065
14142324
271354
5555170
3072423
298759
3929695
1561607
5325781
222199
4894694
2011062
4100982
4462150
334363
4069634
213790
4406103
11667553
12207823
1125942
9697537
16120789
1445642
16496316
33170471
289821
5651567
5083158
5151008
677143
541589
10034976
1683546
10748073
6338728
1837967
7007002
4082907
4480303
7
5421656
593595
142676
288074
8866392
1181107
5299544
2880025
1832010
9075737
2014292
15416676
53645
2729452
1629767
11201340
29186
3386497
25391
3216086
12445576
18988802
2120717
6467200
8163500
916043
1875356
14570767
25759380
542396
17625195
5887366
2685713
1935160
6637125
5164879
4368171
6527203
8101322
2886414
6712070
1727238
5066900
11164933
2751082
4393
11379731
1504822
871436
5152306
811778
847803
2902101
6989103
7970688
3185392
8760897
200894
296872
450975
5347996
12272965
27244969
206099
4998216
8443829
7072388
12839921
2561450
29622820
8305997
12377770
4384780
19082
2292315
65657
1260893
147785
581614
3575683
601724
6858255
4748924
2516402
1820314
3145233
91856
6755932
12069125
4258803
5662119
5650077
3268671
5012036
490252
9765191
1489956
3547514
11748016
74503
5985453
1141558
5959970
3853547
9051863
128
10603750
3793993
5735262
3658153
8653054
15254085
6063314
1563748
27932498
3075660
11250956
147579
31824669
9371994
17400522
5004428
10579567
997916
1376047
28605413
10974345
11178855
4564243
4648907
833047
34009
4876513
3777714
1360123
9434866
4791011
13113543
84958
1411223
7657275
325693
2795165
4985051
7383777
16993107
3087043
2507238
12208746
4534460
10749421
5800120
1843411
1340424
10715087
12325246
10326307
1
32920594
2890583
681752
26892836
3380158
30785218
4579158
5518350
807765
5484165
6403960
22209873
2965970
3533875
4973336
4146380
18318459
5200574
26107898
3340646
13058730
16660
3077038
3240285
33565836
8096625
12514614
37363195
6905
2893864
5909486
7689067
1051206
248971
12415210
63329
1098667
907701
17700959
25592491
7813124
3018551
16063
2070533
4998524
24127059
33723106
13939577
284525
11263732
24075509
19582700
902689
1132479
1139150
10420731
6688492
2363033
5830084
4391534
7794025
18044454
9079596
9662428
34384991
5373373
4832909
9070545
8435364
1009133
4751730
14295391
28952605
11215519
3522817
995746
2594110
870863
467313
6735979
5828092
8554266
376939
14304187
54773
9357280
5918529
16455
13905933
6858529
17794218
5570607
7905162
2940254
268593
1340482
2172271
4572964
8406539
2867146
23707475
8713705
433260
7204395
7944133
7690560
14602461
1992054
18455
8401472
9995324
875285
6656598
69617
6866859
5199277
11132091
1784377
3954703
3683417
23938743
21173
10890800
5676094
112765
5214603
4842821
1098340
23460946
10242270
7980733
5334421
72568
10616234
4355113
8706995
9486038
367398
4389737
9258764
4262513
12792906
287480
20429073
12246614
1971405
6089013
8498911
5764670
34359387
3200571
6784265
13011480
15757893
1723232
5204292
456018
356576
768013
17910588
7016725
8594566
23715
2490858
532344
35624316
2026024
9461062
2190708
4461978
3834412
12794016
17146421
9359415
8265635
24192593
21175194
9640594
6986873
3361299
8900246
4663905
15620108
6394870
11537940
4888050
4372766
4803384
130490
320021
9755476
17797762
11392012
10080178
1140605
815202
504640
32984674
8525586
8678293
19014774
9463940
233629
8799110
3287311
5154906
1765469
2444481
2069879
10649989
23084096
467470
9217582
7233602
24360019
81536
10389169
1126809
5298456
7591456
2761181
21125966
1218020
15933158
9698723
4383375
328425
7075949
2627073
3445965
460512
4660552
8307145
11476676
3908336
7246664
7239949
2237225
3869107
19603115
9834084
5009548
353230
3643000
128298
27001622
5898488
36936289
5843656
8683933
1555
4692729
2121115
25853049
23927688
2285748
29140938
29717979
20424054
7189491
450381
59406
7534363
1836746
7570110
991963
6142147
156445
14295332
28924452
1058532
18419969
4262
3972083
9105293
7981930
479842
3388126
13148080
15154496
29149965
4336668
5379978
2884781
2868041
3584800
39465
13272173
8573039
3603835
2007468
219772
5108460
4701952
5422027
12469287
986628
5459505
9684245
25839063
2159552
7914136
5348995
4727436
1123704
3705968
3629705
18137082
17586384
6332849
7602936
4512826
14621978
3344730
23966555
8897863
20014017
11514135
25702131
356403
538762
43267
12627022
10485151
2125284
18933671
10500616
5064850
8435066
9645610
19341821
4505670
4337324
1580290
638280
218122
1378219
5778704
5119715
19907661
1406869
6398030
2024234
1218057
34404452
4344552
1854661
3372204
204298
2967561
1676052
5266199
17540894
9247488
96631
5833680
9173777
1389329
29681
361607
5191646
21448575
14099375
4271269
3202475
8945322
296911
57632
15943665
5357063
1100604
5875710
8562515
9064866
1846804
1387208
7749254
64885
13809131
10277184
26830938
4104149
10731088
2454372
1340529
9563990
10067270
5507025
4882011
1623516
3087033
9695187
1252461
48928
3966278
2149830
4894168
12451848
1274362
173384
4161527
82585
2544405
8082917
1487144
5563744
3164343
2707242
4534154
4681175
7616846
3929675
13323221
608456
52650
6483714
2248551
22555276
4320765
5115389
19019648
6672433
973909
2967481
10111599
7264267
20822384
15473802
11393058
1454845
236893
15005103
1638790
11805481
16480553
2917771
7295926
1226036
390498
1074821
434688
4139013
2075461
5655928
356982
7687786
9351086
11671222
174571
1454190
12925798
2700766
30727451
2879760
5914888
5534092
26572
757989
7904621
3783873
2306328
8409364
6400929
22618932
2778194
3169842
24026936
14618437
16072817
13383308
22677701
7426036
1078300
9719190
3622346
26339691
156766
2203009
72206
67329
177573
4050757
7051197
313892
14537603
674547
1058108
17884715
5975546
10813501
66140
7994985
5498417
1090325
5575642
2653540
2159678
1049847
14156047
7888494
2764531
85223
4671971
24227682
5416972
3913334
13192663
581137
16056262
1274834
3174485
98259
9517655
1290803
1683633
16182556
16333397
4652543
2180861
10827050
240714
7979050
3361223
15511154
13978333
16598418
10463575
177768
2137745
2070969
111063
7821524
15069338
59414
11382874
9104569
15692598
5267289
229271
11416515
191987
315974
6485639
61705
135649
2659479
13145969
28771240
2270549
13226995
2830601
2226070
904567
815216
650584
6274839
1698216
12850208
10224260
3930409
3720014
4626737
11480186
226670
2787835
4947602
29706
829149
2722345
110933
5808950
8613514
8548645
3883106
4600640
227766
1597562
3069724
6468357
4761223
2818252
4492847
1014789
12649930
2336219
14234751
16638920
9825454
694160
7424808
2393805
291379
1184888
5909650
31164
300849
19993111
6730675
6371353
25027196
672697
6461714
19292605
2453004
500150
449048
19688490
5721425
12680417
2756598
3953609
893605
19848029
6341707
418383
14807499
4789865
678148
3743986
7659407
70491
949675
11200327
2371586
94725
29371590
26289082
2300296
8071144
279362
1012748
5038162
1897088
581692
13160317
23767
5541554
551079
343743
3030999
5313585
10383255
5420072
6356306
3010791
34609
3457094
4171042
1185297
32285
18572822
11656343
2755818
4097878
6426987
15773351
2626390
6855443
12915503
11469325
25620008
909735
5026087
5370570
12901533
14723431
14387
8074080
18995603
12177751
2094029
2052006
12184521
5527847
23641744
58188
5598943
1468016
1234417
2307010
389496
8425052
871053
2715405
16890
1138656
4118687
10424708
1056245
14006136
7169810
6767236
25179794
5512323
499344
21764283
8611423
6560650
1862740
1561292
74787
7028600
7820856
85049
5432626
22684671
1900148
1880760
3865264
27401
3881190
671530
7030176
1068641
11914148
8501790
1187456
279246
12087005
17709484
24488475
5456398
17438667
968918
2544139
2388571
32588
4350709
944806
632867
1231148
5478671
1110847
962192
8366238
23759547
11934769
5777093
27401157
8274506
23278805
26609931
27514248
7291009
3358846
35385343
1740529
4670860
3348709
5241824
97284
848259
1356805
5659795
2024176
14226879
4941466
2748270
4192196
5085230
19327638
2796536
6590428
4796704
3960140
11165692
40050594
4425333
1083311
12907974
2288852
3876326
3517782
21416745
30852502
7577049
2407903
25857311
10012403
1347279
195390
15791627
4226345
430170
13619896
1059054
400765
1672817
1423025
5022049
13321086
12531560
14849652
24065345
5623022
9636556
5094113
8275026
465447
4646043
33706278
91997
5843774
452767
698503
12318558
8847680
1578763
20975698
3766304
4993892
3430336
5076516
3240705
4199284
370236
10106781
8485438
232132
11197153
4100862
6481714
10974008
9143755
3166209
1098931
74186
27466393
8448499
452746
10690753
2064721
451490
5998749
2444232
1625835
4305367
2836431
8360856
7099549
819053
3252858
4302020
9284978
1007621
332169
7676635
4823792
10212284
2128170
14647976
4728214
12972944
881790
4652512
4638892
32960481
11167054
2431908
648927
9723175
4614991
8169119
11984364
31853827
21248712
3949747
5208616
21682
10601861
1008907
11199083
3794456
2783864
16536024
5885442
6580302
10104624
2213519
1234887
4170298
8521724
5378070
167880
331763
2965928
13145229
11077947
4064688
1678354
308158
15542558
4398654
4684278
548086
18397814
2759849
6340757
4476253
4019823
3263282
1725602
5373607
1683437
12158044
25897
1376966
9544622
33396833
761396
4063859
35242474
6054112
9415438
5486984
13278876
6825672
1502854
3865791
14299
14967347
6631858
5372551
2717568
8328970
21501747
6290011
13878015
266093
33053862
15204525
999568
4405722
2158820
163240
1702076
815422
6523043
18547204
444566
2027928
6964519
14530497
12911949
4672614
1457828
2099112
4658031
3032846
21467089
13670310
4994131
7614958
15986989
3360704
2219444
56918
5673453
5736413
7649219
732551
16893
56976
35629241
2743372
13793986
1762678
3118549
1612071
3882808
4867978
1941292
3866396
59434
1402357
8587904
22470622
28981374
44
1125533
14961558
4941124
23698105
8125445
10665875
225220
1475241
7989976
2501568
8907538
10230330
161911
5988079
1340584
83142
7216922
14090591
18259237
8718233
7959942
5188932
20802453
4795333
250505
254418
2006500
17186523
2877204
17492208
5184957
29324768
10887236
6445832
9989144
2973643
24110157
1190191
18183756
56248
281440
7503819
761493
4977754
2903350
1027611
8094194
2559710
544829
2092940
7150869
7822917
7232227
5226037
96622
1593251
7589232
14349131
6906013
5576931
21275775
8964
5410882
581883
4615239
19907740
8322160
7523144
3944457
39586689
1853515
7517101
25991
2885878
7043564
6920613
17068131
11515827
18225505
6129942
398518
13188836
89358
9922626
551913
7133956
2984417
3142950
8850167
865672
22670
12759633
3185123
4647508
35756
2240694
22457842
9284839
13917696
4430853
2499111
8042714
1988660
6249079
17684051
1574339
6510558
7393971
1683625
8288769
29222817
3308704
6601116
5326553
2001248
3489739
871518
3149354
10076874
4660003
5762279
2907905
7955709
8751621
16130
10912247
2341033
30975429
6505892
27665
8113843
10619698
2883835
4476086
7737101
5345543
5585029
5573120
9483260
9920379
21482
2652367
13983783
5806758
2459804
3688957
23333588
8448076
276796
16184
389067
16826444
25574119
9534394
7680880
1196568
9812771
4816011
557611
15462080
4420503
173476
8607189
2390483
23297575
1973819
6494660
273422
8507579
5552141
51883
956810
9573138
11753193
7984978
8521669
15320991
3648285
5455493
1830190
3835149
6465495
90886
11603811
7927145
317903
6955418
9104667
8085050
4384795
6534192
36332
12635761
1891294
7770638
488
2090557
2460150
1200597
5833786
9131202
29760
32224283
48858
100753
646650
12929257
10257657
9109555
7791915
2342486
16678501
2759430
27513737
2079727
14787484
7044786
3069959
7939993
74654
4814360
7488273
3463794
5897592
5862862
616925
8531024
221030
2781782
5670077
12838
7619118
5609897
9208442
5508629
12337092
1121556
723837
872689
5851562
12843778
75487
14211341
1950532
1719388
3745957
3871544
5966591
15204972
7930027
22945767
1707037
11112471
1580576
7162371
11251999
1932391
5097498
9854136
1362093
6602966
1896054
3992988
3769770
3414042
2163199
5198704
3489583
10381423
3913427
2813324
4707545
194873
28854087
17593878
3335427
9291229
10666387
26997352
762
37309868
2297497
4484549
12019146
4056297
31847917
19073440
19502772
56261
4283521
1050134
225660
5228667
13117914
21213840
15673974
1898748
27731335
3405398
5135458
4433
1269913
4370990
2091451
1645523
1694711
4963411
2791147
9641617
280316
8118370
515444
4733930
4617397
3911856
1344585
9134
2612774
4287299
13664848
432517
17886381
4380883
464935
4243216
11463459
17307320
1402094
183381
3947596
19829219
7219808
7151730
17734928
4488737
213785
1350096
9661890
25731761
56204
4643189
8940223
28845604
6973085
56361
207258
22178769
28468449
3789907
3648623
4298315
3201709
5032587
8557709
23871288
4523732
3619370
36409503
1849080
1216093
5876651
5832614
1119268
33428601
12562779
8660761
6607453
9865404
3854644
3648364
7725365
20725748
5298917
4333131
321991
9516976
6603228
1494026
6247883
3424545
15626406
15813079
15225615
12724157
12485384
451684
927976
6749958
1445930
66128
614782
15385025
396145
3072638
6912417
5798568
17902032
6954116
21542805
1676119
14075215
1020043
344496
2259846
7476249
5482813
4238524
18229055
4551429
4908480
838836
4191112
15384219
17526992
19267465
1309958
4444703
5975008
5469000
5642544
122882
2184739
1838592
2420931
5134059
5109555
5821626
12583349
15691024
3540431
2341325
3778254
19142117
39548490
20182606
19839111
5094180
2788116
1379252
8399391
10745594
7686
1900551
5513556
432988
4050904
4716050
6565489
6837613
29801570
11743697
1513873
2160621
5094299
10170362
5954279
9480948
4352849
1493954
5232043
32891652
1436753
2483459
6805676
757543
6432412
566067
4058231
14933261
1888893
2099976
955403
16351181
47364
1022184
5936965
7384377
818082
4937871
17630665
24756459
3362627
5620814
9824500
10136740
2940482
11448367
11437002
5615511
367064
16827
1003220
3257969
8401118
8587736
6084608
12255186
93777
2959229
6247384
3141819
8734070
10266122
4377701
12209778
1563886
5128177
253139
7076123
24079
7928884
5776425
12236333
4375797
6735579
1631372
3289157
3940848
8187425
3341674
28660915
1438427
2613067
388766
2043210
12101593
8486141
7096043
26756271
24511790
14311674
164988
2194306
21000830
12059124
767745
2193644
1121755
3862322
876609
4474312
9886993
35244944
7051736
8362754
4338658
215673
3987519
2537570
5173468
2199093
1630638
4748133
2018955
5772750
308427
192699
1649889
5615572
19537472
1590145
458588
2419597
7879908
6605881
4576653
70917
1089767
3185606
2828729
19605313
11071798
1281303
32172154
137125
10176355
9985428
11953294
10119529
15233331
8369526
1672552
1384335
4434488
13478571
7759523
1662721
104573
542113
13688539
9879080
2547110
19446962
5051958
7899036
789191
4284315
3530949
1303076
1223936
4207608
7883415
6375929
4533901
24374649
13757631
17302943
8867214
17314134
4500359
30035259
31549
4825576
1837602
8862138
3299620
3778705
2431683
447346
10138350
2723400
5501408
115442
90369
13387069
1763856
4785707
2135307
7952753
7443
29865020
93565
1042668
15646794
3984146
924869
298795
4877761
404129
8045637
17858667
2886286
2893957
18450613
9306070
22521120
801464
3450616
4615665
17261235
2042903
5149230
265941
2622467
13209250
7552403
4739896
270228
55005
16806109
7175746
39643043
1953352
331503
20967281
1250683
3257
5747486
1512288
740809
46335
3083293
14235211
3397947
6928272
361424
6069912
21039072
23976122
6067295
8506562
5482092
149369
12550401
81254
18338868
28673746
12700946
2271074
5653641
4496065
1440780
19499143
201524
7280352
19288172
2222113
2218425
9419527
1943804
7670994
16264214
21066005
1146129
13299475
3003652
395707
1713744
6457598
12293262
8643404
88476
2377318
20161111
8635889
27514948
6329862
13138707
201265
12413269
9468630
13192258
12387910
7880837
4552456
1027603
1617533
8668422
24735397
381451
5420460
17096399
844364
13399340
14498
3596806
16034
3185916
10624386
28111365
262190
1452931
3883211
599717
5167264
11266275
7945654
4857546
4706782
6148296
3101266
5817750
1545354
14657740
15317693
22578412
5871963
25773890
4611731
10854989
26192025
26645665
23530948
2182805
5115210
19835214
1712693
1912118
472113
2007497
1388542
2675435
12398756
9403981
7182651
7538041
2281948
29998037
9188205
7304509
2871631
4670693
11906860
19567859
33027301
84897
2391733
651163
6424194
34861034
22090459
246152
25934369
7619429
988
34337031
7811075
5355595
1821000
2082681
8607364
3520714
7954335
8263380
12457493
1040564
32622231
7560970
1196375
12200025
29208808
29042
986311
332899
4274916
27040745
1673677
1739060
7360886
6137696
2699567
3944807
978266
3052150
5015634
5999444
76600
15138197
8849001
1673859
16003018
5325238
3345269
8398867
4680384
13832287
1866020
11289210
31292638
15195530
6858167
6484416
4966373
25767936
5198466
43627
15499829
3315613
12663238
72609
270208
2871362
4568547
1489817
15277098
85133
85379
18574289
4796835
5658738
4773174
3175814
5039509
1762445
3534488
877240
5659672
2143781
17520661
1114065
738876
1224585
13126424
11892665
1696585
1973482
25753164
2693155
78636
9117103
3436715
6464729
4360994
2785367
6279237
14835077
8806589
2338906
25188
713959
28449495
3174094
257970
4156298
4483132
15429249
381917
14035613
16129488
8949586
8487861
2164868
5916104
6647
299283
5237472
750240
5242497
32022548
191179
4910717
4022409
23866052
7280391
1122835
19355
7917672
9920934
4117561
19410
5307192
5749439
29699636
10119780
6304676
6953819
15981012
11989508
1951520
1140130
3434317
7034495
7967256
2861768
2622723
7788
10677969
22474323
18650383
10032618
10302580
6939156
2078849
1096458
68213
9484823
3168199
40670
12689256
26013922
5851662
50946
1079733
3188794
4641720
21834749
3069985
545403
4444601
13053740
8651815
13698310
1865678
5308322
745505
7553254
32167991
7945789
3667493
23312834
7906229
2683359
4219796
3072722
3363695
7600130
15907883
9610882
20590
1874354
12183815
674552
6370460
166098
368377
4108289
10542646
12186222
2195108
5356362
6882279
266587
8752878
47639
2495221
5419966
178833
1139758
2722350
15909
2717384
279964
12674723
2019322
2607526
18101785
16377215
415496
9516002
4479809
228958
12447339
3503244
26026957
11157168
3619025
439364
119057
3678361
1423789
5579509
616910
3489643
20898940
666059
7852017
3490309
4614790
3488771
2198931
11330633
22337190
8663684
5095438
7426951
4880589
21892315
1956775
2560571
9328754
5282140
1437811
493455
159977
2851060
10117997
26777
1089862
10878707
1523781
1134670
1397318
229274
619617
10588940
411072
15689623
53414
7524989
664481
26052110
3927046
7108411
5168606
39502395
7084807
8511472
2293156
22883804
1302965
2388349
2439689
1454650
15678733
7277899
9666
3288762
13878109
64144
212191
16965073
2198959
3534355
14282442
9820437
9708071
12173548
1099365
1885753
2018887
277390
616840
96062
4729241
21561931
3702421
3023133
797041
2832039
7505806
5031840
20156202
13653526
9527076
130044
16002353
2106832
4606266
8857715
1991663
36226
6098500
17577851
18355276
6084181
26597891
3489688
9528366
10185502
9449985
13170159
16417169
2388564
274103
50572
85353
3405812
5091322
1717516
45379
173307
8143044
5508785
5951414
19133955
9401187
2408749
2091450
8664599
15322076
568176
3972716
10272083
947663
7267957
5226872
3802045
2618613
312153
13296076
1258149
13847554
13697634
6409399
1117458
22153014
390628
7364584
6238859
130973
15246257
4802634
18417662
899423
5157763
2266719
13161090
5517875
50712
17687759
544956
15493682
930727
3674098
5778654
11140318
3511148
3544555
5994784
634557
6665921
2356178
12425618
698617
1702244
8436423
4658260
3179533
6442445
12415286
5316169
6226023
3658160
17035950
3289489
5830314
1032856
22047508
15008
5388630
5527638
1613559
2220533
1778664
4047157
27513046
794385
10499499
942611
18928
3742654
5347178
6549044
458400
3810877
4551456
28088018
1946704
12442958
28823044
5999329
8395257
4219991
4147645
29445086
1564174
17525129
5668942
194392
5170428
9109116
4860833
7551866
10788697
8989491
7523107
703863
5466108
7043361
1439641
4768054
5371028
41183838
5609638
1058882
3264328
3946948
484435
23698291
6565051
3404648
25760755
3870412
11126609
4765488
4149179
246453
664471
5181193
1541672
5043882
1634607
2749095
2879492
1471444
1726286
15751255
3086277
8989529
85371
12412035
774986
7888546
1971838
3601214
1744873
3258024
4041292
15913900
6025681
3258183
921692
5564799
2723772
454571
322119
201120
1267947
1746046
68797
4628307
2195072
35523302
14330401
20245485
3382494
23972703
3365066
26971736
4842783
26552134
1587490
4755128
846300
1770661
8532188
167415
1933319
3
69464
42357
357926
4890486
4980600
6411
8075361
6072740
40778260
8688211
13314391
25735428
1617254
5038728
50072
12519277
2085831
8302467
1398678
4899340
5287474
564827
7790762
25560153
1790125
8639115
1569354
5134932
18186
4969010
24362430
4334188
13440244
4149673
4262862
25396420
992637
3909990
1664824
13361831
292034
1121557
8613311
2556410
3544409
1606954
3832722
662089
723351
20804370
1681037
564140
27705650
16450107
18620620
1998280
1435757
4506253
194172
6861211
1483136
14045458
10923868
4021000
4177462
88011
4261110
1089972
2855501
55075
83652
323862
37061135
4097890
323244
110960
7618417
7330467
10701480
2056911
11121762
3233075
221191
2876322
1634761
12109017
8520729
19329308
3884404
2144794
1987873
3192365
259267
4780914
71351
401941
6958514
20634006
1696648
2437091
37831189
1227375
9353607
8529995
7560757
34831
9621352
5783772
17132679
1999756
6995828
1617715
809099
18102699
557318
4575138
11674344
1339395
24948268
5419489
4270828
248079
17848482
5328048
1448645
11754031
21915
3846746
1122651
18129755
353188
119783
56600
15669516
15909777
1938686
7553724
3191155
14307761
764725
1050282
8437914
2926499
2524607
1570007
1692743
15082630
20826048
18605637
6516522
11649524
4012988
1612161
5967607
22936716
5943
70539
17787201
574371
288112
233756
4888426
8612013
7668835
4891271
1302982
1587700
5108511
32190
2882515
230250
3116477
721601
22042321
783290
49812
1068468
2356963
6503941
2198336
82921
3257715
6141525
213282
21146317
10183555
5089719
1170773
8343423
13004461
5368151
5157804
640403
1180184
5174582
1367592
3308398
7275720
3433682
7697689
23060886
3624991
371138
21013736
6802
21665044
20320505
88632
8669919
1068447
14971608
5100047
2402245
20033105
279228
14757819
2084502
10869636
5037689
14101306
7680545
3947163
12686199
1632074
11548607
6032039
3186143
3332360
4883868
7165620
6007936
1631380
2115102
20664997
3029631
3149318
3828563
5621046
1054031
6522574
24993827
10144070
13790793
3489808
5792973
6367140
8784787
5288065
5343693
203655
16016160
9064323
1791238
7485202
59053
18030288
12698170
9726462
23471586
1961455
3331734
1117579
170908
70535
6510768
5455309
4847407
4098365
4590990
838094
17175438
226701
11814975
156780
8523418
1040983
19239595
1333130
34949
4446319
7268865
5066122
4892946
29790987
887117
18971215
8712437
1695259
2396673
5050943
24152008
7234998
9034298
1868283
22644299
5959340
6428514
4449060
4604280
15298303
3993287
75282
5670980
15619434
25601382
6449736
40342167
4893426
4584438
4567912
2187427
8249846
5122012
3895573
461071
6526151
892034
202533
26578688
1994122
1069962
20072526
375574
7759819
2186752
4327594
10325523
30766845
1811044
8490735
9109543
6433886
4712373
14354369
5286387
15018680
9117744
1432736
6478486
6019466
6349959
396
12429
3074490
190266
730474
75553
22602660
6428640
10212429
4782071
2630059
688532
888868
274399
3760393
2810146
6735085
9181081
12830410
12242883
9245412
9577181
6844427
297868
4815948
23625906
24636824
5081192
9104827
10281868
4159839
4806644
19287269
2934069
28831742
1055604
48578
2998127
932285
2039661
5290033
8656773
2684941
28383869
9214704
10094129
4573460
4191572
8390754
55814
6072660
4550233
8768130
27323221
1188721
6501510
7565880
11711851
190931
9180534
238206
1258156
3249247
22522228
4500575
16848385
514958
12344338
2522076
60271
3842505
4988111
2737138
5877204
9360765
8452269
971793
18070511
14158972
2617201
7650449
1825125
14339878
17285864
333680
10618953
12050576
7670951
11530482
3348569
5879690
9567952
2268216
14518517
18476003
11178264
6754339
15303068
84227
5346800
499930
15595025
1284227
7611367
8206553
10564961
2336184
163399
184083
830605
3477495
401981
25698477
28016438
2057888
6241346
1135447
4843045
37213449
6534083
4602009
6720430
12871943
6158651
3896649
5588826
3295042
8751965
3625532
3828540
3814153
3735259
13849480
2530228
1081460
77235
176860
1678234
364344
904755
12477911
7069519
6533695
16208498
10412099
4509091
14154288
390621
13598671
5093500
3483707
10295695
5186832
2439489
10076100
1753645
25857793
17203680
8322463
1516715
25355233
5193125
87532
12803471
482356
3137216
4126366
15953511
277579
8081294
10245906
2970447
266442
6146475
19715315
1114965
7821230
188621
18073084
2198913
2154163
3373153
21061186
9889791
2494479
5606230
2272286
2273793
77527
243316
3475758
4515036
3682784
5279650
19006026
4275823
24541986
20154072
3604787
6047291
4474562
34386547
9351236
64308
12162023
285748
18364613
6281035
2567618
1078931
1450604
6531972
5731039
3683780
1202289
3560218
3637842
593339
59634
881409
240309
4019076
32711039
103927
21718297
9603370
1846882
5472076
3243260
2529800
20221921
500213
13393016
20767883
5149773
3923654
994591
730391
82168
21100
4990012
18111852
3850873
36582594
4573209
4608137
4055846
7896011
5095745
36584910
1847124
10127083
10403673
10868412
8318137
4887221
10179099
13384343
10283486
12523096
1250
10122607
11984173
1796526
5570085
1223168
18447116
3338777
26853806
514301
46811
3874356
13720893
12105672
3656938
1408597
20477226
4603737
6701815
816101
912779
4300841
390067
6814482
1634058
7453457
25314100
21328299
1241407
14305170
9533619
1410601
4718969
4197654
3597473
32937052
3028538
20225963
5375337
5806093
8462318
675673
6079044
3209609
3810123
2860928
4676542
172417
10192620
5918690
160658
3524270
10930571
4788402
2548615
4930180
4874934
8310509
559359
7896426
14785312
364757
4402949
36236
13851775
10798828
25155780
21019296
2432034
3202737
344933
16065970
4359671
5214083
10052510
5180921
1171578
2798176
2348895
4211187
2277061
3417318
5975220
6701902
7131398
76057
32754184
5042199
298913
1140266
6150959
152972
4702642
24072
1480970
23069974
2199099
1611184
3676790
47122
14247655
33002836
5733969
5622515
1286699
37589242
10475311
113227
4697805
3904872
4587078
4360807
4928946
888145
472417
13628349
3410746
27370115
4410506
1417437
3362697
11295
6527809
299386
1107184
22243716
35331704
7194513
10047839
1579634
4498728
6046605
354351
1239739
334430
25708799
5670073
7862038
2613374
2439639
7008612
9710697
5326106
1901641
16226085
1735901
10995750
7299958
2927332
3807936
108
2165836
2462549
120501
218
800711
9182291
185690
12878177
6667172
21637717
3421461
8070268
1455031
245926
6357422
3515215
6424786
4923117
4270932
10253120
1661339
2592754
3951310
7235293
661307
2175100
27411391
22871469
11162142
6707451
4886436
44284
8980079
4443921
9568335
12755057
14334203
8068353
2510627
5621111
9021818
9696145
10818013
1152735
8761837
1436913
3578530
186757
3620073
1953760
2159506
1695717
11453627
1170242
104691
2453368
7373976
16102336
9178913
7822127
21257946
52554
166530
14237890
4283913
15698
22884867
716200
37610363
369544
8604283
1223962
3681857
1518001
30813337
2221035
3182655
445782
4560716
22251588
1686346
1198078
2920191
35465070
21248250
12594536
1371922
941799
6595211
19404357
2523460
4876976
232505
3725847
4
5401752
398258
8262809
1950860
2776573
21450
20130377
11193060
4347114
4055717
18791653
7957649
2525093
316799
654224
757517
10421215
24347494
68723
601757
32572191
9539676
9599077
9963061
1364043
8595212
11857316
2051902
3492868
3819663
39352
9286360
26745280
13885892
23966745
855627
10310149
1176925
81423
19716053
141485
7873054
3491151
1717100
20963784
4432499
12251575
12670327
829215
28718547
2689192
3035395
17398780
5353121
15607549
3017882
404707
11180926
4489082
314087
14706796
22115
15298028
2209013
7728900
7978872
11166731
558228
1316703
14174901
914094
7385243
5187426
2017831
6674412
24883177
13811328
238374
233374
5390986
10072242
10288515
4560813
9417317
15500325
3247412
6347547
18636631
7714775
21979553
6189888
5226738
5131551
14599800
8044497
4062538
23833812
1306047
2929965
3705956
3418548
366387
18319391
4947736
11556399
22781174
3904102
12780718
18169805
3698702
569566
35890369
1614583
3836702
8382051
3689334
19268131
14860941
3331081
5784682
22549243
12040145
2752934
14161150
12636805
23122118
1560095
15199919
12468105
9835024
3456777
1754429
1754891
6226991
3959019
2177644
3644630
485568
3984094
1192313
10182364
12293855
1975754
471545
140492
4281869
5096251
477224
21118522
8451512
2192709
9038675
177125
5884734
20332
2503431
2524669
4063173
1717984
17502939
2513253
2753935
33117
28239297
28122454
15362021
788284
12370112
23842254
4670940
18293932
4863695
16862791
2234359
538482
12468852
971928
2057791
2206105
14739735
5556429
18885040
1334087
3050917
5458271
27782845
2952609
1709109
25194895
8835086
20073781
7915066
1464000
1612192
5815015
429474
5831176
6883376
105050
24030964
11647876
23467888
9267265
1588788
4019315
403470
4172573
4576552
9213237
24552383
4830319
489225
13211406
7126411
23085829
1041705
5293328
1134643
114124
1332093
4852708
9076105
5101919
1316279
98496
8994622
28239107
2057765
3422697
2834867
9286703
8838266
7898377
22997843
5006306
5211920
5373148
7492892
40790
1153376
2162673
383220
1572023
10976772
3073802
2009380
475013
9809922
23575796
10739430
20112488
2620681
1127705
6941202
5743105
20060476
2665944
222817
51308
5558402
13905962
5194716
52030
11130506
4401180
4579988
5243404
22464994
27876603
2379022
24080009
6897641
121188
103370
39165747
9109888
34881800
54
226999
2216002
62214
16033325
12506949
23461819
4282561
2993200
5375726
3794
1008755
102446
22751066
21265801
10302335
3795093
2042871
22411887
975399
4903506
5778454
32817989
14747347
3287440
6342305
10933208
161244
1373779
228249
6976616
60004
5739182
6002693
4450319
8205137
20990742
2895911
7138263
4381754
27171755
1431465
28383547
107938
4344078
20258543
3590763
7242608
6114620
29547978
61280
756294
760202
5878124
14937107
8394510
84140
18468022
12494833
1612242
2460798
7266235
3053078
1263093
71702
2816107
4788406
2541736
2749382
6486420
52375
11275040
453489
18422490
36160153
7017284
6077386
6487697
5216385
3339017
2116474
16034455
10258414
996095
3061958
7141199
1272852
4029358
218263
2918898
65476
4111439
4997155
8823831
679521
1200089
7157875
2483574
4406
10034719
14065690
460152
2233501
4681618
34274295
13928135
6063556
22458779
118353
3162238
2769669
10917542
14570814
98306
4029900
142298
1250591
5497792
1445057
10803268
2057819
156642
2942349
800012
11016376
5102605
12422358
575877
2056261
20128644
16045628
15546325
19326940
7596645
11729572
11400501
21397043
19994094
536028
6479701
11142382
806008
31866617
21526185
42936
6564138
37606714
18828580
2711516
9362587
23499778
2808365
25109552
61569
6887616
10027659
5092258
2782200
747497
6527908
477595
18195199
3268381
9546456
12176658
3038712
13723552
1650723
2044286
12845917
169111
33885014
5970175
1062875
2751991
4250957
5860000
21217
12325140
17997262
25050744
1152653
6810986
10391129
4780801
144887
2341731
3597454
1348284
3621377
17737177
6488379
376760
755059
242802
7025996
2623122
11322510
143553
4835325
11473759
5519217
7944624
10208
4689648
5527768
954833
1326986
5351926
18255725
14504468
2255460
1915026
15394187
8018058
4434001
18510665
8233642
2496890
2648312
25175825
4618244
3067231
11651392
21137502
17425581
5264273
12526162
2123096
5909739
23489093
7298065
76359
6976418
4259663
254980
3203383
8080560
8375292
468575
2366382
22690663
11645557
4581996
1234864
3502571
282049
2325633
59036
36406632
2576176
20328092
4558048
108933
522568
61334
3823406
2695627
672
6373306
28538985
4162
3597138
122918
38155081
1160040
617428
690168
4371344
1948292
13137931
23623
24531377
308367
7236366
12469154
1651144
13555236
7110833
1705150
22853597
410434
19965879
4672937
18061191
7606122
35404024
18934864
1481165
16863581
17842191
3118614
567230
2145408
2535026
2499429
6838049
6266056
190778
9247766
5673322
17914061
9312428
2846044
6402565
7238591
515112
9607347
18457226
10224808
938241
26188201
8149271
15760458
3253943
2997471
4547735
8379023
821950
26386446
467584
6689761
7239342
1279027
619552
4591571
9333180
4071242
466926
100191
9808599
5924311
12032147
378812
740746
21844402
3604365
4384926
1804457
413865
5100692
900884
17204753
12501754
8864554
1790573
27597325
2753820
25311990
4797433
28375760
5227997
274944
18346425
4433602
13851944
1407103
14812871
3622990
3562104
281928
7829234
7126779
4310172
63713
2057653
13776469
5392783
27299595
9249364
1111554
18798423
126233
34891883
3019776
9653887
177398
88634
6788458
6917879
1889575
3258070
4554456
4432560
3743401
12250418
14848277
2007997
1598819
4124349
1639737
16655436
14159391
6869063
3361621
2416450
50113
32169733
38
2994641
27537319
3418056
3032433
10201134
1034418
16796970
3908461
356859
541592
326062
5373500
2508481
7921322
3403233
6705471
29999849
3124877
833364
117003
5670564
425357
2148325
5195014
3704685
15431470
29581
6423960
6055776
1911538
3408957
13961666
19326648
15433690
1303122
21976407
502134
3689513
2883880
2679360
355391
1340664
830791
6378444
2616142
20708154
18701
112547
81528
6694156
14944366
459206
3381786
3240967
7220975
6837372
5593597
11065869
5592525
5848076
8671228
21486110
5559746
5593303
1907802
5459620
4417111
7804187
5953566
1352691
8639079
8168911
992216
20570725
20429582
2477106
310470
9812560
457649
3623091
231152
528879
6101091
1211940
1074109
75073
657115
7258776
27859288
398848
787691
25679492
2195680
2059332
18167799
9286511
2224100
1111975
4024788
12305813
7398778
7827494
5507187
12794424
5261559
2020323
822481
5930833
20449451
56180
4695959
12537252
6293509
22753202
324108
10231377
8720104
11356482
20717
357283
7500666
4859536
16204363
14395595
5709898
1279461
7882912
3373738
4140302
4489353
145945
25825837
3278875
19619766
20529062
4506227
4207274
9136084
899705
16704574
9052339
6747936
535354
2782800
9045100
7372766
3696584
145378
687935
410492
2057926
736269
3155962
27314711
351188
6384931
9801076
20351679
11961296
11750410
3675019
3818408
19156729
168203
981489
5663899
4449390
22457872
5195706
285913
3605236
12670956
2760893
12809153
1271699
6135396
9766316
2412558
5280875
10274796
20622452
627024
4469166
8303005
8512394
863722
163792
21044891
2603763
6884074
14845325
9878043
229269
524541
1236471
1342732
4851628
2577175
3540732
2784956
8122114
4586078
610474
5056128
361304
9262372
29439242
6206719
3673837
2136627
35
5191214
1023941
12935372
26860129
35576197
4483903
3654934
7014992
4489035
24516087
22101313
10836986
67718
1607439
7737564
1938445
3973759
3934696
4203544
1731
967992
776244
186785
2522658
14296521
19422869
2717439
14330405
4272499
856470
400267
2120622
13961413
2210817
1007607
9860688
1906806
1272614
36154311
7494240
809217
4133025
1631626
25893478
2789390
4859568
2572293
22594714
3566428
14586265
14611074
5021131
2595808
7748002
2840071
7289348
13673880
28048718
6756292
7972232
17303209
4876718
9118305
13455791
1221135
9203365
8724290
5788794
1367815
7142894
468040
6622691
1952038
29616688
3698216
4016188
10621111
2716135
4062744
13266577
7974769
59448
7545043
13050386
16806459
21270414
10205776
4605755
909752
1303064
44759
826826
15103975
2021403
10093110
876792
6335380
2858523
5808501
4825081
5710844
6321110
4475
4019083
4005632
4842653
19477307
4367408
2702049
3253226
7145718
9026798
456194
18652611
923738
7288909
1525703
32631815
10626906
3145174
13261505
659948
1640880
7732480
6564436
4697110
7379016
700073
5082503
2460429
5366254
14900058
4980744
10815434
461164
2954217
19725349
12313423
1164048
7588128
7258762
7084217
190051
5462725
1397453
9587
58141
1453497
4079759
1711415
2289353
15805567
649150
2536121
8839882
3197
2179167
5907678
1171718
2656211
726104
25904021
5691924
5231462
3675479
4659478
323094
15519187
2719455
12467938
723153
29343417
17149948
14777918
20067234
6385004
4189807
6383937
5533211
4517015
12649839
29206849
2235349
654391
9874771
1284013
261282
10028858
7219741
6380585
23939940
5472005
19904592
16167732
178541
290942
6592053
80751
6055807
800315
3440140
6089784
12639877
6819553
6804839
11394252
37180
13759500
982876
2089581
905226
1582525
4691790
16884
1439823
2165919
12697260
2071134
3348452
208613
24676718
12916728
2039796
3250692
13821153
37386936
3525887
20404927
639375
1012105
21802
1555552
3117674
3562037
2634130
1439107
12108311
5923701
23051695
1013061
2604449
5811543
10700939
13263010
1461487
2755366
516
7851351
10072295
2523036
3194581
4374272
7276215
12206409
13664735
1989696
9184681
12171602
12051821
10092343
110269
5596878
6555195
20344660
19243580
3162014
79368
12865905
5888301
22972924
5039797
1970180
3415416
2902117
4404650
4435
5457765
22965479
5219238
24007033
1263879
17538835
18496540
3606119
975424
29645511
2226987
1454136
3962905
13532305
5860505
1391293
4257086
8448877
36392352
9904767
22697749
26375125
5482803
3825235
19179308
2058037
5035534
925678
2410513
2876948
9767962
27508266
7295209
1207488
4986573
4814152
4822582
4839569
21573546
2375555
4418374
5801110
16981338
990671
23477235
2665529
20730785
18964122
2650789
5330291
7837829
790423
368672
963374
807469
12593927
98618
5884078
127715
17375253
239718
5250055
12653339
17351808
2917342
7765353
12472480
409872
12997007
21737139
4286848
11122962
17807411
3534375
6866977
76044
23260754
1018826
4041736
1979085
2456201
208596
18483932
19647563
25778021
3663294
27520825
600765
791280
23187451
1835926
22641996
2166259
24991601
14955029
8801271
5346629
30071507
6507937
2329515
24294492
34203371
72782
1761018
15593131
813290
15327412
40119663
13837703
2207050
10168530
587887
306201
8506450
6536552
22735540
6517924
5032417
3602189
18130219
21057313
365942
358367
3875883
4975127
1128070
8361073
665275
706017
10037908
25728271
2410833
6602841
4651503
1589825
19395141
3479835
9062076
4633296
4994726
471128
5469515
19915359
147243
886383
17544890
921243
3118616
987861
5889296
1702147
86592
7669654
2770365
4272823
2795137
20804968
4853138
32756710
12820640
2479197
609887
4808518
4216567
8679453
292785
3145944
1006750
616887
378499
1696910
21207729
15274205
9206849
18266800
7669066
1342014
504795
3373678
7749179
986336
721421
10604102
2648244
7582734
21624132
2561670
11856445
12486690
35798923
62403
3043769
429372
3035621
10877802
7689094
10527416
1612226
4149819
25755410
14921992
25743454
5372009
2915131
4285867
2253926
821314
4804454
9632822
2024443
194032
4942646
4133350
10210256
9592824
21776392
4128819
1815562
2899430
22065528
8099362
4163029
2332992
4581218
963248
9818192
550580
334876
566203
1565626
14151314
75248
2279710
15211531
2124137
5882585
9024076
3174667
6528836
7566745
4755328
4471679
4909712
5963029
972907
17831082
17065362
13825765
1129141
101971
1450694
2007250
4967169
21502203
6559
7565617
11103613
198440
883508
23850988
6873030
2089060
1078025
12154481
5850620
13378275
10914108
2193769
28617858
1441181
8922584
35179101
26126
193565
26424997
1221299
31502199
2207772
24537167
31174766
9795238
1940500
1445203
144425
3132
8499331
14233558
11056798
2454975
58815
5911854
22368129
4922648
654925
312281
3176605
8458151
18288
2232655
14629414
10545862
2794826
2422604
4282198
3870132
21890847
3754848
29399312
10271307
10629780
6608167
9817201
6623759
6755201
17841769
4899613
6774
1514279
1129493
5133754
8642594
12889423
13158146
10514733
13899231
3074015
13660105
2911777
22402486
295595
17432710
4567457
274590
3663362
15607517
3419413
3110713
1109096
7106947
2379129
24887535
2155343
7821843
14417228
17848719
10843321
11779897
9631102
137225
432623
75358
10232121
10568512
30732406
18028054
2759515
15779743
27897840
2336391
9192191
6289530
8126391
6603421
122845
10476606
8589799
9320292
40886
2949108
6395536
3371321
8949022
67916
664146
229702
2892782
1288089
746042
3676932
5888293
5744582
2276806
2618438
1309101
20824483
95313
4165293
689926
2604235
14073502
362936
4142307
9726556
5755347
781395
5936039
9672330
6925434
3602177
2633689
8720121
6557651
57754
2677279
5314216
8475849
7564029
4306805
2616898
277416
26836
5178089
4894184
15752161
4521673
6196473
114089
3788796
10363969
2072361
16614751
438966
694580
1633941
42631
1256496
111260
421925
8771654
787894
714538
1453175
5376277
12058378
621501
26574345
3108132
3036907
5885522
59740
3741835
2204069
16742510
4551887
15280688
3359479
68351
33212
4767169
12390051
2742292
794932
1955372
461098
13988191
1994843
3420599
5239795
11061827
18697743
8306865
9992040
287162
28492043
2660389
156364
1081207
277971
2182252
8290283
26374999
4447519
18589584
16781901
10613773
1710357
7979329
3672654
15477299
789580
2097667
16380802
2107408
1721617
2902501
995227
1819076
2755968
17975202
1012592
6006327
5037507
10746552
35138741
5526838
2945092
606843
29704620
1682928
14281051
1617486
45951
7745000
240372
770768
21168544
6504706
12319028
5984069
1568392
4836420
14983591
1246267
965191
17587680
1005654
12397944
6642162
5292784
4743326
5803203
7638001
4713349
1860917
59494
5048328
1669130
13648672
8163562
6403797
40990462
16892
9840517
834463
28962478
5662067
758535
1772
89152
202028
1433255
2080178
1475943
8352491
1754105
7743975
9063818
964999
10529298
904502
11244458
10254102
6074453
5268070
851964
8654749
65706
10484
19847919
2789572
1587901
880554
391073
25953314
1834700
1732412
228469
1979059
294195
2437565
1001337
3087390
16212568
18149283
10215706
14266521
1269799
11007790
28298094
7586235
1571409
3456627
657374
5591101
175733
2075260
15102433
3062727
15712917
7286818
5507165
3486285
990017
925342
946853
17781522
7470665
240563
7826022
776544
3204693
2802745
3665420
6338740
4326304
3468779
311631
8578123
80404
3658408
842152
684815
32164643
90201
8189799
17207024
13866592
5509043
2629865
2668471
8068987
6531080
26863752
3321357
5100160
22527179
2409247
6521886
2747706
436438
3929528
5110677
2177221
6015688
7235762
1790664
8373055
928627
5742655
10083391
3666767
2921766
12498605
6921844
14350281
3640919
6918074
127121
19040906
1200165
1297286
6423699
5921594
2007922
7326204
4520558
4342859
279401
9639329
719835
2266358
2830777
15611380
8531483
2982040
3287370
1573201
1504948
584592
1572238
830722
22395391
12955566
5191649
3438918
7927967
3056389
87082
7324244
28097468
12596710
2069575
153614
9487549
1193427
5470782
35561747
9250708
4989299
41461927
2652580
36356371
25657610
15171879
3235157
12246378
26066953
188804
8427189
14428929
7225867
1644382
85700
1739105
18358927
34254162
286276
59849
3438158
48715
10059
12660786
620732
12006602
52806
15220973
7541226
390467
5970524
153893
7833968
527687
345238
8941823
4577911
9132016
9446152
2147947
3634242
3253810
38433113
6363540
5347823
60714
3597067
327503
3931518
27374515
4347682
6194024
3356900
3767574
67963
651370
13562351
2043184
3750967
784317
18405327
21069226
308141
149665
8718932
19395136
7421318
5108072
20500277
1412886
8706510
16634809
4995180
319
7501543
579033
14238643
29131
3355377
4090936
2406027
5854668
6801173
11638156
29610813
5402436
4070769
2952468
3846507
208659
12408482
26306
2541988
2665899
9521933
1356621
126709
4481485
29088472
3987160
561041
19224053
284472
10556052
1078878
241844
6976326
18361870
22593063
100529
7635681
7811405
3427848
6460122
229496
2502398
3942273
4081063
13336997
8777536
4390807
3369642
19077885
14244139
150682
554094
2040599
1375661
18807094
2069612
19485764
761552
2225681
13362959
1511897
20509752
3309897
8900275
9498924
1615033
19035296
67389
6388959
5346974
7273148
6143607
2051787
14859535
6977438
349634
8157110
3484378
2756747
7530019
3407680
19216472
13474690
5867570
3290909
2612909
1774014
21756058
4784014
17180801
10899285
12173416
1790080
5492622
10046238
5061572
5660901
7026200
5983711
5493800
8273
1579130
10685037
896573
15395030
3447178
2122652
32807354
15951864
180307
331068
4617238
4718061
39750830
1212835
13858785
633814
1570593
15078869
18981633
2353199
4480491
8849608
3363145
4385101
3720947
5028049
2686768
1515038
9122229
140475
21981091
15145068
14974779
37471652
2979562
3679166
5157672
5700305
3067408
30419363
3744932
5868007
28017206
3120679
2057904
13668265
10476919
688818
31156699
2058483
5844206
27498590
5738106
2580346
13663612
429823
3455921
7944984
31990446
2172517
6584212
852906
9063177
4799612
13301033
11965302
381439
4935826
4593129
4408541
17216431
5439199
3079729
4384816
4847913
6359757
5388398
1057225
3916964
3673534
28116337
538128
890426
3346240
713427
233563
7341776
11926044
4520302
47051
7339
18158114
4995254
3841877
11621152
4806962
5590507
10167772
6123234
6134465
5060965
21734652
3031418
4710477
36940
15475651
23108045
5871306
8531097
8480310
20924825
4512065
29808601
2474353
2477461
5331290
4352648
18171240
12207825
16886
25945301
8540731
78077
2357022
24505583
532613
13625894
17231154
7712679
96791
6122547
20837849
2050366
36536
6816440
13679900
1536924
25623626
386090
2919640
14892886
20023253
2719013
10138716
4306411
6323700
2057216
5088506
8593374
14903591
891586
1048081
5621480
6567644
13170949
5802341
536520
4698248
4474204
9220544
1509070
6173418
19379688
16973062
68499
2528116
59532
4761845
27875372
4098898
778901
12192524
5071665
2465800
3276721
4081632
6890930
237634
5468645
20495923
3166425
6861466
11826636
1983654
1248174
9976591
4439689
18960394
19168886
1996411
874180
13443460
2801493
2392809
11422306
15341510
1412628
3453605
1003164
14907212
14928163
6647330
19
5155977
9951973
15973691
5866069
33058704
3347747
26185455
7275061
1194288
4830776
2454248
1309513
11185955
6515927
43310
22388131
3830667
9116347
1802325
3336371
2258514
169122
29204059
404701
8683622
2918259
6024674
18803590
7217128
18802146
77504
26781715
959008
329786
3876535
4805153
243138
668639
15743441
226941
5090476
9560383
20826601
1788788
3669160
5032108
5558967
3767519
303402
6075528
14372147
3606471
300902
4250268
1266837
1686094
16841977
6812115
14128315
700413
626969
1936551
4765825
1409810
4724077
5094045
14661459
9008
25714585
494349
15916031
4613685
1646983
7152615
31340264
6056981
9637389
437337
5453365
6466278
1297587
4282761
13865014
12612346
3985855
18472429
8452093
5669725
54065
1214722
1227133
1785989
16484905
751446
1793216
24371824
1765557
5676659
12421321
1013158
1006147
136162
1394739
33575
7049232
11651340
10591072
4641225
8609128
656263
390021
2486237
144611
19966960
2978699
976955
60322
1440150
10028118
664430
2711313
10338814
5832321
6456383
7545468
9119665
21290848
5628754
23192879
7567030
3961777
1517878
379439
4331265
1021723
3449613
13142550
3434679
1462093
1394226
867761
184797
27733029
4573556
798833
833915
9118449
3929895
1074038
6625660
968254
9799357
1794533
2037818
3751456
15592992
5177096
29894534
2288128
13363607
7450144
2497356
277851
8864295
27880316
4134780
14294443
11598623
5085991
4544031
680128
8214873
2043191
3816739
5124590
3797633
10694857
5005369
15986909
10220268
5824241
1156944
9202264
894096
491421
6555369
1481398
6967568
22217702
7702162
1093564
7002681
12465359
1843279
432638
32945489
1217142
12005201
41839
1186676
4963514
2511096
1271496
2285020
4751846
5374305
3234549
18605034
498562
6740989
163209
7165809
60835
3404959
12665235
16129652
1742332
1507078
369552
2558251
5908170
5866676
9331982
17876924
2786686
2216700
5731470
22743380
5011791
759069
9464619
10753680
3560877
980289
2559313
4380154
12824373
2656300
2509533
5837956
25549233
2607410
19024879
1220081
114297
75623
7020054
2443604
3854070
5822987
18092735
17278226
9392536
5644737
6955335
9529962
5439474
1868997
23599940
3411987
5006514
2679391
22706106
93924
9617642
26974783
981105
7578234
2780391
7042316
2162325
2440832
39399251
10755430
25867328
26870601
4597962
7086581
10750816
14119539
7263112
10963953
13635349
4435620
2277541
705696
2980745
6523156
7171563
7531998
1998904
6329721
8217418
2145335
5299958
27966007
2626037
326153
7912987
21019367
1266508
1351417
2930866
21431139
402066
150737
204632
17253742
12893378
5487458
15925575
5025856
1000687
19277709
381888
24484797
6621345
18498223
2668368
9540215
12643614
630952
1874291
31362139
22859
2215355
19432193
3459865
22283124
9836179
653449
1307466
10430045
18173462
4269492
857048
15563325
33508378
2745106
5095296
7077876
7539524
2525196
32483233
8385830
24367063
5175992
8520590
657048
11054966
4914715
9642881
12357852
8629565
6876178
6677372
14707733
2266821
7236603
5116479
1663724
14417963
22825608
67393
18409357
1730495
10914837
17973140
13403901
14128071
1628793
3741010
15536767
2940375
10501067
11435422
13957812
12656441
7968476
13493166
33868050
8473337
24601435
21348993
2224683
9533190
673914
7268077
2120716
9632459
4485970
214535
14885267
10319595
18025298
6687869
13372806
1389521
17658948
6518223
2621086
12896147
17536768
11093014
1537049
2255484
1798290
6627408
8404189
4692406
16039277
6069040
5348271
3796970
24261688
3667664
2826049
118993
12440892
4991570
1501534
17986836
22434436
24406249
21103174
33351145
6087258
34180
1387768
8353439
853190
3276550
23069597
880970
6488723
2498339
5231406
5087872
1466483
498812
436740
9422335
15663007
3967970
3612992
11461
11051196
5032368
1692057
9534630
6683346
2754357
24477562
5398226
2028415
5589825
19051236
5039830
3364545
5959728
25498844
13973627
7778297
2198753
2525762
1993027
13210503
458642
37432103
17836108
29805550
607557
9782127
1268351
4517774
4640773
9655484
5227480
5177804
659470
26497147
3021307
6774652
1194866
3777940
241977
19576840
9481114
87591
2481555
327496
18717175
1747493
16466643
1303300
727494
10273506
4920981
5139968
29579394
18564857
17357495
26925149
1472730
37760865
13982680
5526597
1847600
7307312
7395989
23462
9134287
9136143
1853639
9658586
13985736
15746240
5487878
19944617
3106870
7151805
619464
7963752
4496050
31378718
3411196
39253072
29142757
4383250
17089
2091605
700860
7289641
5098818
31377795
1731596
8643911
778953
1268824
8922420
23881476
3659259
347753
2511232
5087035
3709480
71809
4343760
2897120
8032380
4264468
4792642
23162738
8475944
15133439
23970321
21932314
5975133
21211591
7017914
1991360
8002475
4369691
27521
1734519
2380854
462499
137402
7019947
10006251
27252511
101279
32757474
1734305
61455
14532953
260753
3323666
12992155
11740621
13714132
149331
5845363
18298
6575280
629322
49843
26251937
819568
8154946
45257
33981960
32753467
5938099
4867916
5344044
2104179
9537119
5367482
3419753
572779
398416
1596120
2158857
413897
20949148
24266181
940754
30084608
30027790
15038628
575108
18108432
2314264
18659471
5812404
2054393
410740
1194593
1654500
9831785
4632583
624236
8446168
1031612
2578955
6323832
23691032
5555336
2109701
3992901
15115577
20323478
9489854
2104277
25804405
19534791
388518
8727876
1754151
114497
7724053
23718855
10486884
212393
96976
9083122
6827867
14706477
4729114
27911907
3186803
8642691
8281269
255515
5012087
688634
5577440
13984597
462008
6675166
36944517
1352926
999024
23976479
190573
3095460
3197420
7222373
17110546
23786209
5529701
8446450
1518271
2383075
3105868
4107577
4352770
9484663
5927444
18089704
1221819
3794776
5343136
5863986
22567554
17811959
4333855
2890282
9291343
12098206
41653
5541444
5486063
3425946
5106149
8190248
4265311
64841
10827265
7986857
547386
13007410
23787717
10618928
557636
4320315
8731934
2073800
3395953
16504131
2189929
5095050
8475173
4344681
3970791
8992697
8481563
22197613
3358180
962985
164980
12816445
3107567
14181227
2508085
3117275
123423
1233726
11090655
7701438
8529085
14563902
10037947
10632144
4405930
804282
7237925
7931648
5320
3320276
1393396
907561
4265005
8041656
3247410
551212
4359334
28379363
7664629
11006072
2740533
2913
4742710
13953801
12285909
919065
3843846
6183586
52796
10962923
2068144
1449846
1183026
33486674
8942474
1262638
4060495
200213
2902554
5916050
21574298
1355598
1745390
8580635
30303108
6462265
7104146
3184175
19157502
10487219
17277852
19800780
526250
7935755
21378536
9347148
28851019
13128164
4343018
3844831
9447884
9313473
881356
4977166
7927791
7623603
263067
28580497
27790070
1021950
18012451
10117104
8560815
9126073
2215904
9039914
19762488
8745900
3947944
703628
7775348
3232230
965889
7361066
2117661
28285122
8058673
31991
21100830
5451605
3284241
5673683
4353287
1188064
2219003
18231758
1833042
997067
8643158
4967876
32346486
15565
2307473
20965693
3253274
5864045
6861335
7461206
8618252
19102292
17890904
16843783
2743378
4646465
286
7564628
14606226
3826722
17412369
19856048
3108255
6729592
1851075
354360
22177787
1128139
1624087
13978960
11142458
17632406
7868691
5398302
6584162
413057
10955734
14672404
22739581
6497654
3884482
8347502
2772764
7285548
12972858
17901053
996208
11100691
22615227
26208
24740447
4129080
111737
4267861
999961
1428199
302154
20543179
2008986
3667569
24635
4400097
24476118
906288
6250384
2066731
12075051
2223041
1246977
3746511
2286233
4705758
1030620
367306
4329064
1105830
6287
11991952
857510
29915343
5534014
1033179
2254467
10207419
7814449
277104
157785
656198
20601129
1903621
3344715
17574214
2047900
6515257
5549632
2150079
1844631
3182971
1031798
146600
1887127
12732042
5843267
2756813
2069215
1268851
4621778
1239214
7358021
277307
17092561
6430677
2680670
4557526
7160704
3059220
581917
6618773
954097
6388338
4825042
1055186
8049513
26581
22445011
560474
3215924
3817499
3444528
10544888
3857026
24424067
5350376
1102926
22409487
116095
29457236
524159
296966
13448041
12007295
9523652
24199753
5199606
13051097
4880432
17236
7000689
6047143
870136
9488993
182257
2932618
14060918
1031607
527204
9060405
5846222
6580638
990843
1970259
114123
3427336
10717248
4449
6187034
2009792
9319602
20591617
6811212
4133430
5739664
75330
6390609
8600327
4516127
4616959
158022
7531554
13568119
5505862
27027
849806
27605216
15625079
1893287
4468184
4163113
96378
19788220
13112074
2255290
4340616
1895820
719234
9832285
9908057
5273534
3820057
8373246
10985216
11842329
5524900
20937302
187088
2753744
1642048
2059442
6475
1235150
8465181
63472
351596
1265359
91502
300719
2410630
8105383
9971750
3342186
8704047
18443098
11155525
21040466
4575663
2118380
493731
18091004
2789351
2169635
4987675
2083235
2908313
975893
1071300
4710681
3910572
652096
102711
4868566
2930253
1078290
38657615
11443171
1077987
957007
4803332
94334
19691
1787005
25518929
9709801
4435482
2920237
961406
15932621
6326340
5231019
2516283
4912187
3253773
290033
14564417
17448946
633242
59880
804727
6281891
298364
13755320
3980208
5670782
30577590
571877
19325014
20363961
4872351
165835
7549233
695675
7688066
9483028
1203279
5184305
6404806
15398548
23406715
27217118
1238
2010250
757560
5487822
5819511
13699371
8034195
13480762
8378041
6513013
2948799
6796506
514981
12909531
826183
10372686
25974521
14548
3854100
11190386
1679508
6695290
2968612
18288441
17061841
2069932
3830129
910773
2649222
2266665
1027325
13098144
2221028
1590307
9480280
4415928
13664709
2043292
1590849
1761475
39391964
208550
4912905
254229
4609367
381971
21054240
767213
3381354
6920713
2699024
198290
8401008
1555835
3613473
11363186
2009456
18788990
1096360
6863822
18493759
5908891
8771425
24058979
2383943
23564971
2843454
14698198
3437112
18980413
2409401
20516552
5780128
10069145
150052
552923
8742
6290830
8779018
4734138
6538773
613088
27522196
4829086
4349826
1814373
2043069
31523483
5182069
12390396
1256525
10471793
4724616
2340035
6377040
2147282
24132419
77193
8373780
4735473
862640
13342860
135660
616914
8361992
4026893
21114356
9564032
94400
1575835
2791172
3841395
745135
6830630
36365446
4630920
3415990
23243299
5116892
13976507
2165384
546505
2145555
8717091
4379718
11632119
7896716
6637970
12901564
5573413
3808721
6417319
16297687
447555
4804029
26489522
2043154
5369470
160494
7160994
42655
7436770
54660
1136090
21472633
17366268
6311147
19208112
9592318
7372742
4138939
1183170
9805866
2902250
323307
2215939
5845853
16529249
