562
346115
2972404
2357022
5083255
2414071
16034
2503584
3845988
1192527
12506949
7257296
208968
4815490
13265474
649150
14981
5920164
225660
174987
40790
150960
3700
1007621
904502
772388
403597
8823831
3013423
10449274
798057
5888293
16654879
19277008
5662907
2940421
1135393
3353728
13222709
779178
4867980
60712
6526691
2612909
91836
8894015
9208197
31164
6682483
10914837
453564
3713008
67355
2032323
25412
12985444
1732
77577
5223690
2711516
4870943
3688957
5261664
4476618
1018982
67953
2583596
3462535
19561328
2366713
40175
172941
42463
10267961
965666
13664848
22157746
4597021
11470211
4600285
4972897
6837396
146809
299
4081105
3696454
8071144
10076664
4444703
11979194
94531
2424065
10531310
3148941
2469422
12245921
140199
1712811
4262
1141506
4931179
6635639
2144501
1349932
12596354
11610631
7590350
833364
4298170
5122012
2875528
34593
8843078
81887
5682326
9723175
1194288
18100405
1865584
20813957
413838
9606972
4006848
1318962
1449542
5824533
656198
430050
776544
4983671
146854
10672725
13296076
5747486
5727122
3949570
6917667
25587802
9279019
3405398
2149861
25765
2259846
9071090
482833
3817489
21682
19571
1796582
2089025
4474204
3244123
337774
321597
28321
4282198
3794
630365
2830596
2000208
11043906
895989
1956064
798556
8495261
2024443
7182651
4748122
1122835
2886542
41599
23976122
1392493
345442
1938686
1605290
168811
1491003
3283795
31853827
14143836
2982412
284716
16208498
4229950
5885787
4444667
6271199
1309784
3938345
5759085
3669597
3947763
1697648
3949887
1692057
11676399
4804029
2260091
1302958
334405
119352
93924
12929257
560829
23511230
886544
6882693
12232466
2217247
5015896
10136505
5838512
39526
1119268
87357
8747
1849080
6219991
14567016
8332565
48226
226859
5979348
2750309
4320315
7664670
4145009
17412369
6585024
5935362
2498339
4082196
11210604
5187329
5628754
0
2064621
17735964
5190999
150740
911416
7695453
524159
194215
1128434
10094129
7957925
102373
145986
3869107
2499792
8288756
24546229
254418
15593131
5338450
908955
5577016
4290441
8023864
154344
135649
8273
2532057
7503205
24424067
3361621
14107065
14142324
23871288
271354
19021254
13226995
1911538
418383
5555170
3072423
298759
22420487
3929695
1561607
2341353
2529973
3948253
1261438
5325781
3829450
21250724
222199
4894694
2011062
4100982
17243729
459021
9220544
5593845
2706832
4612665
4462150
13652406
334363
4805153
4069634
213790
3454647
4406103
1843279
5694561
11667553
12207823
1125942
169111
9697537
16120789
1445642
4583410
2473898
16496316
33170471
1152735
20345233
10170362
289821
3689334
12661302
705696
3875380
5651567
5083158
5151008
800315
677143
541589
5293328
10034976
17973498
4058231
1683546
10748073
3021307
8030187
16536024
3993287
9183728
975671
5101919
2221028
14174901
4339178
1565798
6338728
5854668
1837967
7184594
4657707
7007002
7896011
471870
5456231
4082907
892034
15394187
298913
4480303
11743697
1411555
42357
7
414428
5421656
20072526
593595
12803471
142676
285748
461015
288074
8866392
1181107
5299544
2880025
2148325
423501
1874354
4511628
3202475
3475758
1832010
9075737
88516
25839063
2014292
15416676
637690
5491239
5590507
53645
2059309
2729452
7538041
1629767
12457493
11201340
29186
3386497
25391
3216086
12445576
580566
2314261
18988802
2120717
16461
6467200
8163500
916043
14073502
15233331
1875356
14570767
25759380
542396
4476253
17625195
5887366
2685713
2408749
10338814
1935160
6637125
13302307
5164879
4368171
6527203
4287299
5889296
5659678
8101322
2886414
4203544
6712070
1727238
5066900
11164933
2471515
2751082
4439689
2329451
6861211
4393
17132679
11379731
13757631
317457
1193325
2794824
2607343
3841450
1504822
871436
5152306
811778
6747936
847803
2902101
9087466
6989103
5527638
7970688
3185392
12457189
5710844
3469290
8760897
4050769
4263682
200894
296872
9015605
1946704
9460788
450975
5347996
12272965
27244969
206099
6844427
1531376
5032376
4998216
6516522
8443829
7072388
12839921
2561450
757517
29622820
11448367
8305997
12377770
15909
1653626
4384780
19082
106358
2292315
2667
3844558
2675612
9286360
65657
1260893
147785
150541
581614
3575683
12058378
3842505
11645557
1802226
601724
6858255
4748924
7326204
2516402
3489643
4701952
1846804
1820314
3145233
91856
6755932
1959067
4135048
4780914
12069125
5110677
4258803
424743
1398678
12000162
7558710
6484416
396145
4581996
5662119
5650077
3268671
526250
5012036
243316
490252
202028
9765191
1489956
3547514
166347
6015768
900884
11748016
5623022
2871362
74503
4740056
47107
5985453
4497028
3685948
2749095
1141558
5959970
966219
3853547
21510291
9051863
4568547
1806301
9869816
128
18030288
5148022
8965674
10603750
3726417
7912987
3793993
38062870
5735262
3658153
4990012
3619395
8653054
4631420
3202737
15254085
6812115
6063314
1563748
3088023
3307612
27932498
1893287
3075660
11250956
116953
147579
2018955
12915503
5211920
11871
587887
31824669
9371994
17400522
5558837
367306
16953741
4386896
12362829
3525592
3883028
5187426
2107408
46303
5885442
5004428
8446450
736005
5882585
7194513
10579567
9896609
2232644
156780
19208112
997916
18667216
5658114
2881010
4769078
9812115
5570607
6517899
10412099
1376047
28605413
5320
4162
45257
2280890
10974345
14706477
11178855
2832039
5588826
4564243
21190588
1161957
36154311
4648907
12612346
93801
6340757
2341033
833047
34009
7219741
4876513
3777714
7709235
1360123
9434866
9185151
4261156
18652611
2144952
5261559
4791011
13113543
84958
10047839
1819076
5346974
1411223
7657275
6342634
1074038
985013
325693
30965514
2795165
4985051
34542713
5390986
20459022
7383777
3961734
957436
6368255
20449451
6041254
1075963
3877801
3420599
16993107
535176
3087043
2507238
12208746
1878330
4534460
10749421
5800120
21026392
5909418
1843411
1340424
10715087
1292636
5517875
12325246
391240
10326307
2895911
5486063
1
5190320
32920594
47364
529849
2890583
681752
26892836
3380158
30785218
3069095
2420931
2750712
4579158
5518350
807765
3949916
5484165
2799051
6403960
14226879
22209873
490975
887117
150657
2703978
2965970
15915756
5570085
904628
3533875
7552574
96622
4973336
4882703
4146380
18318459
5200574
3667493
26107898
7917019
448082
3340646
175733
8674696
9497806
13058730
16660
7099549
969898
3077038
1320274
3240285
5963029
2091450
33565836
712783
5398302
3062328
731680
8096625
12173416
12514614
37363195
1102926
6905
2893864
5909486
5840478
7689067
2057296
17858667
1051206
4270828
672
4837720
11356482
248971
12415210
468575
19190962
2907905
63329
1098667
2552260
907701
17700959
25592491
2099112
1130313
8701530
7813124
3018551
4705742
1041705
31898
4706720
916699
16063
274287
2070533
4998524
24127059
33723106
620971
4281
5593303
13939577
5135458
284525
11263732
1245708
24075509
434608
19582700
22036155
902689
915943
1132479
2747706
816101
5056128
3931562
8448877
3654934
1139150
13588657
1473889
22172493
8487861
10420731
904687
24007033
12087005
6688492
5772750
2363033
28372490
5830084
3602177
5822987
148720
4391534
5744582
2817411
7794025
18044454
10422063
9079596
194392
2494606
1509070
6479701
767213
9662428
8728723
1000515
34384991
1134670
8347459
688532
6203183
75553
963248
30520115
5373373
10033462
570483
4832909
6453551
9070545
10723966
2019322
4547735
20649809
8435364
22103900
408871
1009133
1068468
4751730
615
919809
14295391
2695411
65132
5177096
7174978
1565146
28952605
11215519
7142894
766495
664471
6858167
12468105
5409908
3942273
3522817
445782
17986836
2687111
2808365
2880505
995746
6013112
3257
2594110
3288762
5115210
870863
1149422
467313
20767883
6735979
6274839
5828092
62197
8554266
66463
1376332
2645106
1340715
35364
87082
11266275
376939
13265661
2382596
14304187
4284315
27005
1857993
54773
9357280
5918529
1040564
16455
447346
13905933
2069575
6858529
17794218
5970175
18934864
10363969
819053
1722060
13047648
6172252
11142382
4301033
13113059
9468630
286276
981792
1088055
202265
9122021
7905162
2940254
119057
654391
7924334
4509938
1071823
2147947
268593
1340482
663807
64445
11178264
280637
1847600
2172271
22824234
3119067
5241824
3382673
4572964
8406539
27056034
2867146
1376782
22965479
23707475
4483132
1316279
3883337
740746
3204693
587012
671674
8713705
433260
2560571
7204395
7944133
7690560
14602461
7256799
1992054
5622515
5025856
1207488
18455
8401472
9995324
4165293
7417126
15475651
2301108
19658658
3935154
875285
1042590
6656598
16154193
69617
4192630
1040164
27411391
6866859
3284241
5199277
11132091
1784377
3489688
2400538
3479835
559359
506471
3401436
4803816
2452271
1891380
3954703
3683417
23938743
21173
10890800
1074109
3884404
2520621
5676094
112765
8600327
5214603
4842821
6505892
14294443
4572543
1098340
1194866
363444
23460946
5936965
3824075
22176022
962192
113972
103735
16965073
350078
10242270
7980733
8867103
5334421
72568
10616234
48715
4859597
13478293
18960394
4355113
6458828
8706995
3700758
7490551
13065278
12758844
2464860
605577
21976407
1423789
9486038
353188
3156687
4391711
367398
1734305
126430
4788406
4389737
4434488
552923
9258764
198290
4262513
6338740
38232723
12792906
3067408
287480
3253773
20429073
2027928
12246614
4641225
1971405
11330633
9143532
6089013
44072
8498911
2613067
6373306
1024424
5764670
436736
34359387
3200571
6784265
2281948
13011480
13126424
8409905
15757893
3809008
1723232
12660786
2254737
5204292
12733627
68351
980463
21573546
2949708
3929895
3238210
456018
4621778
28088018
3689513
2380645
892065
6141054
4614790
2606055
525702
1695022
281928
3021380
2922757
356576
768013
7049232
4825576
17910588
7016725
2232655
8594566
3275142
23715
2100040
451490
2490858
4845174
532344
35624316
3788796
1353322
10295695
8940223
2026024
4761845
9461062
5676659
7076123
75073
361424
1789596
2190708
15927251
3560218
38042
7737233
3145944
4117561
3272090
4461978
3834412
780347
4808518
12794016
913128
17146421
9359415
4989299
8265635
5652383
231742
623029
24192593
9064323
10588940
11220359
21175194
9640594
8309686
6986873
1675587
3361299
9812771
1580633
8900246
2868041
15507943
60004
2784956
3586691
24796954
1358185
4663905
1026577
15620108
4019315
4706782
1439641
18169805
91685
5524172
6394870
11537940
2494823
2886286
15725491
986311
4888050
3818786
4372766
619552
5194716
12041
4803384
4684278
8692530
37831189
260554
130490
131835
875851
320021
10933208
5126994
6072890
9755476
2090557
17797762
3667186
13699371
23069974
14676157
16314787
11392012
7304509
312153
23623
14211341
10080178
2078849
9529962
1031612
1055324
1941292
1714835
429372
1140605
2948799
633287
17061841
1105734
5144157
18546426
3933622
815202
504640
1462591
32984674
13714132
4857546
15563325
6241893
8525586
8678293
1078931
19014774
9463940
585686
233629
8799110
3287311
11458737
25981834
1454136
8642594
5617227
7921322
5154906
6559
34831
1765469
3278875
142023
2981003
749986
1183854
10864367
1747493
1885092
2444481
3523575
2042942
3601214
2069879
10649989
1078381
23084096
7122401
18326523
2122747
54133
1192043
23784
467470
14108977
9217582
6396254
464935
8001042
3703327
1266837
7233602
5133364
13455791
7165620
9801076
12455602
66082
11228454
162211
451880
923057
39643043
12059124
94400
4057840
285913
3741835
7515687
24360019
9039914
21096367
56918
1912118
81536
22065528
6804839
659470
17131596
1862740
10389169
6973085
1126809
3497801
173857
5298456
7591456
2761181
5975220
11933716
21125966
1152653
5080460
6884074
654925
18839
3733154
150052
1282626
2273000
1027325
1218020
15933158
5937380
7157875
6347179
1436913
9698723
7044786
111737
13632018
4383375
6072660
5419489
328425
7075949
7712679
6734999
5596878
1057225
5468584
1297286
17910605
2160607
19576840
2627073
2821301
3445965
3341674
460512
2085389
4660552
6426987
8307145
13393016
4830648
4551429
3684733
13267076
2203126
6898037
11476676
3908336
5527768
1124282
7246664
6442445
7239949
2237225
3623565
5854578
4931194
1277852
1474867
22722176
3201709
1252090
38367559
2541697
6789266
3029631
1431465
6834623
2613374
19603115
9834084
5781460
4353287
5009548
353230
3643000
11982175
3715803
17593878
14101306
9466516
6614965
2460798
4550734
616849
2179167
2454975
8913920
16384304
128298
17886381
26487683
2765282
4608137
3821299
27001622
18225505
17583687
1963575
3249247
999568
4333658
5898488
36936289
2143781
253139
2069932
5843656
1900634
10391129
5952575
19586232
1512492
8683933
4255992
1555
4692729
2121115
13866087
10302580
6495062
4118889
25853049
36332
23927688
1003220
2187812
2285748
29140938
29717979
8398878
18186
227766
9745454
13849480
664367
20424054
144887
7189491
2746514
4172431
1289540
6503941
2430362
9820488
26126
2797441
1316039
16886
1635796
361147
3831281
502134
450381
1776084
59406
7534363
1744873
2665979
3795093
12742431
3738704
9825905
27252511
298364
1836746
7570110
1121557
5292784
3021456
26708414
5723197
5317192
5513556
6137696
5332796
991963
245926
21039072
82168
4831798
944709
10032618
6142147
24887535
3359479
156445
1691216
461098
14295332
47122
602115
10976772
2414289
3859451
28924452
1058532
18419969
671530
2804606
1713744
347753
1781977
3972083
34813901
9105293
4883370
2469488
18041250
1623418
2707819
7981930
32224283
5282140
21782587
50113
8366238
3798982
13617019
20963784
6861335
3489583
8918253
25555871
133159
6825476
479842
3388126
6912417
13148080
18435971
7288491
10164677
21915
3876326
1847240
2893957
9808599
1223168
3673345
15154496
1587700
5395281
10736238
5909739
1646067
29149965
4336668
9841183
4056297
9182291
5379978
2884781
3584800
39465
10690753
10564961
4452568
3916964
1135447
13272173
5181738
8573039
4651503
3603835
76057
2007468
219772
8373469
70539
3488771
5279650
1147365
5716232
2753744
5108460
18789117
633814
10351826
11178063
15641454
238374
5228667
5422027
2002050
6029314
6704508
9038675
2656300
1125825
12469287
986628
2691448
5459505
4167580
1588788
1970180
4994726
9684245
21767503
286608
6830630
3865791
2045506
2541988
1517878
2159552
5335063
10677871
2528116
7914136
7146491
6189888
838836
5575245
184797
5348995
4727436
1123704
2953803
3705968
3629705
2285020
366387
18137082
3185916
9328754
11191280
17586384
6332849
1863868
6199201
2258514
3371086
7602936
4512826
14621978
19847022
7714775
2877019
1960293
3767231
3344730
1159624
6534083
2039796
5670980
23966555
2043210
20929992
7918714
6608414
1448645
7289348
34274295
7742827
10909
618436
8698172
8897863
3566428
4552456
9483260
20014017
744107
12838
11514135
10045838
730474
25702131
662089
356403
29644982
1882248
7388598
4473223
621501
12476509
36457031
402066
538762
6817063
329786
43267
16884
18149283
1874065
11729572
78636
358397
254229
1350096
12627022
5280875
10485151
2125284
4383615
8907538
18933671
2600960
3369642
4958879
10500616
28981374
1263879
17880337
12830410
5064850
8435066
9645610
1089767
18791653
6079044
345238
5663899
17035950
3785418
633647
2500401
19341821
4505670
8643911
4622615
4337324
291745
7927145
2749855
140475
388766
1580290
652096
2239005
13688539
3322658
3457094
5871306
135660
638280
218122
24057825
7225867
1378219
4150779
5778704
5119715
4400861
905923
50572
5765562
5237472
1239739
5372009
9274547
19907661
4019083
1406869
6398030
15346436
122044
2024234
4877201
8989529
5556429
1218057
30482
3939861
9045100
4928946
5081192
34404452
4344552
36392352
12449289
10274029
5032209
8959491
26853806
1854661
2759515
4768054
669888
3065847
3179533
20590
4712373
8154946
3372204
3219027
204298
240563
6740989
2967561
279228
1676052
32632
18839503
6098500
5266199
2996955
1979085
17540894
2431683
2993028
7399601
8070268
5565572
1089862
3712105
9247488
6677372
96631
5833680
8933953
1348
2683359
2057888
5022487
9173777
22753202
10517708
4381754
1655866
1389329
4990000
7183836
29681
12040145
361607
7873054
3828540
1279461
1936860
1590145
5191646
8806008
27232136
14765635
1785989
21448575
14099375
11130506
4271269
6805241
8945322
7978105
8032380
323244
296911
11759706
26013922
20344660
581137
57632
8989491
12176549
202533
7043798
4704346
15943665
5428911
2422604
2
5626472
5357063
5089719
532051
1100604
2441101
5875710
996512
436438
8562515
10768310
265941
14785312
10179099
9064866
887791
4449047
4899340
314087
1997731
4282761
1387208
7749254
64885
5517252
5326553
2439639
1644382
13809131
18589584
4351927
10277184
2697516
25609
26830938
24242882
17214442
6206
7236603
4104149
10731088
2454372
1340529
2320981
9563990
10067270
6776989
6992182
5507025
1099365
2426233
22690663
4882011
11998491
1623516
183381
353812
3087033
8902281
9695187
22115
6489941
29239278
2288316
19189316
6538773
10968406
4859568
5061222
6567644
1252461
13789754
17980099
2051787
161911
48928
3966278
8230209
1454650
3062727
4401180
6443753
10281868
607996
1348284
2149830
2226070
5048328
13773807
4894168
12451848
2271074
3574950
13739020
1274362
877173
173384
16999666
14235211
6377040
1471444
6461
4161527
1477711
9118305
82585
2544405
2883880
8082917
7343
2198673
17525129
24693435
2031270
18740913
1487144
5563744
6341707
622872
3164343
23406715
9516002
2707242
4534154
3382494
4681175
7616846
3929675
5426264
8768130
13323221
608456
229274
771624
3314126
52650
6483714
79747
5872749
3140845
2248551
8672639
42655
1565483
2235349
22555276
4320765
5115389
24371824
3449613
20273662
5800351
654224
19019648
6242118
8683622
83544
995180
6672433
28567674
973909
4240087
510965
2238079
2967481
3145174
1874291
5095745
149646
4726672
10111599
7264267
167186
11429822
5325238
4359671
1650723
13342860
40494509
3657185
2717384
20822384
2221035
625400
15473802
11393058
1454845
12606720
2556410
3427848
1490142
236893
6129942
15005103
71158
1834734
18405327
11400501
1638790
129
61188
2663732
226941
464093
10117997
11805481
16480553
17432710
5668942
1896054
2917771
7295926
172206
1226036
390498
19605313
1933079
3403535
1269799
577691
1074821
5191214
4425730
127123
8671228
4997155
14158972
3697530
16055141
437337
5805026
434688
6091236
996095
13139981
4139013
7287623
2075461
6025681
618711
5655928
4147645
3530498
996611
9449360
18302
974513
20804254
2371007
2460150
13702997
4128819
356982
28016438
18472429
7687786
856685
3396711
600542
37413584
7251303
6939156
9351086
6178670
1628793
15112190
11671222
2757381
4385937
174571
1306047
7268865
1454190
8446168
9568335
7273148
12925798
3699890
3882122
2700766
30727451
2879760
5914888
2159506
5534092
26572
1545354
715410
2044986
3984146
4202232
4326304
757989
18574289
7904621
33444
3342186
2580346
3783873
10869636
14305170
20601129
2041151
11682643
115292
5375337
17303209
29393404
891490
2849686
2646482
1802195
11489738
17709
753835
8632049
11173226
1695717
2306328
8409364
8506450
319532
5237885
34254162
24058979
118287
7952753
182718
6400929
4786642
24026409
22618932
2004018
2552266
761552
980779
2778194
19183495
3169842
21328299
87298
5648257
1006750
8849608
24026936
6793635
4937060
2902250
361304
3374922
14618437
16072817
13383308
668
12069518
4437066
5803256
88476
5174582
5432786
34337031
2118380
233241
686192
4680384
6428640
22677701
9546456
2021403
862640
9751690
664430
1040088
230947
390155
7426036
3644630
18521237
1078300
4560888
4172573
5512880
1391293
363433
9719190
3622346
4480491
4351313
2325633
4129080
3192365
3175814
20543186
620732
6707835
26339691
6955335
2782200
1024298
156766
11365368
18229055
15913900
5819511
9725800
3667569
4936537
2203009
2684646
8735828
2072158
616910
11382969
4400289
72206
23499778
1712693
532968
47639
67329
25893478
10665985
177573
3799255
724154
6962738
10755430
38340635
4050757
7051197
4602009
947532
18415787
313892
14537603
674547
11123702
1388542
2388349
1058108
56600
2058024
2227111
6287
6175232
572779
17884715
15303068
10762145
16406305
4658260
1713595
5975546
10813501
9353607
7954335
6267
3077979
66140
7994985
22997786
24132419
384884
1617254
22368129
5498417
10501067
981646
40452
6414214
1453497
1090325
12624542
5575642
9312428
10261
2653540
16152507
10216358
6661697
2159678
7475857
396231
2607410
3247410
201120
27513046
1049847
195587
4871
3069985
14156047
1730495
7888494
2764531
734917
557318
85223
4758982
4671971
9024076
24227682
10144070
5801670
5416972
3913334
13192663
46811
122845
15433497
7450144
614782
17291
2503142
16893
300719
6019466
16056262
1274834
4509503
126233
3174485
98259
9517655
1021723
2188407
49178
1290803
1683633
12425338
16182556
16333397
4221064
10093110
5290445
40505072
2420498
22101313
229269
4652543
2180861
10827050
212191
2056261
240714
18964122
7421318
14266521
27466393
4392178
514981
1771974
7375201
7979050
17890904
3361223
7619118
7339505
15511154
675318
11657711
195105
144423
5261719
13978333
1555552
16598418
160505
10463575
369738
3373738
177768
17787201
996208
6939463
5417374
3236369
2198913
2137745
13957812
2846044
4615665
16704574
11147466
2070969
1900148
24071307
111063
50867
6707451
5446087
6409880
7821524
5589825
4153769
15069338
4124349
25708799
15395030
24110157
59414
11382874
5975133
21961701
2124137
9104569
3944457
8303005
4130807
749744
1248174
5527847
9058620
15692598
5242497
1371922
8734070
5267289
229271
6110646
11416515
829760
9313673
191987
101625
61590
5931318
633236
21253325
315974
6485639
61705
4730734
1268351
16050044
477595
16033855
7737101
6683346
4396958
2653356
4138778
1682928
1027295
1268854
266442
3137216
4063173
2017066
240309
18238807
2659479
31174766
9303826
274103
13145969
5519217
28771240
2270549
238206
17398780
480678
41183838
4014670
70554
5996417
7178416
1999869
1464000
8465181
1117458
7549233
36160153
5634457
2830601
7401346
1015158
7921222
7275205
260753
9672330
11121762
2892145
12778432
982876
904567
13521
2288778
523560
919065
19125
15507513
18901030
815216
650584
5304144
187443
327503
83142
24868368
18621524
860052
2711313
946314
5775303
21484068
884074
1698216
4883868
13118071
18789331
1290133
12850208
10224260
7411759
7954219
3930409
3720014
26375125
1696718
4626737
616874
10767699
1030249
11289210
2338906
8824139
7792140
9063177
2331458
2938426
1865767
18149321
4860833
3871544
6584162
6411
5881146
2266665
2695627
4480253
19716053
18447116
8663684
10552123
11480186
8949586
26306
142908
981489
398518
3550143
226670
5424345
6899235
2187669
2787835
18355276
4947602
1834370
815845
29706
829149
2722345
3919998
10224808
403000
3417318
19131
4256592
110933
6542765
5808950
8613514
2375555
12325140
8548645
15484229
2266719
388518
2248469
21248250
19835214
6056981
3883106
9034298
241844
7974769
2024386
4600640
3446864
2918259
291251
6433886
77795
703588
652171
1597562
713427
8651815
37286438
32753467
14061769
17466823
3069724
4041736
6468357
4776322
4761223
1309513
15042885
2818252
20826048
229496
6388959
3044139
23013991
5134059
5285426
16742510
7160704
12673875
149331
24335
1193427
4422225
699899
613088
4492847
2058374
4420178
1014789
8206553
12649930
23327747
1211940
1415357
880554
71954
5227480
708006
3872017
99819
5338586
2336219
4300841
376521
14234751
3837064
61627
3977299
6557277
10324189
1258405
1833042
3870132
5223097
23162738
982080
32757474
25155780
1223759
3614028
3174667
30705870
3822105
855819
56388
4567912
38860
16638920
9825454
10176355
2903350
10743556
694160
5170428
1265386
9982888
6783183
267909
724619
7468103
7424808
4989095
2784905
557897
807469
988
1084549
9696145
2393805
291379
1184888
5909650
4193263
1926159
815213
2007611
12674723
6041274
300849
19993111
100191
6730675
7446186
2499429
12319028
6344699
9767962
1907802
56858
5838292
58588
5959728
4281869
6371353
25027196
16484905
19730723
2743378
5658738
672697
6461714
15321748
13061
1441181
22085117
19292605
315930
6526632
3702421
246152
4784014
40580281
1853515
747497
6096676
27537319
5108017
2699567
20622452
31901318
190051
2922962
5362079
18346425
5983337
156642
5233220
3871467
2453004
500150
45854
8812085
923507
4149819
3877554
449048
2937512
19688490
22610278
14696457
6950974
5311015
85700
6967568
5721425
698617
30766845
1731596
1763694
458588
12680417
964999
7008612
366868
2756598
3953609
1888893
2182252
893605
1230095
19848029
1333130
25953314
2649222
29104578
14807499
28718547
18032888
4789865
2058114
3829516
7288386
8343423
2800342
7821230
4751846
11218322
678148
3743986
15619434
7880837
8581297
510734
7659407
10212429
7676635
999961
2109701
4369509
6564089
9286511
70491
949675
19710242
5621111
5100692
794988
2975145
1948703
14609045
3991583
11200327
22373882
6951471
6339084
3855867
21000031
2371586
1483136
892387
4728633
94725
749214
120231
29371590
26289082
9578772
2300296
19589954
4912187
5670564
8132745
806008
1453175
46345
11223
1960970
5739385
279362
2114992
15342
6087258
4883013
26745280
203655
10271307
2677279
1012748
28439982
4140302
5038162
1897088
5951414
6810986
2232083
783068
4443921
1531294
4549379
581692
684147
13160317
23614510
9118449
2798176
2341731
912631
23767
20115989
2413962
22457872
157785
5541554
38097
474510
551079
2237454
532093
15432783
114089
343743
8713089
3030999
9446152
640619
5313585
4214706
4232629
10383255
5420072
15205297
721601
1393742
1101250
1887270
6595211
6356306
2998127
4439360
4270932
3771084
3010791
13582464
5299399
17772945
6301914
3663350
4874444
32190
2025772
2226987
13404990
34609
47051
716200
7678940
10046238
7827443
1833094
469687
515112
2783513
16317473
1138585
3934903
37530373
3850873
2142193
3023133
21502203
4171042
175257
13484
17897478
566243
947663
257844
81443
1185297
3122165
2786686
171619
18828580
660309
5015672
32285
17240210
18572822
11656343
15418191
2722236
395055
2479197
3622990
2406582
3838130
2755818
6947768
7670994
5891842
11422306
15454128
8633701
29714028
1279027
4097878
4500359
2057904
9691131
1874876
6899862
4728680
20224960
609214
3874328
6704696
1032022
15773351
3055361
207
3929528
28048718
3434317
173307
2626390
21027453
1036854
4615239
2477214
6855443
3253813
2622335
3940405
5360364
1220081
37589242
462572
374427
2496989
526997
1925135
551603
4515036
4219991
11469325
25620008
2968612
13161809
15615966
10368
909735
7822730
4782071
5121237
75258
5026087
4255742
5370570
7886042
12901533
14723431
331462
704043
657343
14387
6819553
8074080
5150340
18995603
12177751
1717516
2094029
2052006
3395473
12184521
23641744
550259
70076
29817987
8544919
3470394
111173
2739082
4251220
50712
28914683
9429500
1572751
58188
572509
5598943
5923701
8401118
9403075
1468016
1234417
2789891
2307010
3944807
36110
10931057
1829202
389496
8425052
1979059
871053
2715405
6019863
191161
4924208
16890
3763316
7552961
2048259
1138656
6533695
896329
3697292
4118687
6827867
795374
7852681
14537616
22086988
9964122
2927332
1027360
10424708
1553626
2802745
1056245
735913
8523418
29756619
1709109
4012935
14006136
1684383
7169810
28854087
516022
6767236
3998055
25179794
9710697
3059220
12732042
22972924
1477661
5512323
3015536
321991
3540869
3603626
635785
6501510
22871469
6101344
340146
5326179
36584910
12415286
9091455
18885040
1126207
208613
17128839
49455
11531825
16230852
8395257
4485949
3876535
499344
4899491
2500442
4017955
416949
4411455
364757
196244
21764283
460101
10104879
7175326
8611423
36536
4217220
6560650
5482803
2665926
17096399
1561292
74787
7028600
1238
1020043
27876603
364344
4575938
14307761
5600483
7820856
49843
1754551
686782
24636824
961912
5093500
5858053
3818283
85049
8286204
5432626
1134643
9496470
2538276
4597246
12198576
25424186
1988198
3284758
22684671
616914
394
9333180
6123234
3235020
849806
2215355
1360
3893896
5621046
15225615
25050744
7775348
19213825
1287890
306201
2216002
1880760
3865264
27401
3881190
7030176
1617715
448509
19114215
524541
1068641
4853345
16548082
11914148
8501790
8302784
1187456
279246
3452792
955403
17709484
2057765
4380883
4269492
7737564
1673859
24488475
4894184
5456398
4829018
11898816
17438667
968918
37242033
4659478
2544139
2388571
584140
2678770
8729683
32588
279964
616840
1202812
17827773
2182977
1579130
541044
1013866
4350709
23876149
421537
944806
5012087
632867
815573
1717100
1231148
35072481
2131432
5478671
1992649
1110847
5219238
2724694
5090210
23759547
11934769
5777093
27401157
7112714
8274506
23278805
26609931
11045656
27514248
9417317
2508440
7291009
4231304
5313158
853778
156364
695675
7493931
4519754
308253
4364647
3358846
13620077
2497356
273422
284758
10253120
7108411
478155
1958305
78840
35385343
1740529
14599800
64308
5948883
4062538
690168
4670860
74619
3348709
14410386
57403
1160040
23260754
10341858
2301989
3651038
18443098
112265
97284
15855244
10753596
2938121
848259
1356805
5659795
2024176
2198249
999024
92276
4941466
6857899
9403321
2748270
20404927
564140
783724
15211531
11598623
4192196
24673660
182803
10220268
303402
5085230
4465515
5832321
1418308
19327638
3374505
4281114
2796536
14964064
22532585
402399
6590428
4796704
12947308
4587078
4876976
3960140
891586
1090643
11165692
2717228
18605034
71276
12369687
3160929
2069194
4211341
1359035
231152
3407340
5343693
13379651
40050594
4646465
16321757
4425333
1083311
12907974
1721713
2288852
11765103
4344078
928603
6146475
4769737
9658255
3517782
2456201
21416745
3395953
3679166
30852502
7577049
13697634
4911032
870472
2407903
1171725
2449124
23069597
6958514
109073
19764940
828369
25857311
60322
5861767
6735246
10012403
1347279
195390
15791627
9247766
7543050
37970
3187053
496930
4718203
5066122
2304964
9104827
1370890
9726462
1796526
1909008
4226345
4352648
11263677
430170
1365259
10750816
14596715
8499214
2740533
7596645
13619896
1059054
18438560
1496195
400765
1672817
18873363
1423025
13024143
760474
31502199
26345998
11093014
24821713
17702116
46144
9411228
5148419
5022049
3852074
3744932
2572293
877483
2160621
9488993
19612094
13321086
3344308
42975
239655
92176
778604
12531560
1681037
8170416
2936229
14849652
4207608
4430853
11155267
11617743
396
24065345
666059
744096
9636556
5094113
4695959
10037908
1318797
393296
2075260
2130159
5975779
36926
1515038
550580
836035
906288
15103975
22251588
962806
413567
26777
8275026
5134626
6861466
451684
3480262
4215622
8920902
11961296
465447
4646043
454694
33706278
426180
5157804
91997
5843774
2218145
6801173
10626906
469617
452767
2219418
9374276
26608624
1227375
698503
12318558
5830168
6615245
1340854
1439823
8847680
13128164
1578763
1394738
3530949
2430669
13486156
20975698
25569672
1540389
3124877
7915066
3927564
6111861
289782
5262543
15385025
22479623
8559528
3766304
14282442
1015887
4993892
634557
3430336
5076516
20197220
3240705
4199284
370236
6528836
24079
10106781
390021
10273506
8485438
232132
13448041
6115917
2091764
2664096
1602513
5622568
800589
1075282
14812871
23187451
4830776
21693240
368593
4433
990608
841208
1342014
11197153
20870507
33957062
4792940
11830192
4100862
1845061
7608149
3346605
4658031
8804429
9205
6481714
10974008
9143755
490271
3166209
2091451
733135
108933
18165065
1098931
8752878
2953611
1359696
74186
1844492
69584
16313182
368029
8448499
1111094
1844171
4402949
5037507
36365446
7574045
10694637
452746
1161748
8655383
20126961
2924127
3766711
975893
454741
4638238
9266576
5286399
1236675
6910920
1575835
5739182
7821843
1054031
198260
115176
19216472
2064721
1200605
3609386
5998749
378271
18288441
2648206
4259663
5174229
2444232
1545557
1625835
8370781
11621152
14921992
4305367
15557944
9534630
2836431
24261688
7427882
5765502
837464
16129488
22429524
2844050
2495221
14713001
1979260
852906
9653225
1406286
5683270
4799612
8360856
4718969
2486237
277390
5214083
1451410
7701878
1488780
10806441
1900659
4590990
3252858
8720121
4302020
442564
10029891
8608224
9284978
4797463
165853
12707189
14428929
9558926
19024879
251838
39734
5657670
1322385
2413396
19107359
332169
15351202
3911856
16119852
276972
3389822
142298
32098740
617428
649013
8557920
4823792
4573037
4909712
18798423
7081870
19422869
16572567
12686199
16318575
23692912
22183627
13847554
10427738
1639737
10212284
2128170
170020
7573
5201554
694284
14212368
18468500
14647976
4579988
559
12709351
9611002
13618315
4728214
12972944
15087362
470688
7283652
2550850
881790
5960930
2104179
9286703
16695203
4652512
3186613
4638892
32960481
21582753
3750967
20023253
13209250
8639472
11167054
11953294
967422
18110337
6768215
7614958
3032433
12398756
2431908
1375169
2876322
8595212
648927
43310
4614991
35371
3720686
29713563
8169119
2223041
2818957
9182251
11984364
7485202
16383072
5439474
17593
9592824
1279084
5783772
3750307
4919511
752560
551967
11655274
1374057
50005
1697632
2264384
12878177
5031840
885976
21248712
20128644
3949747
13170159
1359874
1206157
7582734
5039797
1552928
5208616
3514764
2634130
4842653
494614
2756813
478783
2466562
3403233
179900
14045458
10246673
10601861
1008907
11199083
4839569
13776469
3794456
42103
22326873
10879972
10638890
2783864
5664517
902515
33351145
10290474
6988979
9699665
468761
11209045
8327590
5973034
526614
13457322
13061176
7051736
20990458
6580302
10104624
5178089
2213519
2145335
5011791
1234887
37849524
1072539
22857447
1950860
4343760
4170298
12545546
8521724
990017
5378070
663828
6795439
6499009
106872
3108132
6032039
1983119
230250
2481555
3095135
84897
834794
20996827
21275775
14944366
1617811
167880
4346
1223962
4868566
22837192
2307473
331763
2965928
9262372
13765850
5879690
10177067
95698
11192775
2229601
575108
461299
10788697
20033105
3969732
1612161
510090
9653887
4039044
13145229
25867328
33868050
96603
7453457
11077947
4161541
7883415
2631434
19089062
22697749
4570763
5097498
7013510
438915
4064688
2556591
1678354
20225963
6122547
23395509
14681285
308158
1685080
2926544
15542558
160276
6798767
4565300
306773
1058882
2054463
4398654
8861485
19965879
11931377
10250990
3519324
299283
548086
15717147
18397814
2759849
18463877
2207772
82470
382362
3751456
353959
14903591
39735978
9129425
8844394
4019823
18308775
3367672
6588926
12886652
3263282
1725602
2046864
2385116
5373607
115354
2561670
3985855
240673
18225884
1683437
12158044
12672460
2301940
10633380
558228
11212103
3634362
8884369
25897
939008
3174490
284723
460929
327496
5487878
18622606
28076964
1376966
2552689
5868007
4476444
1347145
9544622
8897952
16697792
1304673
5042199
333680
2272976
1738180
2380854
4332844
6457598
4985309
7153766
2040599
5754811
33396833
4866671
121188
876518
390628
3274818
12636651
2582737
23122118
319
1446010
56196
42813
439364
2277061
2263066
3662785
761396
4063859
7275720
376784
7728900
2250625
9831785
3408075
1630638
36707614
19102292
3105868
13982680
2661426
35242474
17253742
9102076
6054112
2571686
2497948
9415438
706017
4300285
5555336
3644659
2220533
5486984
2313471
2984926
7237925
15698
8639115
26581
4689648
9466418
13278876
5668
4857444
7348762
23842254
3331734
6825672
1502854
2684508
6417000
5250360
867761
103370
499350
1060864
14299
14967347
4729241
7524989
6631858
24323476
5372551
2343098
7196960
153559
5606230
3354914
2717568
13080577
8458151
7946387
19980091
2537570
12748825
8328970
904942
21501747
6290011
13878015
266093
349907
830605
2355313
33053862
14537101
15204525
23461819
11396116
10719880
7669654
5032108
20730785
21348993
6526151
4405722
17262707
53212
42901
2158820
163240
1518271
1702076
815422
126709
30942047
6523043
1990209
20429582
18547204
3658160
5529701
5801110
2329515
23267396
664146
1727133
2800989
14950260
5983711
5226872
2688015
444566
328332
44295
1038316
40373333
30391391
23312834
4992572
6964519
2740906
3258070
37041867
5360750
14530497
677271
12911949
5568953
2967826
12481
6555661
1292562
4903506
8771654
4672614
4477604
438666
15310384
14835077
3290909
1457828
462008
3032846
21467089
12176658
2194306
13670310
4994131
15986989
1901855
3360704
7658639
542113
2219444
15477299
4541101
2290067
18836812
5673453
5736413
5744227
14565057
7649219
9933475
208550
5346753
1069372
3072638
732551
21074950
1021950
21146317
239164
836856
4211187
56976
13973627
3949019
2457403
4572816
15424538
23501711
5307192
35629241
37645895
2743372
14848277
18245936
3908461
6196473
724259
3472376
537072
3418056
7822127
11179803
18802146
9812560
3520714
13793986
2338255
2688258
5082879
34861034
4128440
1762678
1373779
3118549
274590
1612071
10486884
3882808
5056818
14756704
12896147
13878109
2083235
3449646
7221317
12170205
9008
3502571
2524607
1170773
12305813
17375253
7898377
11360216
467382
2044942
502758
4867978
2536009
1307466
288900
4139765
6378444
4757239
7822223
7277899
1649401
5131551
2203338
3397845
17734928
6096317
47053
7133462
10455846
3033172
3735259
8636335
2138033
5336405
4475
1862042
504082
3381786
16056661
960816
4486650
8004224
3866396
2061388
16034131
16045628
1341212
4698871
9534814
7057426
59434
331503
5043882
7590026
1402357
5092258
4002445
11275040
1847124
8587904
14834438
12422358
14159391
4983636
1375661
386090
3452785
1013061
19037843
17102210
2870472
19491458
707607
14739735
2172853
26947705
131668
2192216
700413
22470622
431339
1088301
3841725
5308322
4991596
3758476
2522076
44
6272063
542826
4609367
24965176
1125533
14961558
4941124
4676694
2136511
23698105
218263
3068984
8125445
528879
378812
18928
10665875
1766733
29560167
21737139
1135411
4368238
225220
14605777
229702
1090614
3874356
3904872
1834700
1475241
12153681
7989976
8612013
9813003
2501568
1753287
10230330
12485384
3724176
4489082
8177960
2357453
7955381
5286387
1352691
10924294
5988079
1340584
1587490
5508785
20824483
1658129
24152226
1851075
7216922
12810968
1790057
14090591
9256183
7234387
85379
688818
11655630
3923654
4888426
4534564
3168199
3017882
1031607
6817711
18377063
9480280
6337036
18483932
405536
19557298
9396401
2689422
2601831
186785
2556693
4944577
18259237
8718233
7313514
2905529
13755320
5265374
2755968
7232718
6316336
7959942
2403253
5188932
5458271
5149773
83476
7675935
8604283
15283240
12469154
627909
10691230
4237842
6460423
10112435
20802453
4795333
12689256
5067809
250505
15115577
7790762
9617642
6175488
1901158
2006500
12156696
5243404
14339618
1853190
3295042
1105206
2167755
17186523
671433
11729789
24266181
4469842
13419982
471128
9180460
3328383
23812144
44944
6627408
2494935
7742073
14359148
2877204
17492208
5184957
29327522
3769907
2685371
1246977
972907
337486
4264468
1170978
555273
2043154
518517
339085
29324768
522394
6349959
2524669
1017000
7749179
12670327
2020323
1840321
1754151
10887236
4760117
4991716
6445832
4449
9989144
2973643
13837703
4401938
1078388
4275826
1253519
81528
1190191
12089126
10676633
12299726
717187
9389822
1983654
3809570
18183756
56248
12429
281440
8937187
7503819
7084217
6864858
15171879
10765649
24133136
2860397
16487128
6687869
761493
1272541
634137
20763055
14900058
3360417
5059087
8614736
4977754
6202445
14518517
2900032
28227783
833104
3512528
1081460
1729001
4978660
465014
830507
8931783
3951019
3253226
1477024
10877802
7324244
3842976
59483
88632
1998280
12314996
2007922
1027611
76700
8094194
21044891
1875811
1164397
11647438
144936
11007790
379429
12248244
2559710
544829
7865262
1008116
4434875
8382051
19224053
2092940
534129
12889423
600765
758451
5493800
880872
7868691
2286233
7150869
6733567
5938099
20060476
3183837
35628424
8663468
1421987
809099
1579976
2271119
2507504
3223855
9982312
6979812
10381423
992216
1645965
2784893
13965281
8011542
7822917
1567255
16357133
7232227
3818256
5226037
2439489
1704305
1392961
65724
14711581
6549044
1593251
7540255
3602189
1284143
4403697
4047157
2199099
38155081
8512973
976262
7589232
193945
4770335
2419597
11142458
766417
2132534
579555
2760459
14349131
2468055
371907
25657610
8814143
122918
6906013
2304620
287366
18409357
5576931
37180
366810
10678329
40120697
3913974
8099362
2260957
29566026
847003
2952468
485961
4886436
8964
5410882
3597138
4629866
3648364
1374176
6721378
5580996
844714
17089
12780718
2819537
4349826
266678
6141525
3838564
581883
19907740
8322160
9113632
23828552
3303981
7523144
352811
22067999
571940
4112458
1755209
6574521
9116347
11081944
563345
2100577
564206
1359619
35138741
19268131
860864
39586689
664719
15375474
398416
1723531
8439534
3258024
6546579
27682
9837214
22644299
18417662
7393413
3943714
1324123
3816202
3870556
7517101
25991
13004461
9560383
4135847
11473759
6086175
4782776
35404024
10051019
554366
2885878
7043564
3032745
1176081
3659259
654359
6920613
4614308
17068131
11515827
9493754
5414377
9921733
1906806
7922113
20058439
1360163
8564978
3843846
4328700
14225037
907561
5095050
13188836
8940610
4632583
954833
4038203
37760865
89358
2595837
8385830
1217125
9922626
551913
122384
2486364
1340664
3339104
7133956
11837327
100529
13885892
13362959
439551
6296788
2984417
1204475
962985
57486
5193125
59336
6006327
4349711
17933338
2060377
18256261
7501543
1790573
3142950
23796894
610023
15583182
2717319
8850167
7330467
4308643
4390807
2129969
4177462
14747347
799897
1523781
17727778
20391856
1221775
865672
22670
652332
835543
804548
1746727
3655886
4359334
18782587
2915183
163225
9060405
378918
3359474
6787542
29805550
8081294
1441647
9083122
4647335
3256345
2756079
4830566
12759633
5006514
11041483
10782793
653252
5863986
3185123
7565725
19482823
4647508
732
10803268
14548
35756
8980079
8742
2059332
4795472
2240694
21431139
22457842
5153014
9284839
13917696
102446
960897
4551456
3962905
26066953
5253548
228249
3509537
561404
3253943
1244907
8189947
7571840
2499111
2010400
9360765
108339
12041664
17916721
8042714
2558499
545403
764725
1988660
122544
6487697
6249079
822481
7811075
17684051
4187054
10615683
19092165
1574339
16892
5798568
6510558
554094
6751850
7837829
140492
7393971
14555470
3056153
13211406
1683625
27227630
8288769
1531844
29222817
1594832
231431
5505201
6905170
3308704
6601116
726104
3825914
1885753
8754924
1338050
10815434
78914
619650
5814847
818615
3490337
5145927
412627
11493601
2842938
17577851
2418562
5376147
6066919
6531972
2001248
1646063
1373373
230184
759069
8777536
7285548
275412
21874400
3489739
871518
2264542
270634
3310276
84227
33002836
3149354
3777940
10076874
3373678
10618953
5354838
6521886
3285495
4660003
15341510
409090
5762279
2486151
4580873
8336220
13679900
857048
679521
12900491
501534
7955709
4635272
133927
6659778
8751621
13443460
16130
8821458
10912247
14417963
30975429
8936532
15598593
12163913
27665
8113843
522568
5007662
10619698
2883835
6016273
424546
20381253
10127083
3256206
2051995
4476086
282049
120485
5198466
23392561
8515429
2090741
17876924
10761409
8318137
112141
216902
4002484
65706
1633941
532071
1590285
2997471
45933
424844
29714576
5345543
23146272
4347430
655741
896573
4956060
8451512
9319602
5585029
1371954
1158640
55370
6313227
2802004
21899121
13562538
5573120
1906902
4697805
1938445
4994085
1468114
3947163
10044
46837
19921
790423
9920379
2844014
20582071
1525703
6887616
171386
21482
2652367
89649
3040876
9498107
50465
539166
2077077
15230101
967412
5360378
13847835
1861045
3247067
13983783
3229470
16841977
10549748
1557149
771288
11962060
5806758
2313598
2782800
12865905
2459804
10168530
2208592
2966130
71259
657048
669122
2532543
23333588
6443951
8448076
838094
276796
36729
1895615
10231377
14462552
16184
19150895
3358571
6798379
2828280
389067
912779
1239214
15902174
24784
21331123
1617533
10456001
20630480
4269900
16826444
9900227
25574119
1005502
29790987
9534394
6352033
226864
50383
7705914
16042870
1916413
7680880
1196568
5903606
4816011
483726
2277614
1960502
3939125
2945090
557611
5181193
19567859
6918
12413269
5133919
11534267
1069500
6412231
15462080
4420503
173476
19612768
2739114
8607189
67389
2760893
4912905
4716604
1474215
8115466
612088
11400794
2390483
23297575
59567
484883
3870778
923738
5131693
409374
5957279
3265586
2442609
3601759
6321110
6072740
10052510
215406
22458567
1973819
16900
474714
5749439
16725358
11606975
26879509
6494660
296966
8507579
14883106
5862328
3456627
5552141
13378275
51883
8189799
20328092
4441485
6404806
5184305
8105383
37245
2627106
5051446
14209023
5454560
2516283
3937200
956810
7146997
3909255
9573138
11753193
4847567
4525480
6019047
2569922
547386
924869
1294638
6398761
3832722
7984978
4755128
3827587
10418882
533053
5226738
6645
2667354
5326106
8149271
9124458
6307123
8521669
473850
15456195
15320991
3648285
5455493
1830190
5428666
668952
468256
3715030
3515085
6215870
486031
11532519
4920981
990671
2010418
1651144
3835149
107655
29525
80190
3195868
123602
5910976
24184453
2144794
3186803
7878470
8322533
4758055
1367254
6465495
1376777
3787449
90886
1234388
2779686
19410
18256
8456762
8787925
17426925
2582833
2224691
5366254
2009951
1221819
11603811
5122191
5824864
3696584
1268192
5292439
26781715
2820352
1278525
11799438
317903
14706796
21834749
6955418
11892665
2753264
3271437
8295603
2317728
3254865
21979553
2072372
10119529
18091004
6500149
3470263
250696
39399251
92557
1996660
4367408
4577922
22569860
112679
130973
1813326
4893426
3829198
2555693
156224
9104667
3143999
2823155
7765353
7671705
8085050
5134932
14372147
2150079
2204069
5533211
1364043
4384795
6534192
8702617
4295151
2997365
2737138
22687372
28122454
11595047
2961828
6381891
12635761
1891294
18587
7770638
15752161
7883
153016
5943
46199
3868917
488
24726893
3458411
23162499
2480841
9860688
137114
4339134
9874771
6513013
5548143
2882515
37411033
13043431
23530948
536865
2719013
5864994
23108045
8258439
5281058
3218233
1779269
356799
4366338
1200597
616845
12698170
20320505
6879786
4163029
12390396
5316169
16473025
5833786
13166034
2307850
1445057
560474
9131202
24107713
10200596
4882434
1035204
29760
23286261
2983410
16317529
801564
14290259
5513458
351596
2071914
1303572
9464619
486614
385202
1783669
48858
610647
8433089
18013571
714538
1258855
124931
8140754
21684018
1682511
100753
4744654
3886022
646650
939937
16417607
715568
567819
1961455
1164048
12007295
1074971
13254061
9250708
2525196
14177228
10257657
12774211
7505806
9109555
7791915
4935671
1133201
2342486
5140795
21472633
4847913
1429841
2599578
16678501
10302335
17536768
8143756
1032856
360265
7475188
1646983
1330403
3612992
11461
2759430
9194717
15344478
27513737
670646
4455489
34699
6735338
1156944
2079727
630000
8270707
14787484
19647650
3069959
273798
901167
1191072
50117
14517662
1200165
1304744
24342026
675673
2143925
1487972
21373633
3707603
2018887
21802
95790
1135333
447555
24362430
8361992
18285919
31990446
80404
5598268
8629565
16859298
7939993
15105416
12008395
1669130
1731
74654
4453061
35822725
23429268
4814360
26390968
7488273
3613473
18411508
978266
407861
1054764
1250591
4801368
2149959
945809
303385
79733
6555195
2648312
6228368
3463794
4944491
5984069
5897592
9385322
3830667
104767
22434436
181985
20065399
6949552
5862862
2709420
4347394
616925
8531024
4630564
7258776
5376458
7284416
1804457
3401271
221030
11233771
4187070
12770095
9253145
2781782
3829994
5670077
5116553
1052031
25744919
3627477
536520
18422490
5609897
357283
3814153
379480
36979108
12526162
13183994
22350408
2910986
9208442
16384163
5508629
17337035
2826049
755059
1811044
11643594
5071665
945363
12337092
792094
1121556
1347676
1833590
9108159
723837
872689
445034
5851562
4878596
11711851
1607710
12843778
1301499
10343042
334430
75487
12152720
382996
23832
58800
1950532
4553596
3677527
6774652
13311256
3927046
3440140
5042429
2164639
641175
4384926
5426930
1719388
4788402
26192025
3893465
721860
4687909
74389
316749
5392352
3745957
7351775
4374272
4858782
5966591
350021
180721
2826371
14985153
15204972
2627501
7930027
1265359
290942
7289108
470140
17231154
3810877
4292412
453395
4065576
1082780
35129396
6933359
17962916
26806258
2032962
22945767
4880197
1707037
1006315
142562
11398110
11112471
1645720
2747531
13961413
2618420
3802045
511868
3164314
29699636
88509
8652704
15506708
7804928
5199945
7217696
304808
1186014
11102557
26834809
1580576
5349467
22743380
7162371
33058704
11251999
2608200
3457575
12239679
2262739
15145068
322119
34203371
5916009
6143607
6423699
5269767
11590926
1932391
5497792
9854136
1362093
4489595
2665662
6602966
8791727
17666017
1129101
35984475
9090541
1003961
5411239
3992988
2570234
470230
177729
9537119
6553523
6114620
3769770
32138649
4995254
359383
3414042
3936526
10723250
5853307
1787005
8593478
8717091
25201622
2163199
5671037
5231406
1302965
3597454
5198704
25825837
5421166
2147148
8769358
3660737
20591617
2913973
34992
3913427
12523096
2678793
2079464
7165809
8265187
9453164
2616898
3676932
5460
2813324
130044
5343371
6366582
4707545
16863799
194873
13795872
25769694
4967876
3228328
502069
3335427
376483
836739
9291229
21483666
5376459
859359
2486785
2562639
10666387
18070511
3944540
2164111
11100753
1809051
381439
5838974
26997352
465104
5299958
762
37309868
2297497
13347154
4484549
12019146
532613
2692176
10038113
3610527
944035
5042445
31847917
3610615
1799280
4892946
2511096
4573556
4643752
5273534
4766791
5332102
3683497
10721677
19073440
2762822
7968337
4462080
911218
4030926
19502772
3205824
56261
2310523
6515257
4283521
8491579
1050134
36532
8478217
12185077
13117914
8734656
2483574
3338777
2155036
3035023
19285266
7669066
4519887
972377
22714
6305138
1297587
335866
6183586
6478486
21213840
10349499
55499
9251186
3323666
23564971
5235722
59610
9227721
3683780
177083
6475
20923366
22657676
74244
15673974
1898748
8360130
21019296
6244828
27731335
2195062
1049129
4267298
8621495
89152
1269913
1098537
10923868
4596940
3652296
2511232
8
9501795
2085831
801548
12005201
5752219
4149179
2548615
2195680
453554
20949148
1661339
15478602
3207965
15168631
469064
19474924
4370990
75062
16057869
8602696
1645523
1694711
6366571
281459
4963411
273559
19701542
1072495
17481826
4012988
12623377
7316849
23803809
477
2791147
616780
26424997
164227
18642808
7053
7096043
9113386
4410120
13832054
2340035
258841
11166731
665275
2334783
5613243
9641617
7117060
2230167
1556454
59255
2160418
16065970
1834861
6870613
280316
10591701
17102130
34388520
3658408
4204504
10163805
27426296
1198252
12420240
368377
1433244
8118370
3412157
4575367
4275823
835655
515444
7180
28538985
4733930
21424319
4617397
7280352
30813337
1344585
5161107
9134
4496464
28561710
4525842
3417164
17177986
2612774
1726727
1136367
4750562
432517
1828105
3425946
6572618
1083775
145945
3682784
2494479
1685426
2837522
185690
5662067
6556575
15078436
3602742
2548258
22740761
4887221
4780801
18061537
7600130
5751483
14005817
40717968
1871949
7755382
25311990
775954
27275691
938241
22085815
966569
4597962
34516622
3932573
2553781
4243216
12522259
11463459
5068602
6417674
17307320
17294317
3268233
10274796
3261140
22889242
1402094
2071134
16084846
3183179
9693241
154664
1853580
114297
3043769
8659334
5096251
2410630
254455
680128
4092086
1672754
1775104
575669
27711
8347679
1468561
3947596
1425549
2106832
8703954
15499829
37764592
8332124
3797633
8466592
1147527
3107567
19829219
24127762
588762
16843783
7219808
4401953
8114673
12355738
7151730
71249
4488737
213785
10404356
11443171
20937302
1488481
12414182
415455
50072
353519
344317
3871238
64346
5374305
8562378
2557940
21328569
9661890
20664997
1414762
25731761
6828429
50054
8322463
12067918
79160
11712086
4480662
56204
4643189
2923711
2091043
17977159
6206719
2536670
1853639
5041706
24520795
22527179
4294220
26802176
28845604
19087322
1155882
190778
1496038
5195014
1055248
9399248
366707
3903303
2884926
23966745
1293368
56361
8359351
1207869
9423499
10724523
3293717
2308185
17195651
6206028
19710412
179570
3741696
5558967
41839
1212835
43627
32937052
14663373
5231019
13034539
1815562
168203
207258
135848
1300833
22986161
22178769
28468449
5924609
3544554
17951309
566203
1266873
9649845
22722486
4433027
6342124
3789907
3648623
11322510
4298315
1570007
822134
376957
1572238
29358141
3433682
5032587
1660659
18130219
10272549
2269722
700860
4730140
37848563
9516863
8557709
2618898
13158146
2076312
6871541
3605236
24516087
4450304
18496540
4523732
3619370
28600308
36409503
6536552
413063
1701067
9705673
6074453
235938
1573807
75282
2705957
19432193
10122289
24352821
9481114
1638287
1216093
13771359
5876651
5923538
5832614
9986355
1005654
10799542
33428601
3629467
95878
12562779
8411697
1410436
8660761
1634607
4389750
4243357
232615
2072361
5509043
6607453
3804378
1843036
3069524
8864352
9865404
5770204
1137054
46106
745135
6466278
73545
5749780
1117579
30015043
9652214
9726556
6299
3854644
4880589
3243260
7725365
2800472
1568392
3550685
4548810
12408482
20725748
5298917
7071945
3398946
5384982
42589
2030609
2668368
4872351
21652861
5228431
4333131
1239981
15929377
13554641
26671353
9516976
6603228
2058615
154610
22825608
1214722
8593374
1494026
166870
6917476
6247883
760920
3424545
804770
11699051
4622341
15626406
761446
6067976
59755
2530228
504795
15813079
37186542
5459620
12724157
4803308
33023752
3094287
24601435
3265013
13418010
22191218
493288
21360154
6002619
3447178
9592318
3048258
10725867
927976
20384654
16117996
34326612
669533
4400585
6080596
6749958
18195199
9998950
18364613
556364
1445930
66128
3095713
3663294
1410823
98584
8546365
4257086
10032922
2104277
4961
2050366
2177714
50207
32767414
4036063
20847187
265
1842058
17902032
6512124
6954116
760450
6024674
3108046
8608015
877004
21542805
1676119
4496197
9836179
2215939
309146
4509908
22024
3377953
21628902
3624356
14075215
24165677
15338368
496159
751446
9575797
413865
5298840
6256288
165835
9206849
344496
1355715
14512532
2907491
27735679
5617104
13621313
6714194
3863903
3720209
1803265
3624991
626650
13710366
7476249
14276949
20165719
5482813
11872826
13119478
88634
8718932
180035
4238524
2890112
15280688
16586166
20351679
8379576
10739430
11476648
4836420
4908480
177398
3344715
3187840
30572857
4191112
15384219
190551
17526992
3118616
567230
6796506
8724290
19267465
3750253
1309958
969501
1610449
132
4206450
789322
58815
420818
395676
217736
2059956
2962416
41166
5975008
6346551
718354
5469000
5642544
846300
2751991
2325825
967933
9878471
391073
2409585
122882
1394739
10210256
2184739
3203288
1690556
39379838
169365
17984326
8864639
2138571
7555570
1838592
2382885
4360807
37001439
3506709
10059
8157110
457649
8628799
1612192
403470
57052
8703721
5109555
2185566
10631093
45613
12344013
2057271
5821626
4277633
8379023
2603763
12583349
21776392
2762828
3346162
15691024
1394226
4202359
3540431
2594678
5082503
6614322
5305127
17040402
7222373
184083
2341325
292624
5315193
23144949
3778254
992950
19142117
487454
95820
4647649
17177987
3455921
2804102
39548490
19967870
2007250
12644
563851
200213
1175850
52257
1409810
20182606
89997
350344
7183714
1801387
5957570
7152615
19839111
12557462
25954078
1779233
5094180
2641880
413797
4787282
1429625
498091
21844402
1031798
25792709
2997971
436056
2921035
4620211
16781901
3072579
5541444
18659471
4399221
2513186
873801
2788116
1379252
9200718
4423233
1905922
11424825
8399391
5755347
4555032
17238587
6357422
12137262
28799222
60714
12390051
73712
50348
5448302
10745594
118993
7686
38836559
32945489
11375684
1900551
1622863
3824976
432988
4818930
4741071
398258
3236313
209908
1185100
10979137
3390307
1069666
6134465
463434
8410557
6820035
4050904
373741
26731578
21665044
74913
1107482
1672073
17132426
4716050
6565489
35890369
6837613
10590500
29801570
1799335
118353
3133654
1663245
24676718
2512272
3841877
4891057
4316087
5691924
163979
14524982
5094299
13865014
1194593
3356900
6326155
5535442
5954279
6557651
24997597
624236
1514279
651275
2237830
22536540
9521880
3266851
1398782
27782845
5767989
9480948
1271699
32483233
7606122
4352849
762451
107938
1612226
1493954
5907678
5021707
6432375
5232043
1151730
32891652
4333855
1436753
2483459
84126
2138823
6805676
1868215
5314211
5878124
35036626
199478
3993253
78887
1683932
757543
2918129
19488070
40507
4956104
5367357
8813046
13274994
6432412
7675397
59236
19307877
4749722
97519
566067
1870266
3173618
14933261
6285006
3612552
2053186
6199591
2099976
18717175
5308061
16033325
16351181
156975
4826035
34485495
15180997
5321198
22110396
207618
30084608
592927
5039970
2559313
1685502
8065585
2604235
8603896
1022184
2365954
16614751
3913009
7384377
818082
18993873
234257
2493888
4133395
16937
2348895
2603353
5454430
111260
3195239
6104206
962491
760177
3083293
15433690
6995828
4937871
4752875
980482
2753820
2275439
17630665
12472480
24756459
37386936
1694457
1699954
2621086
4577911
2116474
5330640
87055
3362627
25498844
5620814
1025132
11815457
17806981
9824500
8374980
3411987
1482287
299386
5848872
10625243
25573676
8922420
10136740
202498
2940482
3640919
4361088
1294491
2617061
5598587
76535
3289650
2571000
11437002
2243718
8516910
10591072
2619649
10709648
1427081
29999849
1111554
5615511
2789351
367064
16827
9337966
10379090
214948
1384690
4516259
1841926
1246542
4518726
436084
4172416
7747457
17991254
434974
14766283
4265786
12022328
279135
2980878
2708057
3759802
40491
175049
24505583
2162673
2475867
96270
2542221
8070600
3768371
32297082
161365
25158326
883508
14107238
6329721
15375285
11295
12981373
1069332
1604996
4504271
4256
4430927
3257969
19608901
1711415
1060396
4606266
61175
12920699
2402245
2406027
719234
1742905
4133430
16740737
2569697
20491244
2920191
3339017
15174850
25704971
8587736
6311147
981372
5571142
6084608
3674119
1848712
28581629
192201
1989279
2589621
1234864
12255186
94334
6592053
4825042
845570
93777
6675166
2751394
3374775
2959229
10310149
3358101
6247384
19168886
3141819
6047143
4033854
14312947
5878027
136094
10266122
3171618
4819384
1472730
10487219
4377701
2789301
5134417
1159615
1019066
7433491
3340583
15344858
547923
930166
732737
11634757
4628307
10185502
3020034
12209778
12249
1563886
5128177
4455199
9579346
13429740
13874278
1533235
15604468
4010109
5192867
7928884
19306401
7525162
12679537
7679686
3869909
11215327
6023199
5776425
6148296
2576176
28371911
8913909
1801291
3839970
4499243
12236333
8809393
27756339
13231785
5842128
18040872
4375797
1818506
5113478
16997855
6735579
4767169
7230967
998605
33896783
1631372
16888
252982
2802735
8520590
10207419
1466483
1223005
1284557
3289157
9327899
3940848
8187425
28239107
2936098
7412323
24770777
10096570
6604274
7259378
28074862
3836702
3895573
1062875
7930770
28660915
2041492
548685
3261409
1438427
699627
8690536
7289641
3621377
3337557
11846593
369500
1097321
354351
31463789
36259
8797072
18005226
3226083
2904239
1676469
302154
4965157
12101593
1269674
3357276
10636891
64889
8486141
6791048
1060164
417868
6250384
1735901
864538
8423505
1865728
1610504
8455426
461071
3029915
5221215
26756271
24403797
8321668
24511790
12236970
51318
14311674
2377246
9110634
266507
12476118
342367
964397
4999050
757158
4081632
6347807
12599424
5052537
5865444
10084812
204632
6513163
164988
4838609
905651
47507
842152
21000830
3665420
28147705
13628349
328517
7611367
767745
13247240
2193644
14355864
541170
586807
9489854
1121755
3862322
77193
2178193
1208866
3077735
8008445
1135660
7231997
3162014
64829
13933778
9064710
11470115
38458625
876609
6837203
325219
1717984
21397043
2281857
5681941
7490463
5168606
3791703
640435
7612278
331068
832346
4474312
2689941
1797820
2665899
22395391
9291343
1623929
9130816
9886993
1505994
9579967
15469280
35244944
1310980
142965
2679391
15691251
103927
569566
28731639
8362754
11392024
30545996
1000687
4338658
12035089
5606294
215673
3987519
6720430
16652210
2218348
3019776
5092810
22976922
5173468
7690735
2070259
4262862
10173011
2199093
10974
7588128
12455156
4558048
1967305
4261992
3363695
235498
22087908
547354
4748133
236234
4836585
1989781
3591530
2166259
6512129
741917
18853990
2692774
58985
7945234
1990978
4601172
15026974
19599216
8627325
10283854
3878408
4583618
31525
308427
2926499
8231365
864089
192397
30027790
1985539
12362970
192699
3274792
559966
2908589
1649889
5615572
12202696
2218159
5856671
10461662
4813408
6055776
1138535
4297903
5239795
28689228
263474
4519399
19537472
32329062
11444323
12195284
3572651
24948268
7093779
21803642
532460
167333
14289045
88011
465480
6507937
3270345
7879908
675637
5807769
897727
3297326
6032182
13568119
6605881
21791597
18676
9024370
707810
11973520
950703
4576653
13851944
3976006
70917
3861119
15951516
3185606
18640278
6148809
5709898
16634809
8994622
34334
4991570
2549277
12606742
2828729
3659170
5327616
15294170
4569005
11071798
5113907
1281303
48311
5385362
2754357
32172154
3786598
137125
18016426
699443
1739067
4498410
9985428
12716998
17109355
15133439
6194024
6495420
3509973
20509752
5577440
22586861
20452947
1321916
5371326
11946770
22853597
8369526
32192483
5279855
1672552
521381
62938
61569
1384335
2978699
174409
1340892
3968873
6814537
13478571
7759523
1662721
1093564
104573
7531554
5416878
16102477
1258149
25875467
98530
5049768
9616262
3971281
569539
3700216
13575936
408330
8082240
7248041
1340133
2153913
1171314
9879080
2547110
4956139
460152
9941222
7036133
19446962
5449117
5051958
20908115
19597378
15429249
7720634
5855529
7899036
789191
5378056
400267
12497200
620646
3507474
6462265
2385654
2207606
12513106
2508085
538482
12465359
5602167
35856990
3123711
3756032
19174916
697605
22836582
51950
16698674
5087316
19157502
1303076
685634
1223936
6756403
1902589
22077323
23110597
12350977
13746063
2921312
236603
7811405
2607054
5911298
464087
2357661
3629516
2806620
3998830
481504
1202289
6281035
6367140
772073
14743148
5432390
4431689
6375929
20495923
3404959
12840719
7962706
4533901
399008
3384106
961247
6061424
47317
3792472
3449406
4090936
8520729
15412069
7175746
1988832
24374649
26347983
2109376
5876184
477224
21641
17302943
6045131
10053868
8867214
17314134
2718338
12260724
6139781
10010961
21916638
14100275
3253841
5330291
1484284
1224633
15037595
30035259
8227393
31549
1837602
3403708
760202
8862138
12065311
3402336
8648160
18293932
358341
3299620
1955372
23060886
1458845
5597539
3225270
33007084
3778705
19691
12909531
5569746
4129421
4755971
670243
10735286
14629915
3799677
10138350
8791016
2086534
10591984
5054218
8159959
1428199
1596120
4853899
86592
5466108
2010250
7919349
2723400
3597067
297609
9206967
2347119
4098365
5229909
4964394
5501408
1871499
54975
2223939
1476727
95313
826183
401981
115442
2961307
112235
90369
1986944
24484797
2012071
2177401
7787584
11219674
13387069
5881384
1763856
40643482
4785707
3315283
23589715
5268070
16258857
8642691
1367695
1994122
9000210
2135307
2008422
4633296
2152722
22067616
13785195
23976479
12127142
13618533
12285909
7443
2063434
3418855
29865020
21270414
12433658
39112025
93565
8086000
9236866
1042668
3885622
22088166
12816445
31991
36687
7898876
5060965
15646794
11818614
6089334
3604787
4163113
7778254
9782127
4717089
7680545
5802838
4084871
4138939
2058970
3798037
7288226
824852
5868587
3408957
20921023
4267256
22253555
26987080
740076
2030492
4029358
8459203
12970411
85404
19326940
7295209
9528366
2527762
4546522
298795
9875994
3809087
4865373
4877761
404129
9820437
8045637
1801870
7446380
2290570
14855874
18450613
3986034
16436766
233867
9306070
17635221
4026629
22521120
15973691
34315763
22884867
28968425
1303122
706
466926
21474123
936246
8344209
8454230
1798368
801464
17036
2058800
3450616
8349854
260498
4247
586463
238703
14161150
5269550
431884
696000
2022886
7129058
1412886
3841803
17261235
3812991
3203383
7369051
8443981
7271619
12472713
2584684
2042903
141648
56122
10258414
569659
5829325
96791
9666816
12065326
8165
2579043
5149230
73065
15517560
23364459
5182069
14502250
6186287
2622467
9951242
4710681
3994589
1481398
2079698
661859
10164386
14689399
254980
23373
25461126
9029
5025001
18356006
17846928
14160259
15292439
3638398
25623626
2117661
11301614
13346906
7152614
78779
21734652
92172
7552403
30732406
44759
2661709
4714742
1936000
11348023
6973869
6017939
466910
3598322
821084
101873
3521661
2083649
4739896
4197163
11236757
4602996
6919970
184789
4509091
879222
10403673
3381665
4450352
31379010
721339
2016830
5265
1704296
270228
7028978
30316020
4533979
3261198
3444528
2751756
55005
9076105
3890403
8081116
3269568
16806109
19585244
840984
11116051
74778
17098295
17587680
6391346
1012592
2270598
387147
2325704
7427738
3265857
10940674
1953352
1868283
5195706
961406
10632144
22067016
572884
4657956
4674983
23528
3176487
5876691
7931648
6735085
10028858
3945009
9713939
4439782
706872
8513503
14675861
7460518
3705956
5999444
10346915
4501270
5464116
3973759
7321414
4219796
14845325
20967281
1250683
20266142
6813868
12324357
5526838
14151314
353878
7759819
52375
60771
36643
1512288
18015257
7935755
618312
2750111
3598141
3369081
20510007
754912
740809
5399820
12284665
5019563
46335
27790070
2656299
275565
5123501
3257112
7739815
3397947
10167772
6928272
8387589
6567717
5416484
4513782
7575101
5487822
592229
36940
793687
251805
6069912
1249356
5141078
19395136
1553363
16133840
4732753
905520
20228061
3034648
34681179
2208853
18697743
50147
15216982
11006072
12035629
6067295
4064038
551212
67880
8506562
5482092
2144605
21100830
6817817
15907094
6122887
1143779
2267921
3197420
5749662
2215904
221512
1751119
608273
36226
1024233
149369
504239
12550401
81254
242802
22859
79717
21083503
2090960
1997537
4718061
5274
15516965
5253834
1736742
8391138
133955
233563
18338868
22103992
2856990
2158685
6088247
176882
1599481
36672837
28673746
8294946
596575
5350376
691450
3398112
4801864
6770614
2356963
13674035
48051
12700946
1857266
3830129
4972111
31033923
2383943
5004959
5848007
28298094
5653641
1470618
751504
213803
75248
10732368
1127705
3773780
2905934
188804
19716195
4496065
98306
1008355
1440780
1260120
1686468
1884851
16721911
695712
14669447
6703212
16240425
502443
59532
8452093
2772764
8745900
1020816
2460429
2897120
19499143
19243580
14603858
201524
2437091
19288172
2222113
24985196
113619
3240553
8361148
48550
11265394
16885
3632261
2218425
78077
13336997
4703
9839107
25328325
9419527
4050915
3180317
101
7156657
19839
1943804
17880403
16264214
21066005
227098
10471058
4424772
3712278
96472
8679453
3372994
1646005
529947
2942349
1146129
13299475
1702902
12214281
3003652
6632681
2535860
5584715
5748854
5181602
3237344
61334
36406632
7187697
2131103
4867916
4134780
366646
6766459
18158114
8338464
2694067
3003289
5178134
654947
2266358
1102409
2195072
395707
3534355
7086581
773833
658939
7211046
13673880
1194745
18690361
13514291
23042315
9876134
304602
8378041
12293262
7042316
9205632
94274
13309578
8643404
1400422
260847
6275826
3174129
4405919
975794
12189258
655921
714132
32331
22068025
52806
6531862
14672404
6266760
11852403
2405502
2057727
17531516
2377318
19813693
26480194
1754891
20161111
11238402
4603737
8635889
29547978
27514948
66980
1003956
6329862
19277709
8053203
10668445
1225375
13138707
63105
2876271
475013
2058314
201265
4901952
1701679
1110319
4847407
31910493
32807354
16573078
3678966
10680846
10201877
1318506
9639329
3247003
16849096
232505
5545432
7052036
24065365
11065204
36722789
4725865
2382525
6745731
3114903
900399
3048890
323307
5981548
31827006
7792480
616841
1587901
1269768
1154891
13192258
459472
23686367
5095125
12387910
9617275
3503489
6272559
7750582
3419753
711085
8801271
2811095
16316111
8709557
766144
5645809
14050818
234330
13484894
15085749
1516047
3082193
1027603
29610813
20583317
1441478
14447988
4595101
5662136
35561747
8668422
24735397
381451
17997944
6477296
1865714
689188
850696
331507
592116
4377321
5420460
7539524
1977689
1153293
759379
13384343
7976026
26782918
151250
267624
8029896
8038068
7578234
2166064
21752534
844364
62131
18468022
4404424
13399340
14498
5644737
21362590
36109
10412819
3113610
13660105
9026956
2778470
13711848
18964134
3596806
5357761
2683515
2270946
5165980
535617
2000153
6030977
3459979
366534
7500666
6058823
11657227
229039
14374921
15663034
13385306
4427175
224762
7309754
1965253
10624386
887511
554107
671841
696140
208641
905016
28111365
1120800
504189
17901053
4792642
22430410
96683
262190
1452931
24196271
22411887
15767308
2141968
6462429
3883211
657374
599717
186757
253073
5167264
22539540
15309394
7945654
125254
2529865
6964934
21897805
8610798
1397163
12099867
6604751
16700369
3101266
5009626
3727100
5817750
274944
17459832
3600701
6184
2568694
2810040
24740447
2511342
4799583
5180523
1014359
14657740
15317693
11056798
7242404
497802
5061572
22578412
907854
226999
34385
5871963
25773890
2106507
758457
22782258
8103260
16806459
21129254
4533434
2184383
23022287
7553732
5304893
1383230
4611731
5422588
490797
4009056
4295146
11180926
2172609
1181819
277971
16981338
5819915
902130
10854989
10042
14349807
3477885
4797433
5114566
5815015
1644807
2714827
2789437
10866853
12494833
12962117
6045387
27217118
2843003
9318116
26645665
616867
44166
31774663
3551015
12126907
3095460
12902955
29869
4341842
5585508
9971750
2182805
2495626
8875956
14213721
5512766
3973702
700073
5350126
5373045
13146329
37029505
7017
20827001
8385
10550449
3373153
9571272
9647616
6281791
267979
843702
98379
2698590
6942433
472113
813019
22217702
55008
21242018
1004407
2007497
17219195
482951
1532149
697646
8438093
67187
16655436
557660
2675435
1776487
296430
24678207
13156979
12235827
1076379
13562351
17962
13420534
16074
6764821
600400
5733969
2192709
1057136
21100
1602589
1557035
36381431
1846624
9707410
4327594
1391953
221458
404701
3674256
18092735
9403981
22215353
905449
5935971
437394
8618301
576226
616821
2262296
21113996
2267053
4453349
3112852
29998037
23142245
22474883
758227
9188205
3511148
3448189
386013
784317
6339045
2871631
4002418
23881506
4342859
14152693
62236
4670693
11726335
3863453
3307012
10117104
20221921
2221164
21168544
828834
5138438
11021108
3269061
11032404
3359908
47203
21532061
7258762
3677176
1424677
11906860
13689021
1445855
12595527
1481165
10438396
13723552
5031560
4065185
6838049
9901
20830831
11814975
391095
33027301
8823763
11967600
2184474
177125
6226520
1901361
4742710
21207729
7899
2391733
4902981
114497
3897102
29858338
651163
2358088
4311963
8515434
5043776
445470
6424194
2086312
10586556
16466643
10924335
7017284
3373260
9585527
13753706
3334283
388529
22090459
14334203
6976174
471545
5854331
4334176
23784430
10250091
2265018
47515
25934369
2596337
11715706
47123
1480970
3456992
4549094
7866380
1679508
15392094
1185117
9285838
7619429
819585
5388398
1539377
529739
14863283
4226953
2569849
2389714
2789390
2937093
10842310
6809127
5355595
243138
3383940
9675108
1853126
100840
1821000
4183460
2276806
2082681
5026449
3908770
1316135
472417
15414252
2055181
3910572
6885962
15649036
607208
1506176
8607364
2746493
4580511
14539089
8657929
4405930
10798828
10224600
2679360
21200821
1060853
10111514
22463716
4527802
10098250
14974779
6753421
8263380
1942987
40480785
8281269
369101
1349516
4645203
32622231
40400200
5007214
7663587
4383725
2964776
547468
3635571
7560970
545112
1196375
17253262
1303408
8168911
10245906
12200025
845959
95436
827487
496877
7812131
29577309
894923
29208808
5339276
7702431
15264342
928493
2601209
21061186
732423
4061445
51445
17042815
40377860
29042
809342
6890579
332899
4274916
27040745
412758
2606253
17842191
1458911
4216472
4450319
3106870
28320618
1673677
3059216
25014435
1739060
5918853
1016612
7778297
7194022
4737754
547776
14244139
504467
2913
19397384
7216311
7360886
5811543
1226171
1901079
5345557
226777
6629366
25550240
4815948
159977
17873988
6544766
5190378
5923336
8995644
4697110
37927
4209125
2436035
17214886
6701902
14971608
3052150
28017206
5015634
7597137
3035621
76600
561041
15049386
3477484
9795238
38425912
38181879
2682803
15138197
5749817
1848452
50249
8849001
13821467
10856688
19218649
809313
6242595
5930833
15392757
34525939
16003018
13988191
4791934
22565930
23168685
27450076
853190
3709799
22020452
2846708
2123628
15047097
112354
10178235
747780
10054747
9492459
4587172
2101962
8181044
24310483
4498503
17041004
3345269
8398867
9664289
5791393
5882001
4303435
2722496
6559393
13832287
1866020
223753
1567725
749607
4560813
20800001
14947996
2301807
746042
1007154
31292638
1791238
5025843
2949108
13625894
3427336
15195530
2165919
4581208
406911
6318701
2267194
18156202
11374441
153703
22661350
135865
2402353
291966
59448
3756755
4879835
11639749
5096198
18514404
17914061
3317674
4716572
3503755
4966373
25767936
1077987
4056614
8217418
80751
1324041
11420516
22752967
8705415
25268018
4989684
2480613
14058370
12487328
942403
38989
3858127
8169688
3307113
7025996
29915343
20130377
1002903
32572191
26917762
5127815
990994
3315613
797646
3587937
4894644
970537
12663238
72609
329754
20692718
107202
2302425
19345520
460057
1620922
270208
45379
2043173
1264935
230414
14233558
138853
3951310
38476198
21065873
4128737
12937543
757560
1191739
897988
14229752
366551
698158
1489817
15493682
8639079
346724
3121232
15277098
85133
787691
20410718
3728688
1464553
748088
1247894
6402901
886782
21349434
623454
14569224
4796835
1797568
201048
290033
4773174
3455578
5089382
8306865
9028
28534262
1414687
14109527
633247
10448949
5012312
6463659
6069484
2298952
3926095
187839
2226367
1176925
2937529
3488870
778981
1355123
2382873
12319253
11125306
11673634
726613
19149168
26974783
2384097
5777804
3604480
1330755
4997496
670593
4195587
6632311
8068353
5814154
5039509
1762445
3534488
3815455
7300979
3696223
3286169
1282714
8072859
1867808
102711
4961062
1990395
2881075
7907374
3676517
14737744
1501534
877240
5659672
15913307
2494518
8758745
19442667
17520661
2776894
8775470
1114065
6551453
4874381
20892704
14786802
6002693
52085
9205133
5415782
5843802
738876
138417
3606963
10371417
881409
3915414
7882096
1224585
8053890
4356596
2066731
17477463
4590035
11186897
23792171
1624567
213335
756294
50061
16037798
18415922
6558297
34149
1696585
1973482
8394510
30008882
12173548
4865825
2281473
118143
4510143
3794776
2547083
3746511
17379618
13722638
6211830
2597529
5731529
25753164
17551176
2693155
13532305
1334055
1729178
5999017
15862781
2609461
1140266
9117103
332558
5405055
2042849
2468499
29115137
4343447
1884390
5863903
1097170
3436715
4914715
6464729
24168075
6998594
10685037
2842577
6951764
2084204
3639607
4360994
2785367
6279237
733610
13480762
7397064
12175591
4147599
3665730
292034
5155474
12107444
14599123
3992901
4735922
5640302
3459865
4528060
8806589
155330
25188
14065690
1720390
8773882
713959
10288515
5179368
22751066
8126391
4026366
71702
2556398
16746277
5084886
28449495
1553809
5382279
949931
16090352
62403
36344184
15375374
5464187
29779595
23307464
196029
19912186
721000
14859535
20549951
8470904
8970480
1120655
8344657
15714347
2681894
3896649
1402579
16474658
3174094
4629589
257970
54905
4156298
26826460
8472809
6243024
381917
14035613
659948
224947
38345259
1721617
4692982
9052824
809560
4041357
1566416
569244
5130976
1583270
7326471
4899613
6194701
251595
5051336
12774455
5568419
794932
2522276
12957337
4755697
11306712
3631656
334028
5921594
7814449
6306573
12122765
3354247
623728
27590103
2164868
257392
5916104
6719391
19395141
2872222
1685834
6647
7733572
4539687
5787393
20093792
6335380
3988743
6635585
4883611
5741661
5610633
19292134
716008
3720299
2431262
11016376
4870709
8533734
179361
537125
6295419
28846016
4833842
14094808
1152762
4634929
4715830
5573413
1406113
2055228
4268226
5970524
3028538
11874389
20740695
11262980
6794309
28575714
1710357
2239746
2834796
266222
3984094
2789572
42860
9207720
750240
35589
7460533
5013067
12688092
13917500
2539012
735878
639375
9618939
32022548
4765825
2929613
191179
2161196
17799186
20928070
2487081
6716460
16204979
2975033
4910717
3055767
137303
28290022
5326822
456060
15567968
4022409
23866052
5086039
4779710
1827040
12662652
3908331
939450
9417650
5875112
1844010
5376779
11649524
9804359
7280391
11081474
16151180
9228504
5399905
1732412
35237308
6973495
28617858
1242123
1026237
393301
3837493
4624908
4485011
2794631
12298256
37175000
1820662
3328485
3361506
25549233
1314043
19355
7917672
9920934
2410833
2276423
20063120
3347554
38311033
7724053
19658116
5596957
18097682
2978680
5040994
9958920
27303071
1278748
2899430
15587698
4209765
13586953
5131998
6602432
723799
10757016
5001840
40570197
53400
4086358
10119780
6304676
7530019
4613685
3248809
1464125
6953819
481849
17846390
649
19255063
15981012
1078025
11989508
584592
4486781
1951520
1097637
3138053
17479808
8963568
4290555
3467880
319947
3489727
1140130
9533337
413881
8688429
26185455
3416198
1634954
16039742
19433090
1384965
8706510
130504
8656019
7034495
21257946
19490880
29862
17225900
229120
19596045
4435482
2440976
7967256
3845269
7238305
2861768
2622723
12735860
3258738
7192245
5889998
2716135
2931731
2266821
5387068
7340
168696
5098818
7788
10677969
11406205
22474323
28887262
2376404
3574556
814623
8926934
3808721
85981
2549365
19732721
1198078
18650383
11570810
6344817
14329712
2213991
2168656
1096458
8047988
11737669
466945
4489770
848333
2687125
55303
68213
4415819
8163562
114123
3783208
2776687
886383
10413330
4963514
4502627
1676637
127715
4296137
9484823
5641616
670929
808629
35351975
12572856
134280
14089774
2560450
8518058
9660742
21404584
40670
963283
25482991
4549451
11651392
16366050
26251937
5851662
1284227
21745234
4340616
3887461
5353121
81683
5884335
4573209
2448673
3593078
13077119
5487458
50946
1079733
95510
703152
2428307
1013501
4938681
3733211
3188794
1805932
1910530
439423
14833944
5587791
4641720
727956
2813874
9026798
5194988
6425339
5361821
1486714
19843518
21450
319347
916814
13923893
8947302
8087767
4444601
13053740
14532953
2576718
6395536
5159470
22228343
9637389
1280924
67254
13698310
8062121
9656413
461130
287202
13403901
4404654
65712
1597134
224162
1462451
5123221
7443220
20772749
2440832
72573
1865678
12654337
146049
9770707
8225972
196578
2381953
18166886
1676377
3920578
5303268
1608795
7150395
4971973
745505
7198822
14831493
4122379
4670940
7553254
2125623
11779897
6712505
32167991
6844075
6061264
4080431
51982
6733518
5323609
6406843
1883803
26805872
2820037
7288960
8738585
1967325
5031193
3153987
3440741
6388447
163209
7945789
2661305
354360
3755406
1023941
1246267
1412628
2890282
21290848
7906229
3205778
661356
14855377
26880
751502
10804889
4176
23090284
412418
8814023
20592259
21932314
42631
1511816
4978298
4503839
3382202
3062279
1313455
5364807
8122114
3072722
9828554
9646310
8913884
2722188
2713877
175054
1225686
2685292
4552299
4346667
2132312
2350871
15907883
51855
135734
9610882
276989
4471679
3348569
997315
14601404
12842811
5767792
7185505
1047445
1590307
4729114
12183815
4870465
5783617
5166823
10545862
16308750
3846507
10730813
674552
59547
5116605
833383
2500513
9071370
6370460
318546
2186900
8452269
1303300
166098
2330889
25869727
705831
3209609
213567
910773
1606954
61280
1348029
5632105
1673202
2914643
4108289
7684086
4270615
2147282
1007249
15063005
114124
10542646
13416834
1324578
7689094
12186222
2195108
220304
1994843
169224
10218869
2611500
2640332
11711019
2865328
9649575
4635714
6161340
5909269
3328638
775571
12596710
18358927
5376277
465042
8002475
2665529
5356362
4798440
6882279
6734503
13210503
14461
17490457
1152690
369200
5067864
10509155
7372766
946801
1830890
6570975
5582991
9254130
2947775
9424303
3081584
266587
5133754
834329
537111
2094352
5164003
5213265
9132016
16781273
755172
696273
5036525
6459193
2246522
3254906
34935472
5419966
1791485
178833
1139758
32758576
4935596
3286967
6608152
5859437
2722350
37397554
20973083
2922628
4513724
2871095
14285873
6564436
1728025
7334963
2812155
74481
108932
3460000
7618417
1223351
1188630
2151
9331982
10963
59880
4472801
25109552
9062076
165480
163399
7020470
1003022
12335624
5599849
6960878
57754
8824135
10573335
4702642
4383250
2124424
3356947
5999963
963374
1012105
21637717
16653799
6102885
1201489
7647548
15647611
4842072
3932132
10110744
3544176
2000008
2855011
3684842
748157
1323701
1879394
4274690
747798
2607526
21057313
1373387
18101785
16377215
1804950
415496
4159232
18807094
2150801
54778
5429549
3560877
5066812
991125
324
3587123
2003438
7005322
4479809
29131
8065283
228958
201060
13412989
521442
7450468
12447339
3503244
26026957
4989203
19934720
2585750
19846041
2136627
15199919
12545
11157168
25261220
5347011
5326465
829215
11087908
2494627
9480949
2894819
6565051
11691096
834636
26806322
4624999
3619025
52554
547606
17613855
4849749
7701438
8663597
8287500
2794826
17190823
67916
25048745
1332532
3857026
11343619
435648
11404715
1013158
18089704
169300
1247129
1742415
4271488
6957105
1749126
3678361
1893176
7038968
91077
3349085
6423960
4690253
59432
577665
44359
4123481
411382
8870342
8474785
8654749
2896927
2135180
4266844
5579509
2255460
17706471
2890069
8182228
6450561
18246654
15551280
19468628
78661
20898940
884729
2088621
2332992
12494407
2793064
9203365
40778260
7852017
12809153
25352203
12927568
4296081
23814738
18232678
3490309
1380664
1835926
2416450
2470723
6249983
13637101
1568768
3820710
32849238
11587380
11000388
3890886
18522387
651370
6397123
2506621
12484109
3777258
1229986
21691459
28967946
21104472
2625979
13738122
6444172
9403223
4037425
2198931
8669919
15471491
4893080
9839590
308141
22337190
18488196
7237021
6705471
11105723
4562945
16395692
5095438
1268851
9302460
5753471
461143
19318277
9415397
7426951
2352891
1306511
2085181
28270513
10538466
25378378
4868960
8485717
21892315
1956775
8820273
597440
1521656
1012581
226615
30887455
75204
18472
7235293
9021513
7511273
1437811
3849123
9963061
6486420
