4597021
2149861
14981
2583596
34593
41599
4870943
2830596
3353728
2414071
5164879
40175
4998216
10076664
4444667
11667553
3947763
1875356
1837967
5299544
5824533
798057
3185392
3949570
965666
2886414
172941
91836
4815490
3845988
7007002
6219991
6527203
298759
7
7664670
4867980
5261664
213790
10267961
4748122
5759085
1135393
911416
3013423
3072423
208968
142676
1605290
48226
19571
3216086
206099
1504822
14142324
4100982
6917667
25391
3713008
14570767
11470211
5066900
194215
2469422
2366713
7695453
1260893
140199
1
53645
334405
0
168811
1181107
2561450
4082907
7072388
1128434
5187329
337774
1309784
42463
5887366
146809
5151008
811778
271354
12596354
1489956
7503205
60712
4393
226859
4894694
6837396
4384780
154344
3148941
8843078
11979194
3954703
7970688
334363
2875528
77577
145986
1376047
1302958
296872
1445642
630365
6271199
601724
807765
11676399
677143
6858255
17700959
299
128
11201340
9279019
4081105
5662907
119352
4876513
8897863
5985453
3777714
12245921
81887
1683546
6682483
581614
5421656
1561607
16120789
5083255
9208197
1141506
3700
4572964
2190708
6338728
2972404
403597
5012036
4161527
7590350
5651567
5577016
14295391
453564
1992054
3575683
4368171
1865584
2532057
174987
14143836
8760897
3658153
9070545
4290441
2032323
11379731
2499792
2507238
2886542
12207823
1629767
2011062
2217247
5190999
3908336
5347996
6637125
14107065
5935362
14567016
4476618
8288756
779178
19582700
1935160
3929695
4406103
10715087
6467200
562
3793993
593595
5223690
19277008
34009
5979348
5338450
2880025
25592491
4748924
1018982
1141558
482833
16496316
5004428
10974008
8713705
8554266
1098667
9765191
1676052
4888050
3077038
4480303
13985736
91856
916043
8900246
1449542
11610631
4462150
7690560
4512826
222199
20813957
3817489
1318962
8307145
3853547
490252
288074
284716
11164933
11178855
5909486
2902101
4985051
9359415
10326307
1563748
17625195
8435364
16993107
54773
13222709
2120717
18318459
13619896
9662428
19082
11215519
5764670
12272965
321597
1697648
5154906
27932498
130490
13148080
6755932
7591456
8305997
13058730
7794025
17146421
4983671
11514135
58188
4648907
4791011
284525
2424065
29186
7914136
16063
289821
5459505
12246614
22209873
19603115
12985444
2052006
3018551
7233602
173384
147785
2890583
207258
5555170
