562
2972404
5083255
2414071
3845988
1192527
208968
4815490
13265474
14981
225660
174987
3700
1007621
403597
3013423
798057
16654879
19277008
5662907
1135393
3353728
13222709
779178
4867980
60712
6526691
91836
9208197
31164
6682483
453564
3713008
2032323
25412
12985444
1732
77577
5223690
4870943
3688957
5261664
4476618
1018982
2583596
3462535
2366713
40175
172941
42463
10267961
965666
4597021
11470211
4600285
4972897
6837396
146809
299
4081105
10076664
4444703
11979194
94531
2424065
3148941
2469422
12245921
140199
4262
1141506
4931179
6635639
1349932
12596354
11610631
7590350
4298170
2875528
34593
8843078
81887
9723175
18100405
1865584
20813957
4006848
1318962
1449542
5824533
4983671
146854
10672725
5747486
5727122
3949570
6917667
25587802
9279019
2149861
9071090
482833
3817489
21682
19571
3244123
337774
321597
28321
630365
2830596
8495261
4748122
2886542
41599
1392493
345442
1605290
168811
31853827
14143836
284716
4229950
4444667
6271199
1309784
3938345
5759085
3947763
1697648
3949887
11676399
2260091
1302958
334405
119352
560829
23511230
886544
2217247
5015896
10136505
8747
6219991
14567016
8332565
48226
226859
5979348
7664670
4145009
5935362
4082196
11210604
5187329
0
5190999
911416
7695453
194215
1128434
10094129
102373
145986
3869107
2499792
8288756
24546229
254418
5338450
5577016
4290441
154344
135649
2532057
7503205
14107065
14142324
271354
13226995
418383
5555170
3072423
298759
3929695
1561607
5325781
222199
4894694
2011062
4100982
4462150
334363
4069634
213790
4406103
11667553
12207823
1125942
9697537
16120789
1445642
16496316
33170471
289821
5651567
5083158
5151008
677143
541589
10034976
1683546
10748073
16536024
6338728
1837967
7007002
7896011
4082907
4480303
7
5421656
593595
142676
288074
8866392
1181107
5299544
2880025
3202475
1832010
9075737
25839063
2014292
15416676
53645
2729452
1629767
11201340
29186
3386497
25391
3216086
12445576
18988802
2120717
6467200
8163500
916043
15233331
1875356
14570767
25759380
542396
4476253
17625195
5887366
2685713
2408749
1935160
6637125
5164879
4368171
6527203
8101322
2886414
6712070
1727238
5066900
11164933
2751082
4393
11379731
13757631
1504822
871436
5152306
811778
847803
2902101
6989103
5527638
7970688
3185392
8760897
200894
296872
450975
5347996
12272965
27244969
206099
4998216
8443829
7072388
12839921
2561450
29622820
8305997
12377770
15909
4384780
19082
2292315
65657
1260893
147785
581614
3575683
11645557
601724
6858255
4748924
2516402
3489643
4701952
1846804
1820314
3145233
91856
6755932
12069125
4258803
6484416
396145
4581996
5662119
5650077
3268671
5012036
490252
9765191
1489956
3547514
11748016
5623022
74503
5985453
1141558
5959970
3853547
9051863
4568547
128
10603750
3793993
5735262
3658153
8653054
15254085
6063314
1563748
27932498
3075660
11250956
147579
2018955
12915503
31824669
9371994
17400522
5885442
5004428
10579567
997916
5570607
10412099
1376047
28605413
10974345
11178855
4564243
4648907
6340757
833047
34009
4876513
3777714
1360123
9434866
4791011
13113543
84958
1411223
7657275
325693
2795165
4985051
7383777
16993107
3087043
2507238
12208746
4534460
10749421
5800120
1843411
1340424
10715087
12325246
10326307
1
32920594
47364
2890583
681752
26892836
3380158
30785218
2420931
4579158
5518350
807765
5484165
6403960
14226879
22209873
2965970
3533875
96622
4973336
4146380
18318459
5200574
26107898
3340646
13058730
16660
7099549
3077038
3240285
33565836
8096625
12514614
37363195
6905
2893864
5909486
7689067
17858667
1051206
248971
12415210
1849080
2907905
63329
1098667
907701
17700959
25592491
2099112
7813124
3018551
16063
2070533
4998524
24127059
33723106
13939577
284525
11263732
24075509
19582700
902689
1132479
1139150
10420731
12087005
6688492
5772750
2363033
5830084
4391534
7794025
18044454
9079596
194392
9662428
34384991
688532
75553
5373373
4832909
9070545
2019322
8435364
1009133
4751730
14295391
28952605
11215519
6858167
3522817
995746
2594110
5115210
870863
467313
6735979
6274839
5828092
8554266
11266275
376939
14304187
54773
9357280
5918529
16455
13905933
6858529
17794218
819053
7905162
2940254
268593
1340482
2172271
5241824
4572964
8406539
2867146
23707475
8713705
433260
2560571
7204395
7944133
7690560
14602461
1992054
18455
8401472
9995324
875285
6656598
69617
6866859
5199277
11132091
1784377
3489688
3954703
3683417
23938743
21173
10890800
5676094
112765
5214603
4842821
6505892
1098340
23460946
962192
10242270
7980733
5334421
72568
10616234
4355113
8706995
9486038
367398
4389737
4434488
9258764
4262513
12792906
287480
20429073
2027928
12246614
1971405
6089013
8498911
5764670
34359387
3200571
6784265
2281948
13011480
13126424
15757893
1723232
5204292
456018
28088018
4614790
356576
768013
4825576
17910588
7016725
8594566
23715
451490
2490858
532344
35624316
2026024
9461062
2190708
4461978
3834412
12794016
17146421
9359415
8265635
24192593
21175194
9640594
6986873
3361299
9812771
8900246
2868041
4663905
15620108
6394870
11537940
2886286
986311
4888050
4372766
4803384
4684278
130490
320021
9755476
2090557
17797762
11392012
312153
14211341
10080178
1941292
1140605
815202
504640
32984674
8525586
8678293
19014774
9463940
233629
8799110
3287311
5154906
1765469
2444481
2069879
10649989
23084096
467470
9217582
7233602
39643043
12059124
24360019
56918
81536
1862740
10389169
6973085
1126809
5298456
7591456
2761181
21125966
1218020
15933158
9698723
7044786
4383375
328425
7075949
2627073
3445965
3341674
460512
4660552
6426987
8307145
4551429
11476676
3908336
7246664
7239949
2237225
3201709
19603115
9834084
5009548
353230
3643000
128298
17886381
27001622
18225505
999568
5898488
36936289
253139
5843656
10391129
8683933
1555
4692729
2121115
25853049
36332
23927688
1003220
2285748
29140938
29717979
227766
13849480
20424054
7189491
6503941
450381
59406
7534363
1744873
1836746
7570110
991963
10032618
6142147
156445
14295332
28924452
1058532
18419969
10170362
671530
1713744
3972083
9105293
7981930
32224283
5282140
8366238
3489583
479842
3388126
6912417
13148080
3876326
15154496
29149965
4336668
4056297
5379978
2884781
3584800
39465
10690753
13272173
8573039
3603835
2007468
219772
5108460
5228667
5422027
12469287
986628
5459505
9684245
3865791
2159552
7914136
6189888
5348995
4727436
1123704
3705968
3629705
18137082
3185916
17586384
6332849
7602936
4512826
14621978
20767883
3344730
5670980
23966555
2043210
8897863
9483260
20014017
12838
11514135
25702131
356403
