14981
2583596
4597021
34593
2149861
2830596
41599
4870943
3353728
2414071
5164879
10076664
4998216
11667553
4444667
1875356
3947763
1837967
5824533
798057
40175
5299544
3949570
2886414
172941
91836
4815490
965666
3185392
7007002
3845988
298759
6527203
7
6219991
7664670
5261664
213790
4748122
10267961
5759085
1135393
4867980
911416
3013423
3072423
1605290
142676
48226
208968
3216086
206099
1504822
14142324
4100982
19571
6917667
3713008
14570767
5066900
25391
11470211
2366713
194215
7695453
2469422
1260893
53645
140199
0
168811
1
334405
4082907
7072388
2561450
1181107
337774
1309784
1128434
42463
5187329
146809
5151008
271354
12596354
1489956
5887366
7503205
4393
226859
811778
4894694
4384780
60712
6837396
8843078
154344
11979194
7970688
3954703
2875528
334363
77577
145986
3148941
1376047
296872
630365
1302958
601724
1445642
6271199
11676399
677143
807765
299
6858255
11201340
9279019
128
17700959
5662907
4081105
4876513
119352
3777714
12245921
5985453
81887
1683546
6682483
5421656
1561607
16120789
5083255
9208197
581614
3700
8897863
1141506
4572964
2190708
2972404
403597
6338728
7590350
4161527
5651567
5012036
453564
1992054
3575683
4368171
1865584
5577016
2532057
174987
14295391
3658153
14143836
8760897
4290441
2032323
9070545
11379731
2507238
2886542
12207823
2499792
2217247
5190999
2011062
5347996
6637125
3908336
1629767
14107065
4476618
8288756
5935362
779178
19582700
1935160
3929695
10715087
14567016
4406103
3793993
593595
562
5223690
19277008
5979348
34009
6467200
2880025
5338450
1018982
1141558
482833
16496316
4748924
25592491
5004428
8554266
8713705
9765191
1676052
4888050
1098667
4480303
3077038
91856
916043
8900246
1449542
11610631
4462150
7690560
4512826
222199
20813957
3817489
1318962
8307145
3853547
490252
288074
284716
10974008
11178855
5909486
2902101
11164933
4985051
9359415
10326307
17625195
8435364
16993107
1563748
13222709
54773
18318459
2120717
9662428
19082
13619896
11215519
5764670
12272965
1697648
321597
27932498
130490
5154906
13148080
7591456
6755932
8305997
13058730
7794025
4983671
11514135
17146421
4648907
58188
284525
2424065
29186
4791011
7914136
16063
5459505
12246614
22209873
289821
12985444
19603115
3018551
2052006
7233602
173384
2890583
207258
5555170
147785
4229950
1140605
2594110
15692598
4579158
8332565
5325781
16654879
815202
63329
875285
112765
3348709
94531
1218057
3244123
1411223
7687786
21213840
9371994
4803384
4564243
7979050
65657
1897088
5022049
13011480
8498911
9697537
6635639
5214603
2307010
15416676
24511790
6858529
3030999
22457842
4006848
2392809
532344
4082196
28468449
865672
8594566
248971
11476676
5119715
8747
31847917
638280
1192527
4118687
219772
11748016
1139758
15933158
14530497
432988
13985736
81536
84958
147579
325693
33170471
11132091
1555
13878015
9486038
14618437
4050757
23707475
3388126
6526691
544829
156445
581692
8163500
3087043
28605413
11805481
39465
6356306
19341821
6332849
8101322
881790
4425333
9051863
456018
4050904
4663905
13939577
