0
2
5
6
8
9
10
12
14
16
18
19
26
27
28
31
32
34
37
40
41
45
46
48
49
51
53
54
58
61
62
63
64
66
67
72
74
75
76
86
87
89
91
95
96
100
104
105
106
107
110
111
113
114
115
119
124
127
128
129
131
133
134
136
138
139
155
157
158
159
161
162
163
167
171
173
177
178
181
183
184
185
186
190
193
194
196
200
201
203
205
208
214
215
216
217
222
223
226
233
234
239
243
249
253
256
259
262
265
266
267
270
283
286
289
290
292
294
298
302
303
312
313
315
316
318
322
325
327
328
331
333
339
340
341
345
349
350
351
353
357
360
362
365
371
377
378
379
380
382
383
386
391
392
393
397
400
404
407
410
413
416
417
419
422
423
424
425
428
429
430
433
436
439
440
442
443
444
447
449
451
454
455
457
461
466
468
471
473
474
475
477
478
479
483
486
490
493
496
498
501
504
507
512
516
517
519
522
525
529
532
537
539
540
542
544
545
548
550
553
560
561
562
563
569
572
574
578
586
588
589
593
595
598
608
611
614
616
618
620
621
625
626
627
628
629
638
642
644
645
656
660
667
672
675
680
683
687
689
692
696
697
698
704
707
708
709
712
713
714
717
720
730
731
734
736
739
740
745
748
758
760
761
764
765
766
768
769
770
772
773
776
777
779
780
781
792
799
800
801
807
811
812
813
818
819
821
833
841
843
846
847
849
852
853
855
858
861
870
874
878
879
880
881
883
886
887
888
894
896
899
904
906
912
914
915
924
925
927
933
935
936
937
940
941
944
947
949
954
959
964
965
970
972
973
977
979
982
983
984
985
992
993
995
997
999
1002
1003
1007
1013
1014
1018
1025
1026
1027
1029
1034
1036
1044
1048
1054
1055
1057
1061
1062
1076
1077
1082
1089
1093
1095
1101
1108
1109
1111
1113
1118
1122
1123
1125
1128
1131
1132
1133
1138
1139
1147
1152
1153
1160
1162
1165
1167
1168
1169
1170
1174
1178
1183
1185
1190
1194
1204
1206
1207
1208
1210
1213
1214
1215
1221
1223
1229
1230
1235
1237
1246
1251
1252
1258
1259
1262
1270
1275
1276
1278
1281
1289
1291
1293
1297
1299
1301
1302
1306
1308
1313
1314
1317
1319
1323
1325
1326
1330
1331
1335
1336
1337
1340
1342
1349
1352
1356
1358
1360
1361
1366
1367
1368
1370
1375
1382
1383
1385
1388
1389
1391
1392
1401
1405
1408
1415
1420
1429
1438
1440
1443
1445
1447
1450
1451
1454
1456
1459
1464
1467
1471
1472
1473
1481
1485
1487
1491
1494
1495
1497
1500
1503
1507
1512
1513
1514
1515
1523
1530
1532
1533
1536
1542
1551
1553
1555
1560
1561
1564
1567
1570
1572
1574
1575
1580
1583
1589
1593
1594
1598
1600
1603
1605
1617
1623
1625
1631
1633
1635
1638
1645
1647
1655
1656
1658
1660
1662
1663
1668
1669
1670
1672
1678
1679
1687
1692
1694
1703
1722
1725
1728
1729
1737
1744
1747
1750
1760
1767
1768
1770
1775
1777
1778
1782
1783
1785
1790
1792
1800
1804
1806
1807
1813
1815
1816
1822
1824
1829
1835
1848
1850
1855
1857
1861
1864
1865
1881
1883
1893
1897
1903
1907
1908
1917
1920
1924
1931
1936
1939
1947
1950
1953
1955
1958
1962
1964
1967
1969
1973
1975
1979
1980
1983
1985
1995
1997
2000
2003
2006
2008
2009
2010
2015
2016
2018
2019
2024
2029
2030
2032
2038
2039
2040
2054
2055
2056
2058
2059
2060
2065
2068
2071
2072
2075
2077
2081
2087
2094
2095
2099
2100
2105
2109
2115
2118
2121
2123
2126
2129
2132
2159
2160
2170
2173
2184
2189
2190
2194
2197
2200
2203
2205
2207
2209
2215
2219
2230
2232
2234
2235
2248
2249
2253
2256
2259
2264
2265
2268
2270
2271
2273
2274
2276
2279
2280
2284
2291
2292
2300
2301
2303
2306
2309
2312
2321
2327
2328
2333
2339
2345
2346
2349
2351
2353
2357
2362
2366
2367
2368
2371
2377
2381
2388
2393
2394
2397
2398
2400
2405
2409
2411
2413
2419
2422
2424
2426
2428
2429
2431
2432
2441
2444
2445
2446
2448
2451
2452
2457
2460
2471
2474
2481
2484
2489
2491
2498
2499
2501
2502
2503
2509
2511
2512
2519
2524
2527
2530
2533
2540
2543
2547
2549
2560
2567
2577
2580
2592
2593
2596
2598
2605
2619
2627
2634
2642
2643
2645
2656
2664
2666
2668
2669
2670
2676
2684
2685
2688
2689
2690
2695
2697
2699
2703
2706
2710
2720
2730
2737
2746
2751
2762
2763
2766
2786
2799
2808
2819
2822
2825
2828
2831
2833
2844
2852
2858
2865
2867
2878
2889
2893
2895
2896
2898
2899
2901
2905
2913
2923
2926
2928
2931
2934
2935
2950
2951
2956
2957
2978
2981
2987
2994
2995
3001
3016
3022
3032
3042
3048
3052
3053
3055
3059
3061
3074
3082
3089
3091
3094
3095
3105
3107
3113
3114
3115
3120
3123
3126
3129
3132
3133
3150
3157
3158
3165
3175
3180
3192
3201
3202
3203
3205
3215
3217
3218
3225
3236
3237
3250
3252
3254
3255
3258
3271
3277
3280
3284
3307
3310
3311
3330
3335
3338
3341
3362
3364
3367
3378
3379
3382
3385
3400
3416
3421
3423
3435
3436
3449
3460
3468
3474
3480
3485
3491
3505
3518
3526
3530
3539
3544
3547
3550
3555
3568
3569
3584
3586
3597
3605
3606
3629
3651
3658
3682
3687
3688
3694
3697
3698
3701
3710
3722
3725
3726
3731
3741
3748
3755
3762
3768
3770
3787
3790
3797
3798
