2
5
6
8
9
10
12
16
18
19
26
27
28
31
34
37
40
45
48
53
54
61
63
64
66
67
75
76
86
87
89
91
95
96
105
106
107
110
111
113
119
124
127
128
131
133
134
136
157
159
161
162
163
167
171
173
177
178
181
183
185
190
193
196
201
203
205
215
216
222
223
233
241
249
256
262
266
267
270
283
286
289
292
294
298
302
303
312
315
316
322
327
333
340
345
349
350
351
357
360
362
365
377
380
383
391
392
400
407
413
417
419
422
423
425
429
430
436
442
444
445
447
449
455
457
461
466
471
473
474
475
478
479
483
486
490
496
498
508
512
516
519
522
525
529
532
537
540
545
548
550
553
562
569
572
588
589
598
611
612
614
616
621
626
628
629
642
644
667
683
687
689
692
714
717
720
731
740
745
761
764
765
766
769
770
773
777
781
801
811
814
815
818
819
833
841
846
849
853
870
873
878
888
894
896
899
906
924
933
936
937
940
941
947
965
970
972
977
979
982
983
984
995
1003
1013
1026
1027
1029
1036
1041
1044
1054
1055
1057
1062
1082
1089
1095
1101
1111
1122
1125
1131
1132
1133
1139
1147
1152
1160
1162
1167
1174
1183
1186
1192
1204
1207
1215
1229
1230
1235
1246
1252
1259
1262
1270
1276
1289
1293
1296
1308
1314
1319
1336
1337
1342
1349
1358
1361
1366
1380
1383
1391
1405
1415
1420
1445
1450
1451
1453
1456
1467
1471
1472
1473
1481
1485
1494
1503
1514
1532
1550
1555
1558
1560
1561
1567
1574
1578
1593
1594
1596
1600
1601
1603
1609
1622
1633
1635
1647
1656
1663
1670
1692
1694
1703
1722
1728
1729
1737
1744
1750
1760
1768
1777
1778
1782
1790
1800
1815
1816
1825
1829
1848
1861
1866
1893
1897
1907
1908
1917
1936
1952
1955
1969
1985
1995
2008
2019
2039
2054
2056
2058
2060
2065
2075
2081
2094
2095
2100
2115
2118
2123
2126
2142
2146
2160
2165
2184
2197
2200
2203
2215
2227
2265
2271
2273
2279
2280
2292
2312
2323
2327
2333
2339
2351
2353
2392
2393
2398
2400
2424
2426
2429
2451
2457
2474
2499
2502
2503
2519
2527
2540
2547
2567
2580
2581
2620
2645
2665
2668
2676
2688
2695
2706
2737
2751
2819
2825
2870
2893
2896
2899
2913
2926
2932
2934
2950
2956
2965
2978
2981
2994
3001
3016
3039
3048
3052
3055
3063
3092
3098
3105
3107
3116
3132
3165
3175
3180
3193
3195
3215
3218
3236
3250
3252
3255
3258
3277
3306
3311
3338
3340
3367
3378
3379
3385
3402
3416
3460
3487
3493
3518
3533
3543
3550
3584
3595
3651
3657
3681
3687
3692
3710
3726
3732
3743
3765
3789
3797
