1
4
6
7
9
11
12
16
17
18
19
20
22
23
24
27
32
33
34
37
38
40
44
47
48
52
53
56
57
59
62
63
64
70
71
72
73
76
82
84
85
86
88
95
96
98
100
101
104
105
111
114
115
116
118
122
123
125
127
128
129
133
138
142
143
146
148
149
151
166
171
176
182
184
186
190
199
203
208
209
212
215
216
217
221
224
225
227
229
230
231
232
234
236
245
246
247
249
253
254
258
267
268
278
284
286
288
290
293
294
300
301
303
304
306
326
330
334
335
337
339
345
351
352
362
365
368
370
372
373
376
382
385
389
395
396
397
402
405
410
412
418
421
426
428
432
437
440
441
447
450
451
454
456
457
463
464
465
469
472
473
477
481
483
485
489
493
495
498
499
500
501
504
505
506
510
514
516
518
521
523
524
526
528
530
533
535
536
537
539
540
543
551
553
555
558
561
562
563
565
566
567
570
573
576
577
580
583
584
586
588
595
598
601
605
607
612
613
615
618
621
625
628
629
638
639
640
644
646
647
650
652
653
665
668
673
676
678
682
684
686
694
697
699
703
705
706
710
712
733
734
737
739
740
745
746
750
754
755
757
759
766
769
773
774
775
780
787
791
795
801
808
811
814
819
821
822
826
832
833
840
843
844
846
847
850
853
855
857
866
874
882
885
886
891
892
893
903
904
907
909
910
914
919
925
926
932
937
939
940
941
948
952
955
957
959
962
964
965
968
971
975
976
977
986
988
996
998
1005
1006
1013
1014
1015
1016
1017
1021
1022
1035
1041
1052
1056
1059
1060
1062
1065
1068
1075
1080
1082
1085
1086
1087
1101
1114
1116
1117
1119
1121
1131
1135
1136
1137
1138
1141
1143
1147
1148
1152
1157
1160
1169
1175
1185
1188
1191
1193
1201
1204
1208
1209
1213
1214
1220
1223
1227
1238
1247
1248
1256
1257
1259
1261
1268
1270
1271
1275
1276
1277
1282
1284
1285
1296
1297
1299
1301
1303
1304
1308
1309
1319
1320
1324
1328
1335
1336
1338
1341
1345
1353
1360
1363
1375
1376
1378
1385
1387
1392
1393
1395
1397
1403
1404
1407
1413
1416
1417
1421
1426
1433
1442
1450
1452
1453
1455
1461
1465
1467
1472
1480
1481
1483
1486
1489
1490
1494
1497
1498
1503
1508
1513
1520
1524
1526
1527
1536
1537
1539
1548
1552
1554
1556
1563
1564
1566
1569
1570
1577
1581
1586
1589
1590
1592
1600
1601
1605
1607
1609
1611
1616
1617
1621
1622
1623
1629
1631
1633
1635
1647
1648
1650
1651
1657
1666
1673
1675
1676
1679
1685
1686
1688
1695
1710
1720
1725
1741
1743
1745
1748
1751
1756
1765
1767
1775
1776
1785
1786
1787
1791
1794
1796
1797
1805
1807
1810
1812
1817
1818
1824
1830
1837
1838
1840
1848
1856
1863
1865
1869
1874
1875
1879
1899
1900
1902
1906
1909
1911
1912
1929
1933
1938
1950
1953
1957
1976
1978
1991
1998
2003
2007
2011
2012
2014
2016
2019
2021
2022
2025
2029
2030
2039
2041
2047
2049
2050
2061
2064
2065
2076
2083
2089
2091
2095
2101
2107
2116
2121
2123
2126
2129
2130
2135
2138
2147
2150
2151
2155
2159
2167
2171
2178
2181
2188
2189
2196
2199
2200
2205
2206
2214
2223
2225
2228
2233
2235
2243
2254
2255
2260
2265
2268
2269
2271
2281
2288
2309
2311
2316
2321
2323
2325
2329
2331
2332
2334
2344
2349
2354
2358
2362
2368
2371
2372
2380
2381
2390
2394
2396
2400
2412
2419
2426
2431
2434
2445
2450
2457
2464
2470
2476
2488
2492
2495
2504
2507
2513
2514
2519
2523
2531
2538
2540
2545
2549
2554
2555
2557
2558
2566
2568
2578
2580
2582
2583
2584
2590
2601
2603
2607
2610
2614
2620
2627
2631
2633
2640
2644
2645
2656
2657
2666
2668
2673
2678
2715
2717
2718
2720
2725
2727
2729
2734
2742
2749
2750
2765
2769
2775
2783
2786
2807
2808
2814
2817
2828
2829
2833
2837
2840
2853
2856
2862
2866
2872
2873
2876
2881
2895
2897
2898
2899
2906
2909
2913
2923
2931
2932
2937
2940
2941
2946
2952
2958
2962
2965
2967
2974
2976
2977
2988
2998
3001
3010
3016
3021
3022
3023
3024
3035
3039
3044
3048
3052
3055
3059
3065
3078
3081
3085
3087
3100
3103
3109
3123
3126
3132
3137
3141
3143
3145
3153
3154
3155
3158
3168
3174
3186
3187
3191
3198
3207
3216
3220
3225
3229
3233
3235
3239
3241
3243
3245
3249
3252
3266
3275
3276
3284
3288
3299
3316
3318
3334
3340
3348
3353
3360
3361
3364
3376
3378
3382
3388
3393
3401
3405
3411
3415
3418
3428
3443
3449
3452
3457
3460
3478
3483
3496
3499
3509
3518
3519
3528
3529
3530
3531
3533
3541
3544
3548
3550
3552
3560
3572
3588
3589
3593
3600
3601
3605
3607
3609
3618
3623
3647
3650
3655
3668
3674
3676
3696
3700
3703
3709
3712
3716
3721
3728
3729
3731
3740
3742
3746
3758
3773
3777
3781
3785
3786
3790
3800
3801
3807
3816
3822
3825
3831
3834
3839
3841
3850
3880
3882
3883
3885
3892
3893
3900
3902
3905
3909
3914
3927
3937
3940
3950
3955
3959
3967
3973
3992
4002
4010
4012
4013
4025
4029
4033
4039
4046
4050
4059
4064
4076
4086
4098
4101
4113
4115
4122
4126
4128
4131
4132
4148
4156
4160
4162
4169
4175
4177
4185
4203
4208
4237
4255
4261
4266
4288
4292
4302
4303
4305
4309
4325
4337
4342
4349
4352
4355
4356
4358
4363
4365
4367
4371
4376
4377
4380
4381
4389
4390
4392
4406
4417
4419
4423
4426
4427
4437
4443
4446
4453
4463
4485
4487
4492
4498
4503
4505
4529
4535
4536
4547
4550
4552
4559
4575
4581
4598
4613
4624
4630
4637
4652
4656
4661
4669
4675
4683
4685
4687
4691
4701
4702
4712
4715
4721
4722
4729
4732
4737
4742
4748
4751
4767
4799
4803
4806
4811
4821
4827
4831
4846
4858
4860
4861
4864
4867
4870
4871
4875
4878
4879
4885
4891
4912
4923
4926
4932
4935
4938
4940
4948
4949
4954
4980
4985
4994
4997
5009
5012
5013
5031
5047
5051
5052
5058
5076
5078
5080
5091
5112
5114
5119
5125
5131
5136
5138
5141
5165
5174
5175
5189
5192
5219
5222
5226
5229
5235
5241
5244
5247
5250
5252
5263
5267
5273
5281
5282
5284
5292
5298
5314
5320
5337
5338
5363
5365
5367
5377
5379
5388
5402
5410
5420
5435
5443
5444
5445
5447
5450
5463
5468
5488
5489
5498
5502
5509
5522
5527
5534
5536
5559
5565
5580
5599
5604
5611
5621
5628
5634
5658
5662
5668
5669
5671
5677
5678
5681
5688
5692
5705
5715
5723
5740
5749
5757
5762
5763
5764
5769
5795
5802
5806
5818
5827
5834
5847
5854
5886
5890
5895
5918
5920
5934
5939
5946
5956
5979
5987
5989
5996
6001
6003
6008
6019
6042
6049
6055
6061
6067
6070
6076
6097
6105
6110
6113
6117
6120
6122
6131
6160
6176
6182
6205
6209
6210
6218
6224
6237
6254
6258
6308
6312
6324
6351
6354
6358
6379
6384
6405
6432
6441
6450
6463
6466
6469
6480
6485
6492
6510
6524
6527
6528
6542
6560
6565
6566
6577
6601
6603
6616
6620
6630
6649
6658
6662
6692
6694
6698
6704
6710
6734
6739
6778
6787
6796
6811
6839
6843
6852
6854
6866
6881
6897
6899
6913
6931
6935
6952
6961
6966
7001
7005
7024
7033
7034
7039
7040
7047
7055
7077
7132
7154
7160
7161
7192
7199
7205
7208
7214
7223
7227
7251
7257
7267
7282
7286
7306
7312
7326
7330
7340
7357
7360
7367
7408
7436
7444
7458
7466
7473
7497
7501
7506
7515
7529
7543
7550
7560
7571
7573
7575
7581
