1
15
21
38
48
49
146
147
154
155
161
188
190
191
192
194
221
235
239
242
259
279
285
298
301
347
385
410
426
435
452
458
468
478
479
483
491
508
509
519
524
529
555
564
575
603
645
667
698
704
718
726
737
739
742
746
754
768
781
782
793
796
823
826
827
836
841
849
859
860
868
877
901
904
908
928
943
955
969
987
1004
1008
1013
1017
1019
1026
1027
1033
1036
1052
1061
1064
1100
1101
1104
1108
1130
1143
1147
1153
1165
1167
1186
1201
1216
1218
1222
1228
1245
1253
1257
1285
1286
1304
1310
1315
1332
1335
1339
1348
1352
1370
1386
1387
1390
1421
1438
1439
1443
1451
1453
1470
1491
1502
1546
1550
1560
1561
1563
1565
1581
1584
1607
1616
1621
1624
1635
1653
1672
1676
1684
1699
1704
1729
1743
1754
1764
1765
1767
1768
1779
1781
1789
1798
1815
1824
1836
1840
1848
1851
1853
1856
1868
1878
1896
1906
1910
1918
1919
1930
1935
1938
1939
1950
1967
1968
1973
1981
1995
1998
1999
2023
2030
2037
2046
2048
2059
2061
2065
2067
2091
2097
2101
2115
2135
2147
2155
2174
2176
2178
2192
2205
2208
2224
2225
2233
2257
2270
2271
2279
2304
2316
2333
2341
2359
2364
2370
2379
2381
2396
2406
2413
2416
2420
2426
2444
2450
2451
2456
2458
2462
2465
2495
2498
2500
2502
2514
2542
2546
2557
2578
2614
2615
2616
2624
2635
2642
2649
2705
2713
2721
2732
2757
2772
2773
2791
2793
2794
2797
2802
2833
2843
2847
2848
2871
2874
2886
2903
2918
2931
2932
2953
2963
2970
3015
3016
3070
3077
3089
3100
3109
3126
3139
3142
3156
3162
3176
3181
3210
3227
3231
3243
3248
3267
3275
3302
3318
3320
3340
3349
3366
3385
3398
3404
3415
3418
3480
3492
3508
3510
3511
3533
3556
3557
3560
3570
3602
3612
3619
3625
3627
3637
3642
3651
3670
3682
3696
3704
3723
3788
3800
3803
3811
3817
3839
3845
3854
3864
3867
3876
3907
3909
3915
3919
3931
3938
3947
3960
3962
3966
3969
3971
3976
3993
3995
3999
4003
4007
4018
4025
4035
4046
4072
4074
4085
4094
4109
4118
4128
4131
4175
4190
4191
4203
4211
4220
4227
4229
4232
4253
4273
4320
4321
4355
4385
4389
4405
4412
4431
4435
4452
4482
4488
4513
4530
4536
4541
4545
4560
4568
4595
4600
4603
4604
4607
4618
4662
4669
4691
4692
4715
4717
4718
4731
4733
4737
4770
4772
4775
4814
4819
4833
4840
4846
4858
4885
4906
4915
4916
4926
4942
4978
4979
4985
4997
5008
5012
5025
5031
5038
5054
5061
5070
5080
5104
5106
5117
5156
5157
5165
5191
5197
5199
5209
5219
5223
5228
5230
5246
5289
5302
5319
5320
5321
5323
5325
5344
5375
5413
5419
5458
5459
5473
5501
5505
5510
5523
5559
5562
5565
5586
5619
5631
5661
5664
5670
5678
5679
5684
5688
5693
5697
5709
5729
5742
5743
5754
5770
5788
5797
5812
5815
5819
5820
5845
5851
5860
5869
5880
5893
5906
5920
5928
5932
5946
5960
5961
5975
5978
5979
5984
5995
5996
5997
6001
6008
6024
6043
6060
6062
6075
6116
6152
6179
6191
6192
6195
6197
6198
6222
6246
6258
6265
6268
6273
6287
6297
6302
6337
6359
6363
6400
6404
6410
6413
6445
6447
6463
6480
6491
6516
6530
6531
6538
6549
6550
6553
6560
6563
6569
6572
6577
6578
6584
6585
6593
6596
6610
6630
6640
6650
6661
6702
6734
6748
6780
6782
6792
6808
6821
6824
6827
6829
6855
6859
6878
6886
6891
6902
6905
6917
6935
6937
6952
6973
6991
6998
7015
7027
7033
7044
7046
7049
7051
7063
7066
7078
7107
7121
7139
7141
7151
7152
7194
7220
7236
7249
7275
7279
7280
7310
7312
7315
7318
7322
7324
7328
7334
7361
7362
7364
7389
7399
7416
7431
7440
7458
7460
7462
7473
7486
7521
7529
7545
7548
7565
7576
7578
7604
7614
7616
7626
7642
7643
7649
7671
7686
7691
7693
7701
7714
7716
7728
7747
7772
7777
7786
7807
7830
7831
7835
7861
7866
7867
7884
7886
7887
7906
7912
7917
7928
7935
7946
7955
7956
7975
7983
7998
8005
8016
8052
8084
8114
8123
8138
8142
8145
8149
8155
8158
8159
8164
8176
8180
8193
8203
8211
8216
8230
8259
8271
8273
8279
8303
8314
8319
8321
8335
8338
8362
8373
8387
8430
8433
8441
8444
8450
8452
8454
8456
8459
8466
8476
8486
8487
8491
8494
8506
8507
8514
8551
8554
8565
8576
8585
8599
8602
8610
8633
8637
8639
8641
8676
8679
8686
8700
8715
8735
8738
8762
8777
8806
8809
8866
8867
8892
8913
8951
8955
8961
9003
9004
9021
9033
9056
9083
9089
9092
9093
9098
9108
9121
9122
9135
9158
9163
9165
9168
9179
9199
9200
9214
9225
9256
9267
9278
9279
9287
9303
9330
9339
9363
9394
9429
9430
9431
9441
9461
9462
9464
9473
9479
9496
9501
9502
9508
9513
9527
9538
9556
9583
9593
9597
9606
9607
9611
9619
9621
9622
9625
9643
9703
9726
9734
9754
9761
9777
9813
9829
9832
9840
9846
9858
9861
9865
9868
9880
9930
9931
9934
9936
9991
10020
10031
10039
10040
10061
10062
10071
10082
10094
10102
10104
10115
10137
10138
10145
10172
10188
10190
10196
10200
10201
10206
10213
10227
10236
10238
10257
10280
10300
10336
10389
10412
10422
10427
10430
10442
10456
10460
10472
10475
10480
10485
10487
10488
10501
10508
10529
10540
10567
10594
10605
10618
10635
10642
10682
10683
10689
10701
10704
10709
10710
10728
10767
10776
10786
10788
10790
10803
10824
10831
10847
10852
10862
10863
10871
10892
10912
10921
10924
10932
10933
10935
10956
10966
10974
10979
10987
10997
11021
11023
11030
11038
11046
11053
11058
11063
11094
11105
11112
11113
11115
11118
11132
11137
11142
11154
11155
11179
11194
11198
11206
11212
11217
11232
11288
11295
11300
11303
11304
11312
11328
11334
11335
11336
11344
11366
11370
11402
