74
217
301
351
376
383
428
587
823
862
889
953
1009
1017
1102
1111
1137
1299
1331
1437
1439
1442
1606
1607
1619
1651
1680
1727
1756
1775
1814
1842
1853
1921
2059
2202
2264
2345
2434
2441
2482
2632
2675
2683
2725
2848
2875
2877
2921
3024
3048
3162
3181
3186
3235
3274
3392
3425
3479
3491
3517
3549
3550
3579
3648
3670
3726
3745
3825
3856
3877
3971
4230
4474
4488
4520
4531
4538
4574
4585
4752
4767
4875
4916
4929
4987
5000
5001
5038
5053
5084
5137
5166
5234
5256
5313
5371
5478
5488
5535
5644
5648
5815
5882
6004
6034
6189
6232
6286
6373
6403
6430
6452
6479
6548
6646
6677
6756
6771
6821
6935
7039
7143
7148
7160
7304
7424
7506
7558
7587
7633
7680
7708
7717
7729
7790
7795
7820
7867
7952
7967
7987
8140
8159
8214
8216
8259
8291
8499
8502
8539
8552
8602
8620
8685
8698
8741
8867
8892
8913
8951
9084
9179
9191
9200
9281
9353
9464
9495
9653
9658
9706
9716
9815
9828
9992
10018
10093
10124
10169
10188
10232
10325
10402
10403
10418
10464
10487
10501
10549
10606
10728
10812
11012
11018
11100
11213
11220
11290
11326
