0
4
9
10
14
15
21
28
30
36
38
42
43
44
46
49
52
53
54
57
58
65
66
67
69
70
71
73
74
80
81
82
85
87
90
91
95
98
99
101
102
103
105
108
111
116
118
121
124
127
128
129
131
133
135
139
140
141
143
145
149
150
154
162
173
175
181
182
191
194
197
198
201
207
214
215
219
220
221
222
226
227
228
231
232
234
235
237
238
239
240
249
250
251
252
253
256
257
259
260
264
265
267
270
278
281
285
287
295
296
298
305
306
307
308
309
311
313
317
319
326
328
329
331
333
342
343
344
351
356
360
364
367
370
374
379
383
388
390
391
394
396
397
401
402
405
409
412
414
417
419
420
421
423
424
426
430
436
438
439
440
441
443
446
456
457
458
462
465
466
469
471
475
483
486
488
489
490
491
494
500
503
510
512
515
519
520
524
526
528
533
534
535
545
546
548
549
550
554
555
556
558
559
560
562
563
564
565
570
572
574
577
582
586
590
593
596
597
598
600
603
606
609
610
612
624
625
627
633
634
644
648
650
655
656
658
666
668
672
675
677
678
680
682
684
689
703
705
711
714
716
718
732
734
738
739
742
744
747
750
762
769
771
772
775
777
779
780
781
782
787
788
789
793
800
807
808
811
813
815
818
822
823
827
829
836
839
840
841
842
843
845
847
849
853
860
861
866
868
874
875
877
890
894
899
905
906
910
916
917
921
922
928
929
930
933
935
936
940
944
950
953
960
961
962
969
973
976
979
981
985
987
994
996
997
999
1003
1007
1009
1014
1015
1016
1017
1018
1020
1021
1025
1026
1040
1042
1046
1052
1055
1056
1057
1058
1059
1061
1065
1084
1086
1088
1089
1090
1092
1109
1114
1119
1123
1124
1125
1133
1136
1137
1148
1152
1156
1164
1165
1171
1174
1178
1184
1189
1190
1195
1198
1199
1201
1202
1203
1204
1205
1214
1215
1220
1221
1224
1228
1231
1232
1241
1244
1253
1254
1255
1260
1262
1267
1269
1270
1271
1275
1278
1281
1283
1287
1289
1290
1294
1299
1307
1316
1323
1329
1331
1334
1335
1336
1337
1342
1345
1349
1350
1353
1356
1358
1360
1367
1376
1378
1382
1386
1387
1389
1390
1392
1394
1397
1399
1402
1403
1405
1406
1407
1418
1422
1423
1424
1425
1434
1435
1440
1445
1446
1456
1457
1468
1469
1472
1473
1481
1487
1495
1498
1500
1506
1508
1510
1512
1516
1518
1521
1523
1524
1528
1531
1533
1536
1547
1549
1550
1552
1559
1560
1561
1562
1566
1568
1570
1574
1575
1576
1577
1579
1580
1581
1582
1583
1585
1586
1589
1590
1591
1592
1594
1596
1598
1600
1602
1603
1604
1606
1609
1610
1611
1613
1616
1617
1620
1622
1628
1630
1631
1644
1645
1648
1654
1658
1673
1686
1687
1688
1692
1698
1702
1706
1707
1710
1716
1718
1720
1730
1734
1739
1741
1747
1752
1756
1760
1761
1762
1765
1767
1768
1769
1771
1775
1788
1791
1794
1795
1797
1802
1804
1808
1809
1811
1824
1826
1829
1830
1833
1834
1836
1841
1843
1844
1850
1851
1853
1856
1858
1859
1860
1862
1863
1869
1871
1879
1883
1886
1889
1892
1895
1897
1902
1903
1913
1915
1917
1919
1921
1929
1930
1936
1941
1950
1953
1954
1955
1964
1965
1969
1976
1977
1980
1985
1986
1995
1997
1998
2000
2002
2004
2008
2012
2013
2019
2020
2022
2025
2045
2048
2052
2058
2059
2073
2077
2084
2086
2091
2094
2096
2098
2102
2103
2109
2112
2113
2116
2117
2120
2121
2123
2134
2144
2147
2152
2153
2155
2156
2161
2165
2170
2172
2178
2180
2196
2199
2201
2209
2211
2213
2216
2217
2219
2220
2224
2226
2227
2232
2235
2245
2251
2253
2254
2255
2257
2260
2263
2268
2271
2288
2290
2292
2295
2296
2299
2301
2308
2309
2311
2312
2316
2317
2321
2325
2329
2331
2337
2341
2345
2347
2352
2354
2356
2358
2366
2369
2370
2372
2374
2380
2383
2386
2390
2392
2394
2406
2409
2413
2414
2416
2418
2420
2425
2431
2434
2437
2438
2440
2442
2443
2445
2446
2447
2449
2451
2453
2455
2457
2459
2463
2464
2475
2479
2483
2484
2487
2491
2492
2494
2495
2496
2500
2503
2507
2509
2512
2514
2519
2521
2524
2529
2532
2538
2539
2541
2543
2549
2553
2556
2558
2561
2563
2564
2571
2574
2577
2586
2587
2597
2602
2603
2604
2612
2616
2618
2620
2622
2623
2627
2629
2630
2632
2637
2638
2640
2646
2650
2660
2666
2670
2674
2675
2683
2686
2687
2692
2694
2695
2707
2709
2713
2720
2724
2729
2731
2736
2737
2739
2742
2743
2745
2755
2761
2762
2770
2775
2782
2785
2789
2791
2794
2795
2799
2801
2803
2806
2808
2819
2824
2825
2829
2830
2831
2832
2835
2836
2841
2845
2848
2850
2851
2854
2856
2857
2864
2871
2873
2874
2880
2881
2883
2884
2887
2890
2894
2897
2914
2915
2920
2922
2926
2932
2935
2943
2947
2951
2954
2964
2965
2981
2982
2994
2999
3001
3002
3007
3008
3011
3013
3014
3015
3017
3020
3022
3025
3027
3028
3031
3032
3035
3036
3037
3051
3056
3061
3062
3069
3071
3080
3085
3087
3088
3089
3094
3095
3098
3103
3105
3111
3114
3122
3125
3126
3130
3131
3133
3140
3145
3146
3149
3155
3156
3157
3160
3162
3164
3168
3169
3171
3175
3184
3187
3188
3189
3190
3202
3207
3210
3219
3220
3224
3227
3230
3235
3237
3239
3245
3248
3250
3261
3263
3265
3266
3267
3277
3280
3284
3285
3290
3293
3294
3298
3299
3300
3304
3308
3310
3327
3330
3332
3333
3337
3338
3339
3342
3354
3360
3364
3366
3370
3372
3373
3377
3382
3383
3390
3392
3393
3404
3405
3407
3412
3414
3415
3416
3417
3424
3425
3431
3443
3445
3449
3450
3455
3456
3464
3473
3474
3477
3478
3479
3487
3490
3491
3492
3495
3496
3501
3503
3506
3507
3508
3509
3511
3515
3517
3518
3521
3522
3525
3526
3528
3541
3544
3547
3550
3551
3552
3554
3555
3557
3563
3564
3565
3577
3584
3593
3594
3598
3602
3604
3605
3608
3611
3614
3627
3635
3638
3642
3651
3653
3655
3657
3660
3661
3666
3667
3668
3670
3676
3683
3686
3689
3711
3715
3723
3729
3731
3734
3736
3748
3751
3755
3760
3762
3765
3766
3776
3781
3785
3787
3790
3799
3800
3804
3807
3808
3809
3812
3813
3814
3817
3818
3820
3829
3833
3836
3837
3838
3839
3841
3845
3850
3854
3856
3877
3878
3879
3880
3881
3882
3883
3885
3892
3893
3899
3900
3901
3904
3907
3909
3910
3912
3923
3924
3930
3936
3938
3941
3951
3952
3956
3957
3958
3960
3963
3964
3965
3971
3975
3980
3987
3988
3989
3990
3991
3994
3995
3997
3999
4003
4005
4006
4008
4014
4016
4018
4021
4022
4023
4028
4029
4030
4033
4036
4040
4042
4046
4051
4052
4059
4061
4062
4064
4065
4066
4071
4076
4077
4078
4080
4083
4086
4087
4091
4093
4094
4095
4097
4099
4100
4103
4105
4109
4111
4114
4115
4117
4118
4123
4125
4127
4128
4129
4130
4132
4133
4136
4141
4146
4150
4151
4152
4157
4161
4163
4169
4170
4172
4175
4178
4179
4181
4190
4194
4198
4200
4204
4205
4208
4214
4219
4221
4223
4225
4227
4229
4231
4232
4238
4240
4243
4261
4264
4271
4276
4278
4280
4283
4295
4299
4307
4313
4315
4320
4321
4322
4327
4328
4331
4339
4341
4342
4343
4348
4350
4352
4353
4357
4359
4360
4364
4371
4375
4377
4378
4380
4384
4395
4398
4405
4407
4420
4425
4432
4440
4445
4446
4450
4451
4452
4453
4458
4461
4464
4466
4472
4474
4476
4484
4486
4487
4493
4498
4500
4505
4510
4512
4520
4521
4525
4529
4535
4548
4553
4555
4562
4565
4566
4569
4571
4574
4575
4581
4584
4587
4588
4591
4593
4600
4604
4607
4611
4613
4614
4627
4630
4635
4641
4642
4646
4654
4656
4662
4673
4675
4678
4683
4685
4687
4691
4693
4694
4701
4704
4714
4715
4718
4723
4726
4727
4730
4731
4732
4733
4737
4739
4742
4743
4747
4748
4750
4755
4759
4761
4770
4775
4776
4779
4781
4785
4793
4795
4799
4803
4807
4809
4811
4819
4820
4826
4827
4830
4831
4832
4834
4840
4847
4854
4856
4858
4859
4868
4870
4879
4887
4891
4894
4900
4904
4906
4907
4915
4916
4920
4921
4933
4934
4935
4941
4950
4952
4954
4957
4960
4963
4965
4969
4975
4976
4979
4981
4983
4984
4987
4990
4991
5002
5003
5004
5012
5017
5018
5021
5025
5031
5052
5054
5056
5067
5069
5073
5075
5081
5083
5084
5086
5092
5095
5106
5113
5115
5117
5119
5122
5126
5129
5133
5135
5137
5138
5147
5148
5149
5154
5155
5157
5159
5163
5167
5175
5183
5184
5185
5186
5187
5191
5192
5195
5197
5198
5199
5203
5205
5210
5222
5227
5235
5237
5239
5244
5249
5250
5257
5261
5262
5263
5264
5265
5269
5271
5273
5281
5284
5287
5289
5293
5294
5297
5298
5307
5308
5309
5310
5312
5320
5321
5325
5326
5330
5333
5339
5341
5343
5349
5356
5358
5363
5364
5367
5371
5377
5379
5381
5382
5389
5390
5392
5393
5397
5399
5406
5409
5413
5421
5427
5429
5433
5439
5442
5449
5452
5453
5454
5463
5467
5469
5473
5474
5475
5478
5480
5481
5483
5484
5490
5494
5500
5507
5508
5512
5514
5524
5526
5527
5532
5533
5534
5535
5540
5547
5553
5558
5565
5568
5574
5575
5576
5585
5587
5592
5596
5602
5618
5622
5629
5632
5639
5643
5644
5648
5649
5650
5652
5654
5656
5659
5661
5664
5666
5667
5668
5669
5671
5673
5674
5676
5677
5688
5690
5692
5698
5700
5702
5706
5712
5714
5719
5720
5721
5722
5732
5735
5736
5737
5742
5744
5749
5752
5754
5755
5760
5762
5764
5765
5767
5769
5774
5785
5786
5789
5790
5794
5799
5800
5801
5802
5806
5811
5812
5818
5821
5828
5831
5834
5844
5846
5847
5849
5850
5851
5853
5854
5862
5867
5871
5874
5875
5876
5877
5878
5884
5886
5888
5897
5902
5908
5912
5916
5917
5918
5921
5923
5926
5928
5929
5930
5937
5938
5941
5943
5946
5950
5952
5956
5957
5958
5962
5963
5964
5965
5968
5970
5971
5977
5980
5981
5986
5987
5990
5993
5995
5997
5999
6001
6004
6007
6011
6016
6022
6023
6026
6029
6031
6032
6033
6034
6036
6037
6039
6041
6043
6044
6046
6047
6050
6057
6068
6071
6077
6079
6085
6089
6097
6101
6104
6105
6107
6109
6115
6120
6125
6127
6129
6130
6132
6133
6136
6137
6138
6143
6144
6146
6147
6149
6151
6156
6157
6158
6164
6173
6176
6179
6184
6188
6198
6203
6208
6209
6210
6216
6220
6221
6224
6226
6227
6228
6234
6236
6238
6241
6244
6245
6247
6248
6249
6254
6257
6258
6259
6261
6263
6265
6266
6270
6272
6273
6276
6282
6288
6289
6295
6299
6300
6304
6305
6308
6311
6313
6319
6329
6341
6343
6350
6355
6357
6358
6382
6384
6385
6386
6390
6391
6393
6394
6396
6397
6399
6400
6404
6405
6406
6409
6410
6412
6422
6426
6427
6429
6430
6431
6436
6437
6441
6442
6444
6446
6449
6452
6455
6463
6465
6468
6470
6480
6485
6486
6494
6495
6496
6498
6500
6501
6502
6503
6507
6516
6518
6535
6537
6539
6540
6542
6543
6551
6554
6555
6559
6565
6566
6567
6568
6573
6574
6576
6579
6582
6592
6598
6602
6604
6605
6619
6621
6623
6624
6630
6635
6637
6638
6640
6641
6643
6650
6653
6655
6658
6661
6662
6663
6665
6667
6670
6678
6679
6683
6694
6695
6696
6698
6701
6708
6710
6711
6717
6720
6721
6735
6736
6739
6740
6754
6756
6760
6762
6764
6771
6772
6775
6779
6787
6789
6791
6792
6794
6796
6805
6806
6812
6813
6823
6824
6825
6833
6836
6839
6843
6844
6848
6851
6853
6854
6859
6862
6864
6867
6869
6870
6873
6875
6876
6878
6880
6881
6882
6883
6891
6893
6902
6905
6907
6914
6915
6921
6927
6933
6935
6942
6949
6950
6953
6954
6955
6960
6963
6971
6972
6976
6978
6979
6982
6983
6994
6998
7000
7004
7005
7012
7013
7017
7018
7032
7033
7035
7037
7038
7039
7045
7046
7056
7057
7058
7067
7074
7075
7077
7078
7079
7083
7089
7090
7091
7093
7105
7108
7112
7114
7115
7117
7118
7119
7120
7128
7129
7134
7145
7155
7157
7159
7161
7163
7171
7174
7175
7177
7181
7183
7184
7185
7186
7190
7191
7192
7195
7197
7198
7199
7202
7203
7211
7217
7221
7223
7229
7231
7232
7233
7237
7240
7246
7249
7265
7266
7267
7269
7272
7274
7275
7277
7280
7282
7285
7287
7290
7291
7292
7295
7297
7298
7299
7301
7303
7304
7315
7316
7322
7325
7326
7334
7338
7363
7364
7366
7383
7385
7386
7390
7393
7396
7398
7399
7401
7407
7408
7409
7425
7431
7434
7436
7445
7446
7458
7462
7474
7480
7481
7483
7484
7487
7490
7492
7493
7494
7495
7497
7499
7500
7502
7507
7520
7525
7529
7532
7533
7536
7538
7539
7543
7545
7551
7557
7559
7562
7567
7569
7571
7573
7581
7583
7592
7594
7597
7602
7607
7609
7613
