87
122
168
176
210
383
437
673
866
911
1000
1167
1497
1562
1601
1830
1887
1936
1940
2101
2156
2235
2443
2469
2638
2757
2851
2859
3162
3256
3396
3506
3517
3555
3768
3790
3877
3885
4113
4193
4240
4279
4287
4313
4332
4413
4481
4486
4596
4673
4705
4761
4816
4915
5004
5137
5356
5853
6034
6254
6488
6823
6871
7197
7297
7304
7506
7640
7672
7695
7768
7967
8068
8123
8135
8276
8441
8552
8602
8606
8699
8825
9035
9041
9168
9200
9278
9566
9592
10163
10188
10200
10366
10387
10458
10712
10891
11260
11275
11366
