1
2
4
5
6
7
8
9
10
12
13
16
18
20
21
25
27
28
29
30
31
32
36
38
41
42
43
46
47
49
50
51
52
57
58
60
61
62
64
66
67
68
69
70
71
72
73
75
76
78
80
81
82
85
86
87
88
89
90
93
95
96
97
100
102
105
106
107
112
114
115
117
118
119
120
123
124
127
128
129
131
133
134
135
137
138
139
140
141
143
144
145
147
148
149
150
151
154
156
158
159
160
161
162
165
166
167
169
171
173
174
175
177
179
181
182
184
185
186
188
190
191
193
197
198
199
201
202
203
205
207
208
210
211
212
213
216
217
218
220
221
222
223
224
226
227
228
229
230
231
232
233
235
237
238
239
240
244
247
249
250
251
252
253
254
256
259
260
261
264
267
270
274
275
276
277
278
279
280
281
282
284
287
290
291
294
295
296
299
300
301
302
303
304
305
308
310
311
312
313
314
316
319
323
324
325
326
327
329
331
333
341
343
344
345
346
347
349
350
351
352
353
356
358
360
363
364
366
367
368
370
371
372
375
379
381
382
383
384
386
387
388
390
391
394
395
397
398
399
401
404
406
409
410
412
415
416
417
419
420
424
425
426
427
430
431
433
434
436
438
439
440
441
444
447
448
449
450
452
453
454
455
456
457
458
460
461
463
464
467
468
469
470
471
473
474
475
477
478
479
481
483
491
492
493
494
497
498
499
500
501
503
504
505
506
509
511
512
513
514
515
516
517
518
519
520
522
524
525
526
528
532
533
534
535
536
538
541
543
544
546
547
548
550
553
554
556
557
559
560
561
562
563
564
565
567
568
570
574
577
578
580
582
583
586
587
588
590
591
593
595
596
598
601
602
603
605
606
609
611
612
613
615
616
617
619
623
624
625
626
627
628
633
635
636
638
640
642
643
644
645
647
649
651
652
653
654
655
656
658
661
667
668
669
670
673
675
676
677
680
683
684
686
687
690
694
695
696
698
702
703
704
708
709
712
713
714
715
716
717
718
719
720
723
724
726
727
728
729
730
731
732
733
734
735
739
740
746
748
750
753
755
757
758
760
762
765
766
768
769
770
771
772
773
774
775
776
777
778
779
781
783
784
786
787
788
789
791
792
793
794
795
800
801
802
804
806
807
808
811
813
816
817
818
821
822
823
827
828
829
832
834
836
837
839
840
841
842
843
844
845
849
850
852
854
855
856
857
859
860
861
862
864
866
868
869
871
872
873
874
875
876
877
878
879
884
885
886
887
888
890
891
892
893
894
895
896
899
901
904
905
906
908
909
910
911
912
914
915
916
917
921
922
923
924
925
926
927
929
930
931
933
935
936
937
942
944
945
948
950
951
952
953
954
959
960
961
962
963
964
965
967
970
971
972
973
974
976
978
982
985
987
988
989
990
991
992
993
994
996
998
1000
1003
1004
1006
1008
1009
1011
1012
1014
1015
1016
1017
1020
1021
1023
1024
1025
1029
1030
1033
1034
1035
1036
1039
1042
1044
1046
1047
1049
1050
1052
1053
1054
1055
1056
1057
1058
1059
1061
1062
1063
1064
1066
1068
1071
1072
1073
1075
1076
1078
1079
1080
1082
1083
1084
1085
1086
1087
1088
1092
1093
1094
1096
1097
1099
1100
1101
1106
1107
1108
1109
1113
1117
1118
1123
1125
1127
1128
1130
1133
1134
1137
1142
1143
1146
1147
1148
1150
1153
1154
1156
1158
1161
1164
1165
1166
1168
1169
1171
1172
1173
1174
1177
1178
1180
1182
1183
1185
1187
1188
1192
1195
1196
1199
1202
1205
1208
1210
1211
1214
1215
1217
1218
1219
1220
1224
1228
1229
1230
1231
1232
1235
1239
1242
1243
1244
1245
1246
1249
1251
1253
1254
1255
1256
1258
1260
1261
1263
1264
1265
1266
1267
1268
1270
1271
1273
1274
1275
1276
1277
1278
1279
1280
1285
1286
1289
1290
1292
1293
1294
1297
1299
1301
1303
1304
1305
1306
1308
1309
1310
1312
1313
1314
1317
1318
1319
1320
1322
1323
1327
1329
1330
1332
1335
1336
1337
1338
1339
1341
1342
1344
1345
1346
1347
1348
1350
1351
1352
1353
1354
1358
1360
1362
1364
1367
1368
1370
1371
1375
1376
1378
1379
1380
1382
1384
1386
1387
1388
1389
1390
1391
1392
1393
1396
1397
1398
1399
1401
1402
1403
1404
1405
1406
1407
1409
1410
1411
1412
1416
1418
1419
1421
1422
1423
1424
1425
1432
1433
1435
1436
1437
1440
1443
1447
1448
1449
1453
1455
1456
1457
1458
1461
1462
1465
1466
1469
1471
1473
1474
1476
1479
1481
1482
1485
1486
1487
1490
1491
1495
1497
1498
1500
1503
1504
1505
1506
1510
1512
1515
1516
1517
1518
1519
1521
1523
1524
1526
1527
1528
1530
1533
1535
1536
1541
1542
1545
1547
1548
1549
1550
1551
1552
1553
1554
1558
1560
1564
1565
1567
1568
1570
1571
1572
1573
1574
1575
1578
1580
1581
1582
1584
1585
1586
1587
1591
1593
1595
1597
1598
1599
1600
1602
1603
1604
1606
1609
1611
1612
1613
1617
1620
1621
1622
1623
1625
1626
1627
1631
1634
1635
1637
1638
1641
1642
1645
1646
1647
1650
1651
1653
1654
1655
1656
1657
1658
1661
1665
1666
1667
1668
1669
1671
1673
1674
1675
1679
1681
1682
1683
1687
1689
1690
1691
1694
1697
1698
1699
1700
1702
1703
1705
1706
1707
1708
1709
1710
1716
1717
1718
1720
1723
1725
1727
1728
1731
1733
1734
1735
1738
1739
1741
1744
1745
1747
1750
1752
1755
1756
1758
1761
1764
1765
1767
1768
1769
1774
1775
1777
1778
1780
1781
1782
1783
1785
1786
1787
1790
1791
1792
1794
1797
1798
1804
1806
1809
1810
1811
1814
1815
1817
1820
1822
1824
1825
1829
1833
1834
1836
1838
1839
1840
1842
1843
1845
1847
1848
1850
1851
1852
1853
1854
1856
1857
1858
1859
1860
1861
1862
1863
1864
1866
1867
1868
1869
1870
1871
1872
1876
1877
1879
1880
1891
1892
1895
1897
1898
1899
1902
1903
1904
1906
1907
1910
1912
1913
1915
1918
1919
1920
1924
1925
1926
1929
1930
1936
1937
1938
1940
1941
1942
1944
1950
1953
1956
1957
1958
1960
1964
1965
1967
1969
1972
1978
1980
1981
1983
1985
1987
1989
1991
1993
1994
1995
1996
1997
1998
1999
2000
2002
2003
2004
2005
2006
2007
2008
2011
2014
2015
2017
2018
2019
2020
2021
2022
2023
2024
2025
2027
2029
2030
2031
2036
2039
2040
2042
2043
2044
2045
2046
2047
2048
2049
2050
2051
2052
2053
2055
2059
2060
2062
2063
2064
2065
2067
2068
2070
2074
2076
2077
2079
2080
2083
2084
2086
2087
2089
2090
2091
2095
2096
2097
2098
2100
2101
2105
2110
2111
2112
2114
2116
2117
2120
2121
2123
2124
2129
2130
2131
2134
2135
2136
2137
2139
2144
2147
2150
2153
2154
2155
2156
2157
2158
2163
2165
2166
2170
2171
2172
2173
2174
2176
2177
2178
2179
2180
2182
2184
2186
2187
2188
2192
2194
2195
2196
2197
2198
2199
2200
2201
2203
2204
2207
2208
2209
2211
2213
2214
2215
2216
2217
2219
2222
2224
2225
2227
2228
2229
2230
2232
2233
2236
2240
2241
2243
2244
2248
2249
2250
2251
2252
2253
2255
2256
2259
2260
2261
2264
2267
2268
2269
2271
2272
2273
2277
2285
2287
2289
2290
2292
2293
2295
2297
2298
2299
2300
2301
2302
2303
2304
2305
2307
2312
2313
2314
2316
2319
2320
2321
2322
2324
2325
2329
2330
2332
2334
2336
2337
2342
2343
2345
2346
2347
2349
2350
2352
2353
2354
2355
2356
2357
2361
2362
2364
2366
2368
2369
2371
2372
2373
2374
2377
2378
2379
2380
2382
2383
2389
2390
2391
2393
2394
2395
2396
2398
2400
2401
2402
2403
2405
2408
2409
2413
2416
2419
2420
2421
2423
2424
2425
2426
2427
2428
2430
2432
2433
2434
2435
2436
2437
2438
2439
2440
2441
2442
2444
2445
2446
2448
2450
2451
2452
2453
2454
2455
2457
2458
2459
2460
2461
2463
2464
2465
2466
2468
2469
2471
2472
2474
2475
2476
2479
2480
2481
2482
2483
2484
2485
2487
2488
2489
2490
2491
2492
2494
2495
2497
2500
2501
2502
2504
2506
2507
2509
2512
2515
2517
2519
2521
2523
2524
2526
2531
2532
2533
2534
2535
2536
2538
2539
2540
2541
2543
2544
2546
2548
2549
2550
2552
2553
2555
2556
2557
2562
2564
2565
2567
2570
2572
2574
2575
2576
2577
2578
2579
2580
2582
2583
2584
2587
2589
2593
2595
2597
2598
2599
2601
2604
2605
2608
2611
2615
2617
2619
2620
2621
2622
2623
2624
2625
2626
2627
2630
2631
2632
2634
2635
2636
2638
2639
2642
2644
2645
2646
2648
2650
2652
2656
2658
2659
2660
2666
2668
2669
2670
2675
2679
2682
2683
2684
2685
2686
2687
2688
2690
2691
2692
2693
2694
2695
2696
2699
2700
2702
2703
2704
2707
2709
2710
2711
2712
2715
2717
2719
2720
2721
2722
2723
2727
2731
2732
2733
2735
2739
2741
2742
2744
2745
2747
2748
2750
2752
2753
2755
2756
2758
2759
2760
2761
2762
2764
2765
2768
2770
2771
2772
2773
2774
2775
2776
2778
2781
2783
2785
2788
2789
2790
2791
2793
2794
2795
2796
2797
2798
2799
2805
2806
2809
2811
2812
2813
2816
2818
2819
2820
2822
2823
2825
2826
2828
2831
2832
2833
2834
2836
2838
2841
2842
2843
2844
2846
2847
2850
2851
2852
2854
2857
2858
2859
2861
2862
2864
2865
2867
2870
2871
2872
2873
2874
2876
2877
2878
2880
2884
2886
2887
2888
2889
2892
2893
2895
2897
2898
2899
2901
2903
2904
2905
2910
2913
2920
2922
2923
2924
2926
2927
2929
2932
2933
2934
2937
2941
2947
2949
2951
2953
2954
2955
2956
2957
2962
2963
2964
2965
2967
2968
2970
2977
2978
2980
2981
2982
2984
2985
2988
2989
2991
2992
2994
2995
2996
2997
2998
2999
3000
3001
3002
3003
3004
3005
3006
3007
3008
3011
3013
3014
3015
3016
3017
3020
3022
3024
3025
3028
3030
3031
3032
3033
3035
3037
3041
3043
3048
3051
3052
3053
3054
3055
3057
3059
3061
3062
3063
3064
3068
3069
3070
3071
3072
3073
3075
3076
3077
3078
3081
3082
3086
3087
3088
3089
3090
3091
3094
3095
3098
3099
3100
3101
3103
3105
3106
3107
3108
3113
3114
3118
3119
3120
3122
3123
3124
3125
3126
3127
3128
3131
3133
3134
3135
3139
3140
3142
3145
3147
3150
3151
3152
3155
3156
3158
3160
3161
3162
3165
3167
3171
3172
3176
3183
3184
3186
3188
3189
3190
3191
3194
3195
3196
3198
3201
3202
3204
3205
3206
3207
3208
3210
3211
3214
3215
3216
3222
3224
3225
3226
3229
3230
3232
3233
3235
3237
3239
3240
3241
3247
3248
3249
3250
3251
3254
3259
3266
3267
3268
3269
3270
3271
3274
3275
3276
3277
3280
3282
3284
3285
3287
3291
3292
3293
3294
3298
3299
3301
3303
3304
3305
3307
3308
3309
3310
3311
3316
3318
3320
3321
3322
3326
3328
3329
3331
3332
3333
3337
3338
3339
3340
3342
3346
3352
3353
3354
3355
3356
3357
3359
3361
3362
3363
3364
3370
3371
3372
3373
3374
3377
3378
3379
3380
3382
3383
3384
3385
3387
3388
3389
3392
3396
3398
3404
3405
3406
3407
3410
3412
3414
3415
3419
3422
3423
3424
3425
3427
3434
3435
3436
3437
3438
3439
3440
3443
3444
3445
3450
3453
3455
3459
3460
3461
3462
3463
3464
3465
3468
3471
3474
3477
3478
3480
3481
3482
3483
3484
3487
3488
3491
3492
3493
3494
3496
3498
3499
3501
3503
3504
3505
3506
3507
3508
3511
3512
3514
3515
3518
3519
3521
3522
3523
3526
3528
3530
3531
3533
3535
3537
3541
3544
3545
3546
3547
3550
3553
3557
3559
3560
3563
3564
3565
3567
3568
3569
3573
3574
3577
3578
3579
3580
3581
3582
3583
3586
3589
3592
3594
3595
3597
3599
3601
3602
3603
3604
3605
3606
3607
3608
3609
3610
3611
3614
3618
3619
3620
3624
3626
3627
3628
3629
3630
3631
3634
3635
3636
3638
3640
3642
3644
3651
3652
3657
3658
3661
3665
3666
3667
3668
3669
3673
3674
3675
3676
3677
3679
3683
3684
3685
3686
3687
3688
3689
3690
3691
3692
3694
3695
3697
3698
3702
3704
3707
3708
3711
3712
3714
3715
3716
3717
3718
3719
3720
3721
3722
3723
3725
3726
3727
3729
3731
3732
3733
3735
3736
3737
3739
3740
3741
3745
3747
3748
3749
3751
3752
3753
3754
3755
3758
3759
3760
3761
3762
3763
3764
3765
3766
3768
3769
3770
3771
3772
3773
3775
3776
3779
3781
3782
3784
3785
3786
3787
3789
3790
3793
3796
3797
3798
3799
3800
3802
3803
3804
3805
3806
