0
2
6
25
30
57
74
133
149
162
173
181
313
325
329
331
383
397
415
441
452
458
500
508
519
524
526
545
577
581
625
633
646
678
711
715
738
762
777
781
793
823
827
842
884
886
892
907
908
922
930
968
972
974
1013
1023
1024
1057
1059
1061
1099
1108
1133
1138
1150
1156
1183
1214
1224
1249
1253
1270
1271
1356
1362
1390
1392
1457
1474
1477
1482
1500
1518
1550
1560
1595
1598
1611
1622
1645
1676
1716
1725
1729
1760
1768
1857
1864
1879
1891
1895
1913
1919
1922
1936
1938
1953
1999
2004
2005
2022
2032
2077
2116
2145
2199
2209
2212
2216
2232
2241
2254
2268
2288
2290
2308
2333
2368
2381
2391
2394
2413
2417
2451
2495
2502
2531
2543
2571
2624
2640
2642
2673
2694
2702
2707
2743
2759
2791
2833
2858
2871
2882
2905
2932
2955
3015
3032
3071
3105
3122
3165
3169
3172
3175
3176
3191
3210
3226
3239
3268
3271
3302
3317
3383
3390
3491
3492
3504
3505
3508
3514
3555
3557
3586
3601
3627
3642
3651
3658
3668
3676
3681
3695
3731
3766
3787
3788
3794
3804
