8330
3344
3779
128
131
613
858
6698
695
382
1784
3266
646
562
2247
124
599
3533
60
3978
417
2067
196
1520
639
230
1370
563
1987
3696
5231
100
1312
8238
307
363
2602
2017
23
192
2703
545
247
6638
474
2123
396
266
2518
5936
1159
1521
3770
27
44
1912
6250
911
412
634
690
4266
515
140
1690
606
2061
2625
156
2840
866
1171
6583
2505
151
6573
7145
1888
1449
41
724
525
359
145
6252
56
122
3094
3098
5020
105
239
1570
2747
4919
3684
1060
688
2314
8450
535
1515
11078
436
885
240
5176
66
4824
210
326
150
12
512
705
5022
