434766
391988
465570
1504048
55658
52368
292618
344431
584727
156433
20786
597467
8496
379693
1973
299483
491068
52972
608627
353631
48712
309838
391319
33700
1086691
370550
111628
283846
272280
378138
214256
63661
255911
539580
207210
198054
54837
521339
3015202
63192
35201
38816
1195370
207661
347755
57587
298102
59124
190
294445
263229
498391
551491
472728
10827
78745
287234
434530
335915
3482202
524538
19143
366729
55341
570879
366106
86992
595445
199477
1384517
699383
88269
481788
62610
310166
355313
384371
107065
22812
283239
679216
93341
317453
105388
513163
639607
52414
314118
12949
543276
77011
89854
381469
261011
395982
276623
252079
55763
440523
54350
20812
1801700
119429
35791
92524
623528
549696
303602
812396
53020
575524
512610
22303
1034443
518402
5502
52218
66906
114639
289430
16340
268595
697725
78956
901983
412434
349565
272533
22709
357899
38809
434000
549176
453608
20383
366218
279642
538782
59580
16868
53809
677039
87011
38485
55780
179654
94147
2470855
64369
472616
2042763
346687
381536
274647
599011
80387
418543
552386
66545
338603
79293
1018092
333770
215657
615871
201786
327058
288695
214821
655222
560139
21738
803746
467381
489646
145992
420485
191030
64130
62711
119338
72412
69714
443833
322243
410331
83305
489582
381147
429109
211124
61420
522430
478813
1107490
667805
373347
221837
195897
300488
38651
605711
9826
249061
1511385
137107
2943
431709
107509
294881
331014
241808
299298
368310
813328
25458
483934
411018
86894
497146
318123
350976
84336
51612
499311
83952
1016357
597242
778662
60104
293003
209384
307028
418166
312010
84437
901882
20610
298951
99352
91295
78021
503520
213694
298940
303273
21468
838322
38907
137271
18245
60048
334204
354844
38800
617058
386734
356897
658603
210670
212057
659561
353820
183601
119576
85103
63766
63664
208827
21795
17463
611092
1847796
216464
212736
391688
293765
881120
1031618
85166
393896
4007
247636
13740
393773
194016
457949
472719
60973
203655
211743
480303
538344
52439
659213
933050
72407
99056
639435
249330
213121
116410
49870
519479
17512
466057
379679
198879
266918
72064
304499
1556
362625
391365
297765
336694
637057
604301
361013
1194577
54992
284233
387414
392431
23571
322059
109289
281715
95491
1601
37911
17647
265076
726962
319843
614992
16488
208394
395653
300611
1221272
266616
7358
5447
511051
217159
270051
56299
332553
364765
563521
299852
181938
332355
387982
330024
527454
3866475
303664
484234
149867
298270
58377
54215
1036698
433997
43419
56264
293733
507891
657750
363815
27636
214296
232419
87525
376656
608618
615059
606208
309258
216186
72288
295195
509816
24140
308270
147157
1153022
310750
360240
1579
447192
8022
393311
22723
82750
386821
298562
445267
28012
62854
42490
324190
22504
409226
436727
684368
357718
300765
15889
21506
274273
265929
48338
311614
403039
457506
416612
368094
53367
95359
125991
56388
495584
32776
557127
558516
232430
358219
30307
178907
208249
34632
211693
726582
319363
52856
285625
421136
251952
501984
24664
88321
1224826
60491
981782
267151
468757
513098
288224
878309
114890
107700
214848
79473
72168
334048
660211
297758
6822
83306
121348
59646
210106
211814
274854
54583
277054
273762
277269
4120
519963
303115
564831
316691
678002
40131
2154739
231046
724753
528488
374060
10428
617200
362168
442389
75910
711802
264997
268164
540814
19319
392572
397275
25106
39091
94544
661179
16032
187988
1070402
1800326
387454
55229
22064
12021
56287
68337
474050
347875
492338
569222
548612
54449
97353
108499
77451
449913
2689
388969
34403
55887
363351
200644
344518
210428
172513
217729
332188
28509
268906
1651961
457755
448563
285962
21339
448105
231053
353683
266014
49332
571042
401424
371489
414172
350913
672163
268638
285305
92011
278886
510241
436376
360217
358653
32118
7832
78654
274269
963561
365461
43140
463080
394012
491549
200258
69536
274665
107314
9943
76481
117229
611478
35532
350018
379980
272419
13666
205351
95912
333604
52025
30935
48879
742382
417982
563808
200177
5044
19038
606860
268893
330500
64559
53029
542324
503787
52454
544557
386268
571597
16073
69821
350918
586243
154654
291554
151568
61482
433768
317709
1306751
151648
295098
1017310
22673
386560
42203
51930
326285
55716
99106
361051
886354
513215
114680
23138
93958
41030
474997
267487
542424
417914
55208
410435
342057
218691
6802
79665
22945
214181
590476
668434
193406
556957
281938
644112
21041
488556
280733
9790
50220
94188
248744
48490
57826
361915
558545
284513
549486
87063
260779
866261
75518
611430
876
604429
303147
676682
513490
202976
217674
586686
379728
70725
11516
52381
49618
59244
349386
21009
481370
19306
293766
268667
207686
377330
272349
439226
66588
207387
55282
311861
70963
318573
202140
1798208
310769
394029
53246
4383
573348
105960
1323
327732
37863
708351
469432
320934
57833
835161
297718
4488
20179
331039
75481
281448
45418
402997
283439
21038
516467
465374
6689
393849
49425
213545
778169
80320
273564
273994
351861
876739
57784
13161
497267
721271
335179
21366
85971
250684
60139
544602
615714
882961
26778
70185
372893
115080
208544
245058
77184
120385
52219
1023976
76852
212689
332329
212583
690295
51721
394067
149513
1042852
31053
149027
491837
73875
589231
418684
21612
49288
107539
274476
55344
60066
1666234
427507
319361
274668
381533
986373
1082900
62778
22071
83340
77846
1368239
1032445
336366
147258
391069
112210
1477774
22060
508884
656577
105246
800166
296907
355544
56683
389177
404654
1406116
3942
281876
52188
170500
184172
709859
9378
95893
205422
20130
35881
318932
300490
620333
33076
297561
612871
1310265
567391
2026
296581
81297
304685
21108
386185
60574
319002
597474
297581
267961
496094
85169
286271
96673
311107
100021
1089393
249127
22567
49636
16917
31197
795007
442613
15854
215750
19520
408229
200169
278899
407817
129376
439268
289436
335425
600353
714038
51493
55291
2397198
85499
152646
292137
628871
280770
393654
98804
58762
535722
144990
19719
295846
362689
56031
584200
926529
538741
201666
611107
107698
13665
408747
554356
381451
62893
409069
656750
66975
38785
680763
471136
87084
330862
31528
1051858
319695
64647
3328
1187376
324045
13172
342356
589673
81242
201525
609645
314408
222541
30512
59761
247422
315408
80464
91019
29091
22677
920179
101742
38798
52077
120480
50380
472005
573197
506810
21712
688844
623224
996905
600300
358989
656872
279676
413412
360699
205179
383807
151870
584072
343361
90313
404452
553510
1433996
527171
42356
66553
552641
496357
203147
115819
35776
269478
2111239
77466
427199
429951
101325
6400
109634
433329
655230
251094
210862
662704
285822
740545
547295
463673
403203
53107
551517
41358
450700
407093
60637
253955
32962
784295
387086
377027
175530
53459
433814
205544
38042
71697
61526
274865
353746
559266
266578
84303
297789
4203
49011
276083
49436
557698
213154
64358
425359
564635
151606
1039013
218171
286710
787654
72751
633724
57236
92506
841901
267962
16101
167299
70974
52518
457761
355455
561045
54621
293635
52974
1058253
316645
247254
204761
92252
460579
274645
441270
680418
288337
2701727
73587
1390138
26001
249053
443885
288829
616734
21962
23676
35936
589127
659211
55437
4486
594708
329258
377469
39400
416671
4468
437408
563715
637182
74113
351066
1163158
47117
214547
511009
73884
57070
356198
29107
58564
50341
38654
445001
301227
262580
609936
584141
156423
400185
653089
506759
58276
72960
305486
273372
244353
6940
286411
67622
2905
310609
929789
285066
468826
56773
1056910
9794
52432
521293
330305
465530
17375
314120
526668
19724
276438
217007
38589
33619
538817
471311
206987
521284
59842
18422
304289
536230
627250
51727
478761
211030
46635
724528
66262
200343
393917
52070
938886
617990
41537
280860
301008
290634
316788
237859
303619
400538
211488
58760
11707
475592
275844
44139
433406
370501
48554
25203
30172
155447
45413
349765
324762
22626
202530
210966
354729
627603
644664
55466
285825
59376
303662
1627294
107510
983285
50767
355855
52711
506606
290739
739717
276234
1690877
298158
103169
213779
296030
4833
261701
470295
248807
465532
482471
318228
386700
72388
450067
474278
61975
400255
378949
732919
6748
211931
83667
392153
266097
59386
58346
53035
450451
16661
62592
935506
41559
53403
1791
23132
486871
336663
413196
304663
506173
278071
338566
205613
686974
56258
308619
197669
40985
343197
232402
497482
276835
346414
355490
88000
1698
200490
208244
626100
58153
19680
278249
603798
284477
346689
79854
271613
404682
304729
293933
316663
214913
3634167
1137362
372292
307269
496265
47218
215607
49598
207606
207414
46322
81981
30166
441475
55080
289624
316741
367357
353438
1295432
36175
868862
78902
113603
487959
316664
684301
316653
578018
927891
1798233
241836
288198
83683
294015
34715
208251
429369
272646
417418
205823
260
115070
272747
273981
535130
41945
366334
209937
35
268623
57230
139605
79880
6041
65394
278257
2416060
31925
80914
2376
213705
43776
558702
454459
66485
496263
1100450
274181
322271
50669
368934
85498
319005
59414
136809
9906
21178
42169
310793
6923
57019
206265
213786
17785
361846
54761
351273
952464
368074
55231
287759
257865
334199
383013
545383
19224
53349
293153
23569
79081
73746
19878
277726
67748
345576
81066
84370
115803
397281
64196
520062
315830
287315
69673
402135
610373
54302
82622
19303
333261
34724
442962
22929
502598
618940
971757
409092
415530
323022
414447
3884177
502800
442474
68160
115259
290900
92789
37935
500904
11269
331728
62964
1344385
1369070
84367
278764
109939
472232
555883
230933
16414
336110
541093
6751
1330840
505194
202543
676346
80321
781843
555890
466003
276365
11939
463762
373031
60386
70307
321468
22142
481201
19027
247435
319900
23006
205176
793387
622374
421948
344881
38049
318985
84418
890227
13791
546885
412338
1277903
465977
269494
277913
10839
421525
292712
64541
1101559
283561
54499
32058
68327
56351
245904
612242
217264
453453
344986
407037
257121
519362
281967
135490
716780
1017203
955274
488712
67930
338225
6690
63779
74900
390923
34167
284156
658591
872020
33836
161434
347979
230877
403400
9226
1364246
208045
1013414
413098
293920
63770
336649
215924
61119
449894
202026
463765
443952
53703
357497
50536
22269
297992
319207
506491
52667
594681
210456
13664
22965
6717
343360
608814
452758
266555
523675
586510
38022
329732
213606
268124
59894
466349
105455
314151
494602
562721
47361
13858
453697
381501
39117
865086
301346
19050
31250
111874
42333
73954
45240
511018
33737
209505
555204
472614
63901
360995
296081
69813
67526
155192
77265
35942
115984
69990
304146
50190
592986
2697688
302580
55685
297640
7837
7833
40111
61754
104187
18336
1103662
49773
557519
51730
602234
319356
393352
23415
53335
471927
8871
345260
114829
3973554
62681
702741
781270
458041
2324478
53302
971848
319691
45803
355497
593047
56152
305537
55772
307590
416117
53222
106708
378763
664859
508342
77962
658575
878778
6466
41168
16052
39006
621059
88841
58112
429203
90016
167319
730936
91367
121993
84128
976339
54087
283094
123728
215188
385764
79883
88114
447344
8143
422394
75074
211290
56122
570673
7663
296509
57757
373510
388370
204747
78270
457865
553731
867088
356879
79474
704845
336109
390948
80328
70923
510927
669868
584621
563312
282808
203061
82749
35464
472508
50570
346502
274063
711523
498139
786661
666111
96377
271735
1057022
645941
203745
444420
13410
50354
405283
291011
96674
210804
21365
60391
58395
1566610
3802089
895293
21797
446344
303146
517390
17646
208245
282435
409228
280258
1401037
88571
49860
372127
705660
216056
114694
211917
4774
247663
39411
123094
296869
15527
278020
383356
488551
466464
509279
533555
325525
513103
376753
1093534
66747
39255
771213
84382
39958
738846
346520
39529
643322
7010
568689
450942
78473
254464
85173
393962
56373
61451
29836
522984
104188
283705
429534
353088
650562
13698
210617
69350
642798
1268669
164
655851
444071
424743
107515
296069
308115
207855
354436
542560
494601
538333
278149
585694
56267
162435
348260
284229
664871
11508
199779
57325
83224
280253
215370
553807
522658
281679
108294
99471
197210
97735
440402
441384
605959
40322
669927
62791
281517
400313
339121
138348
231562
265273
352841
84334
285972
179537
654162
612737
26622
305611
110893
612115
88003
416626
215046
59601
362688
34065
279399
265043
16417
58435
471246
115801
864784
306745
57237
269526
729433
314505
392446
625574
445032
276919
198802
807409
433454
114648
9706
396858
271586
292194
147516
281282
52199
206289
512173
43336
418637
38332
392556
54280
814573
319882
301322
280462
26788
286275
2828
2703
218246
2410482
331281
62790
473073
31414
350949
77232
57760
544613
893600
110057
441414
1512
61715
39256
69359
34905
276081
322346
91104
439430
306141
386900
35090
73204
2605451
937318
87506
23281
658514
414563
331031
41941
410358
65173
24217
116019
58609
54563
262231
410040
555834
20775
33988
476296
57842
370889
556558
3637253
210432
425454
211088
850454
34569
818191
61498
315528
207392
571973
217932
88791
357984
211642
426978
522126
273938
22091
25804
31071
38038
396179
269411
2451
403369
304807
418563
411014
60077
350908
105249
45701
217060
708749
435187
540477
196885
60583
92758
648056
54279
74655
470416
291683
1385867
85935
1066448
380866
212376
511595
129698
2902
287629
53429
138097
271681
178927
76657
424129
201876
484045
1244282
34317
812485
627352
381744
398611
24095
373234
549710
147568
337350
877991
451441
7698
531994
869675
507059
1620113
53726
1055863
63489
117232
206748
506992
928523
20545
102573
708643
200351
366759
149356
606271
40403
402942
454923
292649
43063
54223
442796
213107
338161
290083
213468
56027
55414
90571
489851
217950
279528
510221
382951
11774
378987
207711
290051
455828
275455
685909
54592
489569
52196
74182
415784
303473
53749
597315
34107
35953
273429
279385
346299
123951
62563
82621
766195
9783
326383
261548
6483
114655
325956
35008
399939
659393
1073360
287228
54029
662305
378662
535183
1064446
12660
203668
1798182
1008859
64919
17720
1039001
372338
276416
54266
865392
613315
48991
407706
112549
261048
659416
212850
462921
1242451
91912
538074
463284
53301
623593
311606
56117
409418
1098435
64588
9225
623189
212815
596275
848474
85025
31151
299809
46769
123698
15594
51663
295017
307351
303395
216682
305835
508223
498284
374562
319985
210446
55236
544860
501408
512128
11190
265470
62886
76348
478079
98108
45307
45458
370807
401413
1415618
367957
283839
43015
393118
213864
541148
422481
82743
648672
445859
24815
260955
63122
36223
196229
284004
1142751
601361
284587
333163
345761
268908
393519
519066
85643
17857
202257
462417
270031
597436
473527
65505
367581
41286
104655
364846
54977
98630
500845
31227
56855
25173
444421
216161
285344
57862
672835
296340
538431
412446
54438
151632
471145
275155
101640
98172
34595
25281
278755
12667
446369
48643
82387
293617
653225
246080
363559
35873
833931
56336
290088
247395
26984
423858
197894
70333
280525
357347
114928
8209
1713019
20511
522295
30200
374300
540445
61046
52814
288887
447315
208688
34672
61049
74638
42868
616033
498554
305036
54655
301109
282103
67653
300617
679708
523687
291208
63823
403538
297028
430547
54461
10326
904
37902
22193
20292
54594
290905
913645
95789
416135
727971
578613
527568
81192
501755
425322
810021
841907
353871
351061
332755
47774
4320
404113
50814
319099
270977
374394
93159
201729
388946
664951
27197
589915
214308
523481
310176
413129
862643
25691
803762
217369
261778
598730
286179
800140
553002
60630
570415
204980
71821
30138
38634
197231
461219
272140
546036
511014
379893
363633
396136
87406
90481
30375
420020
83410
282427
38459
507935
411844
312139
33315
278866
439769
76506
329889
12223
38766
61027
382671
65514
77966
34938
269886
244885
103964
563117
394006
35493
205371
2469
810658
74021
33718
518854
339400
60457
431815
20778
34288
573208
292286
4079
268222
499511
520071
569503
310470
92402
615333
279653
207758
1291
897679
287035
917926
823771
513666
341666
486369
70308
61108
56086
381508
265172
54597
312951
91867
281658
835940
97167
289325
565909
16455
668945
217930
54967
347052
674325
42205
147016
200308
2382129
294072
385939
85154
955396
178936
616105
3092
80491
346402
398227
443249
1435353
280978
61658
51568
201910
107514
271883
707495
54196
347659
926334
116031
220280
266914
217887
443929
668412
213597
328323
621305
151450
95019
393779
317278
80187
105959
211708
12469
204534
1193
272372
616060
34557
269179
266985
214273
1050688
464742
377862
275893
52166
159244
56468
284150
27427
215942
288109
94382
566652
762806
108715
33729
153675
635521
136924
151614
344439
47266
62516
27947
348243
54974
260922
977401
301973
77361
369498
300846
261625
23456
274992
393918
524524
106471
336716
81416
352915
430555
207159
87080
80219
290750
19729
416609
411672
349751
65799
108701
104355
63980
289151
452354
307835
42250
70912
799483
614385
24159
296471
337048
49932
317084
314096
50949
62660
844925
43546
534482
34292
447592
584163
23563
14688
287881
670048
302228
355407
280179
50563
19435
24855
244844
318110
61961
435784
1374972
53423
590156
302701
53389
249015
638295
22184
31991
355379
780640
447569
521813
59759
447805
370917
279832
393899
955819
40076
397527
346119
116747
443531
381791
558262
82905
557676
284980
512439
1980
330559
509084
208829
395160
858329
616006
114989
370952
486795
466618
191499
286024
214487
545353
355443
474298
20308
216290
287124
573260
10544
4153
85411
59796
53947
396248
55733
303787
270038
21584
535186
74117
114685
309840
410333
123746
41882
314513
288240
138569
6062
380488
102851
546204
730430
371529
305343
91769
48469
92932
386704
36248
238463
781464
85819
209774
210426
471997
4516
210686
81050
61132
220848
115842
409230
275415
19574
1174540
17810
311323
270047
268408
36754
524349
787433
343205
362622
80803
446366
81686
138461
61435
202965
915648
135126
499740
486323
139451
280885
886178
243103
567208
2555
440756
39359
16497
221513
507304
86999
473836
8352
250
434144
13916
573087
606437
533152
202255
314402
686073
730875
513134
783118
889526
287856
1123863
61612
62692
31408
353648
614380
471993
6394
459350
675217
22141
54570
306966
319417
275156
69369
2806
202191
34551
73752
7604
410852
29813
77088
41013
280077
76395
116198
552885
13559
380820
1091421
958174
303035
378219
59710
299375
277725
56060
382359
6951
39600
329769
300522
347857
39720
74362
34334
112219
209980
76857
382967
1275430
7342
152654
341514
30902
590941
327329
40375
114810
40548
534996
687891
38390
609668
42645
176500
629585
1138543
503552
348422
355970
402342
297239
1387240
401262
120168
667722
294643
604708
506826
509041
403542
337920
406955
609375
268850
63037
17317
289544
689242
328017
242031
461272
91681
19134
346401
330247
408789
621857
53245
217157
358517
45573
523916
216462
269180
41995
55310
593373
443394
269839
29234
40127
120423
324389
330516
20137
537605
418458
318147
354064
432318
1077737
70361
709941
549916
217518
1009921
958196
409435
849292
496458
62777
40011
287447
62403
310743
114926
318562
358435
292570
146224
69510
493185
33971
574556
290239
860778
328617
216436
883838
102786
1395443
340055
113739
381067
230928
67631
512251
396139
954919
726214
429523
412445
514579
34440
931571
26567
146657
580631
6775
394005
1094259
35865
15804
33955
287962
280069
80012
8365
20064
184904
372912
76179
687584
306958
611770
292263
471715
202220
53287
293134
38936
265140
1230839
362016
381970
975600
25
275519
213760
7189
465671
305110
79831
553940
20344
115874
201490
123690
254926
897105
274624
292346
86382
34563
38864
207356
41028
107647
273044
215540
74079
607057
182367
840675
101320
22922
3122996
213253
335130
77027
1613835
7778
872606
319984
81659
4334
393558
393822
850385
151697
599711
583522
319456
434562
698615
328095
505626
356651
491629
916003
371781
53251
102086
379897
1912358
132999
37188
98042
521347
21623
61532
212397
67889
266585
11722
284825
952548
612414
11173
27147
42671
85158
176352
19657
321715
523641
331291
213139
24167
30837
18607
276296
208389
213539
200533
639612
216002
838074
5288
6722
277498
13677
218222
869271
50600
363269
2926
468146
4770
114645
292477
305629
226437
861693
545109
597496
353139
486060
400210
70861
74424
1278
545102
379754
17611
443647
201785
872206
90796
308698
611327
4129
672662
293051
595714
275842
13691
56363
394003
10581
1148010
600559
544966
276560
57446
457501
336991
291678
556688
335177
247639
397586
265429
814400
66355
11476
87475
294877
57629
326492
46621
3820025
62140
52464
305105
326309
964994
255066
40980
261745
1075089
269599
280301
299187
270627
83267
366085
406484
107540
23995
269551
417040
431173
450115
26215
55443
213076
52982
40873
10045
40527
1797038
353972
20981
77765
54751
9572
65492
216005
279367
604050
421528
369898
56304
486347
55666
445641
308154
1326495
76828
38248
418262
46299
569768
438027
51646
268407
382257
30866
58562
285049
290776
1110456
1968
394088
83241
1142458
335058
52162
490796
22604
71259
77919
66520
480007
585378
396275
304364
34571
518654
202297
661450
393778
429205
92412
416624
204991
454688
452137
206291
91849
206867
209386
954340
348259
76496
107655
412070
369519
142031
344147
560936
338553
370441
59312
71317
27987
1059794
69511
314569
47863
56109
558263
83680
22065
86125
301959
96215
283709
269172
107057
6309
106171
9953
215246
72670
20979
369660
65392
6869
200032
38988
706372
459620
380946
350805
1006875
927268
54524
490953
211495
75577
570973
199726
800247
465902
19675
273436
151618
60253
277218
319564
551127
52250
607070
806444
1267136
49220
428779
458992
33741
269233
104230
67576
1337745
114982
1557
446367
363768
210421
349234
664874
378291
587430
594323
640394
294634
608685
771409
54637
983846
196781
270067
414663
301845
70506
411377
64288
87473
281708
354677
362087
88534
1077625
92103
522783
412642
54300
34271
215203
7643
792924
370198
16386
59283
273766
553539
388648
458406
37469
1919989
1025531
433345
629769
44004
346444
58327
1235627
567075
217650
488500
56012
835533
2157208
86124
370129
372578
110641
43413
853380
335908
453118
299111
586488
279641
61047
608510
43432
64192
1269
856114
387041
97658
420392
498100
276675
203072
284126
361960
57753
411659
3483
392402
107553
127353
57158
56769
933262
355317
560313
300523
339997
20849
837212
506973
309894
3777
99045
465369
640446
35659
30566
1540
52791
348009
10284
200535
476209
488324
500443
24124
312004
506603
218695
4252
340063
425182
43433
355721
544146
268821
26891
462128
45574
272540
160131
42332
2907716
59132
17796
63092
280940
64840
42059
91776
453756
265450
3798913
435897
52486
2246
295918
398140
206722
49213
437223
451660
1186930
781765
8103
726923
29450
87856
19124
426324
362760
370169
358815
52093
213763
35875
40070
78444
103115
213105
156560
37086
284746
438703
66977
97144
73621
81661
311612
298968
118966
39885
34871
309300
645375
267980
1217322
519509
445730
198428
316141
46775
888649
619277
362753
958260
287624
65116
104906
371721
99237
390815
293398
60202
61415
76748
298898
994079
854848
34609
655355
347108
174537
63019
821408
335265
231031
67592
6813
275359
11515
208104
65896
385552
280364
78092
547413
609145
1028
232384
269644
442353
543848
24127
77981
66231
364518
77990
213011
61913
316244
860769
151780
54820
76167
412988
38968
86864
14772
75648
427309
14193
436943
337359
292015
301687
320722
667135
214339
57155
1711870
69962
153271
599012
675553
77235
216710
39511
269458
43494
415
414047
652254
7211
154287
54532
34655
76790
276079
362017
1462112
420928
281293
289316
10241
602060
56711
510210
110329
77287
70176
604995
374136
587822
339152
319279
508341
13856
55830
32315
43919
589496
84364
279521
411846
503443
73562
450026
321103
55081
2004684
198774
281434
392467
577534
274658
732536
94970
94445
202797
51596
560940
312082
4458
73706
40552
294917
440742
86750
382200
38454
873136
346183
30326
285248
214228
293807
362176
3389
410227
54769
7334
457876
345435
52455
10432
39251
435893
19139
206272
269653
389914
81224
128844
287789
523922
54326
57478
35296
616031
320726
184674
492065
41327
106444
469915
443224
207403
38987
16857
480673
271534
52212
281460
214752
19534
91993
462838
304570
60565
107574
251086
37915
336133
617357
201166
31904
67466
48624
114657
644575
564029
655238
135522
544327
267835
347780
54046
87476
335947
436140
280200
151597
90
502090
375085
26189
297148
151643
20791
67492
404269
440995
302490
117734
55479
1489257
165799
19525
677875
19013
32009
68494
657867
21491
374141
557544
290647
43328
97793
270036
401601
270696
507189
77927
782905
55211
474306
932080
450104
561468
123337
35863
319354
84327
443642
286746
263391
366170
807446
38089
93934
291484
1035824
370094
442569
266466
360478
449877
27898
380645
394089
321631
56017
57873
370382
319496
181375
472806
51921
260926
1280761
1063236
571941
26191
676216
115899
308583
65712
335462
361115
350899
87190
88536
292430
364082
48348
115574
708073
39825
19297
280688
52321
601010
805831
102615
368969
439990
350494
59298
1983
79896
297687
367549
656901
350814
459265
3701502
3878621
301822
3893
440522
377131
357768
430983
507946
181488
211472
72666
7306
23581
69022
425338
59093
22175
900236
218684
34321
27140
290436
329743
484084
116105
706132
5664
76458
123703
214052
289122
208097
996082
385255
479071
954295
538307
461468
16157
94257
486045
439992
63003
510064
354822
1017289
50842
17595
268916
596978
1051879
2937
120782
274835
616034
13387
596399
692994
458554
353760
35455
147671
48204
1994
299392
84471
376756
272293
281696
43278
1645464
43834
88638
543712
9543
9922
1798231
588998
419326
38853
488729
473452
577010
599966
393585
309815
785050
282030
818959
20118
211796
510613
317189
40874
102170
208594
2515139
316641
21820
377130
341525
265841
415448
681528
438068
30496
54026
34671
17439
333771
357979
196231
403917
208576
457846
299509
403373
308133
348437
289211
1754834
494137
26393
342790
31630
9773
442076
596971
616073
350894
293603
1267870
311843
200924
89195
9592
267303
334240
115802
19321
10654
328446
51681
165961
125560
23487
207165
648900
86998
8707
607029
207420
522703
115045
484897
101711
250328
83201
393586
211741
459345
633137
280118
74183
585197
12831
3973498
280344
525779
284498
64854
10002
397231
941764
376233
271675
685082
1078634
51626
486030
54483
46859
321706
230
55767
54208
213993
53801
39361
896931
57997
407363
50348
79842
304148
37674
352313
217899
290077
744623
615008
16475
1038763
