2245
310
37057
2782
2673
27801
1118
77327
1041
1271
402216
254926
662159
2134
8000
3009
657449
4986
21
362
646289
11809
7827
20024
2507
71075
702853
44005
15143
104540
77607
645916
1845
3306
27814
23462
105477
71
1243
742
1819
1181
401876
807
75543
44012
71153
3231
2548
3695
102903
104196
4303
1210
1011428
2316
4735
646367
1182
684219
469
38282
810
710
8386
20256
110104
649853
7784
2844
4781
729
1259
22033
60362
8834
660639
2286
5693
805
1185
94026
516
86430
20363
167
645693
802
1001507
717
642838
4049
8791
649283
47763
636736
1958
646255
622419
108601
2710
106354
406
661664
38337
6440
697830
642501
956
4935
1012
454
1018
939
3
93930
37334
6331
1024
687
4958
825
36712
2423
21170
1311
831
63055
1112
77
660238
862
638610
660328
616
26084
664092
23840
33741
106143
18858
4082
37314
4235
847
951
3099
5273
3803
905
644577
6429
33
15152
2686
1499
657357
20921
700
1179
4889
95611
105014
21065
94297
2525
403
13024
889
103
6510
2422
2661
2378
881
221169
37339
2363
131027
116989
8874
1703
3101
20933
104133
6462
69931
37063
1985
800
8879
1239
27836
8745
60085
513
2759
642549
5995
643162
3155
1036
29149
2282
8423
722
136261
91958
78730
13567
77295
529
21408
109988
91961
184333
2822
108611
680246
3491
3848
114445
1368
647829
106990
3899
642613
4696
71119
21159
57889
27976
93539
2810
279476
642509
21472
122395
20234
16172
673641
20011
515983
6269
115240
542
10419
642490
642782
3446
1450
695405
104131
31842
21017
36072
2732
33541
11879
179149
2344
383
