310
2782
2673
27801
77327
657449
21
362
20024
71075
44005
645916
1845
27814
105477
807
75543
44012
2548
1210
1011428
2316
1182
20256
110104
2844
805
94026
516
20363
645693
802
1001507
649283
47763
646255
108601
106354
661664
38337
4935
939
3
93930
71153
1024
687
825
21170
831
63055
77
660238
638610
646289
660328
616
26084
23840
18858
3099
2686
20921
401876
94297
2525
403
13024
889
103
3231
6510
2422
2661
1703
1239
27836
8745
60085
5995
1036
2282
722
13567
4986
3491
114445
1368
647829
2286
4696
93539
642509
21472
20011
115240
642490
104540
1450
31842
33541
11879
684219
383
644577
2759
