186778
2245
131024
310
1499
37057
2782
2673
104133
27801
25524
1118
100173
4141
77327
1041
46
1271
3899
402216
86340
221169
254926
662159
2134
8000
3009
5800
657449
1187
648375
77217
4986
2559
21
362
1073128
77295
646289
195547
11809
7827
109988
20024
6404
1592
2507
947
71075
702853
44005
1064
2775
15143
2244
104540
77607
645916
1845
3959
3306
27814
17845
20483
23462
105477
14702
678165
1168
6518
71
702943
645596
642464
1243
742
5129
117224
1819
1181
833
5048
401876
807
75543
44012
3739
71153
3231
649232
3405
2548
673641
36072
104533
21080
3695
102903
14250
20087
689971
8591
104196
4303
927
1210
1011428
32877
33623
2316
4735
8548
646367
1182
684219
38409
469
38282
4814
248
57936
802056
5205
1160
800
810
1044927
710
8386
20256
110104
649853
7784
222724
18674
680246
2844
75044
4781
729
1910
8256
665214
20507
105014
1259
1025810
22033
60362
8834
5203
660639
2286
107600
865
5693
4305
78730
805
10598
1023
1185
2378
94026
3511
643162
311
29504
510
7621
516
86430
20363
758404
167
645693
802
1001507
717
642838
62903
92262
4049
4570
8791
649283
47763
636736
1958
646255
622419
87959
108601
2710
106354
68027
21112
47794
9883
406
661664
676883
71119
5455
38337
3403
111467
6440
697830
642501
956
10419
4935
1012
1009453
454
1018
38428
1294
939
3
93930
37334
6331
1024
107902
687
4958
20902
9734
660553
1587
825
36712
2423
61543
660216
1041808
4843
8879
21170
1311
9304
5860
831
104697
64787
396761
63055
95895
6395
104127
11813
1112
77
660238
862
638610
4293
660328
616
8682
18763
21660
26084
719
664092
23840
33741
5423
63585
679657
106143
18858
907
1246
4082
37314
104539
30951
75020
4235
777229
847
951
3099
5273
32
3803
905
644577
122395
77110
6429
355471
33
15152
2686
1411
33783
