20520
70405
4879
84948
1138
1886
419356
7205
11904
107902
643279
192967
3515
33783
24403
7712
30948
1148
728
33694
27308
22669
18819
42274
40058
181013
91298
5462
90863
328
32110
20988
1883
20679
108617
3061
636736
20159
758957
69794
646687
20262
2485
221749
101770
27849
20220
30395
702943
19951
656050
1203
152586
63507
645686
928
20518
1522
19995
279498
6418
26216
3162
680246
92122
71240
21231
2242
11823
3491
3848
18880
379920
8677
23869
4908
35812
59878
10284
649608
22457
63668
101619
82327
112197
694399
1224
5889
59968
60392
8809
660328
396184
20202
208123
593582
18008
4891
38343
21180
1779
125371
21127
29954
20717
82454
445263
14
2126
91777
173183
57911
14638
1063987
22705
83213
844
312340
1530
3066
9395
58419
4303
160788
72469
73244
20055
2306
2898
59611
118729
33717
2782
43019
1068955
51
199208
3974
280986
231819
9142
287959
1661
78263
18462
5702
74689
18117
94531
645727
402817
218232
13703
7887
94958
829
78241
657619
649240
4951
758404
643591
38379
6018
23976
268
672652
658706
107273
22027
63543
17258
23933
162138
16129
643560
143923
33605
676602
1034251
20487
1014555
4744
101677
26856
714496
1495
5091
5480
22778
4323
684316
713825
592
3683
11191
78411
71071
5004
234675
1793
106110
15242
289368
20809
28936
82009
21891
30788
9358
3112
6448
4312
3478
71164
73141
1232
642838
185311
37956
69816
1631
108830
9161
230052
3921
96926
136261
20618
23866
1364
60528
20375
1210
11839
87093
2708
665309
19572
107900
3638
44521
143597
1086053
104582
20596
78514
3459
23129
692623
2172
160697
20166
20977
5446
280252
37275
2847
18047
158582
3034
4122
20185
850
20586
211400
6460
5788
12579
77333
91767
30809
874
2855
12472
20125
23676
37242
9145
107684
3533
177282
175804
92972
8490
51827
100419
118537
31274
4925
77342
1271
122900
152094
4117
103913
20781
20201
30212
4921
96560
795
2254
355471
20484
122688
5701
62127
71224
649853
104365
52260
65403
5108
18302
4443
9258
6381
33632
77327
20713
6385
403
919
4309
8934
6754
58778
104031
186759
94140
8969
479
4942
4028
20754
5594
6379
17435
2693
21408
103001
20041
5472
644775
20595
69821
1958
649283
6139
72549
63353
10242
480825
106354
660639
111330
5139
20192
21207
123828
4904
25256
5148
17714
1836
4834
1967
57870
104132
20446
71212
7389
43724
75020
662189
18938
78450
637262
3779
1040337
64117
30288
60611
78577
3046
67583
77670
102903
656716
77340
7880
640820
636156
30209
567317
4892
9954
660227
21341
616
660492
455314
20195
15745
643146
20104
197779
23429
20165
822
4409
222864
1837
115673
186741
100760
75063
83930
62192
212536
13737
104320
8856
21604
104029
4653
307599
69875
38463
20542
142239
62760
96709
64754
104167
17422
8548
20803
96
460539
50317
16050
679090
242614
39332
20342
127492
84514
5425
6812
314220
20289
177213
20024
5549
96268
72524
888
8433
232018
104532
2315
10605
59838
36646
11934
167980
90221
4501
44004
60362
472211
649255
92834
20870
278207
88732
644100
662129
63743
657964
79412
9389
135632
1016
384
18571
177794
25127
17283
21452
77748
4955
639677
643474
2234
20924
1667
2519
91942
69791
866
5837
20511
231362
66217
7915
22362
227687
20610
122704
1089811
646129
37396
11894
480
104299
31965
154
28179
20551
16099
242540
1587
33541
23654
7719
226129
82341
1023
9206
686421
883
649250
646289
29662
713699
78624
122093
454
1107723
5698
5024
20132
28223
104201
6594
50487
16694
57893
68307
192249
1815
1308
733484
155525
110677
8730
182421
21153
21109
2497
4482
3811
20672
79166
3403
62927
107014
108516
638614
20065
38260
112147
1066251
4964
24395
68028
95314
18914
96904
49955
11988
91172
77
646478
82469
93559
6130
9051
1244
102787
78042
419378
4773
68043
68030
20249
732340
21559
29567
10418
3882
85694
20335
781521
87290
20112
2625
33772
37130
1890
85529
24061
13449
956
649234
86182
203
104293
681378
21430
96553
2636
95097
42257
2569
38282
194
1118
63585
96717
89597
147826
91921
21549
84019
61464
1014
20513
1079206
44005
20141
37243
21249
88660
9840
660678
3193
110194
78649
28919
3543
1036
30192
18172
25166
20107
646711
65857
4696
192010
175625
9573
3335
8319
640399
76700
93659
112546
37363
106984
2085
51825
21294
6094
191444
15143
27203
175710
662160
1218
167799
1910
451
16389
287958
649215
78641
3179
7877
133185
26391
104407
635705
77294
87930
162223
78003
20266
2385
60309
21182
26574
108459
21351
114385
37290
20912
642851
657377
133389
171367
706630
21016
12676
104698
4729
22641
641506
6536
106932
642664
86406
11955
7890
60900
10283
7885
91961
126608
67860
70107
17301
92999
92669
63544
699491
18481
367127
20782
2719
22748
77110
660570
649536
101933
1112
643033
21050
4728
1163
88604
71
3477
542
93965
12987
2473
60431
94614
38347
18972
18465
150036
4852
33626
886
20209
75044
125688
92615
1556
81944
907982
71067
162625
129583
52180
12442
38340
6289
643569
105429
197040
75069
94184
65959
6048
3194
6508
71178
17293
330
865
2316
43734
1246
106988
