seen,user_index,seed_size
2,683352,1
6,249069,2
11,657449,3
16,20071,4
21,1239,5
26,5205,6
47,6400,7
52,3424,8
58,26084,9
59,102903,10
64,642782,11
75,3491,12
80,729,13
81,469,14
85,21159,15
92,62903,16
98,24732,17
102,179149,18
103,662634,19
104,4185,20
105,1071,21
107,71885,22
112,30395,23
118,883,24
120,1587,25
123,29772,26
132,38384,27
137,928,28
142,69931,29
143,1210,30
144,693282,31
147,362,32
150,89639,33
153,662158,34
157,2774,35
160,18938,36
169,9954,37
170,1039106,38
172,645916,39
176,66332,40
182,646628,41
184,8256,42
194,21306,43
200,4480,44
202,268336,45
203,3008,46
206,91958,47
209,47794,48
215,1036,49
217,210612,50
225,126853,51
231,1190,52
235,122800,53
237,18858,54
239,20234,55
243,112773,56
248,516,57
252,281844,58
253,8856,59
259,143923,60
265,2834,61
270,672567,62
281,2973,63
295,62726,64
299,3433,65
301,20754,66
306,24977,67
307,13024,68
310,2234,69
313,173055,70
315,21289,71
316,14702,72
321,96241,73
327,20795,74
328,25845,75
329,77260,76
330,4050,77
352,1013584,78
354,82325,79
382,4333,80
387,665749,81
388,2759,82
389,694932,83
398,126137,84
399,3162,85
400,2720,86
409,3523,87
416,889,88
418,275,89
420,160789,90
424,35660,91
426,403,92
431,280435,93
434,20586,94
441,661610,95
447,833,96
450,20081,97
459,30851,98
460,5826,99
462,657377,100
463,684215,101
476,55023,102
479,648298,103
483,108623,104
487,5135,105
496,574709,106
509,658459,107
525,2708,108
534,19462,109
535,866,110
536,94059,111
542,1489,112
551,751972,113
553,2711,114
558,11356,115
563,105,116
564,884,117
570,106354,118
571,23129,119
577,642861,120
580,3673,121
583,643719,122
585,27976,123
592,1259,124
597,2559,125
599,642550,126
602,2344,127
612,155431,128
613,18613,129
619,230052,130
621,60312,131
636,722,132
637,3899,133
638,31080,134
648,106976,135
649,38585,136
650,202747,137
652,3101,138
655,801,139
661,115240,140
668,685071,141
670,4541,142
671,18172,143
672,5872,144
674,678999,145
678,88559,146
681,2525,147
685,642490,148
701,8879,149
704,9239,150
706,3916,151
717,515983,152
719,805,153
720,642,154
725,742,155
726,37255,156
730,646255,157
732,650456,158
733,27543,159
737,12892,160
742,6210,161
745,567635,162
747,1845,163
751,2608,164
752,122825,165
754,15143,166
767,97346,167
771,37300,168
782,196,169
783,4,170
787,37027,171
793,37063,172
796,1009453,173
798,69794,174
800,21080,175
802,4821,176
804,3219,177
813,2810,178
816,357530,179
825,657357,180
835,254926,181
837,3371,182
838,75543,183
841,36072,184
852,71084,185
862,132538,186
866,20278,187
868,807,188
883,26352,189
887,649243,190
899,62875,191
902,18105,192
903,663582,193
916,185311,194
918,156906,195
919,110104,196
924,20024,197
939,96926,198
943,1013167,199
945,20964,200
946,78636,201
950,2844,202
951,2282,203
953,9734,204
956,4844,205
959,215078,206
963,27203,207
964,479,208
981,16013,209
984,108601,210
988,79719,211
990,131027,212
1000,108617,213
1002,20363,214
1009,137363,215
1011,1034426,216
1019,21,217
1023,94026,218
1025,7200,219
1027,6375,220
1035,692623,221
1041,758404,222
1049,11303,223
1052,20011,224
1053,3477,225
1056,1226,226
1058,3665,227
1059,72639,228
1062,77110,229
1064,950752,230
1071,3138,231
1074,672244,232
1077,2962,233
1082,154085,234
1083,881,235
1110,110697,236
1113,18763,237
1114,518634,238
1116,72399,239
1126,521930,240
1136,104540,241
1150,1244,242
1151,4892,243
1158,38374,244
1174,75799,245
1180,9849,246
1185,24420,247
1190,642536,248
1198,102936,249
1206,20813,250
1213,17270,251
1221,907,252
1238,2423,253
1239,107678,254
1241,4562,255
1255,69888,256
1263,4921,257
1266,9286,258
1268,4049,259
1271,1011428,260
1274,3446,261
1281,1011763,262
1292,9405,263
1294,20836,264
1307,47763,265
1315,27004,266
1319,687,267
1322,166594,268
1323,280986,269
1324,1886,270
1332,20067,271
1337,642667,272
1345,2846,273
1351,27803,274
1352,11866,275
1361,2686,276
1366,850,277
1367,30363,278
1368,4435,279
1380,660234,280
1396,96750,281
1399,642877,282
1400,6518,283
1409,22224,284
1411,18792,285
1412,1168,286
1413,482708,287
1416,4904,288
1431,3168,289
1432,312265,290
1434,38409,291
1439,9344,292
1440,41561,293
1444,732340,294
1448,997937,295
1450,4767,296
1453,128675,297
1456,167,298
1475,2822,299
1479,1232,300
1500,27836,301
1505,20988,302
1510,104683,303
1511,20306,304
1514,468845,305
1518,2075,306
1519,71119,307
1522,10549,308
1528,6810,309
1529,22014,310
1533,71075,311
1536,234692,312
1537,20753,313
1544,3750,314
1552,373537,315
1559,33632,316
1560,96186,317
1564,646367,318
1570,2316,319
1572,2782,320
1576,4814,321
1585,20868,322
1596,660238,323
1601,3683,324
1610,6475,325
1622,1808,326
1625,340,327
1633,4751,328
1637,8607,329
1640,1203,330
1643,695747,331
1644,1179,332
1647,802056,333
1653,30212,334
1654,37398,335
1656,131024,336
1661,22367,337
1663,6269,338
1668,2982,339
1676,32497,340
1697,645693,341
1700,640017,342
1701,1860,343
1704,114387,344
1708,91268,345
1709,1007994,346
1715,30175,347
1716,700,348
1722,725875,349
1730,1048329,350
1753,51821,351
1767,24033,352
1776,57500,353
1779,12825,354
1788,2422,355
1798,5203,356
1801,702853,357
1802,343346,358
1805,60085,359
1812,122853,360
1815,2538,361
1822,46218,362
1825,23127,363
1831,643385,364
1844,30295,365
1863,1243,366
1867,20870,367
1869,636736,368
1872,1118,369
1877,104149,370
1894,846,371
1896,109988,372
1898,6267,373
1902,159927,374
1906,223576,375
1925,1311,376
1926,106984,377
1928,5693,378
1936,636156,379
1943,8335,380
1948,93539,381
1951,4935,382
1953,3941,383
1961,33783,384
1968,643279,385
1971,672652,386
1977,1490,387
1980,728998,388
1981,153702,389
1985,52758,390
1993,989,391
1996,3589,392
1997,28179,393
1998,1731,394
1999,4613,395
2000,106500,396
2003,3600,397
2016,118647,398
2020,831,399
2033,25715,400
2037,1289,401
2038,1707,402
2040,27171,403
2042,87942,404
2046,21341,405
2049,642539,406
2068,8291,407
2071,662159,408
2077,69853,409
2083,11905,410
2085,20876,411
2086,2953,412
2091,4241,413
2101,8809,414
2120,129912,415
2125,43743,416
2129,32877,417
2133,919,418
2138,33,419
2143,93,420
2148,1012889,421
2152,60540,422
2159,698535,423
2162,50680,424
2168,37661,425
2189,170155,426
2220,825,427
2221,47860,428
2234,298366,429
2238,1271,430
2241,20635,431
2243,684219,432
2245,112235,433
2252,18571,434
2255,1574,435
2258,10418,436
2272,1182,437
2274,639961,438
2278,77327,439
2297,645647,440
2299,17685,441
2302,697830,442
2310,209,443
2311,124592,444
2315,30374,445
2322,17404,446
2323,77607,447
2325,85327,448
2332,2286,449
2343,1273,450
2351,70661,451
2352,649225,452
2358,75044,453
2362,1507,454
2372,5234,455
2383,75183,456
2392,1258,457
2393,4942,458
2394,79641,459
2400,3112,460
2405,131799,461
2406,22512,462
2410,3,463
2413,643569,464
2416,219236,465
2420,28559,466
2423,79927,467
2430,122395,468
2435,7827,469
2442,97413,470
2443,4842,471
2445,4991,472
2451,677561,473
2458,1265,474
2463,2378,475
2465,74227,476
2469,678165,477
2477,112201,478
2478,794063,479
2491,62833,480
2502,167980,481
2513,4244,482
2515,673215,483
2520,17263,484
2523,104127,485
2524,1001507,486
2527,46,487
2531,88678,488
2533,4220,489
2534,480825,490
2540,9061,491
2541,8969,492
2554,202789,493
2564,80175,494
2578,406,495
2581,4418,496
2590,13567,497
2599,38337,498
2602,19997,499
2609,162035,500
2613,1224,501
2614,640016,502
2617,104537,503
2619,695405,504
2622,24395,505
2630,105477,506
2631,6013,507
2635,59369,508
2643,57914,509
2651,838,510
2654,862133,511
2655,13737,512
2656,644920,513
2657,20323,514
2658,104539,515
2661,674,516
2666,9357,517
2683,956,518
2687,108796,519
2688,21139,520
2692,102617,521
2701,199945,522
2703,197779,523
2705,17283,524
2706,676602,525
2710,3306,526
2722,69320,527
2724,104582,528
2728,162026,529
2735,123842,530
2737,951,531
2743,638817,532
2768,6425,533
2770,280407,534
2776,1708,535
2778,3695,536
2779,11479,537
2785,4406,538
2793,153277,539
2796,8000,540
2798,311,541
2806,3048,542
2817,1910,543
2827,9348,544
2837,3739,545
2851,106983,546
2871,94914,547
2905,3099,548
2913,86295,549
2930,1070,550
2936,1022475,551
2937,649853,552
2939,23840,553
2940,689979,554
2954,1368,555
2960,86340,556
2972,116,557
2973,29769,558
2984,7376,559
2987,880,560
2994,186239,561
2999,102389,562
3000,44005,563
3005,679090,564
3013,676429,565
3016,295011,566
3022,4958,567
3035,25683,568
3043,3948,569
3044,282823,570
3055,158900,571
3057,1246,572
3072,113768,573
3073,11879,574
3081,510,575
3085,105327,576
3087,226946,577
3089,694116,578
3105,106347,579
3110,218037,580
3114,642689,581
3120,44012,582
3123,2249,583
3130,114445,584
3132,3482,585
3133,1967,586
3144,772,587
3171,649123,588
3172,4293,589
3173,65170,590
3174,92011,591
3175,79813,592
3192,14777,593
3196,285863,594
3221,683618,595
3226,542,596
3231,77295,597
3237,2632,598
3239,643702,599
3240,47454,600
3243,17416,601
3244,849785,602
3246,19951,603
3247,679657,604
3254,104131,605
3256,25520,606
3257,27019,607
3258,4443,608
3259,1069,609
3266,35290,610
3268,69856,611
3272,634,612
3280,110194,613
3284,24456,614
3291,5394,615
3299,108439,616
3332,10049,617
3340,5995,618
3351,20256,619
3355,686673,620
3365,77319,621
3367,360505,622
3368,2732,623
3375,402216,624
3379,23796,625
3382,856803,626
3400,1041,627
3412,95895,628
3417,486880,629
3461,661399,630
3462,101920,631
3463,17342,632
3467,21709,633
3468,27053,634
3471,21761,635
3475,527,636
3481,1242,637
3484,649455,638
3489,646083,639
3491,947,640
3492,656342,641
3493,78451,642
3506,94069,643
3514,643183,644
3518,75567,645
3527,8745,646
3530,645121,647
3533,3119,648
3535,705,649
3539,278192,650
3543,1252,651
3558,7840,652
3563,20572,653
3568,33541,654
3573,714304,655
3581,103,656
3582,126287,657
3593,10036,658
3597,101442,659
3600,341247,660
3602,2425,661
3605,3220,662
3613,20201,663
3616,3533,664
3629,376276,665
3636,24198,666
3643,73236,667
3644,122057,668
3645,645702,669
3648,661951,670
3655,61867,671
3664,790701,672
3666,96886,673
3672,635830,674
3673,114349,675
3677,101639,676
3693,38308,677
3703,231216,678
3713,349270,679
3717,1024,680
3726,35016,681
3729,701,682
3730,653253,683
3739,4301,684
3742,6540,685
3744,1354,686
3758,37277,687
3768,6331,688
3809,96350,689
3828,107408,690
3830,5455,691
3836,10031,692
3842,214319,693
3845,104181,694
3855,20867,695
3859,2197,696
3864,21660,697
3878,646130,698
3881,21137,699
3883,6322,700
3886,71,701
3889,38428,702
3894,1431,703
3913,115673,704
3929,778604,705
3932,60362,706
3939,1084106,707
3949,6939,708
3956,108563,709
3962,20087,710
3964,27682,711
3967,3231,712
3972,21916,713
3982,106933,714
3988,10843,715
3990,42412,716
3995,513,717
4003,179121,718
4005,902,719
4010,27792,720
4012,97297,721
4017,122974,722
4026,8924,723
4030,1060667,724
4064,14250,725
4067,106804,726
4105,748795,727
4110,229264,728
4114,62842,729
4121,24739,730
4123,175287,731
4124,883573,732
4133,2301,733
4134,2049,734
4139,88985,735
4140,271961,736
4141,94614,737
4166,84977,738
4175,35896,739
4179,3583,740
4180,20720,741
4182,27297,742
4190,675,743
4196,2026,744
4200,21112,745
4201,5182,746
4207,155191,747
4214,85697,748
4240,66013,749
4251,251218,750
4252,104690,751
4254,640862,752
4256,24482,753
4270,93269,754
4280,216432,755
4287,94524,756
4289,4221,757
4307,7918,758
4326,8617,759
4342,186563,760
4344,2507,761
4351,162223,762
4356,22465,763
4357,43,764
4360,2420,765
4366,355471,766
4373,684216,767
4384,87867,768
4396,491,769
4406,21029,770
4409,203,771
4428,116989,772
4429,3564,773
4456,713388,774
4472,74829,775
4494,102606,776
4497,77474,777
4503,6533,778
4504,9027,779
4507,62632,780
4508,802,781
4512,57936,782
4515,4112,783
4525,643033,784
4527,27538,785
4529,172933,786
4530,62571,787
4531,662416,788
4540,184333,789
4550,64787,790
4552,383,791
4557,649209,792
4558,257654,793
4564,29974,794
4571,3976,795
4596,56386,796
4600,104698,797
4601,71153,798
4603,30444,799
4611,176637,800
4612,93296,801
4619,59983,802
4625,92745,803
4640,296,804
4641,637262,805
4643,20455,806
4645,20829,807
4653,4229,808
4657,226625,809
4664,4852,810
4669,21065,811
4671,143842,812
4672,31427,813
4692,649092,814
4700,3061,815
4701,9162,816
4704,70137,817
4711,62629,818
4715,1834,819
4720,1023,820
4729,73060,821
4745,5129,822
4747,21472,823
4758,20663,824
4762,10598,825
4787,106990,826
4790,454,827
4794,4368,828
4796,9402,829
4798,20145,830
4807,3516,831
4821,117742,832
4822,213776,833
4824,106883,834
4841,63632,835
4846,665215,836
4848,66737,837
4852,77321,838
4853,1078,839
4863,5156,840
4877,229006,841
4878,18679,842
4885,33826,843
4890,651485,844
4901,2135,845
4908,20049,846
4912,279498,847
4913,1450,848
4918,2548,849
4920,20434,850
4923,20508,851
4925,60982,852
4951,1704,853
4964,195579,854
4970,748616,855
4975,84193,856
4980,1282,857
4984,96710,858
4986,10826,859
4989,649232,860
4996,46868,861
4997,107684,862
5015,69807,863
5029,642509,864
5037,194880,865
5039,21549,866
5046,5037,867
5050,5463,868
5061,622419,869
5072,616,870
5077,20799,871
5088,125688,872
5092,78582,873
5094,164636,874
5097,221169,875
5098,20216,876
5103,104132,877
5113,889125,878
5124,4718,879
5126,83626,880
5127,94739,881
5138,196614,882
5146,77273,883
5150,66391,884
5155,33032,885
5191,32575,886
5193,20558,887
5210,2724,888
5216,943335,889
5229,75027,890
5231,49800,891
5235,15152,892
5237,810,893
5241,27801,894
5245,20933,895
5248,77,896
5260,20457,897
5274,77252,898
5275,123134,899
5277,2693,900
5290,7784,901
5293,401876,902
5294,1185,903
5296,74738,904
5302,21430,905
5313,27814,906
5315,84174,907
5318,645679,908
5341,643172,909
5352,94924,910
5354,1837,911
5355,22745,912
5357,664092,913
5367,645505,914
5368,20789,915
5387,640363,916
5389,2673,917
5423,104696,918
5424,37403,919
5452,645631,920
5457,14569,921
5483,4735,922
5484,2251,923
5486,678168,924
5487,181087,925
5496,15691,926
5501,3675,927
5525,33129,928
5527,636782,929
5531,191650,930
5536,132779,931
5537,12366,932
5540,37201,933
5544,20654,934
5560,63544,935
5574,20551,936
5578,4149,937
5594,5009,938
5598,95611,939
5610,20364,940
5620,71218,941
5621,72485,942
5636,101817,943
5652,63138,944
5693,33787,945
5716,71132,946
5726,11945,947
5739,8476,948
5797,15585,949
5799,21329,950
5807,90522,951
5808,78640,952
5830,17258,953
5835,17709,954
5838,108832,955
5844,6659,956
5863,3971,957
5864,2661,958
5865,1657,959
5880,773117,960
5882,5594,961
5885,37012,962
5887,32110,963
5891,20921,964
5903,20592,965
5915,166763,966
5922,104534,967
5923,181147,968
5935,86430,969
5941,4398,970
5957,21725,971
5958,91446,972
5960,87522,973
5962,384,974
5968,4897,975
5977,101094,976
5985,63481,977
6017,642838,978
6020,19996,979
6021,28925,980
6052,12926,981
6058,646129,982
6061,110087,983
6068,75026,984
6070,887,985
6072,313757,986
6075,640379,987
6079,32,988
6083,167815,989
6094,702943,990
6100,6473,991
6117,11916,992
6123,2898,993
6125,202026,994
6136,648308,995
6140,3405,996
6152,20137,997
6170,172077,998
6184,6722,999
6187,21170,1000
6189,104196,1001
6190,228175,1002
6191,4910,1003
6212,717,1004
6241,717436,1005
6248,807472,1006
6251,12114,1007
6262,1015239,1008
6268,4463,1009
6269,97383,1010
6282,1384,1011
6285,647829,1012
6286,1027561,1013
6306,11869,1014
6312,293675,1015
6350,96729,1016
6351,90212,1017
6355,122761,1018
6359,57761,1019
6362,17391,1020
6377,6429,1021
6379,230013,1022
6384,84449,1023
6419,388243,1024
6420,33741,1025
6421,21017,1026
6465,78273,1027
6472,645583,1028
6484,2131,1029
6485,7708,1030
6490,94297,1031
6495,24554,1032
6533,110664,1033
6534,4730,1034
6535,61023,1035
6537,661448,1036
6538,323006,1037
6543,8591,1038
6560,20327,1039
6564,7961,1040
6576,6676,1041
6581,114327,1042
6593,1853,1043
6598,37057,1044
6613,21312,1045
6621,14415,1046
6624,26666,1047
6629,642499,1048
6670,1077021,1049
6671,3929,1050
6683,718,1051
6690,4979,1052
6698,1983,1053
6708,27109,1054
6720,758957,1055
6741,20999,1056
6751,96567,1057
6754,37353,1058
6771,25256,1059
6772,21957,1060
6789,11919,1061
6796,37314,1062
6801,93930,1063
6802,375774,1064
6803,287783,1065
6812,642501,1066
6822,712124,1067
6824,455314,1068
6827,12094,1069
6828,126107,1070
6834,26856,1071
6837,4889,1072
6841,29149,1073
6859,11795,1074
6861,1999,1075
6875,638610,1076
6878,1041808,1077
6881,269348,1078
6884,4347,1079
6890,37315,1080
6907,192965,1081
6908,80042,1082
6918,74868,1083
6920,37344,1084
6934,12684,1085
6935,798581,1086
6942,9291,1087
6943,60392,1088
6957,20817,1089
6959,744,1090
6964,222724,1091
6965,13771,1092
6966,6460,1093
6967,20494,1094
6968,1735,1095
6979,374671,1096
6983,794659,1097
7001,77330,1098
7029,699925,1099
7052,4955,1100
7056,138511,1101
7058,7621,1102
7063,6018,1103
7064,4945,1104
7074,690002,1105
7080,18841,1106
7084,886,1107
7086,195547,1108
7121,20902,1109
7139,701577,1110
7140,160788,1111
7147,726,1112
7151,310,1113
7167,21640,1114
7187,8386,1115
7188,105014,1116
7192,106959,1117
7196,4908,1118
7204,89585,1119
7207,4459,1120
7216,1012,1121
7233,104533,1122
7234,69813,1123
7261,6462,1124
7262,847,1125
7286,21276,1126
7289,11822,1127
7301,5175,1128
7307,133185,1129
7311,187112,1130
7314,297710,1131
7315,649214,1132
7324,1063987,1133
7330,711483,1134
7344,3803,1135
7349,3903,1136
7357,87758,1137
7361,18208,1138
7366,107485,1139
7419,33876,1140
7420,642478,1141
7434,58922,1142
7449,59979,1143
7460,1088,1144
7465,114984,1145
7500,37290,1146
7505,104136,1147
7547,736523,1148
7557,218666,1149
7558,643161,1150
7563,3403,1151
7571,778686,1152
7574,641848,1153
7583,600631,1154
7587,83080,1155
7597,62828,1156
7609,3408,1157
7615,1021638,1158
7626,328122,1159
7639,81568,1160
7659,168057,1161
7663,656668,1162
7674,407839,1163
7679,865,1164
7684,640364,1165
7706,348,1166
7709,645456,1167
7714,11931,1168
7717,6536,1169
7718,24184,1170
7719,94578,1171
7729,7166,1172
7739,20345,1173
7742,8682,1174
7744,1592,1175
7746,63923,1176
7750,104543,1177
7770,649240,1178
7774,905,1179
7780,50487,1180
7781,3727,1181
7787,8834,1182
7790,107977,1183
7791,108464,1184
7842,1059,1185
7853,44004,1186
7867,61517,1187
7873,80078,1188
7878,8791,1189
7879,701424,1190
7890,79689,1191
7896,620268,1192
7897,20055,1193
7913,114470,1194
7915,60132,1195
7928,18854,1196
7929,20507,1197
7931,13696,1198
7943,108611,1199
7944,4630,1200
7949,108221,1201
7952,194460,1202
7957,1160,1203
7961,644577,1204
7969,4383,1205
7987,661664,1206
7989,1063070,1207
7993,20483,1208
7999,59846,1209
8003,77342,1210
8031,22467,1211
8033,10009,1212
8034,155186,1213
8040,324178,1214
8053,94664,1215
8063,1316,1216
8069,874,1217
8079,228277,1218
8083,31842,1219
8092,6459,1220
8109,90542,1221
8112,6139,1222
8114,38017,1223
8119,31413,1224
8125,984474,1225
8127,37961,1226
8128,914,1227
8130,22573,1228
8132,93945,1229
8139,776847,1230
8140,3511,1231
8141,646046,1232
8143,4242,1233
8170,248,1234
8179,6594,1235
8201,1007,1236
8213,78757,1237
8216,3459,1238
8217,88797,1239
8220,20092,1240
8240,642613,1241
8247,679347,1242
8258,24064,1243
8265,1018,1244
8277,90117,1245
8280,90811,1246
8309,2134,1247
8312,218011,1248
8314,108785,1249
8332,2710,1250
8345,105821,1251
8346,1010454,1252
8365,9895,1253
8367,4790,1254
8371,5701,1255
8398,21237,1256
8400,169,1257
8408,241,1258
8429,208974,1259
8433,85658,1260
8471,706,1261
8489,37068,1262
8493,58489,1263
8506,4696,1264
8521,660325,1265
8524,640858,1266
8530,5860,1267
8546,43019,1268
8565,123221,1269
8582,3792,1270
8583,4905,1271
8611,105791,1272
8619,20928,1273
8628,661421,1274
8644,4773,1275
8645,93528,1276
8660,79243,1277
8666,126133,1278
8669,3883,1279
8681,43513,1280
8683,7915,1281
8696,6779,1282
8703,92796,1283
8716,18819,1284
8722,657919,1285
8743,221413,1286
8745,23631,1287
8752,910048,1288
8759,3996,1289
8778,7878,1290
8780,11350,1291
8790,20252,1292
8800,643250,1293
8817,270231,1294
8820,3537,1295
8834,657640,1296
8838,54813,1297
8843,11837,1298
8846,88005,1299
8853,186778,1300
8854,687671,1301
8876,4965,1302
8883,714495,1303
8892,339141,1304
8915,252958,1305
8938,1709,1306
8941,100881,1307
8949,949002,1308
8972,151061,1309
8974,1063971,1310
8998,69812,1311
9004,96360,1312
9030,196483,1313
9035,638922,1314
9064,21599,1315
9080,3708,1316
9099,1703,1317
9103,2265,1318
9119,11809,1319
9128,19033,1320
9140,4303,1321
9152,4728,1322
9160,2161,1323
9162,20692,1324
9165,11009,1325
9169,29504,1326
9174,290,1327
9191,36711,1328
9198,21655,1329
9204,30648,1330
9206,83377,1331
9207,1269,1332
9208,661996,1333
9218,59970,1334
9224,11849,1335
9238,123,1336
9242,85746,1337
9272,38510,1338
9287,108463,1339
9289,9378,1340
9298,3478,1341
9334,96919,1342
9337,2809,1343
9338,13641,1344
9346,646289,1345
9355,66342,1346
9358,15895,1347
9386,17825,1348
9389,37250,1349
9392,24061,1350
9394,3973,1351
9395,21604,1352
9404,91961,1353
9407,644567,1354
9414,20596,1355
9421,11355,1356
9455,3551,1357
9470,63838,1358
9490,1600,1359
9491,667483,1360
9499,88732,1361
9542,3789,1362
9545,640628,1363
9572,190657,1364
9619,33860,1365
9630,123828,1366
9636,18619,1367
9657,94199,1368
9668,9358,1369
9678,1167,1370
9680,643162,1371
9714,196559,1372
9737,125849,1373
9738,6510,1374
9753,622595,1375
9756,4235,1376
9770,3217,1377
9779,15151,1378
9795,145259,1379
9799,20603,1380
9806,5048,1381
9816,77338,1382
9818,20781,1383
9826,4082,1384
9827,4986,1385
9831,2462,1386
9837,18054,1387
9860,4843,1388
9865,6287,1389
9877,5702,1390
9885,21351,1391
9886,88709,1392
9887,1066345,1393
9912,89985,1394
9924,4248,1395
9940,20076,1396
9946,22033,1397
9964,231819,1398
9979,126608,1399
9982,37352,1400
9983,22892,1401
9985,20580,1402
9997,7886,1403
10003,20726,1404
10004,122763,1405
10021,305336,1406
10025,481204,1407
10027,31453,1408
10029,207021,1409
10044,1032183,1410
10052,11870,1411
10066,95,1412
10077,155865,1413
10100,156376,1414
10111,4305,1415
10117,20422,1416
10121,95109,1417
10126,95010,1418
10154,8705,1419
10175,103001,1420
10184,7135,1421
10198,1041416,1422
10211,29522,1423
10212,78603,1424
10215,245233,1425
10222,188936,1426
10258,8480,1427
10311,822,1428
10340,672637,1429
10362,10007,1430
10376,38282,1431
10384,63055,1432
10387,366,1433
10388,714928,1434
10397,1014555,1435
10399,4860,1436
10415,78446,1437
10440,20231,1438
10444,91995,1439
10458,306892,1440
10475,28206,1441
10478,21685,1442
10480,1049,1443
10486,1096010,1444
10528,690,1445
10538,60443,1446
10540,248393,1447
10546,60955,1448
10549,638634,1449
10551,7577,1450
10558,1499,1451
10560,732815,1452
10569,293716,1453
10583,23472,1454
10585,4194,1455
10605,4501,1456
10609,83102,1457
10612,12950,1458
10638,693176,1459
10646,658204,1460
10650,79309,1461
10658,21158,1462
10664,85054,1463
10667,20368,1464
10674,14029,1465
10699,288,1466
10707,50223,1467
10708,20432,1468
10711,746834,1469
10712,205655,1470
10718,4028,1471
10726,7789,1472
10733,6404,1473
10746,26334,1474
10764,9383,1475
10773,447,1476
10782,100127,1477
10787,2245,1478
10792,133563,1479
10809,10284,1480
10817,197040,1481
10819,179192,1482
10824,93857,1483
10850,36654,1484
10851,9024,1485
10864,114465,1486
10870,60913,1487
10871,112301,1488
10872,113679,1489
10875,67667,1490
10921,289368,1491
10931,652673,1492
10935,460300,1493
10937,375,1494
10944,646193,1495
10945,103913,1496
10949,27514,1497
10954,77217,1498
10964,396761,1499
10999,1044927,1500
11009,991906,1501
11024,6457,1502
11032,72524,1503
11041,439593,1504
11045,4759,1505
11048,732816,1506
11049,8368,1507
11071,141746,1508
11074,152722,1509
11076,158754,1510
11090,6440,1511
11112,649283,1512
11140,662189,1513
11147,84871,1514
11163,4777,1515
11164,75228,1516
11168,90607,1517
11176,379920,1518
11197,644543,1519
11198,656716,1520
11242,96945,1521
11266,21627,1522
11267,60317,1523
11274,679387,1524
11282,646231,1525
11300,643765,1526
11301,683924,1527
11302,18117,1528
11307,727988,1529
11308,16235,1530
11317,6067,1531
11326,79272,1532
11327,1008,1533
11332,37670,1534
11352,101695,1535
11364,1040337,1536
11405,2689,1537
11406,174682,1538
11413,3769,1539
11450,1996,1540
11456,20417,1541
11460,1249,1542
11466,24616,1543
11479,645172,1544
11485,137523,1545
11488,132891,1546
11493,62638,1547
11498,116948,1548
11499,21343,1549
11506,642672,1550
11516,11910,1551
11520,1008561,1552
11522,3677,1553
11544,20518,1554
11556,1267,1555
11603,169703,1556
11608,1090,1557
11610,1006489,1558
11622,106534,1559
11631,267793,1560
11632,23947,1561
11638,93567,1562
11653,646419,1563
11660,3009,1564
11677,702852,1565
11697,856991,1566
11700,1885,1567
11713,4946,1568
11714,63471,1569
11720,164517,1570
11741,118537,1571
11743,3790,1572
11744,1008964,1573
11749,124310,1574
11760,710,1575
11769,29280,1576
11773,71067,1577
11783,1073128,1578
11795,20429,1579
11815,367947,1580
11821,5698,1581
11829,4787,1582
11831,151914,1583
11834,1819,1584
11839,21081,1585
11850,730472,1586
11869,2244,1587
11886,8839,1588
11888,3618,1589
11924,47409,1590
11934,781521,1591
11938,103453,1592
11957,99750,1593
11961,25097,1594
11997,11813,1595
12001,137982,1596
12014,55879,1597
12029,200306,1598
12057,1124,1599
12083,639471,1600
12086,20052,1601
12089,2227,1602
12106,2105,1603
12108,660553,1604
12113,696115,1605
12129,803,1606
12143,199208,1607
12188,104320,1608
12205,11914,1609
12250,3305,1610
12255,77336,1611
12256,143837,1612
12264,94185,1613
12275,6576,1614
12285,22551,1615
12293,17927,1616
12294,183729,1617
12310,11900,1618
12323,1156,1619
12334,21016,1620
12341,681378,1621
12354,4314,1622
12364,47555,1623
12385,1750,1624
12394,4259,1625
12402,96561,1626
12411,217121,1627
12447,267663,1628
12448,20713,1629
12449,82142,1630
12455,862,1631
12471,71634,1632
12473,2363,1633
12482,102395,1634
12487,354217,1635
12534,754282,1636
12537,917613,1637
12546,104031,1638
12548,1097739,1639
12551,216645,1640
12601,646812,1641
12666,675847,1642
12674,1066251,1643
12684,927,1644
12687,642664,1645
12691,79635,1646
12694,187212,1647
12722,20780,1648
12737,90888,1649
12740,3837,1650
12804,49687,1651
12826,3450,1652
12832,205673,1653
12837,1018746,1654
12851,665214,1655
12866,122900,1656
12887,643181,1657
12888,28232,1658
12907,991893,1659
12919,4833,1660
12923,104133,1661
12927,144624,1662
12931,30952,1663
12935,28514,1664
12951,123040,1665
12974,518,1666
12977,62850,1667
12987,6674,1668
13000,126129,1669
13020,20538,1670
13039,637333,1671
13040,151639,1672
13041,36547,1673
13048,415700,1674
13051,337884,1675
13053,4741,1676
13070,3360,1677
13076,5451,1678
13090,1294,1679
13106,49535,1680
13111,25933,1681
13115,957446,1682
13129,24372,1683
13130,16260,1684
13144,105934,1685
13179,27302,1686
13200,661391,1687
13232,9258,1688
13262,1319,1689
13268,95945,1690
13283,1066844,1691
13285,117224,1692
13316,939,1693
13320,4820,1694
13335,18783,1695
13356,131859,1696
13385,88912,1697
13394,3005,1698
13401,991775,1699
13405,23582,1700
13419,5925,1701
13420,1228,1702
13423,126037,1703
13449,160751,1704
13453,1171,1705
13487,4488,1706
13499,247255,1707
13502,10071,1708
13510,70413,1709
13516,60213,1710
13529,3740,1711
13547,771012,1712
13562,216122,1713
13569,689813,1714
13572,20687,1715
13580,21013,1716
13586,954,1717
13608,77352,1718
13614,164829,1719
13621,11286,1720
13622,515150,1721
13623,10004,1722
13629,73213,1723
13630,157351,1724
13632,68175,1725
13636,222328,1726
13672,20033,1727
13674,23133,1728
13688,19999,1729
13709,85052,1730
13711,3221,1731
13734,24536,1732
13735,728304,1733
13745,279476,1734
13759,9742,1735
13773,17267,1736
13785,880810,1737
13786,69791,1738
13793,2087,1739
13798,17716,1740
13807,20189,1741
13814,9304,1742
13821,177006,1743
13832,1107700,1744
13834,69786,1745
13840,660678,1746
13850,661070,1747
13854,37334,1748
13868,1022511,1749
13903,103209,1750
13907,6721,1751
13909,789695,1752
13911,20232,1753
13927,8724,1754
13949,48598,1755
13977,1612,1756
14074,21020,1757
14100,3802,1758
14113,26479,1759
14142,701317,1760
14227,19297,1761
14230,521623,1762
14233,17,1763
14237,11806,1764
14242,17845,1765
14245,689971,1766
14249,1015038,1767
14254,4847,1768
14255,37132,1769
14281,741544,1770
14291,101169,1771
14310,661924,1772
14311,170957,1773
14345,24775,1774
14347,28148,1775
14348,27038,1776
14372,198858,1777
14404,18147,1778
14409,40403,1779
14425,643560,1780
14463,63513,1781
14470,277758,1782
14476,303637,1783
14491,20157,1784
14498,16049,1785
14505,82026,1786
14515,23506,1787
14551,66987,1788
14557,773168,1789
14563,800,1790
14564,88978,1791
14565,1813,1792
14567,1985,1793
14584,23462,1794
14608,662527,1795
14616,4856,1796
14621,193227,1797
14630,100270,1798
14636,1261,1799
14638,305845,1800
14648,14812,1801
14717,71251,1802
14729,60204,1803
14774,12579,1804
14792,20672,1805
14806,62826,1806
14833,183844,1807
14838,22888,1808
14877,640047,1809
14887,240396,1810
14928,5108,1811
14932,781213,1812
14947,1958,1813
14956,280059,1814
14962,4657,1815
14963,107928,1816
14990,27305,1817
14991,20394,1818
15023,3473,1819
15028,5035,1820
15034,642480,1821
15040,27644,1822
15048,646,1823
15056,84856,1824
15058,643088,1825
15069,274921,1826
15103,29697,1827
15110,188807,1828
15117,753687,1829
15126,5091,1830
15154,2775,1831
15181,7028,1832
15218,24778,1833
15225,8874,1834
15236,222602,1835
15246,774646,1836
15255,24803,1837
15258,566331,1838
15301,132260,1839
15312,160264,1840
15320,686674,1841
15329,59613,1842
15340,643278,1843
15356,13449,1844
15359,21783,1845
15368,640928,1846
15369,51841,1847
15372,63585,1848
15373,133389,1849
15383,673641,1850
15387,7651,1851
15411,966,1852
15420,1522,1853
15480,96155,1854
15513,680246,1855
15530,3471,1856
15540,18674,1857
15544,6651,1858
15557,87627,1859
15577,677039,1860
15580,116951,1861
15585,912,1862
15614,77316,1863
15616,47112,1864
15624,241905,1865
15653,70818,1866
15656,16255,1867
15718,71204,1868
15721,107600,1869
15755,692167,1870
15772,78577,1871
15779,90589,1872
15819,153647,1873
15828,75076,1874
15840,998605,1875
15860,335,1876
15871,7856,1877
15882,252825,1878
15888,30113,1879
15899,7487,1880
15909,60452,1881
15914,932876,1882
15916,647754,1883
15948,741978,1884
15990,821,1885
16014,50592,1886
16044,884241,1887
16049,1176,1888
16057,9021,1889
16065,66016,1890
16069,78730,1891
16073,57889,1892
16081,20912,1893
16105,278207,1894
16144,103824,1895
16166,77838,1896
16169,3425,1897
16171,107902,1898
16180,3842,1899
16187,1089811,1900
16196,113813,1901
16218,995816,1902
16238,719,1903
16247,33623,1904
16254,2557,1905
16270,9883,1906
16271,1351,1907
16304,926,1908
16319,26391,1909
16331,30862,1910
16354,734024,1911
16371,124730,1912
16381,11963,1913
16385,692462,1914
16424,21062,1915
16478,307548,1916
16481,158196,1917
16515,104236,1918
16519,8099,1919
16522,4196,1920
16527,10072,1921
16548,586677,1922
16569,36802,1923
16599,6731,1924
16603,1181,1925
16604,63092,1926
16608,90,1927
16627,1822,1928
16633,7999,1929
16663,75025,1930
16675,7356,1931
16698,27259,1932
16737,649264,1933
16750,3882,1934
16752,8122,1935
16757,92128,1936
16767,21513,1937
16776,51827,1938
16789,643035,1939
16858,660230,1940
16869,243544,1941
16897,23007,1942
16900,645987,1943
16916,713825,1944
16968,127697,1945
16981,5138,1946
16985,740,1947
16993,794695,1948
16998,4012,1949
17001,86182,1950
17006,3172,1951
17012,30131,1952
17023,101902,1953
17029,10621,1954
17042,75008,1955
17046,264236,1956
17067,33825,1957
17092,72764,1958
17094,245019,1959
17115,191415,1960
17127,644647,1961
17128,63819,1962
17155,738706,1963
17171,11955,1964
17172,2943,1965
17181,21864,1966
17182,21117,1967
17202,4848,1968
17204,1832,1969
17222,644398,1970
17226,466145,1971
17228,77294,1972
17235,14541,1973
17243,777229,1974
17246,89951,1975
17275,18088,1976
17284,1006931,1977
17287,16172,1978
17327,3991,1979
17351,77340,1980
17365,354894,1981
17387,1068,1982
17407,20227,1983
17419,715909,1984
17486,219819,1985
17500,19074,1986
17526,1767,1987
17551,95848,1988
17592,4239,1989
17595,809,1990
17602,20199,1991
17607,637244,1992
17615,8423,1993
17622,3493,1994
17629,77320,1995
17684,130557,1996
17694,22457,1997
17699,7023,1998
17714,63025,1999
17715,668181,2000
17731,91298,2001
17754,8514,2002
17795,160814,2003
17801,85568,2004
17832,827,2005
17833,18436,2006
17840,111467,2007
17848,789,2008
17850,18028,2009
17862,657450,2010
17873,37355,2011
17897,206548,2012
17901,4733,2013
17903,13600,2014
17967,60611,2015
17997,20159,2016
18023,642581,2017
18031,172173,2018
18036,122896,2019
18039,20335,2020
18054,30951,2021
18057,219028,2022
18074,21499,2023
18075,660328,2024
18138,88939,2025
18148,1850,2026
18166,129898,2027
18177,15365,2028
18205,28491,2029
18230,139,2030
18302,646621,2031
18303,123921,2032
18305,58251,2033
18309,33772,2034
18314,451,2035
18336,8548,2036
18345,137766,2037
18364,660571,2038
18400,129268,2039
18436,142963,2040
18449,63634,2041
18465,59608,2042
18472,4188,2043
18515,104039,2044
18527,163440,2045
18575,673035,2046
18579,280252,2047
18623,71141,2048
18627,3452,2049
18658,6761,2050
18661,54836,2051
18667,37177,2052
18676,343060,2053
18681,6235,2054
18682,36628,2055
18683,30776,2056
18691,17855,2057
18729,665744,2058
18733,649311,2059
18755,23314,2060
18763,535092,2061
18769,79778,2062
18779,678972,2063
18795,17737,2064
18802,3606,2065
18807,1009191,2066
18809,123220,2067
18816,2444,2068
18827,134129,2069
18828,20898,2070
18830,231657,2071
18836,68021,2072
18852,108603,2073
18863,219445,2074
18864,5584,2075
18867,638614,2076
18889,101482,2077
18890,649132,2078
18902,715780,2079
18903,642549,2080
18925,12682,2081
18954,82058,2082
18967,538223,2083
18984,62756,2084
18993,137008,2085
19004,1013878,2086
19010,91942,2087
19016,97109,2088
19056,21940,2089
19066,431932,2090
19069,321176,2091
19072,11877,2092
19076,19875,2093
19087,153914,2094
19105,5109,2095
19113,1461,2096
19136,197770,2097
19147,649310,2098
19157,49647,2099
19161,23154,2100
19195,29590,2101
19226,2825,2102
19238,3155,2103
19253,41397,2104
19267,5148,2105
19284,33467,2106
19310,36553,2107
19323,37781,2108
19331,6472,2109
19352,23429,2110
19358,9531,2111
19360,6780,2112
19375,37363,2113
19385,897666,2114
19410,136261,2115
19417,643591,2116
19419,23187,2117
19429,1025810,2118
19474,100171,2119
19482,7887,2120
19499,18823,2121
19502,3974,2122
19512,107558,2123
19546,694961,2124
19582,5093,2125
19592,2242,2126
19595,4018,2127
19596,1847,2128
19622,686692,2129
19656,21033,2130
19670,916468,2131
19676,23596,2132
19742,5423,2133
19745,18481,2134
19766,30788,2135
19802,142797,2136
19804,643420,2137
19816,88672,2138
19832,62853,2139
19862,1033692,2140
19866,8213,2141
19946,481,2142
19966,18302,2143
19981,678108,2144
19982,825828,2145
19990,71164,2146
20023,747721,2147
20042,1030085,2148
20052,707,2149
20057,17874,2150
20060,12258,2151
20066,4739,2152
20128,710072,2153
20152,313481,2154
20213,872609,2155
20255,95432,2156
20275,41815,2157
20299,191951,2158
20303,63622,2159
20321,220754,2160
20332,26639,2161
20336,681379,2162
20351,23045,2163
20360,684289,2164
20364,1530,2165
20392,66341,2166
20397,130877,2167
20441,175625,2168
20449,1009462,2169
20505,9011,2170
20527,829,2171
20532,103015,2172
20534,93511,2173
20547,642464,2174
20551,125304,2175
20569,173183,2176
20572,74438,2177
20574,71240,2178
20604,442153,2179
20608,3848,2180
20635,2213,2181
20650,234784,2182
20661,19572,2183
20680,1019953,2184
20688,108118,2185
20806,20643,2186
20811,159164,2187
20834,93182,2188
20862,158,2189
20912,75060,2190
20923,9038,2191
20965,642571,2192
20966,3796,2193
20973,28072,2194
20975,696875,2195
20978,434141,2196
21007,1007584,2197
21008,94983,2198
21011,798104,2199
21014,644766,2200
21021,70141,2201
21034,22210,2202
21037,644688,2203
21050,303713,2204
21078,10634,2205
21081,25524,2206
21082,4877,2207
21108,698537,2208
21114,6778,2209
21158,132645,2210
21160,313,2211
21177,5139,2212
21188,66500,2213
21191,72650,2214
21193,21187,2215
21198,112330,2216
21201,94579,2217
21231,607,2218
21244,131002,2219
21282,20349,2220
21292,80250,2221
21318,84144,2222
21340,656050,2223
21430,713685,2224
21504,3015,2225
21532,660345,2226
21537,711939,2227
21540,738883,2228
21547,1099167,2229
21559,685773,2230
21583,45094,2231
21585,63543,2232
21590,4555,2233
21603,646687,2234
21611,642738,2235
21634,715155,2236
21650,4351,2237
21670,2095,2238
21688,3480,2239
21694,216238,2240
21707,232018,2241
21713,529,2242
21716,31028,2243
21758,643146,2244
21772,325182,2245
21780,1899,2246
21785,971063,2247
21786,17119,2248
21814,2900,2249
21823,21781,2250
21827,101624,2251
21832,9552,2252
21853,275015,2253
21869,658145,2254
21892,63993,2255
21927,9394,2256
21964,16115,2257
21970,5630,2258
21971,1974,2259
21993,640636,2260
22000,16889,2261
22001,4980,2262
22013,8934,2263
22030,11964,2264
22032,736282,2265
22036,185910,2266
22047,16948,2267
22049,85586,2268
22059,8186,2269
22061,20166,2270
22065,98202,2271
22070,182588,2272
22078,12194,2273
22107,62873,2274
22110,696509,2275
22117,28936,2276
22140,67980,2277
22149,159312,2278
22153,322222,2279
22192,11884,2280
22212,4318,2281
22289,36085,2282
22291,20758,2283
22294,112392,2284
22295,101951,2285
22304,653564,2286
22326,84808,2287
22346,4724,2288
22350,22104,2289
22368,7347,2290
22377,706630,2291
22383,6424,2292
22416,7863,2293
22445,203823,2294
22485,17399,2295
22540,38279,2296
22585,2122,2297
22626,6040,2298
22631,43410,2299
22658,21039,2300
22663,4800,2301
22705,8394,2302
22722,882596,2303
22723,62843,2304
22739,27320,2305
22748,211400,2306
22755,195585,2307
22767,20874,2308
22793,156802,2309
22806,30256,2310
22846,101883,2311
22848,104697,2312
22854,1187,2313
22859,176953,2314
22868,57431,2315
22869,16346,2316
22879,4141,2317
22900,640579,2318
22902,608286,2319
22904,20659,2320
22909,100958,2321
22914,13492,2322
22917,370284,2323
22957,103426,2324
22973,101600,2325
22975,57407,2326
22977,813,2327
22997,23698,2328
23070,4177,2329
23129,656084,2330
23133,94401,2331
23239,219915,2332
23245,91861,2333
23278,2046,2334
23281,4729,2335
23286,135193,2336
23288,3402,2337
23305,51268,2338
23326,26335,2339
23357,663549,2340
23365,32823,2341
23369,8898,2342
23390,108477,2343
23405,770,2344
23412,327748,2345
23423,20616,2346
23432,20089,2347
23442,645596,2348
23496,644878,2349
23498,336787,2350
23524,638632,2351
23595,46232,2352
23597,3728,2353
23619,102341,2354
23620,93074,2355
23622,162635,2356
23668,643337,2357
23681,5425,2358
23685,3999,2359
23701,37908,2360
23713,24048,2361
23735,44521,2362
23739,673305,2363
23746,60211,2364
23748,17955,2365
23808,1038871,2366
23811,9192,2367
23816,11778,2368
23844,486959,2369
23861,425796,2370
23885,124338,2371
23888,771180,2372
23909,25114,2373
23926,79232,2374
23938,21408,2375
23975,38362,2376
23993,764160,2377
23997,1649,2378
24019,21275,2379
24027,107492,2380
24064,688098,2381
24094,102873,2382
24112,63528,2383
24120,92974,2384
24140,837753,2385
24142,57886,2386
24143,81680,2387
24144,25945,2388
24145,32009,2389
24161,106143,2390
24244,6395,2391
24304,95825,2392
24309,4079,2393
24349,84737,2394
24353,839,2395
24427,7925,2396
24439,4963,2397
24442,91257,2398
24460,853448,2399
24469,69875,2400
24477,837082,2401
24507,192714,2402
24529,87744,2403
24544,94326,2404
24595,30015,2405
24636,1085146,2406
24650,643213,2407
24663,188544,2408
24670,101721,2409
24686,50993,2410
24695,324281,2411
24726,643341,2412
24735,7606,2413
24738,36712,2414
24754,643474,2415
24766,95734,2416
24768,36269,2417
24792,638807,2418
24830,96225,2419
24838,178274,2420
24877,218240,2421
24895,339302,2422
24902,94272,2423
24914,20575,2424
24977,314220,2425
25015,173193,2426
25023,3604,2427
25036,7790,2428
25068,45391,2429
25069,660164,2430
25115,21466,2431
25126,566049,2432
25138,61491,2433
25144,36885,2434
25150,21100,2435
25159,71091,2436
25162,26622,2437
25173,644898,2438
25181,684217,2439
25182,133,2440
25196,649184,2441
25209,1003560,2442
25232,21076,2443
25312,5549,2444
25323,5273,2445
25361,94140,2446
25369,20458,2447
25406,21001,2448
25411,110046,2449
25422,23734,2450
25425,23933,2451
25431,21823,2452
25432,10496,2453
25458,24190,2454
25459,82,2455
25467,674081,2456
25475,7608,2457
25482,640292,2458
25495,4570,2459
25546,644827,2460
25575,60203,2461
25588,28513,2462
25589,164,2463
25597,11238,2464
25716,84350,2465
25724,101267,2466
25735,110048,2467
25739,8141,2468
25789,23654,2469
25799,740743,2470
25826,661957,2471
25830,684221,2472
25850,3399,2473
25857,671840,2474
25892,676110,2475
25893,90162,2476
25896,644786,2477
25902,12704,2478
25910,1015992,2479
25923,580133,2480
25937,61882,2481
25956,694765,2482
25957,264833,2483
25959,122673,2484
25968,9147,2485
25986,74097,2486
26003,184314,2487
26069,23141,2488
26070,1016,2489
26093,686811,2490
26098,199860,2491
26152,8640,2492
26155,22746,2493
26160,86185,2494
26173,426101,2495
26195,96698,2496
26201,118286,2497
26210,19988,2498
26218,17238,2499
26232,1090958,2500
26243,90995,2501
26268,850782,2502
26283,233765,2503
26330,124360,2504
26346,672595,2505
26386,712001,2506
26430,202152,2507
26489,645688,2508
26500,9935,2509
26512,130838,2510
26515,30126,2511
26539,693224,2512
26559,125048,2513
26576,47779,2514
26580,643335,2515
26581,325243,2516
26597,3394,2517
26602,1119831,2518
26609,107882,2519
26610,75024,2520
26612,100173,2521
26615,854329,2522
26646,31038,2523
26699,663745,2524
26718,648375,2525
26726,435225,2526
26737,9321,2527
26754,663503,2528
26772,37339,2529
26796,653432,2530
26832,63116,2531
26834,60083,2532
26837,58419,2533
26842,831136,2534
26864,2076,2535
26885,180594,2536
26897,9326,2537
26909,22088,2538
26912,11816,2539
26918,645629,2540
26932,63924,2541
26947,6466,2542
26951,309282,2543
26968,676940,2544
26988,477452,2545
27039,305901,2546
27049,3503,2547
27055,138992,2548
27084,131393,2549
27142,645727,2550
27152,15640,2551
27153,31287,2552
27164,27760,2553
27211,376,2554
27228,28945,2555
27245,587114,2556
27254,63507,2557
27285,247,2558
27304,646745,2559
27332,635299,2560
27383,30747,2561
27392,9070,2562
27419,25083,2563
27424,5462,2564
27458,200394,2565
27520,42,2566
27522,726585,2567
27523,159537,2568
27534,3813,2569
27542,787702,2570
27546,1071100,2571
27576,18420,2572
27629,47543,2573
27660,389,2574
27681,873,2575
27703,7277,2576
27712,70548,2577
27715,938820,2578
27817,20803,2579
27819,36313,2580
27835,643985,2581
27840,44,2582
27860,207800,2583
27862,70233,2584
27879,4020,2585
27927,6974,2586
27933,1446,2587
27959,123093,2588
27968,101699,2589
27977,8108,2590
27980,192967,2591
28000,3215,2592
28014,2194,2593
28016,6319,2594
28033,287958,2595
28057,264705,2596
28092,227079,2597
28107,301293,2598
28114,307592,2599
28150,30629,2600
28163,30669,2601
28191,9051,2602
28206,445,2603
28236,17275,2604
28239,468956,2605
28285,129613,2606
28295,647070,2607
28312,5042,2608
28316,68027,2609
28321,46679,2610
28328,635519,2611
28352,649137,2612
28356,77305,2613
28391,86177,2614
28424,27849,2615
28462,51616,2616
28466,373833,2617
28472,9592,2618
28482,60737,2619
28484,29500,2620
28489,197843,2621
28539,463053,2622
28544,3370,2623
28582,644036,2624
28646,66421,2625
28648,20866,2626
28672,660639,2627
28674,10111,2628
28681,18123,2629
28698,12619,2630
28710,37967,2631
28728,732826,2632
28731,214187,2633
28756,30809,2634
28777,4781,2635
28792,194,2636
28800,1247,2637
28812,373809,2638
28818,251863,2639
28843,11793,2640
28849,4902,2641
28880,1908,2642
28904,314595,2643
28918,97099,2644
28954,642768,2645
29006,6754,2646
29015,69833,2647
29022,408040,2648
29041,129497,2649
29080,96342,2650
29158,27647,2651
29162,124325,2652
29189,21465,2653
29222,181881,2654
29271,175523,2655
29280,2166,2656
29287,132922,2657
29294,28026,2658
29297,96,2659
29300,3568,2660
29311,232346,2661
29321,86605,2662
29334,784912,2663
29340,220916,2664
29342,4421,2665
29382,3921,2666
29383,11857,2667
29388,3437,2668
29402,60473,2669
29411,89755,2670
29427,2114,2671
29437,20180,2672
29441,676936,2673
29498,59521,2674
29502,105386,2675
29527,140471,2676
29531,155239,2677
29574,3277,2678
29576,382335,2679
29578,31475,2680
29620,4326,2681
29648,300534,2682
29673,20595,2683
29688,62127,2684
29691,20415,2685
29716,107924,2686
29726,62662,2687
29733,391474,2688
29775,645694,2689
29777,32542,2690
29857,962,2691
29865,345704,2692
29884,508599,2693
29927,3908,2694
29954,640372,2695
30015,227895,2696
30039,24691,2697
30068,126444,2698
30087,666809,2699
30096,20638,2700
30097,18047,2701
30209,60426,2702
30210,4110,2703
30256,126291,2704
30274,110904,2705
30299,1014206,2706
30322,7005,2707
30347,81288,2708
30370,71178,2709
30388,455381,2710
30403,122843,2711
30491,20012,2712
30513,3046,2713
30538,25460,2714
30540,961845,2715
30551,2240,2716
30571,5160,2717
30591,18244,2718
30632,21562,2719
30660,1079206,2720
30664,27774,2721
30700,759687,2722
30704,196933,2723
30742,642492,2724
30766,118297,2725
30777,4949,2726
30788,727861,2727
30821,715615,2728
30910,6381,2729
30916,5987,2730
30937,92098,2731
30941,235458,2732
30953,87951,2733
30961,71131,2734
30999,71221,2735
31026,1305,2736
31044,33164,2737
31049,4144,2738
31081,9206,2739
31208,192412,2740
31214,74582,2741
31245,409121,2742
31247,642547,2743
31268,1013678,2744
31281,8938,2745
31328,75020,2746
31357,2013,2747
31378,639,2748
31395,320049,2749
31403,3457,2750
31423,131825,2751
31473,9377,2752
31479,124214,2753
31480,1029195,2754
31503,73079,2755
31519,146021,2756
31541,735981,2757
31578,1773,2758
31605,38340,2759
31613,22214,2760
31689,1263,2761
31709,107273,2762
31725,653080,2763
31738,214799,2764
31739,304446,2765
31754,60179,2766
31770,6898,2767
31885,87959,2768
31942,4798,2769
31953,696592,2770
31958,176255,2771
31996,17993,2772
32014,166181,2773
32017,995708,2774
32050,1037083,2775
32100,600762,2776
32106,29851,2777
32111,63668,2778
32115,20534,2779
32118,64117,2780
32150,29402,2781
32169,49662,2782
32212,10242,2783
32223,4081,2784
32241,447722,2785
32297,1631,2786
32298,29685,2787
32330,9356,2788
32341,272448,2789
32389,118479,2790
32447,71602,2791
32451,25229,2792
32460,61120,2793
32463,129372,2794
32503,662437,2795
32512,9382,2796
32520,1925,2797
32533,83889,2798
32536,62518,2799
32540,125383,2800
32543,165989,2801
32547,396,2802
32580,1001209,2803
32597,36755,2804
32610,36267,2805
32611,38352,2806
32623,1069947,2807
32652,642544,2808
32666,4062,2809
32676,62815,2810
32744,425408,2811
32752,66565,2812
32790,44935,2813
32802,494452,2814
32832,130338,2815
32850,1011640,2816
32852,9840,2817
32854,70081,2818
32873,29447,2819
32988,26850,2820
32991,727690,2821
32992,11484,2822
33022,679964,2823
33053,49955,2824
33076,7895,2825
33109,18878,2826
33114,1841,2827
33116,660793,2828
33169,87996,2829
33189,58097,2830
33395,132935,2831
33408,71166,2832
33445,74794,2833
33451,9947,2834
33459,213003,2835
33471,270679,2836
33554,77331,2837
33567,11921,2838
33579,1114680,2839
33580,4838,2840
33596,221104,2841
33605,41696,2842
33608,71092,2843
33616,457731,2844
33645,27985,2845
33671,3578,2846
33675,30303,2847
33688,20484,2848
33725,60456,2849
33734,643002,2850
33736,79558,2851
33740,36580,2852
33749,5668,2853
33770,29292,2854
33908,687801,2855
33925,858,2856
33957,3461,2857
33976,59675,2858
34022,30250,2859
34071,137052,2860
34098,660216,2861
34120,93965,2862
34150,1018614,2863
34163,410196,2864
34223,71060,2865
34230,47549,2866
34315,146279,2867
34319,21070,2868
34320,99665,2869
34338,104125,2870
34374,178233,2871
34443,411640,2872
34449,264203,2873
34451,930507,2874
34460,84107,2875
34508,127172,2876
34519,22223,2877
34524,97260,2878
34561,207799,2879
34579,737274,2880
34599,21646,2881
34601,74773,2882
34649,155423,2883
34661,131394,2884
34668,3359,2885
34732,513204,2886
34752,22747,2887
34754,4332,2888
34770,974632,2889
34818,9804,2890
34870,26414,2891
34922,76785,2892
34929,1012808,2893
34936,761578,2894
34975,647994,2895
35007,25157,2896
35013,36750,2897
35020,5800,2898
35027,71529,2899
35028,20989,2900
35032,62522,2901
35043,95860,2902
35073,28908,2903
35094,17152,2904
35108,20880,2905
35139,20041,2906
35249,27157,2907
35259,22027,2908
35290,124055,2909
35317,138054,2910
35319,26164,2911
35321,37587,2912
35361,131885,2913
35363,18972,2914
35365,1086053,2915
35377,94844,2916
35454,113629,2917
35478,4456,2918
35482,6216,2919
35503,160769,2920
35658,20207,2921
35660,20048,2922
35665,1257,2923
35702,347330,2924
35727,23418,2925
35735,89748,2926
35774,61716,2927
35797,47488,2928
35798,20843,2929
35808,2058,2930
35853,4075,2931
35888,138401,2932
35940,37051,2933
35972,457697,2934
35988,71121,2935
36008,660072,2936
36049,206,2937
36165,3085,2938
36247,686421,2939
36271,87963,2940
36289,223935,2941
36305,73384,2942
36329,145706,2943
36358,248502,2944
36367,657448,2945
36392,660236,2946
36407,131135,2947
36421,13846,2948
36477,169523,2949
36530,188886,2950
36574,135771,2951
36575,681946,2952
36611,176640,2953
36629,727200,2954
36648,13804,2955
36663,9168,2956
36682,22538,2957
36686,737534,2958
36693,663311,2959
36700,60322,2960
36706,1063520,2961
36723,7985,2962
36740,4799,2963
36751,90562,2964
36775,1374,2965
36814,33472,2966
36867,660570,2967
36967,94113,2968
36992,2118,2969
37017,654900,2970
37045,14297,2971
37076,21447,2972
37086,71179,2973
37088,61712,2974
37110,10283,2975
37118,676883,2976
37162,50561,2977
37168,13417,2978
37191,4212,2979
37204,89950,2980
37210,962893,2981
37328,217261,2982
37347,1061557,2983
37353,20184,2984
37354,122405,2985
37359,111353,2986
37362,713699,2987
37365,6299,2988
37409,13,2989
37414,1112,2990
37439,60296,2991
37452,7459,2992
37477,885857,2993
37481,139227,2994
37502,4102,2995
37534,13503,2996
37589,118918,2997
37593,230682,2998
37611,766884,2999
37668,1121294,3000
37679,112147,3001
37707,950593,3002
37742,87632,3003
37747,59941,3004
37779,20274,3005
37804,28964,3006
37807,303799,3007
37809,39062,3008
37832,65,3009
37840,477206,3010
37882,295237,3011
37904,1218,3012
37919,699729,3013
37936,820997,3014
37941,69798,3015
37993,191444,3016
38046,97284,3017
38087,3458,3018
38196,637240,3019
38209,17127,3020
38216,649217,3021
38229,1064327,3022
38237,765202,3023
38253,14413,3024
38263,642671,3025
38290,114447,3026
38314,8644,3027
38344,61519,3028
38347,20881,3029
38358,153648,3030
38444,96424,3031
38457,166328,3032
38462,63870,3033
38490,70751,3034
38534,46195,3035
38547,10419,3036
38604,837521,3037
38615,219035,3038
38630,4885,3039
38663,63181,3040
38711,290288,3041
38734,114468,3042
38755,312340,3043
38761,681735,3044
38784,184155,3045
38790,7682,3046
38793,85657,3047
38865,661987,3048
38918,15763,3049
38924,62584,3050
38964,119778,3051
39030,20961,3052
39039,20529,3053
39076,127056,3054
39159,3414,3055
39271,749451,3056
39310,734445,3057
39373,2126,3058
39443,727828,3059
39486,23044,3060
39504,37188,3061
39505,743910,3062
39524,219440,3063
39546,4834,3064
39548,77276,3065
39672,52180,3066
39722,176681,3067
39773,17317,3068
39786,93764,3069
39809,60649,3070
39880,4323,3071
39965,245063,3072
39969,22471,3073
39990,706780,3074
40028,5734,3075
40191,18176,3076
40259,671019,3077
40302,81986,3078
40341,12023,3079
40442,203053,3080
40451,20129,3081
40484,680045,3082
40510,874122,3083
40512,78647,3084
40514,25,3085
40539,3025,3086
40557,110370,3087
40583,3438,3088
40720,117214,3089
40727,23888,3090
40736,96594,3091
40854,275744,3092
40855,653473,3093
40942,38301,3094
40948,107535,3095
40963,65023,3096
41013,285047,3097
41014,672473,3098
41025,281906,3099
41035,731312,3100
41047,152094,3101
41062,522720,3102
41102,3506,3103
41147,4776,3104
41248,786938,3105
41283,179134,3106
41300,4272,3107
41328,55802,3108
41355,1528,3109
41362,731412,3110
41393,1070001,3111
41430,96268,3112
41455,90863,3113
41488,67849,3114
41509,414070,3115
41519,4234,3116
41632,49750,3117
41639,21004,3118
41649,61905,3119
41704,107760,3120
41722,21935,3121
41746,637039,3122
41807,37598,3123
41811,3071,3124
41849,645728,3125
41974,142358,3126
42021,478861,3127
42033,82306,3128
42043,96529,3129
42072,1052212,3130
42089,305515,3131
42136,111389,3132
42147,52579,3133
42164,47878,3134
42190,175130,3135
42199,75179,3136
42243,4174,3137
42251,17292,3138
42304,635150,3139
42373,827910,3140
42400,174944,3141
42434,2208,3142
42438,8952,3143
42470,25988,3144
42507,71127,3145
42541,219280,3146
42542,111634,3147
42569,11886,3148
42593,175786,3149
42626,697819,3150
42629,19821,3151
42636,494735,3152
42650,39160,3153
42676,644353,3154
42692,51832,3155
42699,60900,3156
42765,154697,3157
42787,6225,3158
42808,643151,3159
42826,3959,3160
42855,713047,3161
42931,131400,3162
42979,60341,3163
42990,4653,3164
42996,23676,3165
43081,122688,3166
43083,8047,3167
43162,227195,3168
43172,102374,3169
43190,177213,3170
43204,5134,3171
43268,270355,3172
43288,16515,3173
43386,44016,3174
43402,745633,3175
43476,24042,3176
43487,62517,3177
43523,3602,3178
43540,278859,3179
43576,27329,3180
43612,97309,3181
43648,59834,3182
43656,6345,3183
43666,160697,3184
43751,262967,3185
43753,69460,3186
43769,515234,3187
43777,135351,3188
43789,708998,3189
43804,4222,3190
43810,31339,3191
43827,664531,3192
43868,291185,3193
43901,9240,3194
43907,406019,3195
43972,610026,3196
44001,18894,3197
44011,621245,3198
44015,47636,3199
44066,884110,3200
44078,45154,3201
44092,71093,3202
44135,170441,3203
44138,658706,3204
44229,6511,3205
44239,165799,3206
44248,1041717,3207
44274,935515,3208
44290,54528,3209
44296,2820,3210
44339,71173,3211
44385,21821,3212
44386,214058,3213
44396,203999,3214
44427,665179,3215
44434,748086,3216
44513,218062,3217
44655,112737,3218
44656,639371,3219
44661,1101045,3220
44665,37374,3221
44671,35682,3222
44738,67,3223
44744,1202,3224
44877,687528,3225
44930,656631,3226
44937,561748,3227
44956,427157,3228
44963,37952,3229
45010,62824,3230
45032,214299,3231
45044,62921,3232
45058,6328,3233
45059,73244,3234
45103,331246,3235
45131,90165,3236
45137,48071,3237
45188,21293,3238
45191,698119,3239
45209,1087068,3240
45216,1922,3241
45311,221749,3242
45317,789825,3243
45324,44751,3244
45361,176831,3245
45399,20325,3246
45468,175794,3247
45508,19270,3248
45524,647789,3249
45527,194320,3250
45543,31965,3251
45573,71095,3252
45645,24164,3253
45676,32881,3254
45696,92262,3255
45701,36597,3256
45758,212536,3257
45805,2031,3258
45819,130974,3259
45832,7712,3260
45884,1057881,3261
45892,97094,3262
45909,27308,3263
45916,100153,3264
45932,4024,3265
45937,172602,3266
45993,4667,3267
46002,36670,3268
46029,546251,3269
46084,104510,3270
46114,1188,3271
46174,648784,3272
46203,11401,3273
46206,192010,3274
46211,37306,3275
46284,23035,3276
46412,715450,3277
46447,125371,3278
46483,158901,3279
46489,75606,3280
46507,7256,3281
46609,21147,3282
46626,1038170,3283
46640,30948,3284
46704,7883,3285
46729,3508,3286
46753,17148,3287
46756,96572,3288
46763,65857,3289
46775,104171,3290
46783,754127,3291
46849,645526,3292
46865,212680,3293
46892,72462,3294
46978,9429,3295
47006,199358,3296
47051,278203,3297
47071,176578,3298
47117,406141,3299
47155,72488,3300
47173,639677,3301
47205,307299,3302
47230,84014,3303
47278,1063,3304
47459,77459,3305
47486,8689,3306
47526,866081,3307
47585,183619,3308
47589,30260,3309
47657,144298,3310
47667,3230,3311
47712,10236,3312
47788,59688,3313
47866,9508,3314
47879,78639,3315
47992,1074,3316
48014,14523,3317
48058,301045,3318
48080,649411,3319
48117,23858,3320
48143,642880,3321
48181,327925,3322
48236,3139,3323
48299,667113,3324
48342,642453,3325
48367,633923,3326
48419,21321,3327
48485,907684,3328
48507,70975,3329
48526,615181,3330
48674,307599,3331
48776,688078,3332
48777,98174,3333
48799,2993,3334
48807,23869,3335
48815,42274,3336
48849,18552,3337
48852,131599,3338
48972,587389,3339
48996,537,3340
49012,19560,3341
49016,41532,3342
49036,430547,3343
49075,8571,3344
49149,3225,3345
49163,177161,3346
49216,648635,3347
49243,91941,3348
49247,5464,3349
49265,24434,3350
49282,21015,3351
49301,426134,3352
49419,27358,3353
49565,5690,3354
49632,82721,3355
49772,21347,3356
50022,994762,3357
50026,47804,3358
50058,1010,3359
50086,170114,3360
50106,644645,3361
50111,2855,3362
50124,232413,3363
50134,627480,3364
50156,226799,3365
50159,67964,3366
50236,215755,3367
50246,30604,3368
50354,4320,3369
50439,1032280,3370
50548,645621,3371
50616,51892,3372
50643,419499,3373
50645,645502,3374
50695,943051,3375
50706,205538,3376
50741,11321,3377
50753,87093,3378
50759,66380,3379
50786,64754,3380
50811,649204,3381
50812,194440,3382
50855,795,3383
50861,390,3384
50869,19923,3385
50909,269998,3386
50912,311519,3387
50913,145655,3388
50923,28535,3389
50929,234956,3390
50975,11988,3391
50993,160560,3392
51018,60229,3393
51059,182953,3394
51143,86324,3395
51223,100924,3396
51254,186348,3397
51350,759077,3398
51432,807041,3399
51433,112129,3400
51449,747781,3401
51595,157176,3402
51599,29761,3403
51604,1887,3404
51825,67623,3405
51863,101677,3406
51912,60588,3407
51973,60368,3408
52007,177101,3409
52071,665596,3410
52080,37130,3411
52233,3500,3412
52317,615353,3413
52358,338895,3414
52365,21069,3415
52404,553603,3416
52524,5570,3417
52533,11981,3418
52597,185912,3419
52599,101669,3420
52768,206271,3421
52778,1275,3422
52790,63736,3423
52805,212420,3424
52897,32166,3425
52905,172002,3426
52935,328,3427
52954,28959,3428
52958,25709,3429
52996,557531,3430
53019,18364,3431
53049,690388,3432
53054,272086,3433
53090,69863,3434
53092,49493,3435
53183,96709,3436
53382,63878,3437
53540,21043,3438
53551,699491,3439
53580,18795,3440
53627,126125,3441
53649,20021,3442
53808,508339,3443
53910,52260,3444
53941,88480,3445
53958,90873,3446
54056,66217,3447
54057,93977,3448
54190,24212,3449
54196,164262,3450
54333,74308,3451
54443,642102,3452
54444,133095,3453
54522,726228,3454
54569,28137,3455
54607,907982,3456
54638,413562,3457
54867,123469,3458
54923,1064,3459
54993,341613,3460
54996,22816,3461
54998,5803,3462
55083,3660,3463
55105,231050,3464
55145,637220,3465
55269,1023269,3466
55421,9362,3467
55427,865470,3468
55612,22705,3469
55622,21211,3470
55681,635970,3471
55736,672370,3472
55833,27881,3473
55969,90921,3474
56049,124112,3475
56101,7418,3476
56117,73259,3477
56159,20069,3478
56234,17905,3479
56309,182324,3480
56341,9351,3481
56365,26213,3482
56396,699563,3483
56472,1890,3484
56506,570753,3485
56557,3207,3486
56641,22460,3487
56671,49933,3488
56693,465125,3489
56694,1038038,3490
56704,9411,3491
56706,601246,3492
56781,154600,3493
56787,229031,3494
56806,130261,3495
56870,4311,3496
56889,151092,3497
56974,2037,3498
57061,20924,3499
57102,799296,3500
57120,122891,3501
57175,711199,3502
57189,985257,3503
57235,80289,3504
57315,6088,3505
57375,863057,3506
57395,258590,3507
57532,145542,3508
57611,1082937,3509
57626,314873,3510
57672,29439,3511
57686,153,3512
57697,16531,3513
57756,3862,3514
57833,705155,3515
57881,642753,3516
57893,204415,3517
57902,175816,3518
57927,161030,3519
57929,130669,3520
57947,22669,3521
57974,2815,3522
58045,8665,3523
58069,1093370,3524
58102,63030,3525
58154,122759,3526
58179,91447,3527
58197,202408,3528
58228,992730,3529
58308,480,3530
58325,263104,3531
58354,291544,3532
58385,647679,3533
58588,57911,3534
58718,29600,3535
58751,339697,3536
58791,578661,3537
58860,313030,3538
58916,3744,3539
58933,3444,3540
59143,24555,3541
59150,345162,3542
59209,98193,3543
59398,30225,3544
59437,804688,3545
59449,81981,3546
59466,62744,3547
59475,1112790,3548
59485,9790,3549
59491,442642,3550
59564,71138,3551
59608,33626,3552
59712,3227,3553
59724,104541,3554
59760,60606,3555
59789,189343,3556
59820,1661,3557
59845,177336,3558
59865,18371,3559
59875,95813,3560
59932,22898,3561
59943,68307,3562
60000,983046,3563
60030,514,3564
60037,660113,3565
60088,1227,3566
60139,99166,3567
60211,22657,3568
60248,2237,3569
60262,60585,3570
60304,14602,3571
60336,62373,3572
60415,528218,3573
60434,652428,3574
60437,17725,3575
60439,217187,3576
60500,3066,3577
60513,806528,3578
60562,1159,3579
60582,1933,3580
60590,9366,3581
60606,1030118,3582
60672,27754,3583
60680,1411,3584
60737,681268,3585
60746,90087,3586
60831,35738,3587
60869,9393,3588
61005,331851,3589
61034,222240,3590
61038,745113,3591
61113,703961,3592
61180,671879,3593
61202,788645,3594
61271,19888,3595
61283,223178,3596
61303,8117,3597
61427,44142,3598
61457,137316,3599
61471,51062,3600
61500,213325,3601
61551,336215,3602
61610,89468,3603
61629,7409,3604
61641,3647,3605
61741,3024,3606
61776,460539,3607
61787,3197,3608
61800,649273,3609
61851,660523,3610
61855,768258,3611
61884,4384,3612
61887,469441,3613
62241,52318,3614
62306,6751,3615
62427,1018765,3616
62525,4312,3617
62615,475544,3618
62771,6497,3619
62810,69799,3620
63044,71488,3621
63078,59838,3622
63094,180680,3623
63148,657619,3624
63151,328166,3625
63182,147826,3626
63233,643467,3627
63312,151258,3628
63321,90046,3629
63445,91582,3630
63486,13494,3631
63490,647981,3632
63492,371165,3633
63529,60551,3634
63599,25915,3635
63661,268090,3636
63683,616053,3637
63710,5563,3638
63715,85490,3639
63876,136992,3640
63931,960026,3641
63957,130378,3642
63981,8131,3643
64015,167217,3644
64036,445263,3645
64040,68315,3646
64048,10967,3647
64079,22463,3648
64225,712162,3649
64246,811479,3650
64290,22658,3651
64356,153926,3652
64410,659383,3653
64434,1251,3654
64498,729382,3655
64536,108983,3656
64550,408026,3657
64628,3581,3658
64718,409552,3659
64900,128702,3660
64970,878291,3661
64972,700175,3662
65005,733136,3663
65011,26216,3664
65197,187595,3665
65222,95941,3666
65312,814940,3667
65326,33688,3668
65365,132622,3669
65466,781832,3670
65494,4915,3671
65547,662172,3672
65703,62393,3673
65758,131148,3674
65794,102610,3675
65795,341980,3676
65855,693714,3677
65868,201995,3678
65960,54830,3679
65984,87810,3680
66111,673350,3681
66113,262984,3682
66142,768297,3683
66195,158794,3684
66233,101921,3685
66245,635672,3686
66387,22120,3687
66450,240982,3688
66457,4193,3689
66510,344033,3690
66514,1,3691
66516,14147,3692
66594,84019,3693
66605,29146,3694
66753,3420,3695
66755,48360,3696
66777,642851,3697
66781,389687,3698
66855,176456,3699
66877,367127,3700
66927,59507,3701
66986,318695,3702
66990,714496,3703
67045,968674,3704
67195,13414,3705
67203,73108,3706
67239,646634,3707
67259,869219,3708
67260,17750,3709
67292,72512,3710
67463,206334,3711
67570,80606,3712
67613,315154,3713
67616,943243,3714
67677,145010,3715
67819,4088,3716
67836,24547,3717
67876,62610,3718
67889,29664,3719
68015,5130,3720
68043,23528,3721
68081,478524,3722
68083,650993,3723
68224,4225,3724
68278,3034,3725
68479,204250,3726
68645,29543,3727
68733,114464,3728
68767,1122918,3729
68814,2062,3730
68835,4791,3731
68877,60309,3732
68882,36433,3733
68985,21252,3734
69099,27044,3735
69142,643024,3736
69173,228664,3737
69332,2174,3738
69361,14644,3739
69382,1034251,3740
69430,3106,3741
69520,68255,3742
69527,22107,3743
69584,10605,3744
69611,1122545,3745
69623,393687,3746
69647,200191,3747
69707,5869,3748
69783,17356,3749
69806,175669,3750
69944,689829,3751
70000,108541,3752
70013,77240,3753
70036,7813,3754
70080,67438,3755
70099,130248,3756
70127,11395,3757
70183,100761,3758
70216,5072,3759
70272,643177,3760
70273,73342,3761
70300,979548,3762
70353,73279,3763
70375,90845,3764
70402,80282,3765
70426,6349,3766
70510,39194,3767
70669,8941,3768
70699,839501,3769
70862,38675,3770
70911,88965,3771
71027,692138,3772
71181,20125,3773
71295,3211,3774
71395,7294,3775
71418,529808,3776
71474,6130,3777
71737,20059,3778
71776,79695,3779
71823,83756,3780
71871,74031,3781
71899,639177,3782
71916,133824,3783
71992,60528,3784
72050,4409,3785
72079,131826,3786
72121,712128,3787
72123,203901,3788
72180,402251,3789
72262,1133230,3790
72424,7689,3791
72840,35451,3792
72858,5133,3793
72859,36358,3794
72900,1081297,3795
72904,4993,3796
72923,125985,3797
73085,149631,3798
73138,186756,3799
73161,21969,3800
73275,223033,3801
73289,62890,3802
73300,93692,3803
73738,274637,3804
73785,577052,3805
73904,715136,3806
73940,125034,3807
74063,679529,3808
74065,219747,3809
74099,262190,3810
74143,20480,3811
74242,645626,3812
74247,11796,3813
74453,186704,3814
74467,65407,3815
74483,37649,3816
74542,9161,3817
74609,125251,3818
74611,22486,3819
74677,88586,3820
74687,2974,3821
74818,108113,3822
74834,41751,3823
74838,142819,3824
74880,655623,3825
75016,9740,3826
75131,126141,3827
75164,354470,3828
75303,593582,3829
75323,301607,3830
75325,8209,3831
75448,21697,3832
75476,131309,3833
75613,434437,3834
75641,690122,3835
75681,498917,3836
75687,62878,3837
75704,82883,3838
75715,56348,3839
75825,100794,3840
75888,62760,3841
75957,3935,3842
76036,169753,3843
76076,231489,3844
76175,854342,3845
76260,75069,3846
76278,21249,3847
76394,60423,3848
76529,1104765,3849
76702,23521,3850
76777,21754,3851
76814,18148,3852
76890,21868,3853
76964,94184,3854
76969,1068955,3855
77042,1004461,3856
77102,695779,3857
77118,709,3858
77152,1076285,3859
77382,69844,3860
77402,702134,3861
77432,923232,3862
77539,4926,3863
77624,58778,3864
77733,202176,3865
77755,483332,3866
77762,8319,3867
77787,113758,3868
77853,1102875,3869
78017,451731,3870
78204,365710,3871
78299,78576,3872
78328,977507,3873
78383,265154,3874
78395,6337,3875
78707,426874,3876
78710,1796,3877
78778,1013642,3878
78913,445305,3879
78929,855457,3880
78953,736092,3881
79103,1022385,3882
79308,4309,3883
79334,8956,3884
79351,339712,3885
79377,908778,3886
79405,82702,3887
79589,662194,3888
79739,4772,3889
79824,693784,3890
80044,217323,3891
80061,193986,3892
80068,1022883,3893
80137,308606,3894
80153,1117955,3895
80201,21226,3896
80292,81540,3897
80331,71098,3898
80614,5204,3899
80684,10571,3900
80862,643374,3901
80941,130997,3902
81069,75051,3903
81093,740991,3904
81119,5960,3905
81171,649255,3906
81293,649250,3907
81344,3481,3908
81370,60493,3909
81419,223430,3910
81433,202006,3911
81451,121953,3912
81455,657503,3913
81501,644120,3914
81520,29641,3915
81596,172659,3916
81706,156227,3917
81829,62844,3918
81869,503156,3919
81970,23904,3920
81993,7970,3921
82000,156605,3922
82027,395379,3923
82098,9375,3924
82209,6675,3925
82282,1642,3926
82451,685972,3927
82477,172340,3928
82583,8701,3929
82666,217667,3930
82686,100384,3931
82926,118294,3932
82928,167008,3933
82930,196459,3934
83065,1030432,3935
83173,1843,3936
83261,687238,3937
83407,10039,3938
83455,645607,3939
83571,60053,3940
83620,143890,3941
83709,656065,3942
83808,642504,3943
83824,740137,3944
83880,227687,3945
83903,229792,3946
83931,13697,3947
83984,161227,3948
84006,118230,3949
84259,773752,3950
84300,752616,3951
84343,130984,3952
84413,100280,3953
84420,68124,3954
84644,114385,3955
84844,7968,3956
84967,1715,3957
84979,124665,3958
85058,28966,3959
85100,4987,3960
85144,6815,3961
85247,5905,3962
85467,356926,3963
85487,542625,3964
85504,281923,3965
85623,710975,3966
85645,68388,3967
85689,87950,3968
85860,865853,3969
85863,789010,3970
85878,26921,3971
85899,35765,3972
85961,108206,3973
85972,92906,3974
86080,29810,3975
86212,24839,3976
86245,939679,3977
86278,150510,3978
86299,129280,3979
86363,89888,3980
86364,430850,3981
86590,219651,3982
86714,123978,3983
86776,684656,3984
86865,772097,3985
86881,101719,3986
87001,27463,3987
87040,108561,3988
87045,24811,3989
87093,74770,3990
87199,16020,3991
87213,1022259,3992
87220,186921,3993
87224,648347,3994
87242,96113,3995
87315,182611,3996
87593,57751,3997
87639,337842,3998
87755,228945,3999
87758,381699,4000
87857,37037,4001
88080,835195,4002
88153,649251,4003
88271,9077,4004
88379,774989,4005
88394,3597,4006
88418,866871,4007
88560,29732,4008
88587,6932,4009
88641,21120,4010
88648,669066,4011
88685,5541,4012
88766,685552,4013
88905,269839,4014
88989,135135,4015
89035,677124,4016
89158,85743,4017
89350,644311,4018
89507,492502,4019
89512,159303,4020
89584,709273,4021
89736,100414,4022
89786,2850,4023
89839,666953,4024
89862,4139,4025
89952,865698,4026
89998,747389,4027
90040,645507,4028
90125,1072137,4029
90139,124435,4030
90255,126112,4031
90354,88585,4032
90430,191423,4033
90570,670437,4034
90613,11882,4035
90642,48587,4036
90808,13691,4037
90939,24046,4038
90943,184090,4039
91030,983151,4040
91042,855661,4041
91117,130252,4042
91122,734791,4043
91200,57840,4044
91313,21706,4045
91319,52578,4046
91341,186794,4047
91568,279202,4048
91598,102261,4049
91738,207792,4050
91822,790985,4051
92397,216445,4052
92407,25152,4053
92455,1043330,4054
92621,17762,4055
92624,154907,4056
92733,127652,4057
92834,176101,4058
92885,598549,4059
92925,17299,4060
93074,17640,4061
93077,11413,4062
93155,460673,4063
93162,733870,4064
93405,1026495,4065
93418,5572,4066
93429,352209,4067
93690,338043,4068
93742,149304,4069
93764,2701,4070
93911,8433,4071
93927,667551,4072
93960,166147,4073
94098,33849,4074
94140,163501,4075
94164,1117936,4076
94310,649215,4077
94385,36474,4078
94442,9177,4079
94447,644348,4080
94467,4004,4081
94550,240470,4082
94558,198390,4083
94606,1065019,4084
94624,7737,4085
94670,194709,4086
94829,206141,4087
94854,20203,4088
95108,9088,4089
95166,1539,4090
95455,200920,4091
95594,513169,4092
95690,693476,4093
95698,186012,4094
95744,301876,4095
96390,6312,4096
96561,117939,4097
96627,19790,4098
96659,743481,4099
96661,1175,4100
96704,59836,4101
97111,187293,4102
97123,63911,4103
97315,775,4104
97327,37396,4105
97383,1087816,4106
97524,4870,4107
97617,425898,4108
97657,667330,4109
97764,123248,4110
97789,90002,4111
97871,90508,4112
98032,574104,4113
98045,101180,4114
98321,489992,4115
98337,99641,4116
98348,5838,4117
98406,85148,4118
98488,26948,4119
98497,853015,4120
98571,92621,4121
98626,175315,4122
98648,20185,4123
99058,165783,4124
99127,689957,4125
99213,541723,4126
99223,36651,4127
99283,3505,4128
99321,168401,4129
99352,275050,4130
99376,616577,4131
99533,294645,4132
99541,736804,4133
99709,2107,4134
99747,9255,4135
99783,11334,4136
99903,62992,4137
100083,116888,4138
100340,18943,4139
100401,4122,4140
100424,51046,4141
100738,5500,4142
100751,24585,4143
100761,891277,4144
100793,323859,4145
100970,4788,4146
101059,353209,4147
101113,126375,4148
101172,801695,4149
101215,62,4150
101569,19144,4151
101783,568447,4152
101894,4804,4153
102004,114443,4154
102119,2812,4155
102208,640774,4156
102423,649266,4157
102689,4725,4158
102690,28963,4159
102881,2699,4160
103004,205421,4161
103079,3267,4162
103099,707836,4163
103216,21654,4164
103258,160270,4165
103599,222550,4166
103743,650815,4167
103750,20808,4168
103869,182368,4169
103957,3946,4170
104000,1000950,4171
104007,656639,4172
104090,65594,4173
104105,618598,4174
104536,3335,4175
104816,31199,4176
105065,641485,4177
105109,163630,4178
105186,47472,4179
105223,61438,4180
105234,20351,4181
105253,10874,4182
105257,37722,4183
105495,542293,4184
105506,177584,4185
105515,62739,4186
105684,100871,4187
105906,167985,4188
105921,301524,4189
106057,3497,4190
106444,1032923,4191
106677,3156,4192
106784,38442,4193
106998,754897,4194
107019,685055,4195
107034,855428,4196
107284,132759,4197
107622,643119,4198
107687,1079896,4199
107781,78613,4200
107830,137483,4201
107843,6194,4202
107856,887060,4203
107860,192249,4204
107873,470198,4205
107896,678827,4206
107982,108502,4207
108087,680646,4208
108287,584,4209
108461,1604,4210
108809,35814,4211
108917,161439,4212
109017,1119714,4213
109100,142623,4214
109153,1526,4215
109273,3152,4216
109301,713655,4217
109446,87920,4218
109477,9041,4219
109660,37305,4220
109664,664741,4221
109686,795991,4222
110213,342060,4223
110245,91404,4224
110247,867122,4225
110348,3154,4226
110494,404396,4227
110556,691965,4228
110572,3807,4229
110698,725945,4230
110764,60455,4231
110765,663849,4232
110836,59647,4233
110932,25924,4234
110942,23022,4235
111043,122845,4236
111314,327793,4237
111364,83213,4238
111426,5115,4239
111695,57802,4240
111714,39827,4241
111779,64315,4242
111834,28904,4243
112089,50773,4244
112274,12240,4245
112323,790999,4246
112358,242978,4247
112359,1009875,4248
112403,71018,4249
112548,549509,4250
112591,90679,4251
112617,3429,4252
112714,29662,4253
112762,216868,4254
113092,693888,4255
113291,217221,4256
