369738
1675813
460929
2560450
15626698
1098579
2784905
1740015
2128867
640619
1990722
3712134
9429500
3485900
4364647
88509
2939250
229758
3804754
3778235
960816
82903
2305924
3971281
24985196
3775790
2055649
2529973
202
732
2278052
5611851
6016273
2413569
56388
244367
1933391
2281857
801564
856685
1229975
2165444
6352423
1960502
871207
6127718
7833899
4167580
1865915
18005226
2723155
1290133
22077323
8773882
914241
8132745
56122
979591
564206
388303
6318701
26800193
856916
3684143
14538462
465784
12673875
6063930
123474
3908823
2520816
175257
551612
7119209
1030249
3982821
2549747
488136
6071761
4176
4592766
6930741
16652210
2235937
2492729
5189726
1170978
12545945
3320682
2130155
2471515
461322
1274517
1289115
5426264
8630072
5265
5192867
4961
7714032
5190378
21800255
7122878
874970
4879835
7923118
2601209
475799
349907
7679686
2605464
2656299
990608
1440565
1133777
434608
1907640
3328542
3634362
10361501
1853126
11212103
2984926
22836750
19347112
724154
464087
4962499
2034509
14461
361047
1680561
227191
23832
1859513
1980676
16211103
905249
6219238
2586034
7602019
9534814
51905
2567477
3986866
3615131
2608214
19946
9984736
82821
6691352
5900153
4787392
19788805
913637
1651619
1159624
2667
1402579
4573037
69543
215406
452999
29267157
989504
663828
703152
2100577
11136
1513712
63461
7612020
1236675
1619516
811999
17773644
962468
4353751
2996955
63615
1885092
5143273
448082
67880
39249
2685371
15204602
31889
2264542
11201
3769907
45032
2640332
1257637
2014234
2
1120800
166785
7341575
13604298
135848
301901
14896439
315420
2835041
4209125
2804102
5994211
789068
22215353
1533235
30843852
1226677
1360
342367
2193941
2274976
17183
2726081
25031840
4910910
4744654
1865767
12346948
3733879
17108
977759
5642956
1806301
572884
726994
106058
5513458
2802735
5022487
304808
1218288
633247
1071823
15112190
1791485
4030239
109073
1604996
909547
1067172
6072890
29525
21787976
1602581
4743285
1421582
10424585
2802004
4544799
582911
5239139
2681471
3925001
563851
2043546
20098910
25755823
14524982
16327351
5814236
827322
2150533
3534913
3205778
110168
1287783
6184
5803256
101873
657334
1672073
5025001
3035023
3451465
2107211
2138611
998208
326077
3235038
2126550
390155
1186014
13850289
1266209
9514730
2224268
10346915
1152762
12716998
5664517
9429163
737268
469687
592116
3369081
39954292
273798
6572160
1060853
2989463
173532
714921
426180
411774
47107
4572543
2618898
39171
9113747
5900030
7611738
1831291
3012675
3829450
4255742
1111648
11010614
96418
1033870
169384
905449
2187812
332558
1491316
1996660
6347179
24094427
4303842
267979
1501082
5207920
1869697
22329
980463
3375814
324310
664034
221995
1313455
72090
5838974
670646
582451
209579
2000153
238340
774785
6528303
3257213
1340715
14778874
13445567
7267891
44592
5049914
10538466
1960293
25139
446370
5484955
2684646
588762
13118071
9449360
4389750
735878
1348
1653626
6056202
945512
3370276
3680372
542721
5145558
1783669
468761
137303
765876
446534
34813901
436736
72360
11068226
3694802
2687111
2842938
1521632
9028785
3665839
4472612
395839
10098250
1554373
15632131
1539377
621057
33444
6975453
4038203
5332102
614522
487203
2527451
5123221
388529
3247067
595976
1383469
5274
804120
10084892
2544955
1798368
1487048
22132483
3354247
2094352
1074965
111173
4499401
11228799
4455199
6578387
13514
381084
467382
2117715
675637
3813365
2982344
944709
3405083
1037131
2667354
2347867
1673065
2918348
2945090
2620901
16325210
2089025
4877201
9185151
6794309
1239981
4785735
2906149
3976003
5460
4703
2707819
512587
3370077
2993028
4184912
11648708
726810
1066205
514934
324
189792
3163847
2552689
493
902515
1878902
122544
1458693
21641
9965965
4933968
5305832
2994525
11617146
328517
3268652
2947775
4992572
6206477
982012
1033481
703168
521381
330380
86132
3360417
1142354
1115446
3023433
7774655
2776687
275565
2724694
3041572
349009
259220
2248469
381694
1492720
4957451
1171725
9376918
25483264
22429524
6942471
2997365
12552123
864730
529849
4567339
3998830
723257
3550143
493242
623728
278362
8338999
3183837
9261537
729513
3720686
4382615
77004
3398112
8346856
2466239
1874876
6977832
3419886
14030181
1827040
6488907
1102409
2122747
9124458
3203288
2946382
794988
2125036
1618173
3763316
755250
405112
3700653
7702431
120485
184370
1253257
157185
49134
5931784
2058051
4100451
100445
5780900
3949916
2909310
23784
3696587
3223855
12093809
2443414
9686780
547354
25765
5213265
1988832
466504
4453349
5228431
4416638
3756050
2274608
98584
3462104
64615
22999
4449047
173279
3919663
5668
1447081
106872
16052527
147886
2330889
56935
4308643
8769358
2545868
3719049
43471
37029505
9596814
4725806
106255
20818
3622956
4375158
15350192
48311
3543792
1161957
1292636
5689900
18302
4704346
10419610
4508788
3736102
2043257
17201866
3401497
485972
497920
169365
234169
4120468
686389
235498
6865827
8070600
2000647
2350871
733302
486879
2267921
6896105
5117320
88685
551967
2198673
83476
2981003
3630394
23745
8804429
638922
20572211
30572857
2385654
864538
335866
12021102
2143925
3419044
5421166
5881146
620646
3070897
2557940
3574556
4791934
705831
115292
317874
1223759
34385
660309
9403075
1631852
38665897
4846980
8672647
4172416
33389
1143652
204
9471902
2378690
1265199
3374173
5654100
2661838
2018154
3003096
715410
3256345
329754
43276
170219
19131
2302425
975211
6817063
5800351
409091
78836
3846250
13832054
635685
974339
3461223
4958879
6020736
981646
719269
6136896
4509503
3649155
1277852
28190160
226864
1801291
8344209
2526911
30181404
18415787
2890112
5876184
95510
15504975
4361088
23777
25875467
1721713
1040088
4078796
885269
5694561
8614736
3943714
4472801
3405229
4779434
54926
1897677
2304677
585686
749986
707333
8177960
7856897
6391346
59893
3940828
398392
7837929
416048
618436
134839
862443
7620244
4411455
5777804
4293360
8821458
221512
54133
40452
330282
270653
490086
3509625
76359
496930
20630480
783239
9496569
3859396
764592
7867706
4215622
26650505
2857220
12449289
9768259
1070000
3971080
1925135
8577883
3021380
6550
6513120
3819682
967412
576226
8182228
1841723
156244
3048258
4635023
732423
5580354
2406582
4769078
26857576
437660
8087767
8402234
1609677
341526
283525
28219856
21185436
8109528
3488870
3614028
671841
5862328
1030935
3374775
73065
14596715
577665
1208833
1289655
12745
4172466
3306907
6111861
39507
24590848
109097
153921
7180
972377
2685292
7111489
1672754
633287
741917
15469997
510444
17087633
1214663
2817411
6515921
11458737
1463554
59236
2953803
9029
1893176
556364
4706476
1072866
617
3020034
3412157
37286438
1277232
3523575
429376
44831
2940421
3744416
165480
684147
3059140
545112
96472
3961734
621966
68126
448509
277189
10658034
50117
2382596
641175
192397
982368
5985893
2468055
946314
2838221
16133840
1891380
138174
1155202
8062170
7136306
2778470
232379
1594832
4103157
2232083
1844010
3270082
524082
4635369
358341
11830192
607996
3866316
1369633
4122379
511868
1837606
2494935
2836805
9288470
2703978
424743
1076743
227098
2990169
2835136
6433976
337486
5321447
2341353
1028195
4779710
26774196
117888
62197
5424345
18285919
1473614
14096736
2048259
1353322
350078
19823111
110969
412627
3632261
141456
923057
694284
905923
57052
2184383
616780
282050
2025894
3307113
1058491
5973219
1039413
376521
3171495
31901318
284758
1842583
2172609
127427
10768310
10041501
41859
533053
2729740
4868380
9841183
4852801
2091001
180721
297609
1498677
1736146
3892786
2692176
131835
1008116
40096198
4486291
708128
6604039
81683
54905
1192043
24654921
5384059
4442451
784109
3116314
513695
3334545
2718338
285373
1358185
2043089
3724176
14696457
3408075
3048890
749744
2687028
1020610
1953522
4430837
609214
3272927
2797100
7105240
18013571
1063407
637743
1968170
461299
281666
232615
8949813
764557
6588609
231431
7865262
5133301
2448673
743778
10290474
879456
6495556
183594
421196
73661
800136
769591
5890966
4629866
163225
30381
4549394
84603
17214442
16580065
4713116
630610
4242213
19399286
32234905
5580383
12497
2400538
806024
2090741
1843610
5227530
479369
55370
775571
3056288
5133364
1900634
1128167
2850547
5004959
667096
1565146
478155
2469488
1455579
853778
603283
2074953
17949716
1361927
5347011
8729683
5051738
1075945
1395628
4540353
3065847
2110438
94959
400916
7439927
1201489
26826138
34992
8693489
350344
2523818
8389410
182398
4937779
5999963
13379651
4433027
951258
207331
42764
9466516
3387543
3115225
174569
1328625
1542519
4224
4831798
12531
42589
6465133
794155
6396254
4550734
66868
2016365
6760711
15309394
45613
4737754
996611
26209921
1173257
250178
1972124
2183531
10550449
2922700
736843
44359
4805449
7540
160505
5432
2076670
5492174
4699550
122044
1071628
9211159
2145981
1093648
1729529
13484
1899022
3307012
679948
90039
6484369
461143
305717
6971018
1847476
624505
15454128
3118284
8066041
10329553
3509973
2586295
146539
2089669
5161107
7384084
64346
228151
5881108
303067
8243989
8295603
231742
1365259
15315387
17477463
1208529
153016
4821823
3718153
176882
2571401
9783477
671674
7384757
4265356
567819
126430
5168068
74913
3973422
55895
45015
2113395
1231548
166127
2689941
8076250
436084
4615884
2068166
4575938
42860
699443
741208
11189446
112354
4763829
2880505
4359144
366832
699899
108339
4726937
2500401
4135048
2219418
22752041
2069547
4479568
4247
6596798
15342
1484284
153559
413684
275
2470896
1080406
4394586
422293
124931
4190431
845931
2155036
236234
11954940
8374213
164637
47624
3759855
1735932
332930
1429625
3560190
2828159
8163308
9385472
13053916
1596850
12415205
51501
3274818
804548
3492629
2762828
4349346
5166823
3977194
1454039
2493888
2234423
99076
886782
1256997
3156687
9058273
697646
30008719
4558875
487
309146
19478
2058374
1565798
48051
3655886
6206
22824234
2558499
360734
331462
36110
20499640
7750200
19853034
1260125
5335063
3272090
4728858
7648583
67783
7093779
8165
2467380
5281058
1862963
592927
724346
61618
16357133
1031432
67355
55303
10799542
5428666
5260290
1713595
892387
23733605
2353335
350480
2130159
2172517
2603
5032209
11489738
58985
1265386
36259
44776
3180317
6461
5304668
8765219
631289
42302
34699
3575204
2579741
2449124
25164
44767
2975145
22818794
2526059
1384594
9675108
1643094
3577933
27016565
1088301
82470
1644807
21923041
15902174
4275997
3673145
13139981
20800001
2401753
7278673
2187892
52192
393282
2622335
393296
361147
919043
7922113
4498534
3432161
3418855
2473008
481504
17469901
6988979
540611
2297409
6558942
2557070
2844014
23291728
3170601
14177228
133475
424546
480096
279075
9740954
751502
2931731
3707761
21532061
2057108
747798
20784
1260120
17681481
1474867
1014359
1990280
10950425
481859
3945733
3299493
5727500
1136613
2704907
1304744
26643273
4498410
3066998
490797
6734999
1803265
793687
1857993
53073
13054171
2557921
30972181
706
7222613
2071914
286233
4275826
5625966
11692175
7032263
4042973
3050032
3980365
26467264
56852
29393404
9482657
3610615
3258738
1902589
7461945
121519
24369391
24076786
2675612
56858
2946968
972083
1797568
4602996
100728
3894701
6272690
814472
2091768
15433265
2683515
1069372
12544154
20553
5775303
990437
3200041
32158
240673
1035204
3197725
2976292
3639607
1621028
1481377
18713474
1105734
3733154
8159920
1732862
2138033
7954219
275311
1074971
1217149
145578
17951309
6938903
3707603
21
465042
493576
316226
856130
2291994
1284776
101
59255
3354914
348209
2447484
7971831
1282626
5854578
2877019
289665
14855874
2910358
1817125
8850966
2057296
88516
580566
3869909
2603553
1926159
177927
412418
3048247
66082
2476563
4444733
18873363
20904258
3657185
4616503
859359
2664220
655131
12255490
709629
4311963
6175488
4480253
4377321
1726727
1870266
1397327
156975
1314873
9570013
1999905
1101250
2536670
3119643
2346158
1580633
11205105
4647335
5062814
15927251
45106
6025303
242815
8655383
89649
1632171
14724876
7257401
2187071
165534
1933079
5203172
2876276
4279522
3615007
1057136
502443
24335
2982412
7994049
2057684
2503584
9655305
600542
8948755
3760985
5263
2578530
32094
529969
945363
4229306
5919933
87055
5035003
32726
3918556
10243469
8086753
5509225
190786
376784
3890886
1155882
4867185
13074888
3407340
4705742
2193619
167817
4136993
10159714
998605
178813
196022
2170503
276783
4017955
478081
37411033
420818
1589280
5456231
33023752
3150914
4847488
10638890
2206986
985013
4370031
1219358
470140
5611170
1989781
3697530
1997757
475679
1754551
1517781
325219
2187622
459472
409031
2350048
3806200
12759
3600701
5562
3700216
25517
14609045
4496464
2612828
1790057
503574
167186
2314261
637690
4868960
8331074
1737133
4575367
3891911
290711
2905934
633236
6121121
9261
1794233
107979
8740309
3991007
64648
3374922
14710072
3831961
5503637
771624
5067864
147028
2157511
5504003
3759198
4033854
5011428
401180
448143
36926
3275142
4204504
3991761
10963
1184121
3906638
5091551
3777258
76765
3615573
6776989
2629570
3697726
1655216
162211
3035712
308253
3062533
4184996
2136144
12293118
2532543
1013866
6021056
2044942
3283795
451880
871520
6052181
5095125
1097321
1223005
5368788
2109376
2275439
1042590
20815038
1621053
2549365
148720
538859
4588399
2057271
10420
6690025
4985309
10780032
77795
1191774
9043267
6976992
3525592
663807
10445271
2069593
4256592
623454
2064621
201060
378271
10277242
7886042
2181792
334215
4290555
246367
4635399
1717118
1452703
5935753
24653895
213335
832022
8509395
3867091
8632049
11590926
815573
1615742
16528
9985352
2486785
13773807
2845505
969898
34903
7845075
132
7397064
45636
563803
71249
1641035
15568503
835258
3139121
30772
2681811
3604454
24366398
3444120
1350355
87298
78887
6977743
1847427
111879
3469290
2627501
1900899
465480
2811944
715936
1772781
2371007
3829516
15455885
3275348
4354341
654390
3956079
535176
5995601
20804254
3680164
1411956
207932
389789
3342395
1956064
3355281
10627702
270634
59483
2717228
340146
377733
1752462
8997698
2301989
3933622
4956060
1565932
2426487
633647
542826
2826371
2063426
4391711
1841926
1088055
11413004
26227471
800601
733135
374427
352811
5994
106758
2896895
5064787
6608414
368404
8231365
12776359
9205
376483
3755016
522394
4092086
181985
9253145
523560
885976
2177714
2234023
3673345
655933
894749
166221
5163599
96603
46303
6178670
46837
727956
3694406
71158
864602
1217214
740076
677271
11625637
1393029
6918
4041357
38097
1889
3669597
30977463
960897
736005
721860
4624908
32632
4237180
15087362
91685
19217686
5643868
1789596
14818
2783513
6983473
670243
811
6787542
2057077
17709
151250
588817
757158
486031
808629
462209
9206967
4728680
4476444
498356
20923366
273559
855289
4105796
1477016
11125306
3389822
4192630
12198576
16461
4002445
9494665
1321512
6242118
2067727
4174471
1411555
2884926
1989174
916699
6241914
14464895
16597911
2602471
940388
11872826
18435971
6899862
901555
4587172
1625939
2466156
4258512
25151122
226364
937183
460590
11360216
7375201
11531825
3268967
474510
216996
464132
27005
1585155
2131598
18326523
108169
4050769
760177
281553
1512431
728494
7460711
19764940
2072158
3908331
2604343
6890579
4729
6021301
59755
1955810
45036
2225932
14039279
2605429
184789
1909008
5314211
8883829
5059087
5054218
4891057
7417126
3831813
2271119
27003770
4961062
5306
1827896
2752557
42103
3942377
736167
1265592
37645895
4145183
1245708
6081313
487454
5992605
8845102
7676
486614
28600308
676034
788554
2060834
2042758
11304
1078388
9031026
144423
1000825
532071
10010836
116268
15484229
5975779
3454647
6091236
1843620
748088
2985814
1884761
7057426
2676017
167333
2599578
4828
3974957
2138866
1979260
3502630
21654
2601015
12819
62612
407861
3994589
97737
600400
2644531
7111992
1069741
1289540
691450
10070539
3971453
22024
15551280
3366845
24213291
3908693
99493
74022
42901
1840594
363444
4232281
4918292
26359167
49455
738798
1072539
7549595
1853580
2339567
801498
10477041
2331458
670929
4200312
2000105
2967826
577691
15907094
2538276
