232310
185098
1012956
167051
989053
42934
1000965
16511
95253
99766
2079668
1005035
1055838
1003384
1364278
44151
94879
157531
39583
42435
84005
520121
998072
1062241
153940
2039694
1006289
1882226
246286
453058
116446
45609
1018632
60268
45645
1002233
220946
43410
1391598
526330
1946
1340336
66637
14561
455423
195482
81568
94859
43338
166359
93308
2169636
1307
103716
1061965
46413
57564
1200674
118805
347510
142977
71590
442286
2164164
225235
1541989
1002389
249700
93423
103200
368659
43070
40938
56201
157267
95159
93984
23495
276297
2166662
466066
465922
64488
1097282
457502
2646301
90728
77271
72003
1021984
268277
44875
1070555
352749
6488
34402
224332
476100
134082
53694
105287
149613
45623
30373
369076
695343
1015688
471923
483600
1002057
71433
149634
55835
472052
39565
212246
373089
195898
2094
16610
81626
1094851
1903725
731343
307496
1012560
1101624
94848
22090
239050
513599
119403
1012753
1525459
1009217
43015
421178
152247
1326305
75804
96238
999439
45627
42506
242137
65103
1890922
1064960
999185
349241
970034
43640
592196
57593
335612
249572
136525
43226
1384333
79857
116841
1002424
2164348
477694
562998
1021510
42876
54
999162
998115
1037976
991440
991763
359987
1261493
729885
694151
990520
704049
82696
141444
1044496
42391
116494
146232
909337
1001222
42443
112888
6414
57329
68407
301
728279
1026730
1243234
30155
59350
67428
1006621
23461
146362
1044429
1000867
55754
42297
259537
59375
43496
249354
18820
365516
5479
1052567
1155490
997880
65173
160820
1191396
42224
44071
497391
41416
1986514
989391
60338
8194
42735
4684
353826
364854
42519
55894
86907
95132
85942
108855
43648
44021
7133
90491
43723
43425
1283677
361573
243248
254993
54887
111295
1150805
364085
695429
44947
1010909
577281
43972
992636
42299
94906
999677
44273
1118724
998907
42549
48080
57435
358309
1011062
43692
1055476
95184
364630
75244
81565
991749
68305
995946
54844
43659
989260
82227
1240
42981
307507
22069
43780
1090338
91436
1000394
32618
42520
43542
42383
2633418
1012796
354150
1598420
43650
44244
1037767
221223
119575
43502
44921
154904
83872
1109389
43320
362510
307183
200423
1002415
78699
1084173
989221
49528
1047897
69646
1004932
1025437
297578
44263
1003695
91461
44023
164323
42480
74747
80482
43875
357189
1004923
547074
82480
43883
648135
40942
82241
1012798
22747
70148
49794
344052
1365647
497362
1095250
85692
83595
42800
186067
43416
246718
42922
1019499
989392
15784
56786
359844
1012013
83668
1066043
2463528
70409
94953
168836
731167
42952
67843
1005316
147469
421356
35288
44078
42315
2121169
16417
1019866
92078
695412
731199
5065
373093
1198914
1026156
429386
346630
1517703
1115864
22147
946788
2174778
79969
145021
347575
40979
42865
231204
42709
991235
992772
366551
43985
1004191
1004566
1004112
44004
42239
51813
41450
155603
695357
1517411
46271
1489767
43063
1012881
71841
461777
1018131
793748
694578
1253558
180612
173581
42852
997965
1008963
2577809
733669
1029644
42331
79855
43533
42849
1073651
34793
224594
94881
81266
148849
1004236
83419
2656
1890943
1210444
1002188
999614
987860
21437
195555
729902
55959
694631
68245
208346
81546
358774
22281
61206
113851
365294
69055
1000167
1017102
41057
1077305
43952
991658
75912
42561
999538
1025267
57614
1007009
362592
990878
979314
77921
53100
40091
12997
1126467
46375
9366
369791
726261
43054
1153410
1095722
534302
1032624
43751
578371
74947
82802
1008290
675217
43045
292602
1006007
43353
95035
75144
1055540
1009661
357527
44048
1053606
359711
55711
1013750
106241
166161
61833
768143
42235
64941
79965
292583
381157
1013421
1026648
100263
689001
12313
694097
42964
65512
458360
103938
480269
43462
354030
1138320
697519
749293
24003
77987
392560
413767
470645
78756
131924
777043
357491
1949010
39020
264769
990491
108887
202171
992862
248955
65278
1006492
20804
39579
43537
47541
95239
94826
42978
1070894
1967995
676771
86055
71452
103677
42425
533782
59300
44213
613875
43747
1011469
165786
1064679
42721
11271
69893
53683
356506
943990
362073
1068474
43909
141521
1006711
65102
1001370
43918
354843
82452
44868
1020286
131538
42629
56986
161403
44100
1375405
42979
55810
992768
371988
275314
354208
42330
52950
30099
1579016
1036614
1010947
71994
86178
145751
1050406
19464
156395
1002815
43162
457858
69725
43200
285513
94992
55697
372883
195578
1014791
1166027
988087
989018
1250050
44202
43049
1929532
248962
359978
477394
42995
492124
988445
149619
359556
992127
42571
102308
694165
19598
102550
373189
370571
1159045
1228001
108947
224405
1022835
200175
42138
196849
1132216
1059815
991953
1391446
363402
108907
1137503
468519
347224
404345
43769
184652
65141
13481
43551
43776
43647
81244
13426
648092
1017679
228484
1019717
43884
43215
1896330
1519541
701187
32713
361452
1010039
83678
35347
58487
43113
445918
32556
969323
1004011
2048389
1021698
1083502
987460
922637
360607
795945
28218
367664
247897
102611
43927
363694
353027
7357
11071
362581
249477
1007718
42445
42406
42340
28716
1023937
112832
1024142
1280310
309978
95022
1028260
1069530
88083
42707
181917
160039
74457
43794
95114
69803
468601
1013013
42458
1232184
149594
43034
43609
295701
41883
1282129
54816
42572
43282
87847
72012
95137
368332
489840
999649
985393
42511
500043
248135
28282
454790
368630
43240
45880
64845
1011824
81796
610313
1002524
43666
74470
42753
1441803
224391
1120401
995502
989201
1214289
42710
116475
241849
39172
55734
27622
65169
160899
991876
3256
1012918
1081894
72779
45471
42525
377510
456813
346864
5404
