364327
922229
81987
1152786
232310
123201
185098
323189
1065627
1000354
1012956
167051
28410
989053
1301849
42934
1000965
55662
16511
608639
1005229
1013023
309448
95253
1043031
43872
874642
1122931
1065497
1008075
1053079
171136
597207
1011659
77903
1397056
1031792
18798
99766
102458
1030254
9948
2079668
106580
1454947
604764
1051878
45521
1110491
226375
728134
37625
1347584
1005035
20798
1055838
1003384
347884
1364278
1100141
45068
107017
1041558
710331
2178565
1918192
1064675
47757
1047641
44151
94879
36174
464264
414132
1009768
1904186
1408282
44652
470075
321584
1053491
157531
30131
1432780
95388
915275
1031319
404534
119420
249051
39583
1025150
1013355
45453
43714
695650
474727
1086063
42435
1104374
835294
41327
1346976
1960819
84005
520121
998072
1062241
128478
153940
2039694
1102131
1043967
354131
123972
1122041
195692
1007296
90110
1016245
1331422
7621
347091
468519
927616
1017328
1006289
1882226
56787
216303
246286
135918
453058
1132467
832269
116446
45609
1359945
44222
195963
1464190
1018632
297573
1257301
1130066
1043088
1261288
60268
50115
1041721
1058230
1022443
45645
1121594
154970
1021205
1531709
1002233
989323
1118631
42424
220946
1023884
43410
83506
1012068
128062
1391598
526330
358775
42779
1032472
1946
1021757
1340336
800609
92274
66637
350562
58112
92524
331087
1112140
14561
105917
1008580
64095
990724
22845
455423
988087
195482
184965
348734
81568
95099
1377272
617828
86456
523868
95107
49493
108463
30385
4815
94859
43338
166359
508579
976200
77877
31739
1083066
93308
1221353
1337388
307607
1091847
2169636
1040794
1307
969325
103716
1061965
1090312
865992
1092759
224159
46413
12858
57564
1200674
353981
1109993
740083
118805
479519
471685
1175109
46270
190580
1360753
987555
1054303
347510
1539615
295721
1068753
976510
142977
832750
136601
168529
1659404
153411
226388
566325
142971
71590
142145
1101751
204109
56443
11045
42602
442286
1139371
1193555
202632
918777
1038294
1002628
2164164
125214
996099
1555364
195574
470274
110833
225235
1002910
1672037
1541989
1040117
1002389
115019
249700
868899
93423
170980
2153973
1529345
333334
988107
78725
1118484
49150
149
200783
992446
103200
180380
368659
165259
43070
1233071
40938
1010384
1053993
111313
56201
58453
157267
1220829
1060331
355497
95159
1020319
305955
328489
93984
30913
67605
23495
979856
1012638
276297
1005264
67153
729012
151244
185824
292332
2166662
466066
470054
2080980
229860
384382
215262
465922
64488
1097282
457502
1010021
24531
1042968
59661
84833
1101885
2646301
480273
1156514
90728
464936
436552
26170
77271
464870
1299130
72003
132616
72564
1021984
268277
2164357
249655
1250205
44875
102446
1070555
1330287
80004
307435
352749
1002428
6488
355650
448331
19886
373015
12851
93403
353996
215706
1227401
1129404
1932134
34402
224332
16027
12175
476100
134082
90101
98041
92611
1289678
81245
1476804
97171
164221
539971
1869609
178322
461535
140067
1106918
351520
202908
53694
77005
129826
105287
149613
1211649
124309
56814
1009437
1090758
45623
701229
1189675
1043996
30373
226553
369076
13138
695343
1371661
1015688
613597
1912854
471923
1958698
90168
1243771
108530
483600
112890
1002057
998546
467054
1038096
121325
329836
681332
24362
457689
63099
71433
457503
133553
1076988
149634
440931
44202
55835
1005421
96652
1194431
76841
472052
446330
39565
57495
74350
44267
265533
2358530
1034514
129924
1305295
361614
212246
388278
1033670
373089
638629
94822
145185
35324
996624
999673
1027862
59639
1186356
125599
1238637
1024165
195898
356308
2094
1095452
1035261
43297
195962
16610
140148
58278
686022
356159
1012061
1032054
199382
81626
1094851
1903725
731343
1025066
257581
30325
16714
26586
173108
307496
1165345
1012560
469994
22719
1101624
1013358
170519
1235919
24109
1940701
1461767
30295
1038346
1043585
1030932
722182
1038374
2258612
1428007
153863
2384039
94848
22090
1021212
239050
513599
1184608
228786
119403
1012753
13512
307220
1525459
1439545
128012
1009217
1282768
357591
1885285
1022936
2672275
728034
1184369
43015
33670
280183
1054031
1132466
421178
152247
391912
1326305
75804
1028848
96238
330671
223956
1023218
1048847
77066
124
1031995
92134
69869
999439
1004021
31277
1019251
36602
1014089
45627
1004289
110202
43485
42506
242137
930005
359923
1085144
74338
1010727
1127593
1023436
65103
93624
187630
53659
82664
1167552
226432
215525
74945
1890922
1037528
668083
1029299
1064960
275307
93519
1464439
61354
93542
988198
347120
293414
108963
43204
72523
464709
1099420
1052563
1100654
1185255
999185
2675894
1882237
240733
424576
2030999
1105334
729792
142335
349241
363439
970034
1146580
111955
43640
3432
99553
1023454
250114
246699
1006786
465138
44159
592196
121850
192531
48765
236919
476169
252699
592306
1018802
59495
57593
185364
335612
34726
249572
136525
1104617
777542
43226
78943
58037
1384333
1016571
1087122
249144
76113
1256832
683183
79857
1137335
2471394
116841
1002424
107609
1519850
995744
1112718
2164348
323101
477694
562998
1115942
300384
436716
1021510
1042266
126582
42876
1053313
31687
546720
22410
234891
54
299714
1105627
1010741
71525
33637
83417
731166
351325
83287
1051906
122146
389015
1381041
88329
992177
672901
33570
1464336
38964
82404
1192742
2027190
999162
998115
59486
1037976
163314
991440
1277708
780070
991763
359987
1261493
729885
27461
429160
1086272
1355255
1355007
16811
1116274
16575
710497
249280
1024831
1014134
145974
695520
1023741
62181
560366
1004364
306894
163267
694151
298324
990520
43307
473670
77945
201235
1013484
987468
704049
82696
1025279
227919
262432
1018467
1218044
1004918
141444
42975
15988
1915276
1012715
1044496
42391
1016136
1582712
1018924
124995
1105209
1012282
2296898
116494
146232
909337
1001222
734926
55920
1407174
42443
112888
