8177634
25031840
21693240
2688015
19561722
10338814
30083236
248892
174230
4350325
737109
5036362
6203814
15061074
3616968
9000210
7945654
999024
13713392
13590205
31024382
22753235
17659754
64346
2932694
1332820
3952396
4236705
9364252
12268370
3792497
113227
15512137
19647563
1795198
1768183
31089463
271354
2678770
2074077
2266098
128410
4526758
11131568
3184175
22139638
1284356
5050174
11157168
2438019
11186897
1207488
2356178
4488087
8544919
3176869
2783480
24531424
6891335
2965850
12581829
3867471
5157672
5124734
8274941
23059408
1673703
19554118
15375285
5100160
4676694
3088800
9631102
18903404
40782376
5902178
17128839
591134
14777918
6528442
4802623
877240
5146838
10586101
88298
3547514
11121776
21525126
22809160
2625915
2107391
9141916
9219167
40377860
1804457
7468232
37589242
10294590
11791074
5459505
5843267
1219511
28043211
3862322
385597
3437112
4078796
8074220
4485970
1740519
78636
3684969
10962923
469687
821084
32250030
22793020
5526894
357283
5151857
2941077
13553460
29574279
15987655
82067
3235020
10356541
4209125
37186542
3949570
8875956
1776266
846300
5140298
2371586
4733930
5598943
787515
5722015
91382
17589184
7550366
331462
4902290
6698265
23767
1946704
22397790
35036626
41057066
15449720
7153898
13379651
6259962
3307532
2131103
8821005
3239183
11185955
52194
4741699
1607783
6581343
599264
9963957
7616846
1042590
8387589
36910957
15114272
3003511
593606
9548585
26805872
2431683
5325676
9535216
30138972
4550788
1324578
491782
10163043
2942349
10894529
6049609
11876578
15805567
795374
925905
12670561
37626773
20119815
3307800
13832287
936033
32254128
5977993
11193060
3419937
22434173
2160621
8105383
2226753
10556052
2525093
21798148
24285831
27839189
4843446
5732889
4748133
775199
234347
9122229
263067
76057
587092
3492700
3604632
37397554
5602139
12644
5527595
4341399
6252026
4485011
100537
85981
3317259
31592091
3140594
2457157
9619227
25139
2261786
22336135
15507943
18206853
2116474
4242213
23625906
8135890
3614015
2524609
7028487
3872745
33711688
19054292
804770
4265786
150740
2072505
5403795
34359387
619552
7145718
201524
698617
8004752
26581
2289345
1476342
2604161
7612278
51742
8111333
20363918
1184003
2072375
2294493
10010961
15589001
13365707
13582464
4918292
708994
1045522
12674309
13605342
4341019
15475651
12205639
2442625
31766204
10239833
389496
16313602
6755932
5402436
4754070
1848452
3445965
4903506
843842
13697634
23014725
17133184
21639518
11414704
21257946
955492
9272701
2414892
3417701
23846866
981646
1891294
461143
1555835
24654332
3408574
27040745
2466562
6302864
8571642
22113139
18101785
12404142
3858127
8110369
7226863
18283433
510457
4933250
5250055
6093986
7170756
7298065
3717307
38181879
6687869
3909990
1822304
6530477
5822128
25592491
1494016
22853437
9800696
240714
4483132
2828019
2149861
7427882
12879437
19543520
3162014
14211341
14334875
281343
1397804
1340133
4352821
5803203
696273
17804299
2587451
14741113
35291990
32138013
26020724
55067
4830313
104767
2063460
2019853
15062438
511025
361640
2649222
4594546
1241788
1992649
2058970
34570642
10746541
4658832
496917
5587007
5143647
7184594
224
1661228
815845
21467089
30972181
6528303
4282519
3550685
15471671
2272048
6034011
5768167
1445508
13160317
3646985
23842254
8922420
5800351
25904021
5957279
17227074
1385358
2980178
14427485
2129806
1194866
13550929
13592275
4108289
4160858
64782
17928707
90167
19557298
299057
9044499
2915183
734000
1499277
791280
30010921
2456420
1592290
10955586
5431369
4590685
7946387
22417284
3838370
3197899
8794634
2523036
1759965
3458070
6786666
15132990
5854806
9019680
6982845
1671869
4073488
6281791
6032436
136886
5763160
16634809
1451410
10995750
22491469
2714308
2789891
22900063
5170734
5025001
545787
7232227
22243716
5525282
6036992
3187905
6699670
3359474
27318547
18477438
6531119
8864639
11190386
44357
757517
55901
795956
19829801
28076964
13095368
631659
7359896
4997866
1029810
8827951
806684
7913050
13910342
2909436
2179167
12015046
9483028
4932410
9424637
2194306
2637157
975794
2678651
18262216
1264935
3819682
7916035
9885312
145932
2553781
32961511
10376523
6340688
146600
12162023
36940
350245
624420
5362631
3049749
465042
3363145
17398780
23144949
101971
15583182
6115917
1039413
133399
5578945
1896054
1318797
5621111
38475624
5888301
497802
7578976
3344381
31292638
3249247
9782300
24075712
39643043
2084295
2653540
289200
12367067
12154481
913222
4769
4383929
4309538
12636805
28981744
17224333
4300776
1310980
3090749
20063120
3058684
2802745
24539445
3947596
21666041
6121292
7977574
2665529
10970249
14681285
3939499
12207825
5841720
1571112
2487308
1568768
7340
1610449
242724
3423926
94531
7236902
2386715
18068412
8387935
3434566
11549235
9018682
2723515
19324207
12093809
25234742
11358153
971846
34659281
18846415
24719337
1665124
468256
121024
11218322
9984152
20593629
504082
19149168
10341858
25241434
10502399
31777
5360750
33444
7156580
204228
35351975
2414071
1575727
10478402
2973679
5294023
1650758
18542759
3369081
24076312
41166
38944165
1436359
2853991
657334
5122959
3622408
1429510
1967300
6282108
3513339
3194119
59406
23222779
13892567
6513013
16351401
22613359
14295391
9839129
1756116
16381068
40110
2032962
4148013
551613
215285
33179858
6069915
19368964
18118386
11362428
284525
12867520
1242554
1859648
10214675
2117661
3787623
391018
20618449
113747
12985015
6626521
10271717
5096563
17443507
34184
4820253
10067090
5195724
22068855
6312249
2301759
35043335
5017266
1757489
9855370
1744873
782175
400909
18256
804053
37530373
4479906
4188898
2629486
4617238
7042118
7516636
11344461
4089660
2964691
9315781
6756731
12745
5590387
19156729
13478293
8311618
1316703
9400815
2526204
21437229
12680417
6858939
10918538
3878408
19833502
273392
32776320
1784377
6975326
19549935
4501105
165835
1098931
9429377
10082147
14607636
259781
635785
10361501
11259502
13524016
18870187
6546579
3828854
10644380
188804
2706832
144640
11404063
7385807
290254
8478135
10412819
286276
170433
57309
4597246
933042
11417171
3675019
4832460
6895406
3818256
229175
5842947
11927339
4655834
97062
5215965
8659135
881199
2902117
7661272
1245708
7262459
451566
5179860
10767948
2143859
2499862
4496197
2889149
71662
1025182
2834310
6182151
20857557
72568
5570085
3404959
1501165
2548554
4402949
2869583
3776614
21961701
658939
15478602
3316548
12246
25179205
14422924
7359206
38589
4774126
28697219
3879583
17109700
9017416
2089060
101683
3742832
4978034
657408
41394847
1221927
3107567
22620964
7590059
3016102
111672
7173137
3860868
5860505
18110994
9935523
6793849
14798262
3184563
225631
10667144
557660
13311458
15418489
2080723
16004888
1703690
920176
4359144
7028978
13597983
4561616
3829994
11189446
1211078
11030366
974434
8195488
11613387
5596060
31603
498220
6287259
26816427
3671122
10988519
1035662
6802
46759
5068602
3290104
1651144
8178364
2729167
8482380
12459783
19014774
7171670
236603
12035429
4051593
6009824
27384753
629812
16981338
2776894
13448041
7958426
8198802
4047157
1898748
88615
4019315
12089126
36987396
3173172
98259
11317452
8531483
30128721
10128114
11390147
167880
8217418
28754221
1822772
5644338
4504677
8027458
9009861
9471902
1799889
4595101
7294844
25817059
3731790
24294492
39974
23303752
3086277
7512143
19619766
11340212
21515305
7000077
6834441
13074888
1176081
11919293
3231265
24081603
5123249
36684926
2250715
5288477
9602360
10578408
4079759
248641
11528024
88634
5501129
2040232
142821
1306047
1346552
3015536
81157
17180641
807567
4496050
1140605
4898045
157802
727494
4107555
3906907
5957927
106058
4449118
169300
12780718
37358549
4192196
6353758
539666
6339437
3686975
21897448
7730676
6390921
82789
13314568
1384335
19204336
6479945
6819647
5796595
8268482
15703543
4050066
1967309
8941823
13165143
1006147
890725
9471955
9691280
11983018
2200883
3550143
1359035
1505715
2864390
14186479
560674
8659252
5201554
767213
1263112
55005
4838467
8563996
3933622
7937154
275054
3955350
19433649
37501804
12595663
29770747
28433364
5907678
8731934
11501765
1618852
2750712
3537616
2908144
5687205
27374139
18386067
5878124
4837720
79747
4523732
2755366
1195146
8122114
4842016
11004044
5273534
3364545
6746
3075660
29790987
4365362
640403
1281661
947321
6424194
31382209
9554227
6694280
5796445
11871
1155202
5957490
22653983
1304404
9644068
12541798
1762896
9537119
6483714
9505341
2500513
4832909
26484543
3904271
2557940
1137054
2288862
1708455
8452269
18154474
16314433
1984839
833915
5854331
2477106
20767684
960777
1780870
6602432
407976
10103456
23669570
133745
23977168
6129146
382362
5088271
25353847
3607330
18136459
17797152
8754580
9236866
12415210
34319963
2144697
3068902
2959855
7401346
3632793
5170428
1566416
9848860
23619657
6956661
1003220
7556183
7979976
6974259
3678019
234718
1314661
11231993
10699055
3476095
6884074
2100040
5411239
2722318
14760223
3700758
177398
77235
448622
26572
1069675
18246654
1896314
8696166
4745648
5194988
4968488
14674880
14317582
797646
2145981
3500788
15153189
26504873
1220843
18955373
1319140
2420524
683767
15488956
29893863
15060758
11830192
270133
3003652
6855443
4825880
6936721
7028639
8053582
8432487
1978727
790429
18292599
4133492
1365366
674756
30363537
8609013
4701952
23866052
9618939
2872552
15152072
5088506
24644288
5359026
14108683
3306883
5844055
2450925
1201282
19712469
1196847
12200025
4486781
3349905
5659672
1939389
16114811
4474633
4799452
6259210
15525986
13755789
2834867
14835077
167817
9056380
5527707
117241
8747
7712679
1362093
11124297
11210604
887117
12864344
8265187
3231979
13414198
1125533
142056
1933378
609214
1431014
12315709
8357086
38062870
14596715
19328295
11748016
12408086
1406113
11484766
3247003
5397418
4306300
14445777
12321928
7296961
353519
8904812
706
8080607
1865698
3058575
714538
4282452
12932489
17302009
2672784
8481142
1967405
2680670
6146475
7266235
11476068
12742431
520049
5029107
786904
16333397
4380883
5415685
1965253
7189491
27790070
11347400
601724
24285279
7861157
4863494
16552325
363426
7772255
2086534
1269674
6410798
1287653
2312930
3243260
5632767
6472074
403040
368400
5034042
7179720
2313598
9284978
8182940
4806959
2314220
34106552
434099
1137437
29858338
3936526
11874961
10119529
7223112
274925
5694561
3572651
4062800
4828580
2523460
34009
10039257
12935372
4453349
30406473
14784211
4511536
2609461
3521961
2122127
10689915
17263616
7160414
4957451
6061264
194172
3213103
5053177
7583967
10990875
761194
1875356
13419982
28644287
7237021
8154260
10880402
1447441
164227
3791402
2886761
19058788
7647450
4994660
3683417
5452984
12821904
6429753
28968425
7663734
2890069
3866500
15120798
15158718
20103328
21988097
18022370
7539524
9504834
55743
10895672
6602141
14395595
1803239
6003484
616840
155330
8261173
935641
164637
11976780
3987077
13500706
19971
15666895
6771681
5903753
7588348
4285867
10219573
1350118
772072
3416198
9662428
14532201
2726081
6745731
2534536
4430354
31323027
9024076
7272804
782609
5032417
3289608
22413943
24149793
8664599
2086417
726378
10836986
3651038
7530019
2267455
5281808
3014227
1391389
1437811
278362
6266763
6426504
20301848
179361
7804926
10083391
18256964
1461257
29945389
1754551
15791627
27209984
9472160
7679686
93698
1621053
4838609
2765282
2143925
2436035
2164639
8817987
2794631
3062279
6299
957007
1037604
10942710
16536845
17836108
6072381
3153987
5353614
3837192
6635693
1991680
11866328
1423895
30940842
463602
3817895
10037082
2223041
451715
16351181
1089972
3407680
15668230
934189
85704
29811565
26464897
9063177
21634884
8462071
3369688
5256955
5443989
1024553
460868
3842439
13190792
26013922
2426108
22986272
7898876
1014834
1213457
2290578
5153014
32009280
680542
4017955
16302430
414557
16831870
8495923
5205192
3426893
1742793
436438
4969010
3111756
19596971
96270
11069340
23589370
1834166
65706
1375661
2567075
2132312
2382494
3221604
4465515
4009056
538931
20909616
19351255
15798634
3418056
7132868
11354360
9622182
5131693
33396833
741542
10033462
3659170
2192273
8786143
4369691
10121997
5529156
9095513
15757893
19571709
4076845
1229986
15324653
7041840
9820652
905750
20515402
2374424
147579
841963
2091517
12823745
32281481
14765635
19197341
21595049
3700587
1426525
6610162
10442811
16152507
3340788
21756058
13209250
6555369
13906051
4860833
3756541
1307530
5497346
6468248
2930518
12861999
28372490
12335624
25908213
28011400
23243299
7119814
7205402
3741010
10086573
6468798
6090844
23641744
1619806
3272824
3337320
15505684
8526148
535549
6677065
37282809
22618932
5757573
1841723
3520446
12946646
17296816
2275255
218669
29527926
29211480
14073036
5773401
6547
15696465
2557891
7568970
9949371
9726556
14487576
27871485
1050170
16806109
8120073
5009755
11113486
362898
1960502
15075935
5493122
12849648
3252858
4613685
4057111
4475474
2105268
20926620
14765365
3444528
910773
23679748
4375161
2177644
18092735
2082004
4755971
39785174
21314253
390641
7079291
4537053
2164522
263922
382974
3477495
281553
2569891
12387910
22578412
1553809
2400763
2865328
25799
25218786
5613568
15244700
14274280
7263901
4906507
33170471
6445697
5675536
4042749
12845917
26012305
6601718
20917122
1072737
8387
3984146
11068226
15362021
5467737
11378479
458253
7119139
28290022
2153751
304602
14212368
3916964
14077971
1074965
7220975
7025996
9433235
6989103
1287932
2857857
5653641
1952362
82861
5916050
8338397
954393
168811
9653355
4661127
6944751
240039
1161820
32614307
332889
1444452
29699636
21027453
1102265
6887616
4340063
21909903
6567717
595976
4242988
5885522
3704767
982876
6691740
2706587
77101
8954343
1959534
22972887
4376014
8360523
1458592
14786735
1177392
8545766
319928
8050090
3530949
8491880
8052526
20740695
22062125
28294296
12578717
23980521
6948428
5616246
4151144
3177475
63659
6502613
10234851
12195497
819045
133169
10388941
61583
7256555
37995844
1939762
9908057
6744950
30975446
634137
2886542
4882153
18391149
3054475
28498914
9029815
11205105
56858
4852708
190689
21789726
4804713
2227465
265989
12421076
4055161
725228
4853345
6311147
4009127
546871
27417276
3341083
1516715
963283
6261728
36512304
5021707
767045
40587841
291251
104304
3658408
29239278
7787814
6054986
1009422
259220
4124233
10963
4131884
1126207
21598149
3808896
4399119
12038022
3661069
1683625
1949787
563623
7813124
5007214
4992255
38410087
10345165
578571
2689192
8427574
481859
2506621
3932573
19653267
2224380
3472252
4995902
8334331
6331358
1732412
788554
1579130
16063740
28337721
29808601
1733254
6500814
925133
11816917
5733043
12305813
3819436
8149432
8372603
1523024
1521656
1391195
3979746
2549947
9958920
22362725
2494518
4350709
4406651
34891883
2567618
9188555
5881499
4509503
712783
150415
2562639
8839882
1144634
2826727
769688
6241893
610456
98641
9247766
29759187
1906806
3673837
1300833
7098643
800136
2439639
4549125
5859527
9419352
13036065
24259050
3751448
2181792
19189316
9626606
11532519
5512880
9318413
2068453
2845208
7945789
10224808
509448
2790526
606843
9152722
2307083
28129364
3061960
10694857
2806109
3306101
6101091
10844220
4306297
2953344
2615382
7183714
21331123
456992
20652220
6918808
2193941
5733271
461164
3345269
1353394
7620721
18049322
20136000
25612989
1252226
35026197
3677032
2178193
11729572
20780604
198680
14311674
3322658
6381891
1096360
6741350
3278875
17419709
3051286
16063849
9662797
14238643
6479701
11093144
12684821
1050173
2340251
1159760
2844555
10233646
388518
1334087
2482307
26063
390498
4489082
1861045
9143755
1948292
9901051
2111201
6695
2097912
166221
4282198
229120
6048703
6720433
12913470
3232230
16057313
5030342
626650
6247883
2066342
41504
16461
2290067
2618015
34925298
362697
7816510
4050757
70554
4004645
5454079
980343
9896609
988071
7031746
37388881
383653
5470782
3495407
135452
40050594
1676637
2839072
1347504
1057867
25930949
35083074
13621313
1622502
3728690
8954885
6045131
13609733
2279205
4380000
20905578
4942718
9022962
27756339
402776
3888455
6537892
6057715
30098039
14522659
19857883
10182364
14898000
1713924
4833842
9137282
7921322
2208592
17021759
4610424
8327826
7867269
24065345
2940421
3036907
2502398
2079727
404205
6780239
10594214
2158685
7793634
2996955
1579976
266222
2600960
994591
12316127
200213
8261007
2206782
13360554
13265339
58836
1473793
8816071
1021723
21711255
1914186
7940438
1456942
17005085
4484081
2187427
4622
4948115
6197284
5670980
7112020
6704508
11222536
1290703
9049172
34192188
588506
7303603
179978
21218466
2471416
14498034
9678991
6456401
26859379
19461660
3884482
23340801
11338908
5509076
1077751
6880086
16295040
7324102
7918714
8397444
4578070
56180
22875261
2269049
8602696
34668056
1417751
17112505
5384059
9343694
5914356
1314873
830605
2977696
3373153
2094352
7812443
8773607
21966478
4061445
3618976
32238483
13031412
11289210
1829016
4989095
381694
21248727
21213840
5221812
1367695
23759547
1939059
544855
1340765
19666851
4946846
7749254
4833834
8929871
4204300
14229258
5098818
5981961
12509237
6998937
12310350
5226738
11647876
10351356
7195515
7026200
3262366
183381
13789754
995368
13805122
34409717
18320560
3236691
12240188
13074569
5710844
8281978
690450
17120364
3877600
9498924
4341842
2025894
6844237
3354914
34857338
14268926
5374305
6501510
7553986
4830566
5412028
4098898
2131100
2225932
1754151
6536552
1609682
33002836
11585521
8976283
587012
3872133
772655
4135048
3459679
2032834
2599578
4544158
17380049
12513106
619308
23578137
5596552
25853049
319270
5160048
313836
5053031
11930708
20225963
23457537
884568
2919640
25755823
335344
33915
10217659
449784
1066390
2282386
1652671
17806981
912365
5122191
188795
4147159
140230
2341410
4254227
8856290
9839223
4692524
1294638
10179099
24347494
10232121
21899121
18733217
2976877
21317475
3393478
13415724
2947775
2783864
1306587
20510007
9906526
15228515
2683186
4887664
246795
940660
801498
6947013
2166259
19588119
2559347
5861767
166094
15550070
5621046
4967169
6522574
276796
4844918
167186
6362050
4396056
3479048
10476919
7061754
536520
1001207
733757
12190943
2357437
21055562
6920613
6130516
266281
3194038
71809
3438911
6020958
8075948
9104427
3055374
2857015
22042321
4319037
7956754
2046864
2040465
17271784
3164068
8752878
52726
2444232
75211
1980169
122044
18073001
67669
13350855
5826506
21104472
39273286
5770204
789580
18525890
11205674
17715206
8089995
4150779
4570537
4478709
547501
192575
2003011
8834901
5788794
3462535
2159552
11812761
1423025
8113431
4887652
768013
7301328
3630152
767293
4730734
2060743
291379
3383845
12245921
16649623
5067885
9878471
26966271
15759889
1402465
3643951
15641555
5428952
11245811
17231154
208641
26499987
1309101
583782
48646
348845
20387347
14089779
6746246
3352872
2575854
1191739
9090541
876768
74186
2735
3574568
40376
85404
5350126
4600442
234330
7646510
7313514
1449542
12431571
89795
5189140
2486364
31816528
3062727
22755760
4236658
20215393
6029205
2022580
4623046
150541
337486
5055481
3124128
2717319
383005
5829209
3487966
44759
5070594
2086307
27703490
23502734
9799359
7798799
21982733
344593
6265059
13258774
2195654
3530636
19916846
2679391
25736
15712
2125195
319347
6733518
9892167
3320320
25268018
6931150
10192620
20043124
4907454
8639115
3702346
2983035
1561541
28534262
11411290
20014017
2488209
14005817
2281473
395055
16733771
3344083
6960161
14253721
14527405
6217681
21767503
4799455
31475580
2215297
3171618
5681941
7369329
1430670
3481875
6912678
26311883
22202377
10371417
8728900
3145174
4849749
3831593
12476509
3478563
294105
6580638
2846708
7884904
2699279
23946509
29561697
485961
5085399
1965592
8151308
6992259
30942047
9657327
1165435
22828538
16999433
14737744
347706
2353335
18794733
797515
31901318
16223467
2499861
3342395
4528498
4316372
202498
4128725
2687181
1701137
13043483
20904526
3544554
20797856
4050870
4910717
8011698
11638874
4989684
335272
4434041
4893426
8175268
279856
270804
1128070
2189929
2616898
8466592
12540558
90345
24541986
4029358
15511154
3019159
2588793
8082976
9840453
3875116
24437327
5260290
633542
30316020
433260
109097
2968602
3973708
3725847
4334840
3987284
1210800
17839148
11028847
6857262
89358
9651134
3321935
3672654
9920379
1557600
51997
2709420
4356362
4138939
1019425
8979224
1840321
953785
4405188
6085321
24985196
2430183
18281728
235783
1490356
30289837
12523569
7792140
37991336
7697000
183594
137125
6684694
15182854
1841926
999357
129837
6941853
2494402
13183185
970537
9466516
8045637
2211046
22735540
56122
2942283
17784638
1786782
569539
18633427
259267
1026720
8593478
116123
27151248
25048745
12170743
3937200
5406362
1676034
3808744
1915565
10514057
11924440
184711
4808572
736005
3651569
6340757
4836399
4332844
17214442
2375555
4638238
252112
5092494
1803265
5802341
1367254
3055361
18783448
5939804
3648364
9249364
8717216
9157117
2009456
4401938
34642990
448143
11711631
13304046
6974936
5333059
28962478
2090557
714669
5983337
10590500
2722496
10776768
28610957
15630372
3220115
9647225
20058439
9891839
12185077
9256183
1030249
5298917
8338464
11689921
6549044
4616959
364757
25425929
884564
25551429
2893864
28913852
2361076
2942164
5050312
4679621
12323564
2921766
1140529
9725355
8676630
5096251
11693645
13344721
408039
2810322
457649
6173418
5601676
7846521
622905
3180448
2289193
1176946
3062533
2834106
25940708
9203365
4015431
5112724
15857021
266938
152301
28495
1453154
3427630
6495556
3361935
3340646
29337453
29645511
2000647
3876326
12468105
1643509
9858939
7919719
28492043
1797820
2095242
3746511
5032108
5750554
1450019
6463659
100580
4481345
166054
5054600
13342256
6441207
23349284
5906969
5843285
2774857
3604365
1151605
19829074
1554326
2651132
2891044
9004261
5465992
2358088
1575835
3134521
2802697
17466823
6758858
5135458
4852494
3163935
10689346
7944133
4885403
139496
855459
8593374
7202428
5903955
4526636
231431
22999938
28909301
37053422
4635369
1076158
9362
3382196
3381135
8288769
605585
3913427
16380010
12045855
25280232
2048259
4556056
4574905
9794078
2314261
28074862
3350811
3702391
2069803
5163726
4944577
1987063
1107184
17110778
3216086
3943714
8442078
10957436
1558020
15984404
3387543
368593
1995796
2446010
2193644
2089025
12342965
1410727
14377153
1409215
8902281
2603553
7360886
7114309
4894644
2120622
729262
2383880
13261505
15364518
15139737
1620233
4019083
1264531
22739672
20826048
398258
22804871
631930
2612774
10123890
128434
25573676
197246
401072
4147768
16151928
21059450
8018277
5355463
3406686
22860966
1081532
6458144
15468906
5785196
329786
2513253
254966
10654400
5180660
27426296
2954940
1876409
15153740
3346605
2048187
1122144
21981091
6034509
95028
2083277
4517512
27678141
8101457
13441468
12915503
3671305
9500608
15641540
10665985
4883321
16271703
456194
5040945
9271639
15373671
8689602
5763077
6486885
9991823
309259
5132582
467313
8639472
4313193
20572382
2123628
130014
4530440
1783736
355391
24382731
3973949
25415
752627
13734023
8446168
5615511
422558
1306108
2575530
2865553
5831387
110836
6314748
1395801
3973233
1415278
1237966
2753820
6054909
2504295
21411907
42302
99819
13468400
2496770
11671222
2180898
4271488
4151339
1989174
3013229
482970
9415663
9773149
3758476
4761886
25943828
922064
6139781
19393646
19605883
1397799
735943
10045504
4284644
3417164
33513485
1589347
2936098
21654814
959008
2929613
13604298
620792
1
24335
95132
4265518
418927
65801
1590945
6962207
3597544
9214704
4046795
5262261
15126640
75255
14305513
1603489
24179041
371277
1323647
6352287
620971
1265282
4773685
24045482
89152
38039949
7124052
3342186
13570256
606994
27504139
9575797
12109017
1732271
1039357
1207494
9473721
18934864
521058
13137617
194990
10303474
25024297
7185505
37704533
8184944
21374657
18183756
1236866
6137696
131030
11142458
12420123
193590
6258816
414203
2310523
38615207
459206
7884331
1774014
5811666
9671039
6849437
1219504
9774420
40563356
716008
13365766
15685451
365600
6637125
6521855
23059406
19554995
6356438
5616193
16807322
587856
4003971
1454764
2467672
12806142
2810146
8837694
7790762
9418771
12595527
27288396
4444703
15943665
34456413
486601
5227530
9261
477224
40815686
1722144
18959663
4499401
13743560
4842072
10734782
8531765
20876534
308427
5138438
1612242
4275826
7845261
6589125
1122651
20065399
3733211
3299737
2251500
3821368
310870
13688614
18681114
94959
7834443
12153681
4397689
4414577
9528399
9085267
19201488
9247792
3875883
106255
3457575
17340721
3225270
2630366
3956977
807826
1234508
22677701
2437565
5370570
897849
10847057
8579697
9820437
5974708
4824466
4323730
20813957
16308750
5736413
582118
1082884
11066616
7601161
5120572
196022
26778938
11450535
36665927
11751798
12198179
23692912
18440958
1068903
6224726
2595982
5860984
7267957
15204525
547033
521442
3638398
23816392
15051322
9110947
10577384
4755541
14179901
3586691
4410120
66006
3237137
5255628
41457931
1178489
2617720
17087633
4267256
7713475
1624863
29292988
2061714
20427784
9349753
4751730
14921992
810062
1634713
4064688
25857793
2055198
1221893
757846
2544139
1185297
4377965
5096407
27408917
4831250
297596
1902589
39292401
12916728
5032951
13776469
4417111
3453933
8498215
4334743
7168044
8063676
2471262
1649019
15384219
3138328
6827867
45106
706930
5848007
6893974
30520115
4406103
7560757
807765
13594224
10663907
9508085
6861335
14149591
28783779
5942416
3817396
8002475
2058589
2089591
12849907
588762
1712693
8842140
15422561
2383943
1094754
21187027
4358828
5994784
26400637
4876014
26550301
17592513
2276423
37805221
19485764
1263082
13274994
16931
32224283
7324244
2515403
19482569
2215355
13385306
3265586
10074210
105880
4469842
2272327
325693
86687
8751964
40443683
1121215
9015461
2203338
30766845
7290040
25676393
7865262
19404070
220948
15136407
4022409
399008
4161845
2499830
23055134
2139
15277098
21055163
1322385
19474924
4317712
100213
3139034
5406318
5468805
15454128
4947736
16688652
9461551
4127871
1821488
5526838
31416672
11908061
438658
7007937
2030388
41462168
4553667
24993827
3077735
17307362
2523102
5426930
8291923
17933338
4070769
79172
7008612
2790708
1018826
10235800
2460150
9541640
438642
2817315
7829958
8303390
8989529
5455493
21130050
155656
757436
37047
19287269
5440284
24296985
7041082
12724157
4274376
252259
7653943
21577046
684147
2895911
2007399
40418
17848719
17109355
10229911
5876651
28102
723351
3293780
1301766
1561014
1000246
11587380
65738
4939340
54660
138314
22759347
4646043
537514
1700435
465635
511753
17547537
1303300
3466214
7817615
79160
4991662
5815960
2193553
14676157
12615473
6864858
22529959
2195680
557292
17574695
21484960
10536526
208624
1281868
3222616
6553885
8915008
9188205
40501388
31379010
4259663
3460660
19266675
2083649
12373217
3629516
1264913
569566
2061291
1083846
703152
19865996
4611639
8572156
6197112
892065
3116303
3251548
12726594
206099
7503205
22197210
271390
5774926
7888546
6727684
21129254
3095713
6260810
2193643
29711115
8463571
8376886
99806
26894650
5335996
1151730
8629565
3985855
11304783
17727778
4206499
3684842
21403580
1263710
13721408
4110048
9855129
12371537
3644622
5555170
3869107
22224381
6290011
29760862
20410122
4014127
2057202
5396404
6656823
2188399
10210913
8963568
1223936
4986779
352011
5121970
4976443
2051995
703308
312920
23142245
11647497
312281
5162041
7211925
28304156
201265
812304
1987873
157185
29483261
4429523
25310910
21892956
163979
13368268
3472885
1268566
597152
12397944
17186523
691805
38474450
2467577
55499
16175
9026253
3433367
100075
1734432
3821299
12896147
2195464
12957337
5457845
424716
9747027
23552646
7185531
3607537
16208498
1990137
6634475
16665580
506011
5125252
24369391
587887
1121099
3146765
13525872
575877
212656
29818338
8265240
12462948
944806
23906461
956810
6495830
15334538
7284416
576843
17180801
1060396
6622691
10521468
13651184
1530073
9017873
150052
581883
4786446
14298020
9666
24020618
10027659
19764032
29715327
2099976
23406533
5786020
1598819
7724053
9928206
1898300
17743549
37585494
6194701
1272614
21019296
1773972
1198
1178746
21976407
5272435
1007249
3933855
231331
5276472
3156100
5888225
3791684
25593620
4146059
14490879
150657
11264050
7968337
19518367
3640919
5804154
4848628
5873578
122918
5161107
13933778
27711
39607169
9652435
8591654
18622606
12927212
4450319
5881504
1857993
24473275
1483341
5721215
3871544
6930715
9751698
25716
7715404
5345557
2193356
5822987
7509859
10518822
7247285
2208853
5811582
15338368
3587677
31463789
23037276
4992572
26947524
1564428
2518920
4207
4933031
28638240
21816754
17590876
6488751
4353751
1614287
5291795
169122
3336889
6765491
12838
14612801
4874934
34570409
3897376
3779148
14706796
928059
2216911
13490064
14605777
17478104
4876535
1567255
241844
3713372
2026024
15131833
2765879
909752
5243404
13686891
870921
5531449
25019084
1738180
763
3197420
21734652
8987527
23192994
1072793
69647
3248061
1633455
4496065
8562378
4071973
3808240
139941
3775790
36309693
4306427
22086065
15087362
359656
3751942
32558518
2852778
2620681
16857516
3078903
4718969
12164338
8807876
3077021
17850501
1256509
1458605
5169279
2817516
1473344
182514
4227120
1448926
700526
6897176
757158
44669
16773354
21362590
26917692
456338
275694
8784787
1283281
21087353
8169119
5306495
3012822
1351512
22313988
2490320
13950624
383493
10301339
8751965
1747099
5369797
12985444
2221035
3597454
28355470
4874336
4463508
4588794
15484229
9704003
21527319
399497
4891057
72971
6554772
14345321
17773741
8604922
980893
5862250
651370
4672703
2067199
3175814
5083576
6844315
733135
8413811
964397
403000
8322463
5986642
20975192
1176515
2467388
191987
21478282
25243900
35351114
1783770
17639111
2503431
12583349
3693139
13851944
1063993
350121
2939913
7768765
26597891
571977
4211456
30436221
14446852
11063809
22261753
437660
1233726
16695203
146049
37764592
4374703
6408167
5375726
25517
715465
25410520
40527241
3738704
27120952
11062034
6689205
6045387
3046476
39929339
627324
18225884
1027823
17973498
6899120
5074318
15999071
20675688
13051430
12806135
16626722
21491388
5846222
11404159
1218387
2761994
29616688
25461126
9716120
630610
203562
4284315
18071572
20093792
5032368
2914276
3182497
8074956
14900058
6392326
558737
4761537
3927047
116875
88421
1179408
4608704
9396401
5655275
12187773
3126745
19399286
18411508
5568703
11306712
24982474
2512272
1874412
5860156
5180523
1120696
3082649
10413792
7427738
2055041
2415807
7379016
5006306
11256442
17951309
9477067
3113317
16016689
3204693
8559528
1193325
7619429
5616148
1834700
6512656
1452931
7194513
36430688
9369320
13185009
1480929
991277
1456697
2861793
3196270
10379090
2759896
10605576
841770
4444667
3945597
4924208
18298456
30937398
39363841
9708071
2120716
9772210
3298624
7762633
3321357
9251186
5090706
2169441
5298840
6567153
764221
9843209
29430036
2087299
46028
3879935
1125051
1736655
18062091
1138656
2894392
2982344
3388126
4902981
4620349
3477558
2717384
3478898
13305688
1629007
4691790
163399
2584617
7035763
789353
22883804
5632105
17459832
1539515
4987198
8288206
7430980
12772227
17925164
9877967
5526597
20040273
5999444
5683270
366810
9461062
214646
15536767
11458737
20033105
1810052
10269210
15268054
6272559
11142753
9193730
15414282
8475944
141001
19590406
713427
4012165
961912
52299
29717979
5387214
1678007
18971215
2843969
6341738
125892
20763629
24624090
4221427
14678503
4582911
191902
6939031
8075249
8458151
36514406
4987675
20381253
2535086
1877649
5918727
13061
422298
2922979
7856897
3543086
3603143
5999882
8245685
22270417
5522475
14122235
5814838
3798280
1397163
4478813
165026
6913615
2687579
52099
3078676
7754299
2000105
2931383
4830648
13117914
110269
2417518
19325787
4475
10376450
17041059
3679781
7952753
14247655
6821655
2665944
4324280
12855625
4312502
14179733
17227571
3896649
2261429
11984173
32584040
895102
3463406
470140
2129813
6249101
9184876
1901401
3778894
3032745
804039
23966555
15439318
710968
3182971
5292784
14519498
3530498
1164143
15367084
13063576
1662215
1282866
3357227
16264326
7447744
4350259
1873678
29467050
7125205
551663
9533337
486614
4745447
1078468
1647412
5194716
1301396
699039
13174346
6382793
17312395
5355576
12793641
2689941
5585029
1544462
8359962
15584551
1655173
27314711
29357269
15086562
222817
965191
35237305
22594714
16341973
5151008
13865014
24071307
489560
3663294
13970868
5884335
4784312
19992125
3733104
13778672
3540431
4302710
2755282
31044
19306401
8129695
38362561
20790662
3323666
16755211
160749
19691208
138871
1004865
9385472
5108072
19019648
5330291
6694616
22230624
413057
3299070
4364356
30258
1844014
7550968
71158
3680372
9879100
2218730
2706194
10856688
13426402
718354
6317803
31122524
4026366
25298169
7701878
12570258
129
40274758
11302746
173857
176866
3792104
12513792
59414
5994
2940145
9961435
238427
6559393
5762354
14735655
12472713
12519277
7141199
