6885
9164
10393
4876
13254
7166
87
3567
639
2497
547
11513
1954
329
1641
1528
5952
3078
12953
551
12360
15084
15177
9266
1742
622
2283
13844
2910
9741
2243
14862
1277
57
627
12116
6334
2900
8635
239
12975
5398
8760
1246
9422
116
4520
5472
9746
13436
3146
11729
1175
651
4824
7344
8760
540
12775
1894
1645
950
7969
4632
2056
265
1089
4
5134
10704
14405
11422
623
875
3014
7876
9717
5633
78
8471
7243
256
6464
152
9081
297
4576
266
2177
6707
593
3233
11567
8707
15061
4912
3666
3157
5588
3518
6901
9271
7789
10266
3629
14193
2462
157
9762
10308
13779
1510
1941
1025
1764
5602
3105
4507
4944
9893
7991
12540
1851
1772
474
1516
1676
6833
13015
3625
11326
904
8720
2144
246
170
105
626
9358
91
3628
699
13754
13076
140
908
2721
272
14711
1175
3784
2602
4176
12668
9418
1492
11508
7139
938
8024
2185
10148
5400
13100
8500
9557
5607
2149
11690
1291
2157
247
8238
6683
13631
241
2305
354
13587
789
10106
267
7817
287
7098
10837
1458
1033
5483
4419
1828
11890
2377
7066
9
3760
10909
427
7372
2272
174
4851
12535
13807
10407
7000
7992
1731
13976
7469
3947
2121
5762
13760
3943
10917
11901
8863
1449
13021
10534
3433
432
4126
8988
6906
2658
1841
599
7282
2409
3548
7967
173
9954
4361
1179
9922
14433
4085
415
6086
13450
2331
3214
7864
1212
2238
1074
4816
5316
9271
1596
1326
8341
13783
2632
5118
1517
8608
1738
7434
236
10712
2666
3387
3254
28
201
11007
2876
9416
1100
5593
3409
12857
28
12226
13282
10546
8338
4348
1945
13603
3874
3842
6097
2314
3501
3939
172
9908
8786
9276
3399
9293
12
3436
1178
1320
30
14132
3588
186
11442
3760
6101
251
574
27
7200
2490
11059
11757
11940
639
3283
153
6897
3094
3870
359
100
6709
8740
6630
599
9994
2409
4230
1530
1988
13886
4515
7194
626
4987
9667
14655
2875
136
4483
10821
7660
768
5363
2900
5666
4149
2621
12232
9220
547
12527
6309
15013
8503
1024
3431
8857
5658
513
3439
6377
1845
4469
739
7714
9349
13928
267
982
9677
412
3537
1585
1271
15214
2064
1115
2840
1257
3209
4920
4585
5645
4614
1522
7145
3417
1591
5540
15112
426
5409
4030
14739
10797
4263
205
431
6788
9825
66
1891
4342
122
3962
15120
2625
193
4622
1811
13751
11219
10194
11134
843
7786
13050
10877
159
8751
3873
3915
4280
912
1817
88
14109
4203
1402
6681
95
8055
6402
1546
7857
7854
11238
4311
10625
5564
7391
11925
11018
12182
2800
10157
10631
200
10821
2652
3227
667
3759
12467
10099
617
620
1824
12477
8101
8373
9149
311
754
233
5282
1982
11506
482
9278
3016
13311
622
1569
3185
6500
751
8744
10231
11018
3424
7849
2186
2247
4982
6762
2384
6119
11568
4286
11495
2549
2760
4133
15088
9115
3956
10322
5607
3163
881
3151
4206
11924
1551
8413
7855
12531
2273
3122
10182
11250
639
2386
1760
3088
8674
14734
10746
1067
1897
1641
8625
4183
874
8576
8471
1078
8780
10692
9365
4637
897
3130
96
8322
2903
1698
8278
1520
1462
9852
10547
5808
9099
13901
11429
10354
3423
10105
1405
10070
4757
3683
11429
753
5559
7856
530
908
4741
3399
12375
3146
10956
13539
5917
1645
194
3682
438
890
14208
9873
239
9445
4607
8925
13249
3603
4726
2324
7201
515
9278
7196
9775
3108
3689
7122
11169
68
2331
11071
7449
12307
5481
1880
8772
2145
474
4084
331
1576
2954
2033
3663
5623
539
2014
3133
2760
9927
1025
4151
1148
129
10888
3791
66
6948
3767
7510
2006
158
3410
4177
8533
3924
4958
4798
5749
142
409
7859
11402
2777
6896
8243
885
4640
14475
15100
835
14476
12721
7519
11409
4571
11412
7351
5247
8450
13372
60
7034
1297
4778
10528
11315
752
752
1292
1316
4746
131
873
465
3366
11633
7268
94
2773
648
8501
190
9280
9869
2856
10134
13942
1223
12678
7486
3021
519
10521
884
10204
329
13583
2965
4377
1044
5306
8496
14272
9680
2058
9631
11185
9007
7141
828
9934
8047
3770
5851
99
13308
6754
1589
673
3504
2294
96
10625
13981
1295
9043
325
11426
12754
3847
99
14677
3594
85
4338
10134
10980
3338
12240
194
10176
5539
11715
15008
4070
13251
1475
5610
5981
4659
11416
316
4163
7414
7575
2681
12975
3943
5878
4854
8902
6235
512
793
14889
5653
13766
2721
8944
9634
7540
11423
5037
804
349
7493
1429
13625
5936
5161
9273
10104
2754
10539
357
14973
10201
12445
83
256
3280
1103
5053
68
4933
1520
12780
14743
14548
4409
7862
9624
1506
11263
2377
705
437
8928
512
2374
12706
1348
2420
5554
4034
1545
750
7571
2324
4799
638
8879
6347
608
2341
7304
2716
6665
1640
1212
10171
6481
577
11692
4367
7543
7230
1826
240
4481
14117
875
991
6323
9663
5948
13870
153
9709
3424
5561
2309
5
10224
777
3518
3928
1978
1626
608
4162
6278
13246
7159
1718
107
5789
9983
2294
549
3956
2681
651
9904
1035
608
10767
2298
4979
4387
12879
832
1103
7860
10284
13577
2283
4450
11027
3836
15
14106
12938
6100
196
5288
45
2703
58
1635
113
7596
8450
4426
6481
10832
4117
6681
12804
383
423
3337
7108
196
19
10669
2562
970
11410
983
9600
4046
4435
2077
3947
438
545
5389
7393
11409
4228
6086
8037
10682
10039
66
128
134
574
11090
9964
8955
11107
8960
5366
9899
11588
13384
5949
6495
2038
3645
12726
41
211
15218
11050
6243
14027
11426
239
12292
11996
10682
9793
844
11626
7438
7267
14815
9128
7761
247
10374
526
5319
10044
2448
6186
5646
6278
11841
1277
3354
1901
328
8153
1742
4736
7856
11692
11406
11742
11242
1027
1885
159
4727
7158
421
284
3159
9276
10103
9270
13118
5059
2735
7763
4777
7794
6008
1484
7991
2752
6657
8618
1038
596
12079
1473
7077
11846
2068
1256
13976
6691
14208
7189
4519
2072
2840
685
3417
103
2449
9773
6765
124
1782
4128
8545
9792
734
2954
657
557
7757
296
2416
9470
10563
408
945
11118
226
638
2987
3552
3071
4854
5471
200
403
5394
14901
15059
134
8822
3952
11383
11423
4522
278
89
3014
7292
10064
4809
1988
778
944
6491
1159
2782
8412
6102
219
17
12650
11698
5844
3340
835
11644
1431
13615
75
8462
1156
11982
210
9271
8921
51
486
651
5309
1924
10984
8899
7855
4727
842
10693
12117
575
9268
613
4827
3870
3798
15177
97
10533
10813
10874
7465
9327
6442
1843
6478
5269
10
14650
4804
14094
3485
7439
5425
14813
6923
194
3778
13060
15174
7564
11533
1945
5302
189
270
5201
4715
6282
2661
9379
10634
14373
387
2624
6122
9083
9605
4630
14010
1526
3864
8259
9716
12147
10806
7201
3929
1197
8636
230
13084
2255
11341
2258
1223
8014
11738
492
3221
117
6609
863
9977
754
2757
6539
787
13745
13458
1037
7855
9281
3743
1296
7259
6137
4357
1166
6857
1370
1791
4414
5545
13592
7809
952
9908
3498
7191
2633
11278
14279
5937
862
5223
4422
4636
8238
14278
13339
9917
8547
8255
1296
1987
214
5708
4517
13259
9099
7200
440
2795
756
7337
3026
2212
459
9845
6788
2056
7639
14391
2183
3988
11487
6682
814
12272
1549
14346
11011
43
4632
4378
885
883
8691
1932
9958
4319
390
10079
7770
11635
14098
2730
9318
3066
624
12939
14033
3798
2929
7756
1370
12396
609
3230
14588
6096
3423
7577
15032
7217
7867
5772
4373
1291
11429
8990
13682
4615
11631
670
1160
133
579
5435
2878
6818
13782
4273
5810
1338
9318
10119
76
2210
635
3978
629
5679
1525
8186
11741
2323
3185
13373
194
9157
263
7056
13089
11416
13657
6279
327
4637
3253
4658
7020
12777
7809
5068
9245
734
10869
6498
2432
2071
7855
8491
14407
274
13361
2873
626
2791
7145
3438
9306
6668
11316
3798
157
12664
251
7131
7225
2244
3039
5398
1008
3039
10738
10358
11412
19
7705
265
75
11419
3971
10791
125
1504
14362
316
8493
9761
5813
13574
10316
8054
13749
8190
1537
13261
871
212
9046
12021
5509
3566
9252
9837
74
5060
547
5450
8149
1405
545
13253
8415
12171
811
14454
2597
11590
12684
11829
14032
4461
6387
2119
7124
744
2131
10930
7244
2028
15
4572
9322
474
760
12293
865
176
6330
8007
4228
4402
8396
24
752
847
61
3442
13420
608
9277
13127
6067
12931
152
9242
1539
11402
12645
4387
3173
11840
4435
231
4418
5904
10109
6625
10173
3254
4691
2776
5128
9579
13145
1406
6737
5158
8668
12668
7597
9501
6050
3421
7177
13451
194
3072
8051
6832
8733
872
6640
13457
553
8944
275
210
4646
44
3883
13279
8146
5370
9853
1969
8814
12436
546
14435
4800
553
1036
635
492
3384
5567
720
1098
3894
5737
5951
6359
347
6654
