46277
307319
998284
46315
65384
497362
461757
476477
356089
43642
42591
42976
307337
43357
990318
248085
996849
248944
534192
42383
42164
45336
42213
42603
249594
446174
42181
1030389
46439
240420
42380
468392
42281
43132
460700
249435
43612
32768
476412
42986
43513
992798
467351
377663
42436
533903
1002038
42524
119081
195647
195578
42549
42527
44051
1070356
476176
1012721
43366
42628
43804
42662
42393
44240
42513
43191
42572
94826
714700
55903
994590
43167
195675
43901
476128
43727
42808
44148
42651
44114
8159
43734
356940
42962
42191
1011056
477377
248093
359064
992486
989302
999538
42427
43440
116297
8122
42924
8174
1398287
55990
1013011
44038
42826
42642
42147
224655
997741
43213
184624
306962
446486
1129001
992234
43429
42430
248955
461288
42712
43717
8194
45161
476154
1083925
44197
55965
90501
30634
43029
55938
65760
44071
42823
26777
476386
43230
42247
43898
497093
509743
468777
991860
42156
42595
999338
42828
985058
1108539
248707
42153
43205
43295
42529
42609
46431
43244
43030
999251
186056
989281
43587
195482
42395
43918
42807
42495
43411
43607
