468392
55965
43642
999251
989281
377663
42427
714700
43429
42828
1083925
65760
996849
43898
46439
446486
43295
42153
42603
42436
43357
992798
43804
1013011
42712
42651
44197
44038
497362
46277
533903
26777
43607
306962
42529
42642
90501
55938
42164
43030
307337
32768
55990
119081
997741
1129001
43612
43918
249594
30634
534192
249435
476386
43029
43167
46315
55903
43440
356940
184624
477377
42281
43901
8122
44051
998284
42430
195647
248093
43132
446174
42495
42527
43191
8194
43727
42549
42826
44114
195578
42591
42247
65384
42395
94826
8159
42662
42609
43717
42823
