12
634
2061
100
512
131
246
26
140
562
695
1159
41
240
66
105
613
200
3770
145
4266
196
1690
646
885
535
2747
2625
151
417
23
1405
606
6573
307
724
359
156
210
1520
2314
515
239
545
267
705
1784
1312
2703
328
4579
599
1514
1775
442
482
608
1361
412
474
624
68
563
553
150
192
266
72
2017
363
639
124
6675
230
122
396
326
525
60
27
1987
3978
382
1370
1449
793
2247
4824
1521
128
415
985
638
247
866
1810
2067
6638
1869
4181
