14448
8078
14226
5555
4800
4373
10856
5999
343
5270
11706
4961
1895
10968
12213
11420
10129
3490
14779
13489
358
4845
13689
4225
13234
38
11181
12701
800
1641
10440
10803
7070
14696
9064
7747
7879
11624
9470
4425
3132
3644
6561
562
11281
6259
2688
14003
4359
9702
2859
8255
7473
11861
8136
3551
13718
9859
12682
11446
5933
8574
6981
3275
5522
864
8501
6499
2525
9709
13277
13923
10966
13570
13397
5125
4154
4863
12000
5572
4410
7903
738
8641
8431
11460
5965
2235
1600
6451
3669
2220
525
5551
682
14117
4147
1558
7148
5481
6801
5094
10214
3895
60
13035
14371
4511
5555
3952
3826
8764
5009
1399
5611
174
10385
230
256
5639
4882
13707
5613
12840
2620
629
7116
4679
3578
4602
12117
3533
14579
1727
14575
12588
9325
357
5165
7028
2199
1546
10164
12780
6928
11265
10323
8494
7452
13776
763
11610
3626
13972
2362
2303
9080
2501
0
6512
2906
6818
1530
542
7546
6148
3210
5904
10468
8987
12469
35
1155
9495
5753
13384
1614
417
7173
3429
654
2738
11864
2376
13462
2814
2712
1174
6658
3615
12652
1608
7993
3779
6285
5474
9608
10073
6701
10972
6299
777
9417
8554
2124
2789
2079
1213
12227
5101
9946
14942
88
319
9265
8330
6065
6311
3105
6772
12004
5901
11456
1283
12775
13852
5638
8327
14235
5914
6009
1314
1382
11842
4515
2642
3928
13695
10391
13218
9669
5965
6019
6464
6560
828
328
13380
12350
968
5715
15096
284
2145
9801
5759
4010
1242
3586
1587
1586
10147
4169
2519
9560
2204
9550
11304
10037
13630
7781
1976
10669
11873
12589
2143
13819
2033
13271
2384
7555
9990
9959
8215
3713
7316
8974
6229
8044
434
11569
15045
4910
11630
12170
5349
6748
12944
3386
12431
14676
4634
3660
7992
9352
6341
10701
14675
12319
13134
6573
7679
2700
12524
2159
1994
4158
152
4151
5546
4850
6896
12677
11474
6802
9679
1889
2210
7587
12165
6982
13742
7377
9583
1044
9765
11346
3469
6478
1613
7708
3427
8113
14844
11971
14291
14729
7583
11379
796
10764
4156
13337
13556
11416
5126
13973
2960
12470
4387
6233
3189
1758
2389
9220
10585
3954
1397
7085
131
9229
26
3525
12322
7304
14487
5135
5136
4335
11880
1318
3141
4839
13670
4980
11854
11308
6306
10958
4717
473
10549
10105
13934
12220
13250
2255
11121
4276
2078
5833
11430
5934
602
11376
14180
12894
6890
12160
13478
1339
8231
14070
7955
13829
1345
4874
310
7346
933
8605
12244
6493
170
9313
11874
328
14593
2188
9837
8132
6338
959
11119
12813
6706
3696
6477
9010
370
467
2470
12715
14274
6296
10381
15064
4918
1322
988
2946
11244
12011
14532
13508
9437
3105
12892
997
2212
3594
13675
3855
9266
8210
6558
5999
1033
13580
12441
1620
8465
9786
8831
1290
5879
7006
3841
11862
7022
4655
3396
421
12481
235
10556
2092
1687
7141
13178
5992
14969
5299
1300
9279
9313
13161
10213
690
7091
3783
4512
10112
2835
8658
14218
9281
3518
2386
5734
13085
5212
2509
11389
1240
3379
9855
12021
10528
7506
7333
13547
3852
10008
1117
5252
3753
8362
6734
1155
312
6554
10945
4338
2377
3657
14693
6638
518
14206
7258
3000
14866
633
13859
8534
322
11894
3401
6994
4927
116
10832
9683
6882
1919
9947
11494
8879
700
9046
2905
3738
1377
3428
865
8206
13072
4824
8873
43
7416
2092
11434
6602
11215
4453
2083
1683
11497
5402
10376
13297
5160
11877
839
7666
2723
13401
7859
14029
7087
4963
12336
12997
12245
11989
12310
11399
170
8672
13669
12980
4385
1020
557
7845
575
11252
5344
1965
6841
7856
4997
86
4283
10515
10245
10155
9269
10272
3420
1407
2456
13605
9672
6891
10694
15
8743
1190
1810
1309
1563
5679
267
5564
2995
9551
6573
8969
10311
2457
547
14811
7800
1536
5546
10036
2619
5978
13885
254
13760
8104
14329
4449
12352
2228
9363
12191
6215
3741
2064
2967
8440
791
3498
1207
9348
10664
6763
8746
6923
38
5624
1955
11972
11763
7765
1192
9267
11307
8893
13158
15148
6719
14138
11806
11618
14801
12562
1514
9661
6278
8400
5695
1470
14462
139
7026
1658
780
14345
6902
5702
8500
5624
3207
12900
5486
10718
4969
11052
2381
12390
9647
13968
217
6211
3735
2321
2612
240
8944
574
3626
515
10328
10967
4188
8905
10290
8540
12319
969
2792
9838
3296
5764
118
3398
981
5665
12822
11459
12877
5101
1202
12681
1865
3858
8001
1490
14516
8752
11385
4586
5440
5458
3531
10640
7019
13462
4083
9024
3963
10527
13853
12796
2617
6073
7333
2769
13087
9677
10153
5850
14734
9251
14723
2409
14796
13335
9990
288
10035
7711
1313
2164
1002
9635
5631
4365
12890
10318
11053
3498
2141
958
6066
8695
4448
6415
2730
10201
14815
29
9347
13923
9893
5428
1265
4053
205
486
8584
1506
10120
4380
63
7082
5011
1528
13200
1069
13041
5185
10388
15062
76
9150
4245
7979
1160
2531
3725
7721
8283
14921
12422
3306
11567
5156
778
12498
4430
1640
10472
8520
6252
12129
499
6385
657
636
5521
10068
3517
7037
12274
3403
10803
431
316
11512
5342
3375
10204
12700
15122
6328
38
2393
8153
6748
13578
2071
12297
11413
2403
10849
5107
13434
1808
6852
4575
5949
8600
129
2579
2070
14253
8143
9988
8669
80
4767
6711
9919
2193
2119
6481
13368
6728
5077
3554
1691
10396
3619
3063
4353
10513
31
9265
5953
7992
7948
5450
746
765
9978
10206
13180
7496
13734
4115
11040
4690
9024
6748
12980
6452
1921
1970
4654
10891
1796
10888
2173
6580
5206
14252
7170
1469
12362
12619
6133
11567
13117
8199
10337
349
13780
4167
11501
2282
12147
13247
4111
14460
10069
2963
3255
3703
6670
5781
6030
5155
8008
10534
9419
13462
3964
5992
228
1827
3146
8124
5058
6619
11143
6731
13258
10105
11050
1086
11826
12018
231
11330
8677
6981
8568
6885
12368
12798
3994
201
14160
2068
8050
3746
490
14143
7956
5378
3957
7218
6617
4617
14841
10238
4929
12582
7545
12979
9189
5516
12262
11887
7723
2377
13742
6366
14447
13099
3702
10240
486
11709
4637
35
5735
12760
12593
14493
14305
14562
286
11415
9519
12088
13536
11134
5038
4387
5054
2646
15215
13051
6081
4354
8977
9803
634
14876
5242
12617
15136
13971
5452
3922
9203
11407
13315
9220
4971
10299
2111
398
2689
5955
4854
3357
9081
655
4719
8079
126
8468
329
3084
11082
7102
13586
7101
3360
10282
2621
11174
7382
13244
506
15158
441
13632
11411
600
12524
23
2302
2764
4997
5825
11083
6149
14770
1206
13024
5728
14942
184
13688
344
10535
6275
6648
5222
1185
3315
8315
13219
13902
13207
3975
9860
7516
7295
7077
7868
9918
506
3449
153
6717
15035
2719
6455
8676
1435
2136
14834
10539
5100
5400
14443
339
15073
3942
9298
8575
952
495
3544
7020
4584
10680
11187
11363
7805
4158
11992
12980
12323
4610
586
5812
8463
4474
12530
11030
10253
4510
8352
1639
11691
5099
14680
14150
4041
10323
12258
9494
11396
118
3844
9845
6973
1805
1306
6857
13141
10266
8334
5233
14422
14593
5831
179
982
294
13811
7345
14734
1176
3095
12600
11126
13759
15049
4832
1275
8025
5475
5820
10481
12678
4066
1988
9143
5413
7633
271
6981
15054
11719
9343
10506
12407
10766
6759
10980
7853
1589
6481
15019
723
864
1243
7478
11141
753
1634
6717
11876
3110
4374
3035
3770
9
14761
4393
159
8291
607
2454
412
9971
4458
4595
9449
7590
2830
10038
12195
2152
2281
442
10173
4113
3451
3671
4394
2059
8333
11247
11249
10008
7492
1080
12812
3708
12872
4290
1241
8463
1684
14452
3865
4885
10403
8330
3367
12276
6626
727
10695
871
8777
7288
8626
4903
8969
1627
13261
13139
8695
3837
6312
2011
2571
14114
11723
5827
1518
7902
13477
13308
8138
1182
14570
11867
4244
6499
3459
12774
326
530
2069
12619
7843
2615
2614
11829
2364
8669
521
6714
11464
6876
3652
3840
8292
4777
5780
10419
7743
2369
9343
3379
14202
9828
11425
7566
518
4315
6670
14046
9744
1631
1108
11406
1685
2748
8207
133
2999
9035
13330
2891
10754
7667
11420
2461
2736
8809
11798
12005
2320
2652
6600
2374
1337
723
11404
14652
1851
9212
7871
5622
358
3303
1441
10021
19
10067
758
4489
2737
9356
2205
8911
1041
125
12093
7840
2191
10198
14998
4245
10663
9122
13206
8811
14007
2275
14692
2657
4332
5996
5484
83
5420
5012
14952
3941
12133
4435
3895
9297
6575
3366
6369
6226
2517
12166
6456
11088
8753
11735
11235
7955
14956
3360
7159
12903
5959
4105
2953
7220
1427
4402
508
11655
7073
7862
7510
15091
2987
4307
11425
4641
325
11862
958
7136
2110
7168
13783
14125
1904
9425
739
14941
5114
2954
4254
7908
464
6588
11690
9851
3696
4701
11376
11222
8716
6281
9235
5014
2803
2332
14215
3767
3193
1305
7600
3578
14742
13158
1740
3060
3711
12002
8054
12958
10399
13915
12815
2337
6250
7517
11679
8420
15034
2368
8525
10250
26
3927
688
