1734519
201120
2051902
1613559
2547110
298913
434608
4449
26306
12838
1594832
3274818
16893
4551887
60271
2781782
74654
66128
6955418
29206849
5095438
3842505
1625835
48715
6025681
7096043
396
2043210
1431465
1900634
88632
8149271
2109701
7560970
31898
4192630
17520661
1326986
70539
21066005
11437002
33117
745505
4643189
72609
13478571
4755128
1234417
12929257
6363540
3511148
36226
654224
344496
587887
43627
672
844364
10624386
2406582
40790
3560218
1448645
12759633
22042321
2314261
13053740
121188
8949586
1371922
4575138
36332
9484823
3492868
42655
10690753
7523107
274103
609887
3946948
16678501
13117914
1152735
9653887
2336184
1252090
2693155
331503
5372551
47364
620971
663807
25897
2091451
955403
788284
88634
4551456
4333131
42357
4830319
1630638
61705
2019322
2194306
5198704
3489739
477
10253120
2953803
962192
646650
32224283
3882808
1119268
20802453
3257969
2091450
526250
686782
10665875
35385343
5936965
1545354
183381
7426036
26777
39526
72206
980463
7175746
2341033
2047900
5282140
584592
429474
1245708
2144794
22115
11603811
3520714
614782
1384335
982876
291379
398518
669888
114124
2788116
365942
386090
3525592
1746046
7266235
8187425
4604280
21146317
5128177
3363695
23623
8018058
3678361
5694561
115442
69464
771624
816101
329754
1402094
18951711
4857546
321991
388766
1907802
838836
9666
4380883
66868
142023
1739060
581883
634557
2159506
3149354
3831281
202028
232132
5064787
4930180
1762445
1071823
5149773
24072
56600
8288769
6428514
2612909
32172154
1040164
2940421
3819663
1960293
19355
4765488
177125
1347279
8907538
5527638
265941
2259846
872689
5243404
6019466
122918
21482
2982040
4058231
8964
5830314
4135048
4567912
9131202
1117458
1099365
864538
3483707
2880505
705696
1030249
284472
1397453
5472005
6605881
2240694
253139
4496050
30303108
402066
2664220
1896054
566067
22549243
45379
7364584
182257
26126
18574289
88476
243316
1078300
2341325
2613067
3192365
23871288
1074109
925678
4831798
201524
1569354
3959019
11656343
2604449
4969010
98496
947663
663828
1388542
25698477
148720
34831
3488771
96976
21915
4406
1739105
2460150
4287299
353188
2684646
213282
4071242
398848
7676635
22781174
172417
10421215
10059
350078
3201709
3275142
8262809
1134670
637690
5513556
2163199
1003220
2897120
1731
5798568
3866396
46303
28831742
203655
1719388
4371344
1397318
514958
5135458
3654934
279964
39352
668
173307
2382596
1250591
471545
8900275
226999
38657615
2341353
3961734
1089767
567230
10032618
1512492
39165747
238374
9710697
1309958
4216567
1713595
5670980
657115
1055604
3624991
1653626
600542
6802
160494
11295
2886286
2248469
2235349
2699567
1289540
7927145
1450694
146600
16461
16862791
671530
18620620
1744873
257970
83142
740076
1060853
4019083
750240
674552
892034
3257
1900148
22578412
5930219
103370
64144
5109555
299283
1267947
1696585
5345543
55075
648927
3810877
1523781
13296076
2877204
3619370
37052591
2523036
1227375
21265801
700413
27733029
662089
1239739
654391
18928
4305367
47122
5173468
551913
1717516
1170242
2927332
800601
3289157
4497028
4550233
222817
1853515
3489643
601757
8071144
465447
164988
1502854
1445203
5320
888145
137125
963248
10041501
8401118
2934069
14311674
166347
532051
2164868
120501
67916
11199083
130044
5242497
149369
2022580
2420931
194392
988
3414042
1683437
6579517
3373153
18186
323244
231152
