3933113
1256121
21640399
187097
24654213
794155
36964
1942638
486031
3842976
3459979
110969
9985352
37970
559151
3035023
3342395
9482657
39526
4167580
5347094
1000515
61590
2043112
1058491
1947720
2350871
4907454
1155202
17090
2640332
1718818
5030449
5513458
853778
9514730
5062814
101
980463
14855874
10321025
864602
464093
811
11223
3485900
3320682
7122401
4555032
1289655
2000105
1897677
72090
9043229
1926159
1071823
7714032
426180
2418562
2143925
2022580
448509
277764
4354341
10311876
2063426
238340
15324653
328332
468761
5428666
2061092
791016
10234851
2107211
901555
1328625
12093809
11973520
14223731
5161107
2443414
4480253
14067741
14077960
2109376
744096
3112852
20574228
6787542
10909
801564
3940405
3829450
7136306
17553354
1726727
315420
1675587
412486
6776989
992950
350344
2797100
726938
864730
1165260
1071628
740076
7770812
3119455
11585521
1857993
3678966
1936027
513695
56196
3492629
7397064
34903
1347676
231742
2157511
595976
608273
1153293
3859396
622872
2400538
2496989
99076
92276
26987942
490797
5503637
4600442
940388
4002418
66463
28689228
1843620
13604298
1646063
30772
4747910
464132
3390307
1082780
4136993
42901
1410436
107326
44592
1200605
757846
521381
3457575
67764
10950425
3838130
2868788
8659252
34699
180721
48035
2471515
2239447
2762828
2880505
3619395
4956060
3575204
46837
657343
4735526
3478084
2417518
413838
4042973
3306907
1959067
3000097
9058273
45636
903763
9257697
2371920
1340892
66082
10041501
15504975
63615
4961
765876
2684646
17709
1511816
391240
5958840
1960293
2057077
580566
16888
2042942
56858
148720
4728858
4705742
2004018
1634136
2072435
1359874
27682
174569
1631544
10740
115354
1594832
866964
67783
4624999
967412
686389
1915565
1988832
8398878
4718203
3215135
24335
5580996
1589280
736042
2835041
2549664
94274
2552689
138982
1887270
145578
2441101
8672639
3203288
4834610
8066041
13061
2609461
7460518
17997944
9363721
3903112
279963
36729
1321512
579555
3831281
38665897
809342
3683913
2430669
3700216
1191072
23283389
876518
9592230
3756050
1837606
628464
2385308
5276472
24613
1899022
7971831
158916
23777
24195140
150541
5145558
5994211
8165
3986866
1088301
3884935
297609
981646
305717
23784
1956064
25151122
10397270
9499480
10932139
2280890
13231785
16885
2663732
73065
3328485
576275
1533235
23096954
227098
731680
1999611
4779434
4740056
56122
4125161
2549747
61175
78914
4567339
5838974
363444
37029505
671674
3574556
10732642
13074888
588817
618711
275412
7401346
6197112
10368
1817125
3971080
3495524
2275439
741208
1833094
1292636
9869816
3203378
1713595
3684143
5051336
7251303
676584
4629866
2070259
914241
4316969
1802226
15902174
2339567
2850547
4200312
771624
668
1287792
4261288
780347
81524
1304744
588762
1990722
4405188
10237129
6178670
761446
97261
15349406
3673345
5228431
1865915
4192630
11587380
1789596
4204504
800601
21800255
1245708
2151
4172466
15725491
11242457
32011196
284758
3074663
34992
3275348
5732889
20630480
1599481
5999963
1440489
38430258
3719049
9403075
5923538
15204602
3479048
1577537
2057167
1411555
3799255
30545996
57403
1161820
884074
469687
309146
2385654
4692341
1348
3283843
15640012
17004
762451
1125825
137303
1885092
11617146
226615
15309394
88509
3062533
207618
81683
5203172
6983778
5963149
800136
20553
982735
18347483
7651607
13484
923057
2569802
4258512
5821932
939937
4877201
7774655
197222
1806301
2934405
12745
675318
10531310
4183933
9466516
3374173
461322
77004
684147
37052591
2910358
349907
4602996
588887
2099973
2799051
5022487
8088322
150375
26917762
115555
1341212
75360
3274818
318362
5558837
547606
17593
25483264
633287
6890579
2193941
5668
2467380
775954
3462104
2413591
1990978
621966
17477463
1685502
4985309
3647503
6977743
9180460
18873363
39171
5049914
7511273
240673
151250
88421
7612020
4635399
362072
10963
1463554
1565146
2835136
1979260
8814023
1878902
496930
37645895
1596850
9471670
3696454
1040088
1028195
1590004
74778
3797532
1421582
1827896
7339505
13478293
2953803
2207606
2246522
9965965
51905
10638890
561404
6078263
2709420
7865262
6122887
3156687
3075845
13982647
36184483
211906
1477024
61640
98995
6101344
44072
1625939
990437
998208
2139
51982
12069518
3798037
2234423
42103
7017
308253
98525
1032022
618436
2347867
736167
204
607996
4247
2291994
1641035
30572857
3763316
2343098
1521656
42813
996611
4411455
3669597
1487048
485972
3371086
1289540
499350
129314
1651785
1101250
789983
1022521
436084
137114
69584
4496464
190786
5594568
1331402
1035204
1801870
4190431
388303
16528
732
540611
10070539
663807
12339116
2707819
1030249
577691
274925
1865714
944709
5432
4172416
18013571
304808
2406582
2144509
5848872
3003096
5594913
10930
7533944
2130155
4631420
615
112265
3398946
12255490
1781286
4760117
5460
2750712
2599578
11155267
16881030
569539
2459962
59236
27461232
708006
8729683
1277852
4453349
1208529
2567477
350245
4268226
547354
11189446
8740309
59610
1321491
538859
772073
6063930
3354247
6564089
1365259
374427
35589
1155882
695712
8159959
1521632
1225375
6817063
686782
1565798
5694561
7180
737268
17214442
3293717
29462540
5765562
4346
106358
1252090
44359
477
2043141
15284828
5863561
1477016
2122747
1411956
3171495
8132745
2667
908220
2909310
19921
1936860
334215
1865698
5189809
2232644
980779
4391711
686192
384616
2025772
2144697
4383725
9029
106058
23763
3275142
2949261
3268967
749214
7817615
961912
1239981
2656299
64829
7923245
2940421
4489595
133348
1752462
620971
1795614
982012
2164639
902515
11740512
4891057
2271119
5824864
167333
27005
1516047
142023
4813478
22676
19823111
71954
2589621
105035
733302
42302
134839
16272625
1418308
3994589
8347679
633236
4303842
2138611
3408075
1072866
100840
7105240
23588962
4376014
474510
616780
25746372
257392
443414
1589347
2703978
15042885
3391058
2687181
2497948
2017066
3299493
4725865
4382716
3286967
129837
5484068
9496569
10445271
1374057
676034
207932
25554328
10111514
17651
1265386
41166
8351338
3648951
108339
4565300
576226
4550734
1960970
17681481
2346158
465635
10740978
4878596
15802371
17951309
20800001
1207807
40452
4828
149646
1925135
2067727
13030509
11647438
23589715
6579517
106226
4728680
67355
723257
9429500
1496876
990136
5117320
2445334
42138
5051738
14039279
798556
462209
2695411
5994
5163599
4290555
5300426
8
8346856
421196
3771084
6072890
1492720
2623927
2477214
9227721
2178193
2929589
3818786
2648206
167817
3615573
144423
1943990
2069751
16889
1874876
2057242
3023433
187839
2536009
4763829
856685
1082919
3401497
10427738
7417126
789068
14863982
7093779
16410823
202
2692774
1213457
3961734
112141
904687
3614028
55303
1287783
879222
6267
5131693
383391
2469488
551612
229758
15507513
3949916
132
635785
40096198
26802176
1287159
2783513
2804102
733135
116875
1412002
15346436
5036372
18472
13065180
1090614
718354
10768310
45613
3743054
33444
1086012
3866096
2994525
2993028
1402579
42589
170433
51950
3271437
32632
769591
19131
1391937
5382279
1313455
448082
2471262
56388
7341575
54133
1369633
259220
714921
4444733
566082
51113
11489738
1256997
88516
2724694
91685
292014
7886042
1060853
1274517
2187622
3419044
32726
2828159
5504003
3552901
2064621
5592218
6971018
20904258
5213265
166870
2779127
836856
20975192
3194038
3736102
1383230
9534814
4083413
1968170
62197
5424895
2304620
10159714
22836750
1884761
2739114
1282626
490086
502069
31898
4135048
6219238
3020034
1024298
54926
18951711
620792
54905
5239139
175257
269699
7867561
437679
5207920
2144605
1791485
59755
42975
138853
73661
6604039
3744416
22752041
37460390
6896105
21875356
2536670
111173
3509973
182398
3468772
1361927
12359092
3913974
2494627
5335996
17183
226796
5642956
794988
975211
27059894
1473614
1284143
1184121
22824234
2802735
5025129
4944491
1721713
1529439
64615
18687801
703168
493
20767684
5123221
2776687
523560
5332102
1833590
20682677
8087767
6206028
2947775
208641
20818
5265
3355281
14346034
391095
7836271
856130
1258511
20543186
3697530
77795
2618898
3768371
7549595
18867615
2167755
1115446
396231
1217149
5930219
4476444
4383615
600542
663828
202265
4706476
1989174
4592766
3943714
2726081
319947
16461
6551453
324310
34964
66868
9261
430050
5064787
2706832
5598587
5524172
153559
7183714
26826460
640619
2975145
4725806
8109528
2382596
57052
2784047
7278673
2138033
2136144
30295
412627
1008116
2465447
4695199
5184887
5096023
4490807
1714757
2451181
1209187
747798
2043228
19779268
4422225
783068
15087362
18961093
90039
864538
24310621
4831798
4875938
624505
51501
621057
15351202
1729329
106872
24213291
2158685
2302425
3560190
829760
11590926
494614
708128
5895183
4057840
371907
12069187
4349346
12419266
172206
100445
609214
2263066
446534
11269463
1653626
350021
434608
5707585
4389750
729513
53073
5920164
3354914
972083
4741699
675637
335866
4084871
4237180
5780900
364150
4918292
1553363
711085
2938426
532071
65132
5159470
6396254
88685
3940828
13818757
12842811
66375
348209
11246779
6760711
1109563
1075282
4544799
19258478
949931
1226677
30008719
571940
10329553
707607
216996
4508788
1033481
3991007
3866316
7845075
1395628
7806827
5424345
8604922
2685292
77413
4453777
1783669
833104
38696815
760177
470140
3384011
2317728
1512431
4549451
283525
98584
487
59567
21071973
2845505
481859
3419886
2645106
56935
957436
44295
3707761
758451
2297409
4261156
46303
2896895
694284
3444120
3991761
2985814
26387010
1124282
11076859
227191
29493150
2239746
2646482
5830168
232750
81674
2877019
1675813
8028924
3665730
10361501
8295603
1033870
3118284
12198576
1150096
2556591
19311898
2172853
4785735
2002050
59547
2341353
5803256
23125557
1632171
754912
1567255
3673145
9812115
908955
337486
4256
1494512
10456001
5004959
2074953
1353322
2664220
407861
1042590
2449124
28076964
1181417
173857
86132
166347
5957678
532051
10334546
2844759
7032263
2248469
4497028
13510364
2066634
25912139
257558
2675612
77676
1543563
913637
1170978
3791820
1557149
244964
4430927
389789
50383
600400
108169
3366845
92457
10332
812502
2749855
8713089
10807604
637690
360265
6588609
1221775
7130212
1585155
11458737
620646
409091
669888
366534
5814236
617
165480
498091
1512492
4847488
13321
2314261
7450468
81443
82470
3855867
29393404
2500401
8070600
4153769
2513186
3785418
2630269
2594185
916699
411426
2126550
2470896
3150914
758307
350480
7129058
3993253
2108077
1040196
1257637
2817104
97150
2644531
691450
1737133
3925001
627909
3307012
196022
3615007
1523746
4991716
2493888
916814
1803265
4387077
27016565
526614
12041
5321198
5585508
1999905
4426674
11425956
39249
4987056
3525592
3610615
2523818
2471639
1066205
4791934
6942471
3048247
254067
438915
3360417
18118386
2140747
29267157
96603
46199
40792
1236675
2198249
1040164
3523575
3926404
82903
144936
13514
1247129
6206
8261007
2627501
10422756
157802
1852154
815213
1217214
994159
71249
766495
3405229
4275826
486879
554756
17652
164227
5931784
1842583
3609386
31339
3258738
37801
30181404
2187812
1135411
1900634
165539
8320661
592116
19648134
774785
3813645
615177
4440487
845931
1097321
969501
2603
5854578
510734
1714835
7309754
3407340
2526911
2553781
326077
440230
329754
736005
33023752
7343
31525
126430
25031840
71276
3639607
350078
3272927
1191774
1171725
945363
3932573
70076
2679189
127427
5775303
1161957
6461
6433976
180963
3469290
511868
135823
54646
2054463
1988440
2144501
4224
2089025
64782
1088055
6025303
6052181
4215622
4743285
5091551
8551767
1218288
41021075
2547113
928493
3894701
995150
59601
13379651
198260
26467264
287202
5446087
1020610
2582078
480678
5229909
376521
1490142
5805026
2301989
195776
2997365
