10045
571
960
3491
13509
12301
14273
13738
3158
5322
968
2342
10600
10884
7864
3728
6721
14174
11928
7888
3551
3757
961
11440
9039
7297
12871
8054
1377
7604
8008
12821
14222
12293
575
4393
6526
9852
2805
8098
4509
5370
10119
13387
3586
9776
8839
2245
8911
743
13107
13259
3311
13162
853
1481
6621
4963
13610
3318
8797
3129
14108
3252
8311
7249
3473
7156
3292
10280
9846
11782
9441
12087
2066
11358
5828
10288
8384
3674
426
10910
14283
1008
1926
6514
2414
12003
6057
3432
6970
13846
11359
1311
13810
7896
9134
6835
13473
12499
6313
3377
1543
4734
14994
5605
5384
14097
5557
1352
9105
14776
5741
7495
1830
6146
1053
8049
9817
2888
14075
3975
2967
5237
12429
9790
8690
189
3338
545
1145
11499
14768
10676
7919
12910
14307
4744
5783
6412
11571
9286
5710
2633
6367
7214
7689
5416
13849
11594
13671
13856
9531
12009
12413
8531
10835
11562
3274
2840
13864
11985
12782
1963
2127
11162
11817
7578
6348
12576
13000
4257
9246
12097
181
10301
10386
3012
5042
2148
11630
2067
12148
859
800
8700
4635
1110
4585
1207
723
5119
11863
1380
11222
266
1193
9942
11569
8724
7083
12478
12012
6400
746
6638
1692
9062
3061
2491
10868
9949
7509
14229
3689
8713
4488
1174
3359
1702
9260
11698
1769
6520
3290
7403
3260
10814
9114
3277
631
2936
9202
9370
4228
4016
10434
5225
12154
13231
4712
6171
3232
6764
1720
4512
12782
3986
3997
206
104
13847
8803
2615
1348
7162
459
9328
10318
7043
5686
9721
10422
15049
3999
5403
4999
6512
666
8303
8082
4150
2465
4134
3726
1649
4673
952
7817
705
6312
3589
3482
778
10386
9167
772
12107
9265
6330
11858
11525
13862
13703
13911
6775
12361
4068
8276
8881
733
580
11193
12123
12985
8919
11833
14068
1379
4821
13741
7574
3207
7370
3060
11294
3442
5897
12719
8153
10837
14972
9714
12670
3501
6315
3059
9965
6634
14538
3035
461
183
13650
7639
11169
9537
11405
7915
952
11976
5453
5753
6549
14246
810
1599
13693
9648
3907
1475
12586
6665
12846
769
7283
8676
2812
12256
8664
12046
6148
10738
2381
8092
11574
12900
14500
3230
13607
2499
6600
8707
7851
8206
14797
9804
167
10813
6134
9253
9823
11133
740
2297
2980
1404
3865
9149
11688
8881
1103
6654
5395
1092
1650
516
15045
1510
5589
12523
297
11186
6289
1497
14090
552
3780
3190
3741
12338
445
15033
14413
13523
4162
5945
5475
6340
6101
10793
7518
1089
8881
7541
9892
9447
12501
7211
1585
1379
10373
6839
7776
13634
11432
2638
14527
2991
8969
6101
11679
2928
10138
401
3221
905
14168
6831
3884
12880
5578
14239
12039
254
13477
9554
5744
14987
60
3053
3057
1220
12662
15194
8480
14970
1087
13657
10742
6478
14200
307
13142
3452
5423
13541
8374
1842
10402
6074
3402
10282
12687
8797
9783
8289
1750
5566
12655
9375
9296
3305
11135
1324
6261
5684
6623
9478
11257
4063
13796
3122
15164
2120
10493
9144
13452
9713
12367
11019
7500
14844
8491
8140
14439
8043
10228
14757
13296
3005
10163
2708
14731
8262
14149
3823
78
9744
5072
12662
7621
11052
9431
7853
234
1745
11439
1629
3033
7706
3660
2558
547
9472
15189
5500
5657
4080
10151
3111
3794
11125
10951
7582
10775
4803
6930
8252
2925
4856
4614
8838
11711
402
9422
1935
6342
9027
2707
7280
1256
13286
654
5535
9402
8967
13052
9225
1702
6407
11841
13032
8226
9089
13927
1053
10484
10554
1365
2460
3073
11769
4279
9407
5074
1873
605
4106
5489
13106
480
11329
11289
669
8945
1682
14408
5506
10078
5861
12807
11894
8710
13550
11352
1273
6993
14960
7730
12313
8293
10109
10504
15213
13958
13003
4371
185
7553
10588
9401
616
8464
4100
8904
9973
11215
12736
277
7719
6189
15189
1067
12991
2932
7173
12380
1128
13284
4986
803
384
9692
3037
12040
11253
10679
2724
10815
464
4943
1660
5297
7922
14659
13549
15221
2130
4712
4715
2192
5951
12689
4483
13602
13413
5881
11484
9773
46
7820
15118
757
11869
10514
6491
2148
3201
5914
5380
2599
6476
10021
14856
13091
7999
4852
12673
10072
10626
2188
12983
5967
13102
5094
4829
5634
9136
7742
5432
13756
6721
13133
10489
4969
10838
7486
1235
8266
11573
10167
11218
5816
4679
11804
635
3967
12037
10048
8946
7967
13186
12530
4797
14769
9407
1443
14215
11718
6203
10923
4610
8455
4987
4657
6935
1209
14005
4441
12494
7749
12158
14800
12243
1968
12226
5926
5782
15102
10690
2700
8537
7968
3853
133
10627
8115
3279
8288
14879
7180
10758
9606
8686
3131
8058
9310
4070
2478
9762
6567
7216
8287
500
6601
3041
4627
11980
3311
5688
14528
12696
4742
13976
13538
11721
7017
11101
3592
12277
918
8872
5716
8433
9049
11056
2052
11720
14442
13044
3941
5591
7949
6200
31
6021
332
10940
5540
6348
7038
12673
1992
8841
2456
14116
10676
1968
14322
9015
5713
6182
10406
2418
9266
15118
10179
12251
14129
7109
13361
13023
2865
1030
14222
4491
6711
8875
5784
11795
15134
14897
9989
7910
8293
8473
3981
10233
12869
14
1470
5268
10889
228
12911
7652
2429
7470
7387
2447
13771
5590
10060
9568
5698
12805
15187
6513
14405
2563
14900
14056
9059
11678
12565
324
3064
7970
13826
8989
13266
9162
7234
5143
916
3500
12943
11567
4156
4401
599
791
6731
3961
33
4015
8482
8981
14740
1152
8698
10050
12247
11538
7639
12584
11662
8890
11956
13307
1357
11618
3287
2594
5708
11614
14448
9803
7255
11121
7644
5163
12220
7795
6140
11021
11880
7418
5841
1115
5225
4436
3527
8178
11198
4538
6660
12411
8573
13152
6094
4785
11873
13131
4794
4625
1731
14466
3567
7271
14959
2107
5884
9512
11510
145
14009
10764
14874
3207
10306
12318
10409
12504
1282
29
4999
3612
356
4075
7815
11200
10059
8944
2743
6794
14188
2981
13297
12007
8332
10271
9193
1093
11553
5749
6094
2691
2697
8794
12251
14654
7955
6841
12174
3959
7237
13010
4169
11152
9314
10950
6891
1251
2586
3374
12995
13840
6973
3111
2504
2710
3345
13586
12569
1593
3846
14153
1030
2746
13062
1356
5172
11810
1101
4608
4490
12715
13697
7045
11022
12495
10763
3934
8410
7128
9908
9390
13428
11868
989
1644
10031
7866
8607
12582
627
1564
2839
1569
10556
13927
10740
10671
5152
6125
4530
10843
6306
11910
13084
1164
7880
12460
7330
388
12617
10744
4552
3276
3167
4783
6684
7527
1472
10320
7530
10296
14863
7084
11711
3819
5026
5145
9714
10572
7409
6136
14507
1402
2759
2762
14753
14788
2698
12886
15075
11779
6687
10397
7183
8815
2989
8567
11449
11716
5519
6740
5993
51
15221
127
10961
11112
12442
9654
14622
9070
13529
6612
10756
1119
14532
6700
10107
12542
1965
2284
10889
10502
8984
8070
2633
12172
3132
3988
7457
2173
11621
715
13952
13755
7779
10250
15103
6774
11890
4060
5839
8172
855
9796
4553
2828
5764
14155
7853
13185
4972
573
12659
8790
3576
6979
11827
13411
4863
2973
3227
6129
3345
1613
12703
2203
13992
532
14747
7210
3752
11562
3811
8321
3448
15228
9384
3793
4993
4886
3830
4496
9804
6059
14214
14107
6437
5095
11611
12644
1511
10013
9065
14039
9150
7350
6139
8547
13645
3785
7791
9533
11489
827
6456
5662
7743
6612
6355
4351
4355
375
8648
11136
5915
7040
14767
14588
6171
8679
1104
12922
14664
2132
7088
3951
8742
666
14231
13270
7205
5610
14892
6812
12069
9709
6006
11185
14403
11624
8666
3451
4168
2013
392
10208
4201
2758
10832
8456
11575
9485
9796
11241
9503
2335
8615
9878
15182
13734
13245
14252
13731
13444
8469
186
2905
13731
7092
12099
12629
6850
424
2033
13355
12912
10207
12310
10395
1033
11007
8708
527
9139
9042
12206
14068
566
1339
4396
6220
11523
15103
5717
15129
5033
7109
11872
749
4870
13638
11476
6304
8837
3591
1650
3380
4747
5552
12004
980
12427
8477
15184
2356
6042
6436
5880
386
10388
14052
10850
2715
4339
801
9840
1945
2380
12821
10867
3876
13027
5970
1917
2104
8599
3446
3550
12360
6403
3393
6554
13880
7735
742
492
6842
288
9817
8892
11024
9971
3775
9965
12406
12351
2885
14266
6790
8706
3601
4313
10939
1781
12681
13128
1547
14475
20
12537
2246
10184
10615
11927
6174
9029
4830
4457
1234
6593
3389
5108
14199
13600
1169
8923
13307
15197
11892
11090
9657
184
7283
7649
7550
14116
12953
2948
720
13622
13574
2392
8963
774
13995
1440
12180
767
13607
11971
4007
9347
1068
12395
3691
7168
6035
11552
10618
6964
1320
13587
13773
9595
8090
14330
12167
9880
1358
993
2072
1468
7117
13468
1560
10346
13170
12497
6196
13949
672
13511
2760
363
7669
11692
1399
11909
6613
9425
7961
2920
5482
8340
14205
14646
604
6915
5042
8142
6440
13724
4830
2936
8683
3596
8635
14697
13287
14451
15221
11798
8765
10422
849
1953
11333
7063
8383
7015
871
13075
11661
10390
9638
3449
8330
10373
4962
13599
3302
10985
6697
13065
11831
51
7122
4526
5485
13974
12844
12999
7290
10868
11706
8053
668
12036
3901
8668
13355
4241
11
12323
2
3077
4263
1480
2310
13988
10543
14664
2923
6782
13837
7247
12881
6071
993
13380
6974
13599
8456
8119
4338
1662
9727
2115
8823
6119
10734
1013
10333
13429
11475
15065
575
11983
14736
14493
6539
12529
9018
2330
7264
6787
1097
13612
4302
13101
12938
11313
1848
1556
12699
12276
14552
4206
2304
11505
8124
13261
13315
8758
7592
3447
10506
1112
6459
924
9443
7444
14624
7827
1726
12851
12312
13705
12649
5784
15185
7193
2764
8814
6811
4823
11223
15152
8412
9234
10892
4107
9187
6153
3599
12514
3265
6904
5510
3104
11005
11223
3801
11526
12138
5355
6733
5825
9135
3994
11069
7998
4219
6085
11813
3883
5806
7008
5441
14160
11578
13908
6656
9531
13799
8881
13878
3602
4638
414
10349
15107
0
2776
7937
11766
13850
4952
10995
13895
7780
6661
228
9588
419
10846
785
2372
14584
8689
985
11780
2324
9395
3123
4550
13137
14484
10672
8226
9052
2111
7493
4295
11395
10827
9820
14988
5725
5404
574
7578
13888
5618
11689
4801
11970
9736
4432
6260
15071
14109
13665
1351
3414
8498
7034
11022
4755
7141
8519
13110
7736
5677
2456
13015
13869
1919
882
5465
7770
5077
5543
5681
2962
14476
3422
10807
11031
7424
2053
6145
6751
6374
10607
6848
8088
10559
327
4536
10697
7104
11351
9887
2989
13018
6243
11803
13710
5679
4369
11459
13597
6152
12239
3385
9652
10322
7912
11862
8357
2300
384
7342
5383
8012
1903
6641
10382
5611
3012
13272
10715
7504
7629
12475
8503
9335
10832
13755
12781
9437
3553
756
4966
12138
10799
13274
6656
12321
14349
10147
9319
13759
2517
8902
1135
9512
11863
14280
4712
11351
14840
8413
3638
7709
13902
13400
12164
1194
341
11055
11066
5870
4529
1379
9028
13700
13276
10035
4172
8573
9666
7745
11673
7330
11817
1406
13334
8579
8589
4855
13001
7152
9579
1389
11272
720
10553
9700
9741
9681
1489
4538
4199
81
4205
10685
13361
11835
9370
10284
10020
171
11890
7533
12927
8819
3048
2597
9463
12096
4390
6462
3076
3554
12358
1249
2961
4679
6926
6147
7465
11205
4120
13999
11206
13191
14155
14059
5962
1779
5377
5166
6135
7805
3345
5748
3401
8498
10896
13774
5505
349
3647
281
7691
6500
3072
8818
11294
7165
13310
13400
2678
9978
4621
10838
4104
11719
361
14054
8522
13805
6222
261
2046
2248
8606
8483
6451
11549
11218
3918
6748
9268
323
9624
13603
7395
3518
13689
1772
5252
12644
3115
8971
4683
2093
5940
3315
5938
12939
9067
10443
13232
4382
6711
10654
6087
13187
1857
4449
3807
8551
7940
14420
8238
3369
5418
9470
1913
8145
12611
5357
5120
3633
10301
81
3054
1405
14255
10482
4073
5985
4174
8015
8188
4502
2150
10653
10632
1773
9137
8524
3870
8738
1450
9066
66
455
11788
9430
10333
2065
12653
7718
8567
11490
6308
14397
8291
8063
10297
8647
2492
11344
10435
9270
8742
2119
12914
2299
12426
3564
7716
325
704
4287
9190
6081
3397
11279
32
3181
43
11785
9195
8338
6989
8917
2956
11335
1595
389
4891
12619
4951
7648
886
5819
1327
4487
1979
14087
6390
4138
1094
1572
11091
9540
13537
2877
7197
4411
596
14124
9532
15063
826
9841
2126
1295
4559
10144
2699
1277
494
565
11392
9194
14153
8689
10540
4753
7956
7601
4771
9940
12615
13236
1553
462
7093
12474
724
1872
2846
4076
8587
9503
1695
11249
11102
6374
10928
9341
11029
6586
3018
5528
4671
8437
12048
1596
12535
12127
10215
9163
12055
9318
9917
1258
7611
9196
2752
15131
14267
11063
12125
4992
9548
10548
13875
463
10236
6197
9813
6742
7148
6633
12220
2559
14037
3707
1108
6354
15058
2829
5244
2604
14218
12674
9007
14554
14562
10799
4363
13375
12361
3109
13395
7603
4434
3485
12008
12053
2882
13524
1507
12184
9747
12712
9487
12171
13856
1597
6432
4836
8391
9393
6060
8958
14329
11112
2891
2686
7167
5865
15211
7217
11796
9286
10189
6708
992
9831
8753
9143
11977
4412
2279
11333
8258
14493
6362
9680
4782
3627
3659
10554
12244
2950
12231
2392
7176
14296
12805
8294
2447
11211
3504
8860
12120
4031
7652
12235
1752
1721
2655
6377
968
3496
1223
452
8034
8067
8473
13327
2197
2286
11050
683
13781
10087
6757
10986
12286
14703
5725
12215
2507
5158
8465
13789
2139
11000
11470
8858
1374
14287
14887
3511
1983
5955
14045
10259
7145
11110
619
7596
15042
6771
9931
12630
211
3219
8801
5288
11856
9275
12932
7153
1424
5478
13697
978
12535
7616
11422
15130
10693
3127
4347
4073
14439
10360
4098
8753
1423
11077
7166
2667
7407
8821
857
3500
2140
10201
4234
3352
12137
6636
5254
9541
2102
8444
15184
4250
10870
4855
12490
12176
5039
3524
4378
11136
7997
2992
7835
6455
9052
8926
9973
12473
3521
1446
9738
4507
7070
5822
2140
451
7022
6485
4701
3777
6359
13306
3944
12079
532
3767
7329
11593
7209
7982
10637
12381
9640
12043
9841
7781
10235
2322
8752
6442
13031
4664
8226
1920
10787
8032
8550
9593
5538
11487
10626
7260
7738
6286
6740
13997
2668
6827
2665
6227
11048
9
1307
8716
1942
8194
14242
12777
3898
9033
6603
2614
10440
9524
534
5110
3239
12855
566
14095
13231
1844
3468
4468
6896
10407
2683
3801
12645
11404
12018
6376
6721
3013
3948
6185
9656
7903
11375
10826
48
4112
3030
7357
13778
4373
14924
11367
8475
7564
9588
3024
6307
13382
6097
7488
861
7250
6206
4811
5537
6857
14234
859
12346
12427
8115
10954
14615
10761
14671
3277
8622
4716
10952
12689
4981
10794
8790
12630
11835
10477
1778
13643
6900
615
5368
661
12370
12418
12812
3666
13341
2593
3174
8926
122
1223
12843
4597
6848
3776
5775
6987
7543
10385
13665
10414
13404
13375
5820
10165
14351
1870
13487
7789
6197
4817
5741
13679
7954
455
12787
4838
10713
240
9089
9962
6782
5763
4043
3905
5106
13566
14464
13656
4920
6751
13071
2940
7969
11218
11274
11344
11022
1279
14612
10037
7078
11429
14301
3158
10629
3638
12298
652
10504
5432
1955
9734
50
5065
13272
1034
10063
7290
12569
5993
7200
4192
6145
2737
5076
2099
11309
10955
10109
6783
14437
4258
254
14960
12685
8403
11048
3763
5592
6070
14280
970
3022
6757
14614
14149
2709
4700
6592
4489
12247
14122
2941
2226
8310
9365
8848
9607
12662
8005
1743
1454
3556
4759
9017
13910
10964
2314
10242
13475
2078
2564
3381
7959
289
12956
10623
6566
7387
5304
13919
9357
297
2683
11881
13153
13012
13432
12738
11473
10172
7983
2606
14375
1355
5525
8501
10451
14713
9547
10972
13637
8847
7128
15118
10945
12832
633
11497
14075
5766
12877
3644
4815
8021
438
4126
13885
6842
6351
12587
788
6869
11326
3921
8797
12083
8778
15094
13389
724
11582
705
11270
13397
9354
9632
8982
11572
4277
3744
1039
10347
4570
2596
3363
2134
6297
1448
7784
13323
12283
411
10511
1131
1381
14589
7338
14880
14329
11025
13618
10123
5349
6423
4109
13844
8097
8589
13938
12581
14442
8313
11470
4921
9306
9559
13228
1621
773
11429
11750
15118
12174
13817
5399
11763
6594
5113
12010
5424
5861
12974
12059
15068
13485
13219
10059
1705
10774
9541
9234
7657
9664
3843
13074
13455
12487
8433
14027
5769
14162
26
13566
5561
1583
5540
4872
8818
1268
9386
10261
5154
13437
8612
7383
9891
14665
12771
10324
13085
263
13737
7626
2307
8890
7529
1565
9826
11048
11047
14098
1751
2442
14112
11683
15100
13023
3967
2136
3645
12198
4610
10599
13942
8567
14230
7193
14921
1427
707
9330
6543
10058
12880
9747
14916
8582
13020
11765
12428
10415
8534
681
1867
2090
8112
12361
12093
6615
14709
7435
14045
13020
9984
6467
13622
5127
3953
13882
6774
3859
5157
10771
7434
7150
11312
7385
6674
9118
4577
12639
6621
3886
5393
3488
3225
5235
11577
2154
8533
6519
6387
4195
12514
10632
7799
2447
11669
11548
7637
13509
6051
5604
13703
3211
5492
9008
9484
2624
14844
3994
1743
11559
11972
8858
6049
13681
4416
4638
4294
1666
178
6849
10400
8954
14312
476
12876
141
494
6018
8305
8236
1498
12157
3249
5260
9463
7366
10008
13929
3087
11749
13218
2757
451
6734
13924
9188
8298
9354
2958
12037
310
1257
14820
12011
4845
6032
7815
9250
3136
15044
7764
3875
5022
3207
3880
454
8085
14465
4315
1481
8018
14609
2402
10569
7668
10646
12253
9745
14603
13039
3713
8058
627
7372
14592
10152
3647
8534
6676
9572
13271
4468
10907
7552
8232
13627
2133
4890
7782
8340
12901
8881
4096
5427
1339
9589
13831
12659
5149
11198
2096
14897
5349
15135
279
94
10624
14267
8822
2090
9803
5656
2362
8123
13984
14472
1825
346
5677
9952
163
4006
5005
1413
3984
6742
7851
14016
4826
5122
429
10379
13568
862
5589
3432
5192
5928
14555
5130
4751
11908
12220
9573
7979
4434
11483
2050
13242
10393
11603
2849
1722
9240
9393
6439
12348
4375
7803
1562
5001
13647
5016
13239
14968
15191
10019
2007
9518
12790
4187
10728
5296
10568
14884
11315
791
10239
12068
6870
11645
6295
5428
13209
2600
3507
5752
9796
8898
125
6784
4970
136
14184
3548
5563
12675
1035
7330
7889
2983
9554
14041
7174
14036
3490
6293
1327
4504
10067
11116
14806
846
13174
5548
11878
1157
12927
6923
8038
10095
13073
2680
8290
1301
15171
14646
459
12227
2715
2767
11758
6551
6578
6630
10665
15035
9386
5204
3397
8692
12715
13296
1921
3146
3243
1197
14098
15110
14769
367
12714
11088
5969
7296
12531
14934
832
6570
11754
12647
7557
15227
6199
10818
4684
802
13136
10769
6464
9318
10293
4506
9737
14103
4303
6867
15154
13066
6355
6052
1728
1839
14912
5856
13851
4314
1592
14929
14856
14140
13805
13266
6461
9856
9000
5909
2250
10274
1724
9888
2421
5861
9846
8025
13750
11752
3677
11285
1772
7355
6854
10438
2949
11397
3767
8810
10060
14734
6420
11591
522
1663
1661
4758
9172
13847
13745
8066
13735
6493
12348
2983
14262
7374
5524
4466
10814
13566
735
4773
11815
3796
6747
4626
6364
6711
4730
2828
3491
7424
12651
5922
5393
9227
9004
12083
8980
5790
11919
13065
13173
3246
12715
15048
11034
3028
6396
7347
9293
12620
9884
7573
1842
2611
11768
14109
7121
5325
6009
14109
362
10277
812
5011
10679
11976
14987
12266
6941
6685
2607
3072
1841
6062
452
2373
960
8978
11630
6723
4501
11354
2757
10036
12908
2446
9102
14873
10229
8827
5334
5288
13762
12218
2792
3417
986
2712
10941
1624
9307
339
9671
8073
2207
15052
7075
10036
2769
14792
11740
9304
6071
12583
5911
6538
13151
8095
6053
5965
4078
14104
11414
1928
8564
3932
1366
131
1788
7602
237
3863
6591
6774
14272
10143
7821
4771
455
5894
7917
2351
485
57
7441
12127
3983
6096
2266
310
13326
11046
2711
8681
5967
11973
2506
1880
6298
11736
2611
7945
3032
2963
11824
874
2238
8908
225
11226
11778
6072
13713
14788
11169
4325
4115
14919
8803
924
11847
5889
3926
10542
13030
8022
1563
7980
8688
8829
12239
6743
14737
2449
1810
5188
10010
8842
2917
15106
1120
10183
2598
1561
4525
405
12257
659
2954
8846
8849
1318
11211
891
13061
10375
5225
529
10970
4150
7964
4348
1532
13485
446
10316
10690
13348
10155
5182
7039
6729
8850
1797
11581
1855
8947
10923
9783
5347
3968
14259
98
13457
4689
15136
7301
5927
13276
15104
7273
7630
7007
2223
12100
4829
13255
1216
4976
13037
13979
6649
7307
12469
7683
980
11763
7688
9625
10084
5829
13235
6673
14482
2797
5946
12132
14724
9145
8221
1635
12532
14438
5807
13181
4519
4583
3698
13057
12908
10953
11836
12944
7258
10041
8160
2351
13570
1798
697
3337
9657
6716
2938
11957
3590
13978
7660
3943
6347
2021
1498
427
14436
2588
11821
5657
13177
10754
11179
2605
8325
6512
10071
7942
3602
4198
3705
3337
13410
3117
4460
9646
302
12667
7592
4061
6797
10307
4343
10378
3478
14743
9150
6669
8491
1155
10485
9311
5524
1993
12978
13090
12119
5781
5825
10316
10644
3995
4592
6718
13083
11606
5530
7707
3269
9337
8543
2712
7826
8771
8926
4387
12514
8711
4086
4511
14229
2191
6146
5125
8912
1777
4590
11285
1658
14953
5483
401
13234
2573
14160
9266
7048
7371
2744
2417
2219
10878
1595
1895
8714
13450
6202
1778
2049
4353
6630
4694
9792
12005
9899
1176
4453
13856
10112
12783
7539
11222
5007
10106
7405
8210
13630
14375
12532
12930
8546
529
12748
3139
3740
1508
1899
12429
811
11831
2871
10446
1316
2141
5100
10478
11739
3597
4892
12669
9013
5226
2404
13991
2841
6953
11286
13561
3723
11655
12029
1651
7359
3484
13425
13628
11982
12315
7722
13184
3252
2357
13448
5597
10469
2031
7150
29
6894
2293
4933
10815
2882
11813
4958
6964
13428
10418
148
9314
7178
10313
6688
915
12195
6194
13588
3909
11259
14604
14150
13566
2971
7978
499
1445
4504
589
10312
5308
14163
3184
14281
7910
11882
717
2066
14196
7598
12159
2464
7032
11295
161
14503
4500
12667
4902
15179
12350
7399
15131
6755
13569
10519
9302
3755
11885
2098
5081
5663
1494
14811
10656
5268
65
1428
12341
4665
10989
11470
6280
7287
3779
9093
823
2361
14253
13482
14787
9253
1360
5634
14821
6774
14460
12247
12769
39
11283
4710
12103
7176
5657
12187
712
494
3793
333
1104
8846
14284
8186
4085
13752
7804
8632
3581
12318
4085
12749
13490
1689
3943
2847
6744
546
11001
6159
12057
6142
6456
3573
9203
1038
13763
13629
5977
4785
9143
3306
8258
13662
3833
11842
8598
4613
1724
8718
12000
3246
8158
9875
9678
191
3767
1903
5937
8059
13767
12841
6600
3369
342
1454
7740
4192
11012
7447
11605
3641
9267
4151
15013
14909
3205
10022
14198
11562
4904
9827
10001
14760
11459
990
10321
8743
6303
6893
12562
5323
7828
3064
11102
8760
4883
14279
12195
7695
6701
3920
1710
7224
6916
4886
7897
8777
9134
8781
13538
8461
6877
8010
14102
8798
1459
5414
14383
837
13127
7072
12108
12589
14147
11531
10077
935
7982
1264
11366
14279
452
10838
11704
4429
14484
12590
2176
14692
13048
1713
14696
6457
7114
6715
6837
10664
5866
2749
2020
1646
13868
12286
7667
13318
2607
5450
3244
11604
14640
2091
113
2584
13262
5788
12220
12223
10774
5282
2224
13725
3578
14398
3332
948
2974
7105
4542
11470
10554
11239
4286
6116
6622
13705
6722
4760
1814
5689
12677
4780
7160
1330
12818
7157
643
6312
1777
14975
3102
5834
7048
2712
1544
2451
5434
3720
14698
6076
979
11179
323
6077
10072
7455
10340
1733
10331
1362
3571
10674
7337
2131
11754
6791
10940
11031
12655
7894
3430
2319
12695
10261
6481
3960
11594
4798
7354
7934
4425
10349
11468
14767
12863
11622
2635
8627
13538
6593
4134
14539
12765
315
12892
4407
11085
13140
12126
1064
10647
12782
2024
5742
14882
4685
4395
6658
14874
11071
1279
10686
12552
12130
13405
2661
15099
13304
5436
14304
54
4837
4206
4858
2210
14424
4322
3718
13387
11384
259
6594
4230
5613
11748
10520
4778
13969
11443
5227
2409
4552
1881
3530
10470
3300
9777
351
9078
11405
11594
5966
3196
11050
4244
12671
4862
13755
11920
82
5655
5255
12805
7331
13725
3041
1334
7667
2939
3409
13127
4204
3257
3906
8334
14302
14446
12556
12815
9168
4705
12025
13990
4131
14214
10398
12540
10476
10334
7558
13948
1188
13534
14172
13394
8713
12276
13565
9425
14564
14647
9578
11293
38
12231
12238
5236
937
9499
8213
7714
242
5504
10402
9535
4543
11612
13665
290
5174
12539
13224
7487
11416
10254
2568
12097
5771
11311
14305
13327
3943
14474
9737
1502
3768
2736
9290
12388
6185
8120
13498
11955
7084
9745
8255
371
4023
2070
12722
10328
314
14551
6758
5202
9132
10609
44
10103
6861
3897
3356
341
8190
4654
4057
12095
1044
8740
3041
7942
14467
7078
10039
999
12980
9378
1135
12833
2817
14055
2718
4910
1857
9191
8080
12984
10383
5571
3958
14854
9986
7014
336
5232
7449
8982
51
1822
3634
1365
8731
13277
15033
773
12071
2869
9350
10338
12591
13474
5735
14481
9973
9410
1542
9833
14811
462
12378
13357
3001
2009
11387
3410
9791
13691
14859
3897
13692
12176
1608
11129
1861
2708
14443
6201
12891
13213
12763
1641
6725
4787
7778
15100
13869
8175
14911
6832
10194
4088
13170
6613
5296
3454
6362
11416
12200
684
10745
8535
12296
729
14362
4396
3757
6022
2346
10324
12346
3813
7437
6645
831
6647
10028
4186
7164
14716
1928
5632
13042
13678
7253
2270
4641
2524
12750
4431
12771
2114
7778
8921
11747
5733
2813
3894
2466
14590
1567
2549
8844
1737
13587
9706
12330
8451
12653
3153
14464
572
4616
2921
5665
5917
3864
8527
4773
2589
15215
3303
5933
14294
10102
12041
9702
9029
13040
7987
6502
5000
1406
11109
14972
9618
11340
5108
2053
3433
9373
959
6818
8043
1818
5881
15023
14103
15189
5122
724
9434
6629
179
1253
4033
11180
3773
11357
10224
3498
4875
9147
12930
10928
7882
5917
5402
3580
4058
8096
6933
5464
5653
8061
11133
15056
7630
2904
10932
11504
9076
12183
13341
6446
12279
12680
14586
8954
4475
1207
12112
2814
7160
8149
11122
15050
5376
8431
11869
4203
9725
2856
7097
13533
3526
6184
4187
12171
862
8040
5988
15191
14371
810
5410
6873
13601
13959
8383
14860
5809
1402
9681
5422
2391
12490
1184
11835
8315
8929
12401
14905
11118
9207
12915
13494
3203
13978
8482
13827
1518
3962
9772
1251
455
7815
3428
12768
11663
4895
7332
5186
2177
1545
1389
1234
14315
2331
5506
10346
7005
9803
7151
11147
7951
13888
6795
9626
13031
14324
1474
11517
2480
3836
2046
14792
13205
13205
6727
8366
11616
10003
7183
6686
10973
8420
1429
1668
159
5013
3245
4715
13987
3283
7656
11605
7580
8562
14379
3245
13771
3810
6599
4537
13453
14172
2728
6913
10204
11097
10669
6272
11077
7097
12134
5400
4660
10239
12896
13954
13586
5767
12196
9562
13482
15039
5516
13681
9010
12738
12792
8493
9461
6730
13125
14672
8032
10069
10096
9615
14073
9143
4337
7459
1495
7743
8320
15049
12202
11986
15227
8225
10446
4142
13682
5512
6805
8511
11911
10069
8541
2256
8245
3400
9735
4148
10082
13033
395
11155
3653
10675
7494
984
9251
12269
605
4029
10602
6005
5383
5997
4805
3186
13744
885
13134
6214
13758
10608
9393
2254
9696
15097
8996
3598
11986
224
12360
6477
5967
11057
13586
365
6388
9433
7616
10859
2629
3922
14195
3186
1771
5261
9219
12601
4766
481
1448
9758
6512
8043
2652
5497
14548
717
2205
89
8751
14821
1727
9085
5205
13000
12724
8548
7436
8946
13582
8520
5573
490
4928
1927
1514
6065
8277
6394
5027
5511
2641
11047
14297
2521
14370
4529
8151
3463
1539
12844
11687
13637
8223
7109
6871
5486
10980
6650
12633
11017
11194
3540
9810
6396
11350
375
5484
10379
7187
13387
283
14824
8581
10174
9452
5729
3891
3298
11120
9650
11442
164
11848
7001
1039
10326
3635
7194
5038
7396
1874
916
6186
249
266
6519
9525
8502
3009
6372
13322
9074
14300
13634
7303
6960
13180
4211
4550
10966
3491
2988
7343
14599
6023
6092
14275
8759
5204
9428
15174
1396
12978
13601
1505
6907
13686
9107
6359
12065
8253
1196
7554
216
12853
3216
217
5911
13223
4514
14975
14527
13169
15158
1915
891
13703
12618
3204
2885
12120
2244
11657
1982
14782
728
4953
12205
11033
5135
5578
7706
1233
7239
3299
383
13853
3228
2275
12601
7753
9465
5201
13284
12279
13761
4536
9911
9042
10823
5144
4876
1553
15049
12859
1668
13564
13746
12909
3787
10674
5214
538
6369
3143
1790
9073
3431
15123
15054
9002
13759
6385
13401
4190
8007
7294
8384
3157
5241
11176
11409
5600
10398
9536
13687
13412
15159
15075
2871
7998
8016
4409
3
11730
10719
12072
167
2707
9009
8048
11440
13096
15111
5173
4467
8198
8587
5664
5266
1221
11296
3671
2854
8546
1640
9847
9479
3657
12417
13924
1615
15035
13032
10786
11402
11008
11455
12681
354
5528
5949
12394
13746
5029
9896
3409
247
675
192
10334
13403
5403
10592
10167
10037
14675
1734
13970
11741
14518
13146
737
13717
9906
9903
14738
9478
1598
3064
2119
5822
9272
3150
5500
14031
567
24
13233
10467
10595
519
2493
2542
13960
2740
136
365
9682
14025
10515
12642
10780
10681
12122
2828
7479
10728
1005
2692
2974
11606
2358
4129
7244
4183
3629
10548
2297
5520
12391
1339
5800
3690
11127
13180
4204
11462
6277
8632
7421
6593
3608
6110
3454
4300
992
653
10153
12314
7247
12731
9566
12238
8786
7646
12528
13348
509
4786
6070
6758
14789
9201
1277
6005
7974
3663
9996
4016
9668
10638
7699
12466
12321
3503
834
1555
960
12688
10101
5362
12922
219
3228
2111
6855
15144
9613
14459
14224
4252
13767
4266
5571
14709
14735
11175
3060
2588
13843
5860
5024
11086
13836
8898
1663
11896
5973
7421
215
8039
14298
5279
7043
3689
470
9831
11235
5508
5998
5479
14846
4244
347
9810
6780
4729
7983
14883
3881
7337
14110
9291
2996
6645
1565
1542
14066
194
5316
14851
11942
2664
1910
10530
3978
12581
10367
9718
104
6144
4365
1593
12873
1626
6016
1976
9267
11837
1514
12056
6268
8708
5164
11884
7447
10136
1222
9365
12553
11049
15098
11867
1527
9077
7906
13111
3043
12296
14388
14321
505
6562
4572
11413
4298
5972
1354
9844
5224
1588
15200
2444
3317
6080
5563
11970
5503
7268
13710
2634
10495
14810
2743
9210
809
13480
11993
3020
6514
5727
8084
9487
10145
7195
7386
13302
11977
265
14519
14101
5514
7913
5900
2603
1245
12139
3632
9606
11252
6196
4229
11996
13627
1634
12895
1834
7896
4582
8586
12466
9559
295
4324
10239
6311
12242
11547
8918
9250
6859
3905
6468
12302
7192
5888
9173
7529
7995
4788
13131
12193
5546
3430
6587
6799
552
1184
2610
1550
515
8193
6061
11382
6610
9426
12434
9907
6304
12023
6349
12038
10951
10191
241
9150
9214
4517
11915
8536
14728
14401
11085
771
3882
4054
15061
5183
14026
8949
7047
3002
7591
8172
8804
10558
6336
1523
657
9059
4268
2132
12824
14269
10637
10467
13844
3159
4591
6758
11496
1606
1085
7312
15078
12649
6292
15119
9594
14084
7983
6156
10695
3229
3659
2577
14066
6185
11259
8773
11602
14573
1769
13060
13843
11090
6231
5733
14232
14333
4382
1009
8490
2806
4724
4716
728
5286
3750
2758
7649
433
8187
256
9681
1672
3776
7111
2300
12705
13768
2332
1305
3126
5055
6547
3785
4694
10794
1901
4846
384
3407
9723
11444
11788
2381
10534
3228
10326
7017
14378
3837
8813
2578
10866
8059
5576
5187
14170
5765
14108
374
13685
2449
7655
11265
6330
10989
1048
1617
558
8202
9695
8060
9337
1492
13803
3628
9462
5116
13575
11755
3243
9076
10663
8037
5391
1999
4022
9115
3292
5217
2166
13436
2525
6028
7714
12242
8422
13536
2303
6835
3645
1489
4443
2184
4273
15202
3716
11073
1801
12357
13654
6360
9179
5578
105
1796
14840
12575
13574
11930
7327
1590
774
4456
6801
2817
12902
13959
1565
3440
2487
14805
11524
9749
11270
10088
6364
3296
10070
1779
14467
14680
6137
13838
3461
2729
1322
10368
10195
7256
6983
6319
10187
11251
4351
7642
12877
905
2384
4524
7695
1777
10540
1272
5994
2950
7060
13230
6601
1579
3945
12717
11503
6240
12165
967
10054
10378
5774
3232
4006
10661
13291
3987
15003
979
5759
13359
153
13813
6535
11390
8397
8698
10562
13067
6834
3567
3814
9356
3784
9026
8385
6622
3347
1498
10740
1383
2027
4532
5979
9752
7578
8638
14039
9380
1822
14718
12298
11647
3590
7670
13978
9767
3340
3393
7574
3306
9152
4392
1585
7066
7692
8971
7963
12023
10584
11246
11150
5046
6441
13106
5006
736
12149
9527
6732
1267
11974
6234
2120
6546
5530
8628
3989
4134
8400
385
584
7544
3644
6103
15146
12509
10470
7252
10767
3287
274
2819
11203
2102
3642
9192
850
4252
8711
2392
8491
8594
5653
10411
4009
12165
17
14196
11049
14910
13282
520
12524
12604
8683
14157
13319
13666
7542
6388
8406
14378
9720
15177
8760
2200
2817
13428
13713
13369
14560
6185
8927
11293
5863
7939
10293
7330
12431
10764
11657
6913
14478
2314
6383
12344
185
9084
6776
4236
7949
9062
12066
12712
14602
12153
4734
13316
7446
13018
537
13611
7238
5106
14359
6190
1740
11868
9516
556
13197
790
9323
13505
7886
12256
14586
8792
4513
882
6675
7251
10943
9451
11642
2524
15129
8375
12580
259
12412
12776
12556
5916
9507
6861
14321
225
14401
4322
857
7478
587
13454
13641
9611
7792
9881
12710
8674
3061
11951
8857
13605
12968
4371
4349
7037
1442
14543
92
14568
13395
8348
6143
5158
9353
1059
11251
15136
9673
8464
3620
2450
1923
1893
1048
13205
11189
10488
8698
1119
1861
14640
6878
2445
10826
13079
10564
6493
817
12656
13545
10011
14709
14432
1217
14398
11595
9250
8538
5836
14877
4961
4714
1655
2345
3794
7620
4530
986
3237
14729
4163
8680
12679
8936
7515
11073
3469
3995
8334
7157
4237
13310
8830
12469
8061
4224
4348
5247
13455
1330
8580
1054
11058
1717
5722
7917
7084
11270
3334
1785
13201
10356
12776
7383
2476
8789
7544
5295
10535
4336
5401
7988
3396
2277
2712
10047
424
80
8830
3674
15038
1029
13661
11264
10448
12162
7982
4360
13655
7503
13287
8220
13657
2001
8237
10742
13546
13216
5931
811
13343
1647
4848
1896
12179
410
2961
12390
4652
14779
13742
9722
273
5838
10174
129
8327
11825
9437
1450
13377
12942
10277
5830
3366
8610
7960
11037
4459
10291
1441
10635
5404
15113
6387
1596
10406
13479
12728
3486
2522
10189
6208
3809
5355
509
7289
725
13310
5906
8873
11724
6122
10083
13654
13113
6064
3066
7534
4659
10454
13710
3052
8628
12355
969
2632
2268
9712
14080
255
5312
9565
13571
12219
217
9223
4265
14461
5157
14978
121
8093
7312
6073
10221
7618
2320
5200
1207
6286
376
5870
1005
7880
8276
1715
14426
9608
12119
1422
7075
9995
6675
13077
6330
8884
2041
2858
5759
1598
1717
10807
15214
2019
7756
1510
12222
6632
1711
7145
1028
452
670
1938
8003
14678
10336
1870
13222
13352
10974
7047
7651
3152
4736
12015
8754
2218
3293
12593
12503
217
14683
5206
5032
14835
7624
7765
6684
2499
4284
9660
3484
4504
6177
397
4026
14806
2078
2527
10875
9905
2430
11602
8198
9541
14535
1540
3064
3331
15028
4646
23
64
5371
4840
434
13250
10449
14721
784
10132
5599
8165
11452
12034
6108
10692
366
5665
10393
10002
9688
10588
12556
8538
12344
4927
3990
1277
13785
14235
14605
14612
749
5656
8821
3924
9840
2211
11041
11347
14655
395
14406
11246
8027
10342
15006
12560
5760
9216
13286
6761
563
10689
7892
14883
1384
13506
11271
4452
8077
6146
14663
8290
7888
5398
8293
8603
5838
10370
872
5383
11496
5316
10195
4429
4292
1503
2631
14406
3345
254
12551
7933
9377
9337
14477
7536
12424
14996
13017
13350
7812
13165
8625
609
9762
9056
2717
4032
15121
14250
2805
13582
12220
4837
6698
13618
467
13711
1228
2315
10377
9020
10372
6210
5418
9254
12520
10425
10911
14464
11591
14034
4068
5390
11515
2991
2036
15058
767
6062
14122
4996
5626
9813
11750
4219
5617
9548
2263
9678
12233
10368
9426
2334
12639
8073
11214
14485
7351
8820
11769
1361
13990
6145
1496
3468
3085
9693
13452
11263
619
198
12243
9129
4961
12006
9966
7180
9354
344
4252
14138
8455
4096
2286
5838
2696
9744
133
354
14591
15208
13993
14304
12631
12515
15028
9144
10237
13647
13707
6316
12052
11067
2081
9218
13322
4069
8765
1931
13688
14135
9675
107
6099
9073
14580
12583
3626
9285
11570
575
6539
9756
4688
5843
6271
558
13320
12627
10635
1700
12206
9230
12857
1927
3553
11908
7250
4048
9804
3366
1806
3918
5608
8136
6489
14758
9903
2164
14408
9670
14994
13969
13677
10288
10003
3807
12767
9268
12084
12371
3640
13253
7951
14368
13657
252
11519
12985
3367
2427
10553
13776
3641
8177
6956
10622
3516
1910
13362
6377
10713
9851
12333
5895
13070
2152
9584
1717
13006
5517
10860
3419
6402
14881
814
14225
7000
7713
7372
15080
14327
6995
9838
14428
8570
2679
4582
7732
8880
6296
13896
8829
8115
12932
3835
4619
3440
14891
8722
14201
5875
14130
10770
6396
7980
13585
11537
8035
7604
6308
12646
6087
2415
7429
13596
10632
8111
10786
12721
11263
11180
12820
3020
12719
3456
5930
6920
4362
4531
14568
8343
12096
12053
10765
4065
10118
5893
11553
1945
4319
15046
4759
7650
5853
638
12174
4854
2533
12611
9087
3432
5759
5344
985
4485
5949
4557
11720
6060
6408
5846
6635
2529
144
11599
9050
1978
8974
11773
10670
5551
2430
3912
13797
10600
9207
10863
7003
8466
7446
14606
15153
6340
1086
9440
7872
4340
14815
7374
8966
372
9266
7397
10678
599
519
7397
5038
6728
9911
11854
8648
6364
4512
8868
3399
4382
12152
14914
12
12932
13822
2199
3604
10523
14836
13861
3843
8392
10420
4576
3769
9525
12066
11113
8412
10097
3785
7003
1751
5425
3288
5655
8059
8508
2937
14719
4633
7316
6738
1933
6001
8847
10632
8762
13236
7053
2611
11975
947
2902
8391
4325
8217
351
10306
5650
9980
12910
4073
9245
12745
6462
2602
9586
14322
12507
9115
3801
9597
7884
8344
2425
8899
9326
426
9894
997
11917
4505
12463
13633
659
15114
3773
4595
6510
9797
8364
5283
3158
3159
10581
13790
10961
13102
12147
12782
238
1005
7890
6333
10995
5026
9325
5937
13631
1781
14209
14509
11857
11295
11740
3856
10336
338
13202
15153
5092
10858
14786
12612
10788
9971
11619
2322
5248
14540
6124
10535
8835
5750
4919
10424
9516
10327
14231
13285
5964
5565
9513
13301
5190
14571
6039
13434
9451
8585
13467
6131
14576
9484
12784
11183
6649
6280
1032
7191
477
3237
636
12537
10054
4707
12768
15090
6012
14385
15194
5336
2758
7456
1525
3493
13891
1187
9210
7564
10996
2507
1525
153
14558
5679
6605
4227
2282
1442
12827
8434
1665
9009
728
5171
15012
5180
8707
13213
13844
1697
14456
4472
2418
11705
2935
7554
2253
15222
11524
10904
7032
14808
6258
11535
257
2413
2572
9152
3192
11748
1909
10888
3699
13084
11434
8344
8981
2633
1538
9518
10366
14116
3415
1254
9582
7080
3036
3425
7669
11701
9437
6232
4118
15090
2471
421
2665
5938
8066
6280
13977
7619
10865
5375
1352
9418
8526
13850
8119
8930
6878
5385
4052
1392
14156
13209
8207
6749
4327
10029
6662
7608
14288
6996
14847
7419
3655
13539
10795
4303
3508
4633
6919
11709
6497
8863
13341
14218
12361
11169
13504
7658
9272
8092
4161
4199
392
4015
14832
1179
6038
2667
1041
14706
9551
5187
5781
3409
10932
12528
2218
1815
14440
14567
15213
9460
3124
1178
11106
5584
14696
12080
7064
7144
6675
8976
4806
5750
11699
11336
15210
10012
12322
13459
13351
687
2595
636
14579
7070
13224
13399
2763
12096
15044
14001
955
9138
7091
5597
1584
10055
13625
6230
10821
6695
7367
3075
7201
4216
11657
263
400
890
653
11248
531
15194
14264
10546
9079
4122
5927
9970
5509
12467
11119
11195
11818
7239
9739
1249
4066
9389
11128
3850
11215
2877
2047
1291
9307
2096
664
6271
13357
14292
6029
12196
199
2467
13884
5665
8907
5170
10877
9459
4419
13785
5220
14435
5390
10268
14061
2713
11948
5818
3052
11566
410
9033
1246
902
7252
14457
8399
3734
3906
8211
5751
10173
13436
11779
2387
6113
8063
2324
4195
13461
7817
6682
2072
2998
2287
12934
11915
1560
8202
12356
13263
12696
1317
745
2273
5536
9313
6024
1836
7162
12484
6165
6481
8837
5902
1100
8427
7105
14035
4562
12423
11453
8747
9256
4050
13141
8867
3908
9540
6120
3139
2233
1860
10745
6652
9757
7210
10118
15061
5209
10739
13362
10760
9464
12409
1343
907
10977
2747
8046
7422
9689
12954
8615
13173
1622
3647
13395
4992
10810
10984
13899
5557
12167
1614
7723
9398
2551
9482
4695
6883
4010
9579
14827
7505
1239
11065
4164
15128
3945
1369
14279
224
14890
6014
3709
3533
1360
2169
13743
9658
5375
13804
14036
12141
2672
13190
4657
4150
7501
14281
1397
10720
168
8708
4348
8400
8139
2950
12329
13782
1603
3430
4808
9117
710
1558
10779
1530
413
4838
4869
10559
14199
2494
12454
8994
2812
290
7299
11666
9441
8414
8474
8357
6300
6943
10113
9858
6256
7946
2018
2971
3171
6967
1847
11860
14395
4409
11146
14067
4770
10761
7332
11017
7208
1156
11485
9828
15109
2910
14615
6345
5982
12191
15029
5538
10998
4076
15039
3147
5299
7110
2681
5210
3279
3413
11433
13653
4976
1784
2935
11103
7039
3112
14266
2647
10991
6427
9696
8824
1543
7053
1848
454
14413
3894
4895
11097
3563
13702
4955
12140
4571
12101
1009
14732
2723
3822
5594
12587
4818
12941
6193
10412
13675
13995
9779
12864
7851
6898
8124
9790
11182
10457
3146
3512
4913
2088
6462
9309
12604
11347
13442
4444
7369
2302
13283
8851
8751
11511
3927
1908
9422
9526
4203
1474
12026
1896
13068
13503
9128
7716
4407
50
9525
13974
9225
14468
8523
10156
4910
881
5029
9297
13034
4411
9955
12195
9827
12464
14073
13595
11111
8413
3629
12791
11127
13673
12873
282
4544
7638
6349
5011
11639
10885
14987
7338
2446
8624
13672
10137
4636
13063
8384
8491
985
11669
1415
13720
10237
8656
1948
12448
648
8431
7003
4895
8835
12733
13659
12078
9864
2449
6374
14764
13423
1316
12422
9820
7356
10488
375
1548
12577
2217
8148
5689
5318
7371
2809
1644
13399
7475
12172
6849
9663
11801
13097
5564
2984
7202
11521
11556
14587
13697
3385
7870
13673
1786
6731
2575
2523
9038
10435
7788
4370
10150
5364
1953
13566
4054
13380
9990
13705
1991
11338
1084
8617
4935
12846
5628
8183
13450
3323
2320
3870
11412
446
4888
1587
5546
6665
2598
5092
11612
443
7730
4995
1125
11428
7824
2766
476
13378
10908
562
4083
5366
6718
3780
10489
7195
2422
5487
3159
21
1505
9786
8253
4672
118
1732
6421
7764
8934
8886
6286
10227
11015
4421
9846
10912
14038
10494
1033
8385
11341
4627
14026
9775
5653
12540
11835
7151
9876
4140
11851
12876
841
14105
10062
1465
9456
12734
14640
8854
15067
5919
13453
3266
6927
15
7113
10801
1217
13843
5841
14198
3529
10633
5115
9965
6161
14584
6098
991
13364
12536
15011
11163
11180
11453
6758
3788
9292
7679
5156
4269
4458
3676
11741
380
12083
11890
4250
655
4764
11743
1977
11280
7331
7110
4668
8329
12092
10263
954
5977
9490
9530
8229
5927
11970
4662
3913
260
12910
10466
15084
15180
3735
6655
96
8062
8519
7063
11535
6184
14292
2047
2627
5965
746
2159
7110
3877
14299
13004
2135
12703
12082
2696
7040
1777
9987
10849
12286
13327
8421
14132
14816
5990
9986
4810
13065
408
573
7907
8070
3610
6917
3197
14401
8329
2451
5698
2256
3473
9053
5397
1050
6585
13909
11886
3386
11642
3351
14035
7
12011
1252
14984
10820
7477
12795
12573
2157
14889
10598
4543
6850
9716
15115
6966
15080
4129
12460
14175
3246
6012
7524
1658
14004
14880
9572
10749
5464
6696
1071
1149
9607
11652
14478
389
15077
654
10597
2524
5114
11210
5008
10764
8638
13862
5197
1786
2438
3320
7680
2111
10908
13622
2557
10900
1776
13877
9323
6868
13722
4431
4363
3182
13067
4575
805
15003
7744
10123
8895
15042
11368
3176
10153
11661
8549
5235
9544
1211
9749
3132
807
5292
477
4962
8273
12027
7087
8582
10937
12120
11152
5646
11577
2576
7973
11340
6319
6095
15106
2344
5820
5273
922
7550
6787
14263
4232
789
797
4614
11741
2136
8667
15132
13404
8434
12551
2517
13004
6988
7222
4234
12896
14054
7353
11867
14420
4326
10043
11818
985
5555
12497
882
1079
10839
4490
11229
12043
15059
9480
14285
3312
394
215
7113
6552
10160
5115
10509
12342
2043
1448
117
8462
6100
10776
14860
11465
14337
14153
3939
13694
2290
7732
7288
9
2328
9671
14911
6267
3621
7962
8706
8121
5116
2831
7816
5217
5941
13989
10267
8595
5716
2199
3986
8830
7141
14375
8685
10365
6474
742
11260
15059
13578
12689
3274
2566
2350
13253
457
4785
3785
1838
7895
800
12231
13870
5612
6108
1353
522
10510
6187
3668
6849
8900
11671
835
3273
4374
12161
3624
1888
3593
11185
2070
5992
8441
14356
11068
2921
12608
7863
4167
10430
339
12303
7417
7981
6914
9695
6942
6693
9352
765
9642
1085
1466
4895
8215
9042
10453
1346
9119
5757
14630
8020
10011
7105
6881
9048
7395
11370
12484
14758
6776
839
10319
11230
2502
1312
9062
12029
10553
7984
9292
10639
3434
173
2923
5073
2820
14848
14597
10676
4988
8924
2456
1399
12929
12679
11808
12651
402
15039
11020
1795
5395
12421
5738
14307
10335
8231
9596
6353
6106
9316
6448
493
5709
15150
3919
2513
10787
10998
6561
1242
12404
4152
13858
1125
4636
10866
11066
9060
11197
5204
8269
13833
8457
10941
7564
12633
8624
2209
8152
2415
3795
13315
13246
8826
12612
4161
4271
5261
6392
3144
8796
11120
3548
1517
4746
1326
7716
12286
13446
10260
11062
2141
14198
12518
11017
15122
11754
8301
13084
3014
3398
11968
1699
8397
7328
14133
11039
3444
1495
9211
15087
12379
7749
5958
10993
2907
3307
14934
5281
7429
4502
1634
11171
3850
14479
9642
8032
1239
2636
2920
4311
2075
10232
1563
922
14249
14257
9725
2360
7639
8622
9684
1464
3607
14607
901
4010
8544
5819
14376
14531
9825
7506
3740
11360
14450
12343
10745
7415
330
13192
13780
12973
8115
7296
8747
2118
4159
1370
866
10050
6356
1242
3856
11170
12542
410
4743
7775
13363
4539
7004
857
1238
8639
1251
11370
5998
12891
6478
8689
2099
10233
1864
4169
5453
1616
8783
6770
4968
13735
14085
6676
9300
4523
2273
12854
2064
6229
14348
6357
1303
14911
3700
12951
15144
7972
8395
2277
3084
14187
12742
14836
1027
13163
11093
11739
1045
9303
4714
5257
8970
9027
4654
8727
7594
2822
7629
6295
6870
3063
8788
6028
11691
6688
1867
583
14473
5916
428
309
12148
92
7510
11063
7050
10175
3814
815
8458
10940
10409
11436
14278
5289
7003
14042
10386
3424
13950
6023
7779
273
2572
3885
5531
6907
8272
9732
7030
12449
4421
11364
12234
9097
7120
8172
6939
1317
3215
12961
3537
2335
4739
9855
5943
3088
8377
14318
12143
14336
9931
2214
3166
13413
4900
2140
6191
3946
11190
4810
4853
745
7750
14119
11497
11838
2016
3018
15134
6595
5388
4641
13247
11414
10622
689
2297
10552
5746
5685
11944
3462
11399
5541
8163
4568
11863
14374
245
7668
1083
2168
8759
10203
3818
9772
4826
6655
11637
88
8758
10628
1987
7360
14021
13949
10891
11236
10857
15204
8523
11011
11299
14774
12488
2888
1763
5922
1178
1835
6643
1718
3697
9399
6379
3266
5710
11770
5632
10477
4354
6655
10402
12589
5098
1043
4556
10069
12094
7629
6931
10080
9306
7111
7508
13847
3050
7753
9221
14431
6050
4850
12158
1372
3055
135
12617
750
3872
2300
15150
11298
13233
6618
6280
2670
1895
11581
10278
14150
8983
1188
4559
6651
9892
1375
3298
13766
13478
8381
10412
4753
13551
10770
1935
11330
2032
8632
10697
6094
6680
11481
13752
4778
14055
14634
7055
1987
8296
13610
159
3496
12191
3314
14572
4031
7767
7489
6202
13784
3831
5900
3087
12693
13287
14251
3501
1520
1790
14795
6831
2687
3978
12379
8982
9087
9445
3480
14439
11583
4816
1792
11655
8599
10890
5236
15074
12159
14511
11221
2648
256
5725
2597
937
11011
13698
5854
1208
11674
6158
8056
8501
8083
15177
13317
8806
1541
608
1950
10647
13429
11866
14814
1287
11578
210
10119
4759
8316
9053
11075
10263
10989
671
7219
10160
10691
4323
9188
4352
15163
4461
883
840
6118
10031
11592
5038
3272
7898
6085
2766
8382
2216
8381
13164
7373
6977
12806
15159
4624
13412
4024
9645
1902
6107
1955
6547
6997
15217
5928
6553
961
7950
886
719
10295
1037
5743
5670
13871
9340
5402
7364
484
4908
7155
1060
12170
6890
12659
13492
7511
3985
7379
406
10626
7172
3826
8470
1311
72
11657
8134
5150
8946
6850
9818
5720
12902
8882
14542
1771
3837
13029
3951
10376
10632
7259
759
990
12960
5691
2256
6621
10323
10417
1084
6098
4514
2965
10807
10918
5164
2559
13272
733
12035
12259
5858
6291
7042
2607
10845
6653
7072
7198
1052
8730
7229
7427
162
1589
5029
12258
11541
8251
7312
9476
3978
13841
2621
4313
9008
9511
12168
3648
3901
4374
15197
10881
4882
8667
7348
7697
731
7058
10687
9332
12886
11978
4332
13178
4659
9959
8264
10174
12809
3151
12036
2200
8236
12113
5570
6818
10205
8201
10475
1111
15210
13732
4445
12502
7823
15032
4360
13482
9889
1614
5930
7119
15020
6921
11708
4130
3974
3135
12447
11396
3045
1462
10186
15178
13957
12896
6231
7163
14024
8838
10333
687
3906
4818
13051
7413
8719
9778
13100
12983
4698
6598
2034
5001
8799
13712
3517
8592
578
7028
9024
6164
3396
5368
3277
8253
4934
12004
14846
11608
2364
1126
9808
15018
5822
9382
8771
2427
1513
13341
6927
2595
5907
11845
10950
15157
14943
11651
13456
9546
13146
3517
11309
7903
7939
12126
8080
3131
13661
209
7307
6088
9972
9950
1273
8316
6240
3581
8555
9908
12488
11012
869
7797
1458
3742
1484
10
8951
9139
9106
3207
5273
11110
4499
10570
4200
8963
14463
9069
15018
8879
5436
8731
2484
2598
12416
5292
12882
9851
4831
479
6905
2838
8251
2525
14786
10629
13921
10930
7592
7916
9400
3143
1567
10588
3303
2080
12037
7683
10169
12757
10147
11865
8628
4394
1799
10027
12357
9000
8249
2895
12427
5642
5907
12970
4845
10476
3339
11264
2664
5193
14959
8671
6160
6628
4334
8475
5589
14693
13036
138
812
4294
7339
5765
992
931
7097
13146
5995
7407
5769
6427
5927
5056
4187
13465
7400
300
13325
10391
8695
7865
15123
11828
3341
1227
11262
8155
8043
6537
8625
10192
530
12203
14432
9638
15118
6080
14918
7484
1067
11460
14542
1653
13892
4184
9950
12888
3626
14147
10180
1959
13289
414
6908
14944
8289
11985
3334
10356
11216
7238
1336
3009
11964
2747
12229
11290
9826
12801
9813
14753
15203
5586
4955
10003
8991
4115
1961
14165
1991
11012
3600
668
11500
5255
1299
10871
12372
8717
6804
12465
6966
13240
4104
10335
3781
5948
8535
4089
13731
2395
687
1260
2081
10668
178
4875
137
12523
8263
115
3752
354
7716
5686
13489
5955
12271
382
11096
9290
2419
10450
12413
2393
8237
5365
11182
6927
8489
6413
13414
5082
3974
14031
11333
4443
12349
634
3277
10655
4608
10713
8011
4018
11775
10029
1165
588
9707
11101
13397
3168
11211
4601
2861
12411
8383
8624
5612
13152
1372
9862
4152
8802
1270
10457
13392
14404
15208
1878
12669
11392
4634
15121
1982
11511
14153
5322
420
7462
5964
5248
8028
12330
6045
6590
5480
1050
60
9002
9600
10923
8503
2992
3086
11799
12961
9145
2276
4706
6887
9604
6438
1084
11536
13761
14032
7338
4953
5251
6325
4507
14719
8296
15221
1762
10523
14327
7386
5412
7178
9003
5010
11962
10831
7024
11076
10820
11361
5010
1386
12137
1207
7442
4497
13856
3782
1071
1911
11653
14124
10536
2567
2075
6248
5346
12130
7043
3785
12612
13498
8884
11451
14732
10441
1822
9893
6181
13070
14664
135
5005
12394
6406
14348
10125
11831
6411
7743
14637
5269
6507
3685
5672
3244
9248
13116
7087
1756
4290
9785
341
3004
15063
1488
610
9511
13290
10949
11231
1831
5518
313
12883
5200
9276
3224
2996
13947
5491
9851
11053
11774
7213
10457
11042
784
10698
8467
2064
1997
7707
4056
11278
336
903
7215
9860
4260
5618
14608
6287
6067
9263
14109
4553
14604
8364
8522
9726
3143
9527
4394
13876
8568
4687
2990
11404
12149
14719
195
1758
9967
12387
5461
458
102
9876
4097
9731
13353
14935
12370
13581
10490
3314
9823
11713
12493
11717
15157
1845
14968
6043
8607
6191
7680
5646
2460
10685
13020
633
7779
12411
2784
4322
7611
1833
10747
7216
4056
4361
6840
13044
14259
7734
12296
8502
1681
7410
1412
4020
7228
10829
7319
4437
2231
11016
7476
9400
3311
5672
6148
9033
2969
5512
7769
7128
8961
14837
9995
509
13399
14569
314
8013
5173
13502
13065
4974
3078
6451
14713
12565
4910
417
426
11149
3992
7262
3700
5190
7172
7792
11459
11642
5093
7675
589
7450
10676
2953
5293
3516
10626
846
11464
1082
10335
4825
1775
7965
2377
6628
5762
10051
10165
6236
13974
9101
2459
2679
11779
13542
843
4903
5720
10025
3549
6367
6905
11753
13254
768
9776
6584
10478
2444
4590
11880
5721
1407
3539
12796
12609
5179
8309
15120
3886
5345
7148
14409
7467
4268
170
5249
11356
13440
4913
11079
751
14833
14768
4715
1448
1968
11153
12792
14239
12146
2528
8730
7198
3427
345
12211
12791
11339
13578
10313
4611
9908
4066
2123
14782
1464
13319
13669
7674
11921
12395
4157
7280
1924
5606
9770
7277
6753
787
7590
3477
14913
2527
11391
14928
10655
9095
10881
7681
11375
5785
11204
10694
12765
1035
8421
2807
2380
8917
13514
11778
3948
9664
2489
3407
11269
8486
12122
13390
12095
10013
11656
591
73
3688
2271
8910
10154
5075
12225
13685
10671
1569
3513
8923
2447
4122
2506
14172
11882
2485
2912
9772
4310
12962
5004
7804
14485
10856
8082
12298
291
11044
3816
13523
1056
2830
6550
1665
14388
7854
9188
10151
3977
6174
13399
4586
11182
7685
8461
1550
4219
4094
5858
3143
7696
13740
1972
867
2004
929
12863
15158
3632
2391
5071
2885
3601
10471
6733
5592
290
1251
7608
2847
6596
10634
4027
12137
95
2126
8817
5498
15017
1692
9954
5015
1090
4252
12441
15103
10370
13195
9284
13107
12276
8485
6897
10079
6276
11885
2828
8802
7795
8401
4661
12050
5917
7362
8327
765
482
4130
10909
3914
261
1187
1254
9158
269
4089
13692
5945
14888
2906
13027
198
10142
4382
5242
8798
12323
2161
6834
1021
3868
7105
11698
14678
10421
12479
8293
893
14268
9817
11477
540
9986
1082
6718
15073
12824
13663
76
7174
7208
6000
4453
8799
4390
5265
529
7406
338
5038
3385
9058
2063
2692
5975
15098
9313
12396
7555
4487
10133
10709
4858
8958
12848
13584
11025
8031
14152
262
4551
5188
12781
2453
11713
14158
11022
4971
1314
14531
13478
3960
5251
7914
1601
12623
6285
10517
10677
8673
3570
6429
5563
15133
1264
1517
6418
7019
10437
9092
3030
6677
1870
13531
15121
5024
10429
10410
2728
12342
4036
8784
9346
8502
8481
8978
656
11435
8294
6471
101
366
7543
3427
11747
11651
4409
9508
619
1925
10112
457
14826
2164
10921
106
8650
10018
8698
3383
2613
13917
3507
2583
5709
3607
3198
14164
7214
2131
4344
12262
843
8258
4084
6639
4041
6021
1618
9508
13908
7410
9638
9569
6008
3211
4879
893
7187
13764
3767
6913
8608
11540
7202
7199
1958
2488
4116
2788
5601
12038
6585
10287
12056
14888
12346
7300
9165
14440
15178
2543
8880
2569
6720
13756
13179
58
5872
1099
5482
5493
12891
9803
13313
4755
11190
3068
10793
4804
12061
14698
12002
13096
470
6148
8782
5613
15098
10347
10968
1525
6024
8827
1045
11665
14508
7201
5501
1004
7577
4347
13325
2525
7847
14474
12846
6179
3849
6351
12328
7513
4834
1907
13182
384
7965
3128
2801
4255
7186
9442
14658
1740
10883
1662
9521
4317
13780
14366
14099
6175
10421
11379
13866
7842
13113
8721
867
5073
2908
10181
11197
14937
11788
12848
316
1207
14915
266
5049
8254
9929
9614
7086
6788
14310
14482
1430
3712
8884
6082
7228
14397
12033
7608
10406
1719
1846
6223
2389
7683
6021
14932
7936
7422
9802
15135
191
5683
8194
3595
12691
1725
4819
3234
12763
14948
12934
5774
2506
1985
844
9822
2471
13979
4602
3815
2068
6554
2157
8912
10517
3852
3239
14373
12897
1070
2211
7548
2557
12487
806
10986
5593
2496
6186
2549
6900
11910
10439
6120
4299
14053
5512
5228
6881
10598
10659
13790
13642
4781
10753
12839
6713
13289
8470
14451
5659
3619
6013
7584
13874
7915
13628
14024
8895
14068
14075
9596
7707
7951
12230
294
3875
692
2439
11076
12774
10510
2439
9565
5070
5521
4716
9781
11097
9204
14883
1702
10397
9847
6398
6398
790
3796
7527
4332
1391
11835
6594
6033
7391
7889
7255
12629
14369
11892
618
4270
6662
13328
5429
8616
8011
9187
326
194
13258
2578
6772
12242
14473
10149
8270
2659
12893
12198
12041
12876
14926
11837
433
4062
14300
3665
2586
5773
12993
3925
10368
12052
1497
4952
2197
4460
12516
12947
5764
4634
2812
9654
12242
10559
4462
3827
3964
13821
15074
8379
13617
13261
4202
1546
11453
10286
231
10696
3036
2319
3141
7252
10014
1842
1289
5705
3952
10946
13974
2273
13314
11717
4797
12952
8741
243
8696
7624
5613
13234
9476
13291
1789
237
3845
4871
1438
5478
5480
1886
7470
355
3532
3349
6023
12811
7268
2332
8071
6816
2868
426
14967
12011
5599
5459
7297
1875
13436
4519
10281
13671
8366
14121
12800
14188
8770
608
2602
3261
2014
8340
6126
4253
8234
10025
11909
5041
315
11990
11981
10777
5152
863
2431
251
11937
1118
14960
10408
3249
13340
14962
6402
4675
8472
11421
14253
6005
5032
9798
1614
12350
4585
12841
4292
8771
2879
10930
5013
2338
12331
4106
1418
5590
7081
8675
1590
10530
2317
12319
9525
4633
4106
8071
11829
15032
2184
3762
14044
5342
14745
4617
7676
7677
11778
8979
7327
552
12484
7633
1542
9963
4308
5897
7754
13579
11378
7484
12785
9441
8596
2094
2536
1394
14788
6717
12261
1716
4060
7704
7445
3375
11195
8629
14662
11494
10690
11280
5752
249
2904
10163
6488
9731
2281
2955
14795
5507
15072
5132
13545
11241
13829
13863
12569
106
2026
4053
2700
2755
14882
3047
7186
2459
10713
14166
3027
12972
127
13748
12043
13170
4459
3789
12060
2184
13568
3532
6936
10457
12145
3599
7361
13067
11693
2216
10363
10898
14636
4283
13750
9695
3031
7608
3395
13166
3176
985
7480
9686
3051
2329
6876
7006
6976
5067
6412
8340
6416
7000
9067
8364
6523
8757
6018
4998
3455
14968
9115
2891
1574
133
5867
2045
8896
351
8575
12474
10434
9119
6
13620
9560
13783
11195
7985
4138
8572
9213
803
3459
14126
13146
9427
7022
8623
5418
9301
12875
2963
14738
5207
2047
10073
13272
3697
4478
11663
6597
14200
7245
10021
12344
7718
9198
1271
10286
3038
8733
3079
2256
12132
2713
3867
10743
12457
4523
10308
10690
7397
15043
12246
13639
13480
14819
7709
14718
8466
1281
1801
2548
12305
13671
10464
5442
2463
1176
6680
14050
2619
8212
13748
1557
7369
2595
13017
10505
8629
10242
14653
1033
10173
8777
10689
1276
9659
6048
13473
3233
8022
12933
15021
14724
10879
9195
4738
14399
8626
2885
2882
8447
8309
2209
1250
14393
294
4093
1592
1567
5519
13728
5591
10735
8111
12039
400
15207
4197
14486
8868
12829
1309
768
10629
13673
3681
1000
5368
4060
13376
8631
5732
14279
9789
2113
9123
936
13005
3974
6934
14068
8871
8550
1400
5328
11322
15125
6336
12890
15149
8914
776
5386
10412
7374
1040
7093
6136
8308
3487
2773
8259
7124
10829
5135
8141
7776
5954
4988
14948
853
6445
4019
13722
7483
297
138
12174
14350
9048
13547
12382
5091
1128
9198
64
7938
9161
12491
9697
14754
14119
15218
3412
14633
1980
3286
888
5750
12045
1381
12368
2606
7518
1048
1712
614
2862
2162
12027
8822
15033
4450
7859
11095
9915
9900
9011
10131
8968
4536
6581
10769
4929
7677
14459
7228
450
13142
329
4815
4632
4116
10593
12267
14015
12491
3893
6442
1970
625
15052
10969
12519
9395
15188
3184
7656
11796
1776
6141
7345
13674
13895
12651
2965
5635
7375
5308
1525
13387
11734
14224
12640
12408
97
14938
10105
12977
701
5469
399
5517
5666
3946
3912
13599
10363
4946
1181
10203
10049
4981
14052
8815
1592
3731
13896
8949
4444
7475
13910
8718
7871
7792
10927
11640
13423
2473
3973
2967
1182
8759
2612
8787
6586
931
1559
3444
12496
2209
2160
539
6988
1179
186
11632
11306
7865
6514
2913
500
7235
3280
5940
4694
15003
8670
13981
2093
669
12765
1056
3958
12324
5252
9063
9829
6987
11668
14516
1786
14913
5902
3036
5150
1787
3568
7104
10146
4793
1447
10270
13461
14913
13101
2314
11236
7743
5419
424
5686
7047
3107
4691
7630
9434
11613
7735
7660
5794
6398
3289
2894
14751
7382
4455
5261
5283
8541
2363
4317
11272
4254
4461
6667
14533
7151
49
5791
11506
9374
3187
1848
5401
8357
14027
10689
4322
11545
870
13000
1068
1827
4441
12914
15021
1979
11182
811
260
11940
14113
11691
15057
4884
11736
14145
14156
12827
10826
10647
3140
13335
4822
992
9451
5785
2127
7608
47
3738
4565
10235
753
1297
10261
2327
11969
9498
11102
8737
10064
13926
10539
10975
6249
808
2191
10944
2073
1513
8011
10609
6080
11747
37
9831
1529
10347
8018
14418
14868
12594
7239
1523
3238
6247
4777
1431
4578
11309
409
12921
13808
9328
14089
8641
14210
6065
4291
3634
12380
1959
13851
9538
10424
11735
11398
1252
1011
2498
3343
12568
10444
3286
9731
13213
3362
12563
6342
800
12341
3243
3972
5140
4367
2857
7452
570
5321
919
13138
8045
7523
1710
8616
4964
10404
14474
13803
10569
533
9796
14804
8436
13
10242
11268
4884
14762
1812
5357
10473
6085
11973
10583
1274
1243
11872
9237
4946
13601
7898
964
12433
10887
5933
10073
9446
6441
10523
5376
15005
13044
12030
7764
9028
7877
9488
13833
2306
6393
8720
11104
6592
5321
12579
8434
14308
12014
7308
5770
5710
5966
12086
12776
1400
11571
5538
3426
11506
5033
4082
7310
10259
3380
13375
3932
5568
1930
11235
3490
5175
6792
7053
6319
11759
10645
5935
11254
13629
1228
7514
4355
13367
7204
5729
5285
8987
7489
3245
14059
13389
11839
4786
6631
3221
11184
5000
4085
12484
385
5865
5932
8568
6289
6659
14641
14179
181
13220
7233
360
15068
2046
9562
12926
4872
11755
5238
6969
2813
11694
11525
14667
7376
3222
5112
8623
8297
13436
6744
2629
427
9595
6105
10537
12649
3734
5787
11619
7623
9024
6017
7631
9618
6211
5422
13948
158
5255
2456
1950
2696
1515
8743
14932
5384
9384
11644
12507
1793
1990
9882
1628
927
13269
12952
9441
7239
1505
10573
3651
5081
4134
1337
9007
10271
10416
10506
7484
3171
15153
11683
10301
3601
952
2089
3139
10392
14340
7912
10132
2635
9809
6537
12340
2367
9200
7558
11687
11271
10268
3339
8924
14355
6789
7337
8391
14606
4278
8242
13124
14578
13794
13531
9757
4774
4312
3570
2650
13427
6796
12334
12433
3973
12804
10831
7019
11278
5980
14623
6732
1423
4691
222
1160
5441
5037
9701
12914
4874
6375
10775
8553
12344
1922
11110
1661
14559
5806
5078
10408
292
6097
1270
1411
6806
4028
2363
7275
11302
2050
10507
13077
14058
15194
174
4554
5696
10624
7365
8730
4280
14227
12318
4267
2845
2946
11086
11529
12052
14749
476
1572
3780
14206
5497
9620
8201
3395
13043
10540
14886
4540
180
2870
7366
14198
3359
9686
14712
11054
3923
9482
7259
14317
10065
10001
7115
1588
3709
11188
12222
540
4002
3256
6669
14741
377
6985
10539
7120
10543
14497
2666
10858
4906
13041
2837
7930
6919
10720
755
1429
12623
7315
3663
10470
8272
26
5345
693
3232
6169
13388
13741
28
10410
6017
5720
2758
4843
7843
1978
14921
6724
11713
14033
8952
6344
3114
11006
8065
10993
3663
2751
15175
6783
1227
4975
11813
3216
5381
4045
4334
2734
6036
9994
1116
1531
514
7021
9076
1543
5751
6251
9369
4706
2281
7357
2956
10807
2587
10104
4950
9416
12910
9198
4362
1557
8079
9653
12172
10571
4242
11766
8675
6872
4951
1371
9303
5326
4884
13577
11758
7953
1370
6887
4031
8474
429
14646
1932
1577
12818
8381
10922
2754
5459
13868
15174
1938
14467
9740
9199
9521
14156
13979
11736
13515
6621
2671
5687
6407
5178
13151
14318
15226
4716
6616
10418
8231
7571
1134
12333
3445
5830
10943
14063
2720
14658
4033
6507
12143
2294
15129
14386
9761
13372
11942
5895
3529
13005
10321
556
14018
1287
3274
10592
2827
15044
11116
3724
2963
10663
11960
6419
4637
11301
13509
14697
11404
9393
3569
3870
10667
8095
6453
10541
13827
12643
5887
650
7090
6635
8145
2597
4608
7440
14348
10313
12845
9101
1949
11158
12257
834
8171
7629
7992
14526
11694
14600
676
9593
14358
7026
1489
6940
415
11617
5727
5393
1598
6188
14783
12686
14227
9421
12340
6020
12101
3043
7783
13432
6957
2292
9631
1092
8841
14377
11621
9061
14249
1703
1357
11760
4584
5791
14126
6320
934
7826
8688
6387
7716
3589
8618
13792
960
3975
1090
12378
6545
11116
11385
4572
11948
3466
7460
118
3982
7170
6782
10685
7299
13694
4529
2390
15009
6198
6388
8309
3062
8640
1277
8720
15085
1366
1530
2649
13972
876
5533
10915
3849
914
1845
13159
1262
9347
474
13641
7197
13799
13042
7517
9905
7631
3934
1015
10076
5057
8902
9607
2643
11353
8499
924
4938
919
14232
11120
5705
13219
12299
9408
413
8723
15134
10599
5846
11662
1021
7916
15021
4370
12764
15011
9294
1038
8322
13358
13652
13501
3521
10477
5964
7008
5508
12360
10330
7620
908
8857
11475
13200
6570
7438
11616
672
4397
5801
6558
988
9100
12934
1347
6133
5204
7439
1504
14743
14068
7385
1233
6779
4458
9168
11791
205
2035
301
3999
1557
5839
7428
3052
2289
8761
2097
8673
8271
6212
11733
12070
14394
1639
4785
8729
6220
14604
2911
934
8328
7630
6981
14994
2670
10081
3007
119
5116
2107
574
14869
6658
550
7543
4252
11572
6275
3881
12525
14349
392
7446
10072
3451
3173
12811
4733
6933
12839
2765
14125
3872
9813
5773
12169
12228
10344
2239
5824
2707
10491
6179
2881
3794
10222
6116
941
2757
10929
1895
13498
7968
11948
5019
9128
5782
15168
9585
11219
7411
5770
7528
1933
2182
7241
12648
9202
13431
10692
1390
7080
5640
15055
2425
10012
5338
5180
5091
340
8903
5900
2156
11522
2477
14250
13947
6850
8181
1963
8735
11064
2253
223
10412
10630
9692
1483
2666
5145
9316
12706
12610
338
9472
14070
12467
7880
7146
2607
12416
7938
7936
13960
4363
937
5040
6714
10330
9737
6104
8714
1770
3916
9714
8485
4346
12987
545
7666
8591
11433
13370
1493
6310
1475
10834
5426
9970
13630
494
6350
7297
1632
3665
4344
6416
5009
7450
14110
5495
13797
9535
7315
2891
9471
15026
3355
5160
12851
7686
2870
11883
8077
12722
8428
9309
13263
10808
10144
9976
9616
3009
743
4489
1185
13960
1788
2943
802
13051
11927
456
7232
1781
5124
63
8952
1596
220
6892
4938
7682
12045
7054
11949
5210
10347
10265
3291
10294
4070
11387
11289
13392
10524
12137
4744
5571
179
7046
8565
1860
3733
4544
14551
11280
14112
12494
12531
14033
8617
7115
3462
8601
3548
637
339
3716
802
12203
5434
2608
12586
1378
5892
5492
8547
11977
11988
11168
2236
10704
6557
12289
5330
6593
9847
9898
4276
8129
8354
5119
11287
11460
12250
13612
1259
302
10799
8415
2753
13900
14777
7215
5876
14677
6328
11443
8918
12115
6900
6692
10948
14452
5305
6433
8591
12342
10848
7800
5881
1742
2066
13669
5997
13151
4341
3600
8836
13099
15011
5642
5722
13391
12307
294
11997
12158
11166
7125
7627
2584
1564
4767
6171
10653
10792
12076
6895
8580
5581
6314
6190
407
11252
8851
2039
14176
6936
3020
981
5916
2534
6306
10440
1406
13655
12252
4925
1659
5984
8169
3209
3890
14151
1906
1430
7261
10257
9471
5695
4604
917
218
8188
4655
6447
6570
10802
9472
8539
13987
8574
12232
11200
13873
4273
14587
5830
6790
9853
9005
13808
6435
12074
9404
14016
8791
5959
10948
379
13240
1775
6306
8814
9637
3975
9029
1698
2357
14938
4902
3880
3260
10294
7469
10773
13983
14742
13175
2118
1142
6893
4754
12668
15075
12396
2388
11541
7323
1411
1528
9179
6368
3033
8823
6980
4894
1884
4569
6485
7973
4381
12755
13745
9560
13560
2811
4303
6216
1572
10457
8068
14365
3697
3934
1059
633
7689
9623
4349
6360
9739
14501
8766
5320
9108
10814
890
434
13351
10618
12005
4284
15117
4900
11469
10507
6501
11579
7947
11269
1113
10467
5388
8717
13930
7823
3514
2489
11706
9469
9856
15079
14883
7737
14158
9494
115
8836
1345
5926
14954
10518
509
6561
4355
7372
10289
13016
10975
11372
12752
11761
9283
4415
9766
172
548
10640
14143
12360
408
2060
7055
10490
10344
8957
13712
9656
1924
1822
12538
1157
11998
6963
2890
6494
6562
4851
12008
9312
3347
8045
12863
4849
12916
5567
9399
8756
11652
10424
12942
3685
11311
5555
12598
5623
1923
8768
3752
4852
9310
11351
1214
10373
8212
7789
14409
7794
465
5391
6568
13228
3857
4885
2884
2360
4683
6362
1494
11681
3503
1908
10162
5135
9911
8360
6809
9794
14114
6553
3225
13475
13776
7905
1890
961
10539
14364
4665
3955
11273
3772
7035
7552
10403
1693
5748
10484
954
6244
13091
4319
10074
10450
3867
5321
6824
1042
14875
14600
3230
13029
227
13666
9603
10742
5497
6525
11909
556
3813
1188
10582
6959
5049
14101
11129
5536
7621
14170
257
1281
13674
6334
6213
8073
3116
11221
9674
6232
4516
3075
13099
3098
7606
14438
3896
9800
1582
860
4629
12193
4316
1753
120
6029
13016
12926
651
14260
12030
8421
11576
8142
14076
7482
9845
10530
10659
8202
12917
5827
12515
514
9195
13089
773
5240
5189
12762
3323
9236
3393
7232
11859
3197
877
770
4876
7743
13873
4471
4331
5231
12171
13579
10860
7321
7183
10275
12362
1319
9943
8274
12756
6326
1964
11938
9026
10258
8777
10138
1094
5252
7550
12414
11916
7827
2508
5177
7461
5353
289
3549
14398
5180
11155
11199
10807
1346
12758
3757
3455
4664
14791
11703
5459
11432
9545
6141
10023
12600
12146
9593
6952
10453
8308
12056
2471
5184
12345
12473
6360
14648
12695
12807
393
12585
7459
9980
2866
4322
7413
6081
12382
8033
6713
1003
10067
10007
14354
4402
6880
5595
13891
3525
2551
14406
9356
2674
5576
11452
5135
1450
6722
9244
12261
7425
13824
7202
6914
7935
12219
198
3852
10443
14958
7129
4294
13979
8414
12171
13245
13668
11893
6142
511
9279
14830
2160
2969
14793
10395
7997
402
1515
8094
1472
13863
7675
9775
3908
13735
15215
7971
4761
25
10311
7872
6577
11222
14708
3375
11210
790
13100
12461
4555
7595
13354
15015
2000
10069
9198
7456
2632
9553
6533
7065
2331
1781
8111
6190
10101
6244
4134
11658
4269
4702
13929
5408
1142
9406
781
9048
3112
2277
9352
9104
10597
9550
8034
9073
13284
13303
9502
6118
1168
10205
6855
13424
4323
2112
8193
8407
5949
8339
426
935
4206
11254
6489
1358
1159
7324
10634
8853
9201
2341
14258
8772
10173
4272
14975
11463
325
8126
2761
7508
13279
6124
13437
8728
13309
1009
1899
8365
3837
3577
6858
9950
85
11150
14901
914
9827
13500
10222
1194
2820
11410
11362
7988
10073
922
6107
7073
7302
12629
1658
12655
13992
13359
1207
9177
8459
9433
3251
2630
10569
9857
13114
5324
4165
8204
10968
6324
12319
6724
14546
3351
4214
5944
8460
9944
14539
4781
420
12257
6269
503
15094
2843
144
11402
366
2739
4552
6075
9463
5375
6327
9026
3122
10694
8582
8853
12986
13888
1988
15065
14387
9382
12355
3583
10156
5992
7147
2765
10551
11076
47
3034
14808
4424
14834
263
1302
14400
8312
269
7289
3063
10482
827
7081
10820
12065
6743
5676
6521
2010
5562
5701
4732
13369
15108
11349
15218
8281
6874
9261
13658
11208
2069
6569
8853
12265
11091
3771
13703
10951
9468
12322
6613
4592
11301
13039
9571
3166
2620
13244
10936
5162
837
1574
5221
6834
6295
8013
5180
14207
6613
5646
13349
1836
7904
6138
5611
14034
5164
10011
7657
5628
5046
13069
10669
15199
392
10275
8432
14747
12932
7180
11230
7222
9131
1783
14879
567
981
11728
7618
15069
3272
5177
9637
12867
3544
9749
32
12811
12715
6287
8227
8549
9535
12044
2063
10882
6508
7435
8936
4180
12834
13881
812
3077
2734
1398
3745
4386
142
5572
10220
3671
7276
6549
8249
1331
1176
1254
14822
3167
11473
7720
5244
5899
6882
1734
4792
14197
618
1287
2435
8125
1131
14552
2914
3797
3723
654
5920
3431
3855
9546
10680
12339
8303
2742
2713
1407
7853
2350
872
5763
10771
11507
2119
1877
9216
6146
13600
12692
11742
5454
13766
14078
11410
2139
4052
5905
329
10375
11811
2754
793
9222
8240
7078
7150
12425
4285
10279
6521
1313
12765
5357
2242
12838
6258
611
9657
15033
15140
14403
12098
13926
1921
12090
14485
11028
157
567
2163
9099
8342
2827
645
964
1756
14712
5167
9016
14334
14675
3251
5345
14684
11761
7760
11385
11584
10521
7072
25
10861
4750
3649
11619
2319
11144
2691
14201
1117
14707
11844
10415
8567
6864
6534
4795
4433
248
1368
9363
9046
9797
8973
6016
3991
16
10693
7339
4408
7397
14364
3542
13528
7377
10049
1742
90
4678
5641
14377
1180
490
3089
10301
14344
14020
9904
10928
1231
9877
9703
198
3806
5494
11854
3338
12383
11405
12300
1620
7540
4009
11651
371
13895
6857
14719
5133
6408
12079
1891
3237
7094
14090
8689
14894
13535
11602
3230
1522
11528
9015
4419
6476
9075
13376
14902
11011
8064
6481
2212
5148
4315
4013
11712
8807
8486
7990
1605
6729
9994
4423
7971
2426
6582
6957
6788
13164
5499
10865
880
30
7624
9772
12858
9658
2682
13156
5883
4749
5086
14397
3347
5314
2843
8373
3000
4680
8563
13671
5192
2160
3925
1034
12816
10062
12739
5746
7518
12163
9017
9287
1937
6249
171
7248
739
4118
13874
9584
1790
13301
4772
3006
9700
14926
14399
13451
3680
683
2376
11555
7110
11710
896
2225
5474
5202
7880
14391
11101
762
13269
5875
8235
6428
8827
417
6144
6219
13391
10538
9759
4924
5727
7515
1143
5376
4012
10993
11547
6694
3546
12894
13401
2426
13743
2244
1551
8329
2906
3436
8021
11258
2974
9863
4097
1394
2327
8185
3518
1211
4115
7875
4878
8156
9841
10927
7606
15141
12619
10414
4560
13813
6389
4271
8838
13385
2950
7628
14074
11617
8375
6490
4552
2643
7943
8953
3909
8262
5703
11154
7898
9406
11838
2968
3357
6683
4888
3501
6812
11904
3897
14096
10760
8121
3589
9893
2691
6542
4201
14817
11704
12505
4877
7476
11761
673
7383
13708
10990
14892
132
6430
11726
11637
11024
3092
4674
6832
3173
10297
7291
11490
11443
5090
4812
5630
998
4118
11525
14220
8260
13530
6276
1036
6522
3959
10949
14064
5371
6898
10429
13748
5287
947
9224
13711
7359
7174
6567
13930
2263
2191
10954
8216
14582
2779
7534
11944
5955
13721
13356
8649
1177
11166
5145
11079
10916
1366
6907
12218
14096
4474
6772
1501
12158
8669
11687
3444
1851
8189
7778
1395
8034
4653
14642
2273
349
4721
852
2315
13472
5254
5340
1284
6477
5291
12634
12046
3703
11320
3475
2647
14411
713
9226
6493
7502
8545
14928
6536
7183
12345
14116
6334
7826
8546
203
6716
3745
11422
14724
5202
7522
3804
7982
5239
12991
4435
13587
7992
5099
2551
9469
1246
12439
11076
2093
3049
11702
14852
12890
8086
3213
14748
10725
13230
12474
4651
2579
8874
5559
4552
15056
2413
924
1064
15108
10112
13287
3789
8708
749
7244
742
756
11840
12711
953
2142
12630
11751
3167
4415
4001
2975
1237
326
8434
2368
1048
14101
4629
13839
13940
2620
14068
12531
11118
8042
14198
4912
6899
765
8779
11464
7888
5547
9970
11416
6782
3692
187
9202
6459
5259
7626
6249
11253
10658
6343
14709
11941
4882
14417
14544
3312
1590
3479
10902
354
5865
6603
13408
1986
10801
10895
3461
331
8398
6077
8124
3878
2576
69
4809
11038
3333
13771
15160
13782
3799
607
6341
7602
3789
6098
4173
832
14137
5470
4040
1219
14820
11510
8665
14399
6834
285
14661
12064
6179
4833
15088
4054
5413
1385
6259
4365
13169
13664
4691
14679
9619
12529
3651
13045
3717
7597
3276
1124
2412
11913
5293
7573
1737
10165
1083
7616
1582
12318
5137
6441
8320
9348
710
7909
80
1179
3492
5235
7281
10836
6980
4661
11702
8074
4450
14951
11113
4807
5337
995
603
2167
10026
11951
2695
12031
12701
4378
10884
13734
3799
3772
5273
8330
930
5254
14816
1312
7980
7637
14564
4790
204
11591
7279
13636
10861
2069
8726
10189
120
9654
9750
3194
4210
9271
11679
14790
4080
1162
1050
2244
3829
3908
11334
10620
3505
6772
12592
572
4780
14485
9998
2973
985
5575
669
10836
14698
1155
12823
5527
1075
14833
3356
4181
9523
7641
12079
11173
8129
2783
8361
5508
10150
4011
719
11853
6980
11834
13086
4418
13736
6892
3787
11160
5453
6588
11309
2356
2355
10237
2837
788
4962
13929
13923
14992
3286
8263
11998
13427
13731
4671
5245
3113
12159
10553
6134
2303
3053
921
8465
10223
3126
1339
4223
8520
14078
9069
3017
12020
13681
7290
5458
5018
9311
9431
12183
6775
11773
1263
5708
8971
13224
2421
802
148
747
4301
764
7947
3545
3681
10043
11251
2828
3287
15074
10567
6841
2693
504
13344
13424
11275
7950
12730
9688
10477
1625
980
9427
2397
8608
5985
3468
3057
859
4529
13918
11761
668
12205
5997
10517
3582
9855
11938
5264
1923
8879
1276
2252
4790
6702
12597
2916
15067
11664
13817
904
4701
14496
7467
14298
11852
15166
3396
3366
7407
11127
4411
2645
10862
716
13433
3485
9768
14204
11287
5918
11086
11932
11865
9184
11401
14631
11331
2692
11746
11604
13183
3875
8238
5510
1973
9084
14912
15099
8362
8935
487
3719
14400
10127
570
5826
11930
9086
2601
8691
6967
6097
12139
7052
10544
3817
14063
12009
576
7132
5774
4673
8605
959
14936
1216
13447
9280
6053
1276
11574
3194
9473
13410
11148
12600
12572
1512
5422
12006
3727
9079
1644
2220
12504
6184
8384
11028
13869
13641
4205
668
8186
10689
8726
2726
1992
14511
8445
13099
3603
7143
12574
9472
8414
2568
83
13386
201
13380
10898
10602
6717
5116
716
4255
12680
979
10279
14626
6756
1592
11526
11430
9207
10407
6187
7953
2110
13027
3426
5577
7306
305
1268
13321
8773
6267
11090
7513
7160
11712
3863
9358
9093
14089
11333
3558
13168
5701
12450
4560
2567
4073
3266
6194
633
5583
10068
8313
11829
12766
2047
9037
10087
10570
1411
2733
5611
4218
13841
15107
107
1984
574
5409
3968
6841
3818
2672
10809
296
4670
4646
15141
13964
216
5717
12936
13839
7828
13694
2237
6318
9340
10199
8907
1328
13412
309
4027
8326
6617
462
14402
6774
6386
7430
4078
1564
3595
4861
10300
11876
9946
2422
3836
431
10260
5707
6630
11843
9648
13542
180
1082
9489
5284
7173
6798
6931
13801
5404
12416
12870
11813
7501
7108
4627
3093
13537
1154
5094
3441
7758
9207
13281
12501
11984
2717
12637
1383
10299
11403
1285
6431
2210
15003
1844
5004
331
5739
1017
7909
14549
7363
3913
9204
9288
7622
5712
4572
11441
4851
1470
5802
12142
7801
223
6820
10502
9848
10936
3902
12326
9553
8998
15081
1981
233
5387
156
214
6065
2624
2626
4716
3384
8253
10020
13455
10965
1842
14603
5490
7428
9611
2637
7328
12922
11596
13577
426
7048
8298
7567
12747
112
3126
2895
4144
7096
7077
6666
10439
8866
3707
12345
8724
1844
8802
13685
10280
6155
11756
4772
10213
3182
11773
305
2415
8661
8179
14717
7186
5832
6939
5851
11352
13958
1736
11232
3524
15049
4915
8577
8150
13985
11756
13573
6114
1745
13895
5066
10175
78
10267
11274
3806
1473
7492
5097
3433
3829
12607
6624
11815
12071
11089
10063
6988
14194
10097
3217
10917
1523
12984
10121
12927
1234
2910
1914
13468
4691
3657
4045
177
14616
12094
11004
10060
7341
62
341
13394
9263
7964
7555
5474
2931
7603
1947
4291
8063
2655
7333
9457
6313
11693
3686
7419
1886
12477
10537
5504
11168
11969
908
837
11743
1171
6374
12969
8003
8854
2915
373
12556
13616
7774
10341
315
238
4637
3435
14912
5993
6977
8526
4553
9116
9540
1514
5376
7813
14785
2936
3864
14734
10803
11061
559
1058
13846
14695
3396
2631
1561
10240
14663
5564
3497
1440
3117
13329
12141
9047
7818
8018
13518
2004
3773
5142
1214
7517
9515
10368
8565
13136
4445
12493
12524
14184
3227
4217
1617
10718
9386
3578
1939
10055
4520
11423
13826
14325
14000
10909
8852
13716
14550
6699
7198
10418
13569
8347
3554
6655
2707
1619
12868
13946
14428
12142
12750
7745
4320
10121
6605
4468
5730
2852
10257
1762
4264
10630
14113
10377
13928
5230
1948
12977
14253
1478
10654
5065
13668
10050
13695
12049
14297
7880
13963
4767
6481
12475
6540
4557
7973
6626
2578
6330
1281
7135
4288
3483
1699
11210
10602
1037
6593
2087
4200
11789
3116
14937
2285
2335
6076
13666
3895
7330
8405
6957
4824
4793
2610
4142
7392
8014
9330
2471
3854
419
4479
12517
13312
4870
9246
12732
11333
5135
10567
6023
1166
9571
2604
12327
9987
2204
9192
13333
6090
13140
1742
4027
6051
728
1073
10278
92
1983
10990
5227
2852
10283
13890
10422
11032
5505
14931
6443
12460
9648
14380
2842
14951
1200
5710
13924
1147
6296
3288
11370
2620
14001
2364
13957
3234
4113
14951
13948
12428
2316
6515
13649
14705
10334
8555
12845
8601
5468
3316
12127
4194
4721
2076
8498
9471
13315
10680
6294
9669
6946
1247
11037
2110
5149
9571
2788
1782
10570
4750
5951
14511
12914
14903
4718
8606
12746
5793
8384
8515
9363
13656
12998
11135
11921
13988
7898
8983
14582
13841
5615
1667
7132
934
2431
6104
49
324
3618
10509
6749
5777
14734
7620
8272
6723
8855
3416
11273
11428
13409
3018
13704
8879
15062
5974
10563
4310
15117
1941
10239
10896
6068
6207
1783
2408
14478
10393
3292
1963
5394
5951
5182
4256
2127
14769
6791
15216
13591
2804
1799
14073
4493
13001
3272
7391
7968
10432
12518
13477
2480
10717
12190
9317
6400
13087
9243
11824
7726
4045
2106
13938
373
9717
4756
8453
12330
10592
10304
13641
15095
7339
14982
1742
2905
13054
10443
14634
14778
4250
947
11759
549
14373
11312
4226
6327
4784
2696
2452
10304
13857
6691
13259
2598
4695
13765
14603
3267
2576
9512
6732
8831
1785
5043
815
7480
8854
6213
8816
12164
187
4300
5972
9940
10680
7601
2942
4647
850
14006
3473
7055
10847
877
8651
1211
2071
8152
8597
8948
11255
5464
10084
11329
1797
11848
14790
12874
2875
4816
14692
5731
9480
653
931
15025
4072
3304
2450
7278
3383
299
13760
14180
6282
5951
5136
5231
11691
95
7058
6392
2390
2688
6874
10687
6609
945
9642
5726
10407
13320
13280
4922
13857
2284
8294
14397
14249
1490
4877
8721
6369
4943
12403
12936
182
1306
1922
4216
5433
11053
7697
11133
358
6507
1816
14162
681
10130
7182
7946
8810
1410
679
11430
13951
11702
3079
13563
11377
13647
9069
6807
9964
11900
10763
9314
15020
7570
6681
15224
3419
5877
11913
12355
11995
4504
10534
11527
9250
2933
14036
3096
10443
2430
3888
7874
9343
7118
9262
9594
13783
7077
8320
14267
15044
13474
9610
14037
14748
14402
6923
7235
2885
11717
9234
6594
8906
14142
11005
2826
11239
14118
8868
12054
8003
12559
165
516
11584
13539
2690
13156
4827
12046
8132
6317
8694
12130
10732
826
8629
4636
9936
13848
5828
913
14240
10273
3009
9030
330
8420
1135
1536
3043
7464
14620
11203
2124
11186
4885
1008
2554
12443
10119
2876
10723
3503
9997
9087
2136
13837
2716
9435
9251
542
2815
2154
12447
10877
7162
4808
779
11444
14623
7152
14251
12286
6012
5708
14325
13466
14984
3000
12637
6890
12417
11138
3502
3975
15156
4355
13120
467
13486
9756
12505
9334
4776
7131
1497
10447
3277
5335
1615
5915
14644
83
836
6594
6499
8595
1814
12715
5316
2957
13535
14862
14262
6053
155
13690
5151
10330
7850
10158
14780
11343
11036
7613
9493
1316
6859
11216
14523
15140
5868
13858
862
6398
7804
9860
1597
11835
1875
5869
11701
4280
65
9034
9026
5005
6891
12672
8369
5942
4467
1302
6311
11498
10344
1584
15102
11219
786
5670
10118
11810
531
11039
15200
14688
12817
136
12635
13649
9749
11936
9603
12311
8302
2425
4613
8252
2125
11694
3859
8526
12858
2362
4262
10387
12853
4558
8949
6945
8491
13816
401
4623
4422
14828
11018
6919
8737
12408
3913
8427
526
4691
6370
9270
767
5811
3349
3404
13330
14208
3570
1497
480
944
1717
6749
9070
7921
6042
9953
11676
14926
5534
13461
1221
14819
5275
319
6281
4135
13439
4832
6041
10492
6751
5773
9056
421
9173
6387
6940
158
8627
554
4807
10264
5619
9421
9236
7311
12170
5967
1680
9687
3300
40
7647
4341
520
3219
9507
14737
2119
5
13547
9166
6451
7509
10371
1627
13637
8419
11341
13797
4745
2584
12743
13289
5247
14058
10498
13313
1988
14663
2807
13407
6851
4068
4394
6260
12199
1619
9118
4070
5793
6307
9906
13577
6474
4732
13741
9956
8972
3293
9710
3515
9691
7508
11487
4277
13419
1479
12568
4085
13461
3065
3239
5268
4722
10012
10366
2045
14191
15211
14255
15179
2793
1284
2056
14881
5817
15009
6569
5458
6290
10649
6755
15103
14842
2259
11718
3586
11885
7730
5819
10278
13805
3473
3483
14378
9186
14493
6428
1041
2361
10243
7611
8874
8871
11139
838
4042
11702
9415
4038
13551
12242
14918
9284
7288
12840
7302
9696
1108
1899
11614
14131
8657
5613
233
4788
8546
3481
6191
13090
12813
1242
5743
10826
4989
2549
15061
0
14173
1033
1863
5496
4634
11282
5851
14203
3567
345
574
4833
5334
13176
2487
3638
493
240
10884
6759
13779
7402
2023
12177
1628
9682
3613
6897
10928
2491
9662
12721
4078
14761
6619
8272
11975
2688
1945
13891
7176
10878
10388
3324
1038
872
2725
11068
1071
13200
12093
2396
5207
13717
2208
9373
10795
6193
9632
2683
10522
10336
8692
4386
12982
6159
7112
13969
4202
5016
2616
316
5982
12502
10383
2704
8541
14728
2183
3733
11911
7687
5482
9758
1759
3674
15088
11459
12391
12196
9853
460
8722
10538
3037
5893
12589
13148
7213
7812
3825
3470
5852
2211
11043
13183
2633
9294
8901
4846
10888
1647
11824
5226
14147
12990
1359
11082
9595
7554
5526
12603
5434
8523
15061
14835
4918
715
8326
504
1424
6806
9398
9176
4435
12173
7022
7665
12539
13721
12225
6341
3631
12949
1077
2164
3843
10121
4600
11685
6250
6334
9285
4714
13112
13802
12353
9736
1073
4538
5606
1823
2947
337
5012
7157
10532
10223
8879
3355
12905
4928
1148
10980
2802
12454
8704
14318
13038
10441
5477
14548
12111
7565
12673
14260
8269
13440
2631
3535
11864
3517
11300
9679
2866
14090
5218
7303
7616
9055
9706
2823
3792
3862
2142
180
8836
3203
5771
9579
11241
7120
2974
367
2062
4557
2371
5259
5001
2618
5273
889
8322
1562
1842
12149
1428
7852
7493
8247
9497
11395
7994
8885
727
2530
4620
9614
12755
7890
768
3494
7440
4708
4615
14423
352
10791
8478
10030
10671
1350
3834
10408
14948
151
6832
8016
13512
2954
9502
1099
12334
4626
11169
14822
8241
12899
13675
6265
8781
7209
10168
8929
10306
6535
8468
13765
6503
10119
8490
7845
13878
3897
9972
7362
9292
12956
1886
6545
8185
8861
1707
14528
5028
3
13758
6676
15005
2554
9047
4674
8407
1623
9129
11929
2728
6527
7799
5031
708
3533
9505
7074
8575
14407
788
12263
14687
6677
1062
14008
2982
880
14570
9033
13898
14973
2111
11305
2883
4424
13190
5208
6554
13273
13666
6272
14785
223
6435
13465
4593
3712
3423
10078
14224
9011
4889
12651
11213
6197
3724
8440
11326
4624
13042
9616
9320
12974
3163
11907
4978
11681
10864
7238
13996
7950
604
1344
9864
4727
9543
9550
11099
13527
10294
3490
13381
4050
7798
12901
1328
10083
2123
15050
1759
12795
6935
3581
10695
14707
4899
1817
11564
293
6480
6255
6917
8946
9533
9761
10610
4319
5958
11787
5669
927
1582
4059
4660
8512
9298
15130
15182
4862
5648
4712
11194
11053
2573
1251
5296
2645
388
6062
2462
7869
9352
11692
10927
1201
6819
13934
6673
6914
12889
7145
11021
2267
9987
2145
3925
3353
4957
322
10220
5536
1222
11323
10169
12990
12575
9263
131
12464
6384
15214
3760
13282
14514
3904
4050
2401
7807
9005
14097
8390
6515
5460
2485
8007
7645
6677
1466
6710
15156
2057
8370
12808
4912
10163
7564
14249
1960
9493
1574
3685
10739
10131
11357
11289
4458
5026
13832
7112
14869
6385
4355
10315
2920
3721
3280
8303
9085
10837
10215
7564
14031
14963
3309
13011
13535
11533
11803
13191
13687
13264
6432
13191
10520
13935
4525
9016
4283
11977
3277
15065
6601
6711
13440
7355
1491
5727
8681
11602
1455
237
231
6301
15111
12296
6587
10512
8556
14235
11580
1296
5612
703
12658
3320
12345
8036
14431
7926
4025
4505
12187
12219
10097
10729
12293
3290
1526
8485
1630
5363
8792
11617
2338
10173
7416
5512
9325
1517
8402
5208
614
1492
10022
14215
8369
4569
296
14889
3083
9710
9245
6837
14774
2798
2991
6770
4280
5010
482
5635
10226
13614
9328
12703
558
9003
8834
14243
6503
1907
4631
4154
7204
14769
8252
1865
12013
2751
4178
7069
9165
4243
9601
3692
5427
1990
7297
11217
12500
10030
14150
11104
19
2445
9488
2844
6284
2663
12908
1815
147
7856
9826
1637
6
10689
5566
4040
6378
5861
5390
11528
4396
14058
13227
6072
11602
202
4369
11472
10048
8107
7554
1320
2342
10600
12708
10390
13897
3893
10857
9401
8506
12879
14904
87
12869
9265
7075
2229
6079
2147
2717
6459
108
8121
2028
