634
363
145
210
2067
562
122
315
5033
4266
599
459
307
66
7145
8778
1827
1692
2652
51
545
2133
1413
6638
1955
915
1635
408
861
3641
1520
2389
131
6271
23
14
1038
15
1665
2963
3914
3978
417
9437
572
3533
5597
1282
1044
2773
6841
6477
705
10155
1599
295
8461
9908
367
6693
1888
515
4089
105
1169
44
2331
1115
1156
2747
255
2127
839
3159
1488
3647
8467
2033
3266
192
266
76
247
7070
6072
1277
1370
657
1429
2123
349
159
2602
989
885
563
7417
224
382
3041
1188
60
12
1327
1238
80
1060
3462
6057
9378
457
1312
6174
6698
274
37
4919
866
1320
3779
1784
1033
2314
240
3827
724
1987
92
326
2840
