599
8185
2259
2832
4675
3682
8646
2493
8032
8735
1689
2449
8086
3686
7417
8945
8618
559
13608
7493
1011
2562
2293
6113
4171
6753
1960
1736
485
6709
12278
380
4825
1663
5486
6675
176
7758
2463
3603
2178
12211
959
7237
12664
1292
14344
2903
437
9736
12133
5936
209
2205
375
602
1186
99
2656
1316
6369
2632
2266
888
653
13810
6879
7333
5287
1383
332
4046
6095
3677
2209
6391
7185
8885
5114
1159
723
972
777
12861
457
5922
5750
12010
4758
936
1018
545
1472
844
9795
1327
177
11993
2389
8106
6683
1568
258
4484
5193
4374
3978
4045
110
10637
42
7853
2351
2056
2927
1851
5097
274
3770
7588
8430
3553
2229
817
1906
3248
9246
4749
3740
5389
988
515
2540
1256
9692
829
6797
5680
2188
2194
8129
103
1047
8867
1735
129
562
205
2069
760
10124
6573
6723
1522
791
412
7082
5940
725
235
101
9480
4051
2816
13513
8149
741
12177
4259
13724
12247
2599
1209
8408
10930
786
2298
8065
6902
12102
6106
3957
7504
9716
7724
9531
3021
9695
7203
10098
7862
842
6269
1642
14231
9381
1776
5161
3036
6719
2544
9370
6382
3449
5951
11438
613
5319
6840
4169
661
3853
8364
2195
2685
4084
3431
2420
1379
6464
7659
12373
945
551
5967
4305
11333
12986
268
2478
4806
6515
657
1193
4396
1049
9132
12803
566
610
5115
1756
11856
3015
9424
6415
500
1520
13491
8195
9602
708
3826
3783
4114
995
752
9709
1262
5073
3560
4444
7279
8684
1199
4635
14070
251
9890
1038
2183
5426
522
8078
2577
8632
2847
6765
135
1020
5540
285
991
571
4164
10889
3752
3480
3257
154
1125
4158
2740
1067
867
2940
8856
9254
3247
8360
4302
7145
163
2314
1027
876
1496
5920
10605
14293
31
11088
1728
7962
2915
6544
4729
2765
12015
78
13889
4135
9360
13339
1987
8798
1880
11761
901
8387
9600
4719
8545
548
1904
12804
1599
4519
10413
9993
546
9834
13365
2970
224
8132
9954
359
112
850
4798
2806
1529
1828
1303
5681
7856
1854
498
2888
7282
1632
1469
4034
459
1405
10414
9002
8502
12962
10299
7850
6691
2850
3791
2645
4085
220
4944
310
6079
1684
287
5172
531
6764
3076
4263
260
1242
5896
3579
8767
638
11864
1800
1380
86
717
3482
742
12642
2452
4341
8744
10812
11181
7621
9034
5360
10691
8862
156
7343
11341
11094
1587
1417
4
3736
1102
4175
916
13153
3049
3635
10386
6837
2828
12739
5124
514
563
1171
8035
7463
2910
597
667
7212
3289
1063
6571
13112
1245
159
9050
4355
6179
10831
7034
3029
2123
11282
200
10500
12935
1103
1218
2840
6101
2297
13119
823
7166
296
4279
8715
3241
11237
2282
4609
795
13277
3041
6089
5555
9242
3458
1537
2246
11117
12454
15
10214
5315
240
3488
2273
5098
4878
9467
721
10172
423
12918
438
12486
7855
5176
8296
2114
3906
11769
1167
12502
6681
3533
3422
8474
5717
9097
4107
6086
186
994
3953
383
11572
7539
7404
950
157
3320
153
4889
12025
5219
4458
4583
13989
8440
9157
592
10
37
3023
2968
4230
935
8267
5080
13336
8899
793
6040
10180
3762
312
2644
13985
7200
2417
10137
13328
2647
6587
4188
10263
12544
13784
11134
2996
7532
5159
1312
8338
1857
1859
9494
196
4715
12058
3163
5484
9001
3778
6638
3399
4293
2835
639
14245
10062
1260
969
11948
48
3457
6929
10602
140
9617
9220
6847
6452
2461
6668
3014
10998
2436
2454
11224
255
9652
4870
5901
12531
14118
4240
2976
4636
12446
1584
1698
2067
775
79
3159
847
13633
12924
1640
9253
10064
4039
305
3627
525
1025
128
3377
2127
3830
3870
11984
10216
6138
11565
3028
12271
66
3577
13862
4614
15220
47
9035
736
12617
5564
2829
4663
12949
4407
6711
2657
5828
6024
1492
4481
3492
56
6244
8210
7854
8186
5946
222
5607
14292
1307
12764
131
5997
238
3675
7114
11635
4368
2782
1435
11855
2908
1661
866
595
350
10170
1182
1946
9974
8255
2722
3498
13188
1299
10495
2650
920
188
13092
587
1424
1692
7309
3872
9753
9541
52
1426
4133
8509
1434
6699
6687
1811
8902
9006
6827
7544
5001
7391
2499
4920
12475
145
5965
4545
4827
5416
7150
780
1838
13795
5093
2625
744
13747
1450
9885
12296
970
174
2549
7630
6171
5572
3027
7809
5265
72
4678
7283
2119
815
889
2517
14135
11205
278
5324
13416
517
4831
10429
10594
5735
7231
1596
321
4343
1879
1339
6225
487
4997
518
1362
1300
1221
966
1453
737
857
7816
15153
13402
3040
6116
5150
1528
4098
9963
10149
367
2043
2099
8384
4992
9
7783
1974
7102
11380
3283
67
2716
27
1505
5523
88
9676
524
2013
4252
6011
4157
8471
12226
858
14007
2598
403
13959
5953
1889
6561
8118
11389
7494
337
2601
724
1874
5022
12492
1212
885
194
8817
171
216
308
10398
11952
2466
8121
2688
7710
1516
5855
937
3696
12742
8828
5524
4547
3792
5290
7745
1796
6074
634
9781
28
3764
12656
4141
130
9206
1941
7859
7021
12726
13667
2038
68
1700
8489
11347
7123
7412
5069
13692
1890
2606
1576
5213
11563
10441
3151
5597
4708
11755
5906
4847
3413
3659
226
8311
14548
7879
3548
8468
2991
9964
1955
881
2070
11821
4834
3280
5760
1482
1013
9489
8112
12199
12469
26
6807
1035
100
4318
5950
7225
1757
7160
5233
2747
1091
12225
6801
3046
12328
8566
8536
13428
76
5895
9909
5037
11542
482
5000
12064
2087
7620
1481
5605
5020
273
4167
354
7459
4859
6015
535
4506
3391
14454
6068
2496
7590
753
192
14
12468
13167
13707
1966
7897
507
4824
247
1423
3421
2525
14204
5192
10713
1094
3779
7239
1465
6527
14362
5157
1961
344
2766
642
4178
4345
7863
213
9347
168
5664
6356
3651
10841
556
909
646
2602
7891
2906
8183
4995
11641
64
1802
5957
3446
9902
14178
2362
3455
12644
14614
3590
8007
1784
9342
7836
2210
7851
63
544
9994
3359
15208
1503
10946
944
2126
8457
7369
863
2237
622
8537
784
3683
3197
1134
6650
7663
1264
1467
740
6122
307
9122
11938
8067
1525
4690
14187
2875
2518
2018
4975
4608
7684
8465
85
3058
12276
13886
2407
9178
416
2735
5647
7623
757
1847
6125
1547
10617
43
2988
12752
311
8991
7833
417
4797
14913
5755
9400
989
124
3495
4049
11617
13409
2566
7825
2382
6032
314
9348
14723
5092
9180
6591
12184
94
750
4596
13961
10572
2328
6657
4353
460
295
10007
173
600
6184
1954
10422
4352
4104
10549
5344
3664
8838
1488
1841
2849
11418
11869
4983
4215
7935
1169
246
1881
7820
8760
6576
1175
401
6808
2876
8372
3341
1930
3108
9767
5725
11411
4181
9775
2350
8138
1363
1826
2763
10792
4606
9434
14397
11835
13276
939
11316
553
4928
636
9663
13885
7426
10147
11209
8740
11817
768
1282
10957
275
12336
2595
4432
409
4265
315
5007
1115
2231
3266
11857
4261
234
5971
1794
1656
218
3462
3814
388
9011
14114
2543
187
8326
12601
2652
13084
317
12916
10608
695
7397
10575
142
627
6967
2804
6456
3111
660
9470
3837
11851
8495
5642
11100
11428
5335
6276
3836
11415
13271
84
9061
10181
8264
2061
3037
6056
1166
23
1156
7987
608
6477
474
41
3286
9104
601
614
1724
11626
4116
8330
6873
1517
884
1174
4002
9871
12927
2556
8636
718
1452
8245
2795
11444
6593
1460
8780
7635
5136
5832
2870
265
7530
3380
978
1540
353
1591
10618
193
12065
4041
3297
5836
828
9960
6784
5050
4653
13018
2872
13408
7830
9587
2570
480
12493
7054
8859
1485
10127
4029
257
3972
11189
1074
6148
6192
8864
7781
2045
7313
13499
10685
2784
11246
5051
376
3649
236
1045
118
2152
481
800
12456
8574
13120
2245
1816
13071
3491
2691
7133
8726
2582
8420
14361
7000
8903
12515
3927
650
2071
6794
2161
11403
2408
75
3554
807
953
13775
12132
2724
83
7091
11515
7104
11329
927
1
424
8024
10633
8652
799
5396
797
11419
1059
11786
1043
4579
11410
9908
439
1676
3845
738
11053
7345
60
13224
71
326
331
7975
34
10197
7926
15064
9571
447
7737
4123
10644
62
7814
3442
413
11119
4800
12794
2912
860
10102
4280
9897
682
5608
3928
11336
14272
11262
9771
1213
14694
2091
981
1032
1065
2285
2182
14055
1338
5412
11539
759
7703
1970
13178
606
626
2177
11791
2409
6626
4488
8
318
5212
3847
6992
9670
14574
9365
11836
6174
7563
2703
1932
10254
10133
11052
4958
2627
555
2377
4393
341
1501
3691
15070
381
877
4310
1188
5973
370
6484
12194
9193
13030
3112
6690
915
4129
385
267
1729
3077
1210
14254
13935
8049
3889
4842
1888
3119
9910
9659
11974
2150
408
11355
5074
266
3804
5312
4136
1543
5702
9876
2633
7295
10054
956
8463
1775
10906
5633
887
5472
1029
4712
3345
14706
7791
149
6127
687
4492
1443
14149
6744
9505
5018
2019
12510
13355
1869
3134
4883
4411
2283
9099
10638
3780
7904
879
564
6647
6698
1394
2748
396
4006
709
4273
121
3007
160
1976
7294
373
8302
13880
938
6362
7449
14684
12827
12284
1060
624
3964
2017
1480
1548
12758
8927
10179
10599
11376
10319
773
1317
1597
2490
9779
5740
77
12491
4020
11422
9559
13851
14207
8768
6201
11309
12715
8480
9981
2090
122
9422
1774
3874
12340
9752
4460
2887
6290
1194
7439
4131
11939
492
2921
12731
10847
1010
15177
6542
2946
10461
6746
7112
4931
329
419
6182
12959
11417
8282
2039
11427
1436
2002
11737
111
7088
6805
1348
12835
5434
2320
10601
1589
5283
6030
2721
12413
2681
2931
10787
7438
11385
5276
12044
12783
6352
10173
631
3622
10874
4330
8077
3735
491
771
14520
9727
7969
12514
1099
4011
7265
616
2859
693
11242
8500
4047
2597
1764
655
12113
745
658
10570
2468
7217
1765
10029
259
1138
13525
3490
10547
1243
2212
2312
3983
1662
7536
10298
2280
4437
2580
7714
1004
14241
340
6648
7093
1652
10820
3939
10370
8218
651
11706
10485
3695
256
13552
12786
1401
14351
7857
3789
9445
6891
4525
9345
7143
5741
4446
11408
11077
11424
1610
14194
4152
1821
14141
14265
4654
4228
5450
398
7486
5079
13148
9393
13792
4854
10807
10520
13536
1196
6479
5812
739
3344
10816
155
5550
1031
11534
6271
11236
2620
6536
14169
2008
12991
2792
582
5164
861
5690
13377
13782
13518
7267
4999
3987
4911
649
5117
4222
1709
14522
143
13250
442
14446
14787
12239
13255
7985
6072
890
14716
3089
151
2404
2234
5173
4744
11660
2713
7243
12103
5317
8354
6865
8743
8003
9877
5712
4526
13082
2550
12396
345
4403
8944
7019
7749
11461
10555
2977
7155
2470
4048
13654
13587
8353
4804
10274
283
237
7075
2785
8362
89
609
15027
435
7281
11185
734
11890
13350
5395
440
411
10589
9272
2103
1988
8205
13027
6894
12647
6759
4799
9278
8970
1868
1758
2086
4206
3
8528
5154
9679
5170
9167
2952
4389
6137
8672
421
13977
1635
10869
80
4236
10475
1335
512
12355
14713
5589
44
5133
4639
10122
1392
9789
210
4099
6754
4512
115
585
875
5235
3641
3505
11412
2677
1375
3282
1162
7991
9258
10206
11139
9835
12
13144
4487
8518
15068
10355
6009
2708
1014
5313
2720
6294
328
7226
5937
10769
377
11008
4387
402
9447
231
11421
14098
4340
6169
3509
431
9081
1178
4572
5411
1478
2341
2049
1172
12453
6250
2278
2130
10451
8438
1073
4771
10334
1318
6297
6639
6876
1510
170
1037
4471
12210
7960
10581
1190
1535
2199
12708
4329
10773
7105
9274
15175
2986
5163
635
2353
2001
4150
8823
14720
3530
11581
8576
3433
486
13735
11089
10755
1870
6518
1697
8921
7772
144
7138
4949
223
9005
249
6845
13381
7390
11426
7925
6286
13858
1551
57
10514
2992
13583
4232
6583
6047
10395
306
8388
2250
6400
8689
10136
9098
5840
13632
2675
11090
6684
530
9857
2011
5285
10770
3319
2860
9262
239
303
8507
10327
11429
3228
4388
10692
8893
3940
5294
11227
53
8887
2985
11652
3239
7070
13253
1710
612
9212
3999
1590
3986
1772
14786
426
14349
5363
4272
8948
9594
809
195
11407
6551
7813
4640
5999
2707
96
1429
10702
1705
3912
5341
5449
2820
3126
14013
10447
3084
15158
11404
165
6605
2046
2528
7939
12871
3909
4955
6560
1154
985
5142
2193
9915
14175
207
9733
1795
14676
3423
11098
2638
14704
1856
4170
1948
5646
11295
8884
841
10237
10706
6429
8477
2006
12260
2873
2202
3993
536
8467
4902
878
12952
575
5464
1746
6563
603
11598
11661
9912
10024
590
8831
1464
12753
12898
9333
4559
10956
13507
3309
7253
4703
5162
1743
13448
9415
12628
11340
9208
1773
152
7491
13380
6973
12006
9280
2736
1830
4882
1911
6194
593
473
14722
3091
4495
9439
14490
5535
9697
164
10548
8038
10703
4686
8563
3512
5591
8882
4494
2954
13456
15096
1324
10856
8529
6330
769
2062
13315
10425
7721
5600
1189
5206
3571
13765
11023
1387
1980
1877
521
4754
5758
11233
10523
6414
82
13204
6604
11970
14032
3908
6349
3390
3976
9273
5912
4973
9907
13247
2998
4595
3959
5963
8761
7720
2500
14890
147
834
9112
1521
3721
11406
5245
2503
1594
5721
342
13444
13265
9289
2831
11889
10221
3434
3298
12245
11423
3235
2635
2437
2344
1653
547
10910
10277
4290
5132
2247
1657
7640
8450
6961
5160
7074
3854
1005
4523
13849
6021
12900
11338
12826
6019
107
10099
4415
8069
2156
13254
13246
8343
9777
8515
13682
9421
10186
3147
5623
1978
2462
1912
10053
11287
1420
2032
754
14266
5873
6644
12771
11516
3731
8479
4619
7287
8230
1738
13943
13698
7215
11649
5306
7598
7170
3293
2302
4469
1411
13401
10790
11018
7355
1622
958
2909
9284
9942
6836
7852
6957
11531
13642
3700
3852
4585
13981
13787
2064
7299
9070
3324
1133
3209
3786
8173
272
33
5481
12090
6946
6739
652
3952
11691
13663
5878
2507
5222
4557
14329
3705
10330
2157
6454
637
4788
6018
3273
2614
9237
12567
10842
3397
11625
7368
9883
11238
572
4196
230
2552
2225
11311
8449
8687
3306
9281
120
4651
14975
14805
7613
2629
1491
183
13675
7159
10757
12173
7089
4296
5307
7597
13015
11416
8611
3948
4072
2189
503
5091
7970
11084
5695
873
2497
3633
12684
464
6401
6124
6102
3213
14199
14953
8339
10813
10220
7911
2238
14481
3017
4646
3637
584
5321
11613
12849
12218
12375
7634
4219
908
14497
5375
5187
14909
361
432
13615
8154
8340
1545
6370
2752
4683
2778
4163
14341
3150
363
8642
10775
6347
6494
8333
7002
14261
2730
13995
9263
3148
1442
8514
12646
8950
3098
5682
9678
3354
11303
22
679
3246
19
4425
8777
1740
8054
8874
12419
12953
10519
2143
9239
12775
2367
349
4307
6641
509
8148
299
10592
9152
15088
8630
12999
14172
269
9271
13743
7997
4801
3864
7351
5295
7044
14895
2781
290
7649
7759
2050
747
11225
12564
1793
1842
11405
12616
8178
6046
6955
7158
9145
11774
10175
3541
14679
8814
3799
8207
6366
5314
3237
10604
5744
5300
1742
5446
6098
5138
2664
3071
13733
13371
11222
9786
8605
11471
15173
9598
883
8686
1410
4829
5217
11402
5808
9296
10311
716
5701
2926
659
6701
7870
6397
10462
232
6834
7550
13429
6500
9936
5081
5378
5071
4784
9787
4916
8147
673
12807
2075
2803
4193
14591
5060
5893
14246
10440
7938
569
2548
3132
12836
4665
4319
203
282
14911
11414
6659
7424
114
3589
69
2932
3643
3185
14154
6547
8221
7172
9137
3876
3146
11342
6067
2745
5994
5521
12424
7407
5658
1598
11082
4038
8851
7810
806
10213
2309
2345
2305
6383
244
4561
9636
1711
11763
957
7201
12166
13630
5674
9117
9264
654
12196
13982
2026
822
5367
6083
1852
10513
241
12545
95
14476
11157
4724
9269
1917
2077
5772
13922
6918
11757
5546
6629
6221
7268
12232
7077
5984
3725
4548
1222
14350
7860
785
1219
2276
14557
3305
1664
15189
10090
10042
10708
14023
5477
9307
11007
10079
1275
5948
7079
6833
9891
1544
10008
180
14906
6606
14905
1127
802
2568
298
2331
4851
7968
10247
623
8341
1290
10779
2800
3895
12120
13251
323
12082
105
14581
11985
9596
1992
2845
9306
1023
2105
940
10955
471
2902
3419
3962
762
12723
12549
11923
3656
1337
13993
8818
2827
11464
11941
3214
770
13980
8379
12153
629
6556
14340
6168
6880
6602
9608
1061
3575
13262
5131
5748
2390
5593
10964
14811
1665
8044
15032
6100
3913
5780
9164
13871
11662
5635
1471
6614
8319
1044
6359
10426
6969
12045
10418
108
1722
13872
5819
6097
6133
11609
10009
1731
13209
9052
14521
8014
4420
11358
7109
586
3401
4582
9413
5813
12968
324
4436
9499
5791
7903
6374
10142
10314
12610
5945
2176
6948
5553
6013
11187
4015
3152
2387
21
11064
13372
242
8261
3540
6342
9574
9658
1003
7273
1197
4173
5858
7564
6923
2146
5815
702
882
9930
12464
3094
8548
12126
8959
1006
8745
11634
14415
7929
8886
8342
15058
10336
11846
10539
11413
9188
2030
9276
839
8059
1953
6777
12824
648
798
10273
1867
4409
6937
12875
12005
1820
5865
5
3104
478
9149
10719
1046
5995
13256
5405
1495
9875
13854
3352
7430
139
4976
2117
297
10450
11394
9266
2364
14432
13599
262
621
4493
54
3123
11963
13330
13155
1514
12213
6237
2445
13034
8512
4832
300
4591
3744
9283
4813
6322
8879
4649
9850
5156
4292
7124
7347
9763
2078
415
2015
3751
14530
13370
199
10366
7622
