599
8185
2259
2832
4675
808
3682
8646
2493
8032
8735
1689
2449
8086
3686
5337
7417
3081
8945
8618
3421
559
13608
7493
1011
2562
2293
6113
4171
6753
1960
1736
11790
485
6709
12278
380
4825
1663
5486
6675
176
7758
11428
2463
3603
2178
12211
4155
959
10857
11411
7237
12664
3722
12661
1292
14344
13193
4384
2903
437
9736
12133
5936
12296
2277
209
2205
375
602
1186
4486
99
2656
1316
6369
10468
2632
2266
888
653
13810
6879
7333
13636
5287
1383
15072
332
4046
6095
3677
2209
6391
10201
7185
8885
3314
5114
1159
846
12877
3505
723
972
777
12861
457
13453
2232
5922
5750
12010
4758
936
1018
545
1472
8392
844
9795
11410
1327
177
8741
13254
11993
2389
8106
6683
1568
258
4484
5193
4374
2887
3978
4045
110
10637
42
14853
7853
2351
14889
2056
2927
10964
14334
1851
5097
274
3770
12397
7588
12500
8430
3553
2229
10091
817
1878
1906
3248
9246
11099
4749
3740
5389
988
515
5700
2540
8505
1256
9692
10323
829
6797
5680
2188
2194
8129
12947
103
1047
8867
1735
129
562
205
2069
760
10124
12054
6573
6723
1522
791
412
7082
5940
725
235
101
9480
4051
13244
2816
13513
8149
13260
741
12177
4259
13724
13046
6296
3712
12247
2599
1209
8408
3620
10930
786
2298
8065
3976
6902
14814
12102
6106
3957
7504
9716
12344
11412
13543
5468
7724
9531
3021
9695
9853
7203
10098
7862
842
6269
1642
14231
9280
9381
1776
14116
5161
3036
6719
13420
2544
9370
6382
3449
5503
5951
11438
613
5319
6840
14150
4169
661
13144
3853
8364
2442
2195
2685
4084
3431
2420
2279
1379
6464
7659
2965
12373
6707
945
551
5967
7924
4305
13757
11333
12986
268
2478
4806
11361
6515
450
657
1193
4396
11027
1049
9132
11644
11260
12803
14707
566
610
5115
1756
11856
13357
3015
9424
6415
13434
500
1520
13253
13491
5222
8195
9602
708
2821
3826
3783
4114
9714
995
13252
9663
752
9709
1262
5073
3560
4444
7279
8684
1100
15108
11865
1199
9083
4635
11602
14070
251
1158
9890
1038
2183
5426
522
3387
8078
8413
2577
15205
8632
2847
6765
135
1020
5540
285
991
571
4164
10889
10787
3752
3480
3223
3257
154
1125
4158
2081
15114
2740
1067
867
2940
8856
9254
14301
3247
8360
4302
7145
163
2314
1027
876
1496
5920
10750
10605
14293
31
12946
11021
7578
11088
1728
12042
7962
2915
6544
4729
2765
12015
78
13889
4135
9360
13339
1987
5408
8798
1880
11761
901
8387
9600
4719
14770
8545
548
1904
12804
9266
11482
4291
1599
4519
10413
9993
546
9834
13365
2970
224
8132
8785
9954
359
10074
10788
112
850
12176
4798
5102
2806
1529
1828
1303
5681
12358
7856
1854
498
2888
7282
1632
1469
4034
3177
6170
14118
459
1405
2655
10414
9002
8502
12962
2823
10299
7850
6302
6691
2850
3791
2645
4085
220
9261
4944
7548
310
6079
1684
287
5172
531
6764
3076
4263
260
1242
5896
3579
8767
638
11864
1800
14661
14537
1380
86
717
3482
742
10392
12642
2452
13276
4341
8744
10812
11181
7621
9034
13997
5360
10691
6914
8862
156
7343
11341
12898
11094
1587
1417
4
3736
1102
4175
916
11246
4317
13153
3049
3635
10770
10386
6837
2828
12739
5124
514
563
1171
8035
7463
2910
597
667
7212
3289
14158
1063
9372
6571
13112
1245
159
9918
9050
4355
6179
10831
8006
7034
13259
3029
11425
2123
11282
200
10500
12935
1103
8855
1218
2840
6101
2297
13119
9915
823
7166
296
4279
15135
14190
8715
3241
5372
11237
2282
4609
795
13277
3041
6404
1750
6089
10527
5555
14164
9242
3458
1537
14194
2246
3929
13926
14710
11117
12454
15
10214
5315
9272
240
3488
12217
2273
5098
11408
4878
9467
14371
721
10172
13384
423
12918
438
2027
12486
7855
5176
8296
2114
3906
8277
6117
11769
1167
12502
6681
3533
13333
3422
8474
5717
9279
9097
10774
15185
685
5010
8060
4107
6086
186
994
3953
383
11572
11276
7539
11978
7404
2824
950
12875
157
3320
153
2715
4889
12025
5219
4458
4583
1315
13989
8440
9157
592
10
37
3023
2968
4230
935
8267
5080
13336
8899
793
6040
9995
14763
8663
10180
3762
312
2644
13985
7200
8345
2417
11160
10137
13328
2647
7726
6587
4188
10263
12544
4567
13784
11134
11202
2996
7532
5159
1312
8338
1857
1859
9494
196
4715
12058
3163
5484
9001
5155
3820
3778
13915
6638
14541
3399
5966
4293
10771
2835
6660
639
15069
14245
10062
1260
969
11948
48
3457
6929
10602
140
9617
9220
6847
5087
5240
2783
6452
2461
6668
10965
3014
10998
2436
2454
11224
255
9652
4870
7899
5901
12127
6550
12531
7325
9273
5860
5603
4240
2976
4636
12446
11413
1584
1698
2067
775
79
3159
9264
847
13633
12924
1640
9253
10064
10748
4039
305
3627
525
1025
14254
12546
128
3377
2127
3830
6782
3870
11984
10216
13039
6138
8253
11565
2495
5100
3028
12271
66
3118
3577
13862
4614
15220
47
9035
736
12617
5564
2829
4663
12949
4803
4453
4407
6711
2657
5828
6024
1492
4481
3492
56
6244
9844
8210
7854
8186
10583
5946
222
5607
2321
14292
1307
12764
131
5997
10449
238
3675
5028
7114
11635
4368
2782
1435
11855
2908
1661
2187
10915
866
595
350
10170
1182
9787
11415
1946
9974
8255
14484
2722
3498
13188
1299
10495
619
2650
920
188
13092
587
1424
7765
1692
7309
3872
2346
9753
11402
9541
52
1426
4133
8509
1434
6699
6687
1811
8902
9006
10684
6827
9265
7544
1737
11422
5001
7391
2499
4920
9483
12475
145
5965
4545
4827
10435
11900
5416
7150
780
1838
13795
5093
2625
744
12541
13747
1450
4427
8010
9283
12542
109
679
9885
6338
970
174
2549
12442
7630
3910
6171
5572
3027
7809
5265
12166
72
12100
4678
7283
2119
815
889
2517
14135
11205
278
5324
9388
10538
3676
13416
517
4831
10429
10594
5735
7231
1596
12497
321
8575
4343
14064
1879
1339
6225
487
9990
7409
4997
518
13242
1362
1300
11551
1221
966
1453
737
857
7816
10872
15153
13402
3040
5463
6116
327
5150
13191
13977
1528
14702
15012
4098
9963
10149
367
2043
2099
8384
4992
6751
5297
9
7783
13247
1974
7102
10090
8331
11380
3283
67
2716
9281
11418
27
1505
5523
14299
11429
88
9676
13249
14093
524
3440
2013
4252
6011
4157
8471
12226
15089
858
2204
14007
2598
403
3966
13959
5953
1889
6561
12872
8118
14014
9010
11389
7494
337
12204
2601
724
1874
5022
12492
13248
3366
1212
885
6251
194
8817
171
10476
216
308
10398
6420
11952
2466
8121
2688
7710
1516
5855
937
3696
12742
8828
5524
4547
3792
5290
7745
1796
6074
634
9781
28
3764
12656
4141
1176
14491
130
9206
1941
7859
7021
12163
13250
12726
13667
2038
68
1700
8489
14631
14812
11347
7123
7412
5069
13692
1890
2606
1576
166
5213
11575
11563
10441
3151
5597
4708
11755
3954
5906
4847
11694
3413
3659
226
11794
8311
15133
14548
7879
3548
8468
2991
9964
1955
881
2070
3522
11821
14455
4834
3280
5760
1482
1013
9489
7945
8112
12199
12469
26
6807
1035
100
14657
4318
5950
7225
1757
7160
13261
5233
6342
13928
2747
11980
1091
12225
6801
3046
12328
9269
8566
2166
2514
9872
8536
13428
76
13174
5895
9909
5037
13753
11542
482
5000
12064
2087
7620
1481
4040
5605
5020
273
10250
1258
4167
354
7459
4859
6015
535
4506
3450
15006
3391
14454
6068
2496
7590
10313
753
192
14
962
12468
13167
13707
1966
7897
507
4824
247
1423
8146
172
2525
14204
6694
5192
10713
14144
1094
3779
7239
1465
6527
14362
5157
1961
344
6134
2766
642
4178
4345
7863
213
3070
9347
168
5664
6356
3651
10841
13255
556
909
646
2602
7891
2906
8183
4995
11641
64
1802
5957
3446
9902
14178
2362
3455
12644
14614
3183
3590
8007
1784
9342
7836
3503
2210
7851
63
544
9072
4420
6355
9994
3359
15208
1503
10946
944
11403
2126
8457
5678
7369
863
2237
622
8537
14366
784
611
371
3683
3197
1134
6650
7663
1177
1264
1467
13116
4421
740
6122
307
9122
11938
8067
2664
4124
1525
4690
14187
2875
2518
2018
4975
4608
10533
7684
11019
8465
85
3058
12276
13886
2083
2407
9178
416
2735
5647
7623
757
1847
6125
1547
14810
10617
2569
43
2988
12752
311
8991
7833
417
4797
7258
9084
14913
5755
9400
3018
989
124
3495
4049
11617
4391
13409
4417
672
2566
7825
2382
9274
6032
314
9348
14498
14723
5092
9180
6591
12184
7838
94
750
4596
13961
10572
14969
9745
2328
6657
4353
460
295
4692
10007
173
600
6184
4430
1954
10422
10471
4352
4104
10549
5344
825
3664
484
8838
1488
1841
2849
11869
4983
4215
7935
8353
3842
1169
246
1881
7820
8760
6576
1175
13837
401
6808
2876
8372
3341
1930
3108
10331
9947
9767
3184
5725
9263
6459
4181
9775
10918
2350
8138
1363
1826
11102
2763
14411
10792
4606
9267
9434
14776
14397
11835
939
11316
553
4928
636
13885
7426
10147
11209
8546
8740
11817
768
1282
10957
275
9391
14130
12336
2595
3134
4432
409
4265
13686
315
5007
1115
2231
3266
11857
4261
234
5971
1794
1656
218
3145
3462
3814
388
9011
14114
2543
9973
187
8326
12601
2652
9551
13084
317
12916
4308
10608
695
2897
7397
10575
142
5347
627
6967
8287
2804
6456
3311
3111
660
9647
9470
3837
11851
8495
5642
11100
7913
5335
6276
1577
2096
3836
4422
6104
13271
13819
84
9061
11576
10181
8264
2061
12353
3037
665
6056
1166
23
1156
10434
3922
7987
608
6477
474
41
14692
3286
9104
6451
601
614
9200
1724
11626
4116
8330
6873
1517
884
1174
4002
9871
12927
2556
8636
718
1452
8245
2795
11444
6593
9307
1460
8780
7635
5136
5832
2870
265
6799
7530
3380
978
1540
7445
353
1591
4269
10618
193
3942
12065
4041
3297
5836
828
9960
6784
3619
5050
4653
3486
13018
2872
13408
7830
9587
2570
480
12493
7054
4549
8859
14078
1485
10127
4029
257
3972
11189
14708
8051
1074
6148
6192
8864
7781
2045
7313
5722
3310
13499
10685
2784
5051
376
3649
236
1045
12002
118
2152
481
800
12456
8574
13120
2245
1816
13071
3491
2691
7133
1104
8726
2582
8420
3034
14361
14122
7000
8903
12515
8299
3927
650
2071
6794
2161
2408
75
3554
9827
807
953
13775
12132
2724
13246
83
9453
6363
6300
7091
11515
7104
11329
927
1
424
8024
10633
8652
799
5396
797
701
11419
1059
11786
1043
12246
4579
11872
9908
439
1676
3845
738
9071
11053
7345
60
13224
71
326
331
7975
34
10197
7926
15064
9571
447
7737
4123
10644
62
7814
3442
413
11119
4800
12794
2912
860
5061
4337
3851
10102
4280
5551
7485
9897
682
5608
3928
11336
14272
2325
11262
9771
1213
14694
2091
11597
981
1032
1065
2285
2182
14055
1338
5412
11539
759
7703
9618
5560
1970
13178
14333
8133
606
626
2177
2511
11791
2409
6626
50
6351
7103
4488
8
318
5212
3847
6992
9670
14574
9365
11836
6174
7563
2703
1932
7358
5203
7100
3964
10254
10133
11052
4958
2627
555
2377
6798
4393
341
1501
2925
3691
13195
381
14439
877
4310
1188
5973
370
6484
12194
9193
13030
3112
11605
6690
915
4129
818
385
267
1729
3077
4695
1210
13935
8049
13764
3889
4842
1888
11587
3119
9910
9659
11974
11
2150
15079
408
11355
5074
266
3804
5312
4423
4136
1543
5702
9876
2633
7295
2726
10054
956
8463
1775
10906
7718
5633
3674
887
5472
1029
1344
4712
4418
2023
5112
3345
14706
7791
149
6127
687
4492
1443
14149
6744
9505
5018
2019
12510
13355
1869
4883
4411
2283
9099
10638
3780
7904
879
564
6647
9375
6698
1394
2748
396
4006
4698
709
203
4273
121
3007
160
1976
7294
373
8302
3078
11603
13880
938
6362
7449
14684
12827
12284
1060
624
8982
13383
2017
1480
1548
12758
8927
10179
6713
10599
11376
10319
773
3212
1317
6706
1597
2490
9779
5740
14856
6721
77
12491
4020
9559
13851
1334
7346
14207
8768
6201
11309
12715
8480
9981
7023
2090
9271
14467
122
9422
1774
3874
12340
9752
4460
6290
1194
7439
4131
11939
492
2921
12731
10847
1010
15177
6542
2946
10461
6746
7112
4931
8455
329
14741
419
6182
12959
11417
8282
2039
11427
8189
1436
2002
11737
111
7088
6805
14846
1348
12835
5434
2320
10601
1589
5283
6030
2721
12413
4604
2681
2931
7438
11385
5276
4727
12044
12783
6352
10173
13756
631
3622
10874
4330
8077
3735
491
771
14520
9727
7969
12514
10626
1099
4011
7265
616
2859
693
11242
8500
12944
11633
4047
4786
2597
1764
655
12113
745
658
13547
10570
2468
7217
1765
10029
259
1138
13525
3490
9770
10547
1243
2212
2312
3983
1662
7536
10298
2280
14888
4437
2580
7714
1004
14241
340
2524
6648
7093
1652
12220
10820
3939
10370
13847
8218
651
11706
10485
3695
8531
256
13552
12786
1401
14351
7857
14808
6000
3789
13140
7084
9445
6891
4525
9345
7143
5741
14999
13616
12434
4446
11077
11424
1610
2380
11877
15136
4152
1821
14141
9575
14265
4654
4228
6341
5450
398
7486
2755
5079
13148
9393
6831
13792
4854
10807
10520
13536
9282
1196
6479
5812
739
3344
10816
9268
155
5550
1031
11534
6271
11236
2620
6536
14169
14159
2008
12991
14865
2792
582
5164
861
5690
13377
13782
13518
7267
4999
3987
10804
4911
649
5117
4222
1709
14522
143
442
14446
14787
1042
12239
7985
6072
890
14716
1369
5543
3089
151
7591
2404
11164
2234
5173
4744
2098
11660
2713
1744
7243
12103
5317
6575
8354
6865
8743
8003
9877
5712
4526
13082
2550
12396
345
4403
14472
8944
7019
7749
4661
11461
10555
2977
7155
10850
2470
4048
13654
13587
12008
4804
10274
283
237
7075
2785
8362
89
609
15027
435
7281
11185
734
11890
13350
5395
440
12527
411
418
10589
2323
623
2103
6555
8622
1988
8205
13027
6894
4605
12647
6759
9230
4799
9278
8970
1868
1758
2086
14673
4206
3
8528
5154
9679
5170
9167
2952
4389
6137
8672
421
1635
10869
80
15149
4236
10475
1335
512
12355
11335
14713
14288
5589
44
5133
4639
10122
1392
9789
3231
210
4099
11249
6754
4512
115
14759
585
7431
875
5235
3641
691
2677
1375
3282
9984
1162
7991
9258
10206
11139
9835
11604
12
4487
9049
5867
8518
15068
10355
6009
2708
1014
5313
2720
6294
328
7226
5937
10769
377
11008
4387
455
402
9447
231
11421
14098
4340
6169
14028
3509
431
9081
1178
4572
11097
1732
5411
1478
2341
2049
1172
12453
6250
2130
10451
8438
1073
4771
10334
1318
6297
6639
6876
1510
170
1037
1342
4471
14373
12210
7960
10581
1190
930
1535
2199
12708
4329
10773
7105
7260
14336
15175
2986
5163
635
2353
2001
4150
8823
14720
3530
13927
11581
8676
1368
8576
3433
486
13735
11089
12654
10755
1870
6518
1697
8921
8730
7772
144
7138
4949
223
9005
249
6845
13381
7390
11426
7925
2855
6286
13858
352
4785
1551
57
9314
394
10514
2992
13583
4232
6583
6047
10395
12040
306
8388
2250
6400
8689
10136
9098
5840
13632
2675
11090
5251
6684
530
9857
2011
8409
11971
5285
206
3319
2860
11241
12885
9262
239
303
8507
10327
4061
3228
4388
10692
8893
3940
5294
11227
53
9607
7026
8887
2985
8998
11652
3239
7070
13741
1710
612
9212
3999
1590
3986
1772
14786
426
14349
5363
4272
8948
9594
809
195
11407
6551
7813
4640
5999
2707
7078
96
1429
10702
9837
14280
1705
3912
5341
5449
2820
5362
3126
14013
10447
3084
2037
15158
11404
165
14982
6605
2046
2528
7939
12871
3909
715
4955
6560
1154
985
5142
2193
14175
207
9733
1795
14676
6838
3423
11098
2638
14704
9560
1856
4170
1948
5646
11295
8884
841
10237
10452
14307
10706
6429
8477
2006
12260
2873
2202
3993
536
4090
8467
4902
878
12952
6781
10800
575
5464
1746
6563
603
9556
11598
11661
9912
10024
590
6556
8831
1464
12753
9333
4559
10956
13507
3309
7253
4703
5162
1743
13448
9415
12628
11340
9208
1773
152
7491
13380
6973
12006
2736
1830
4882
1911
6194
13117
9146
593
473
14722
3091
4495
9439
14490
5535
9697
164
8038
10703
4686
8563
3512
12338
5591
13107
8882
4494
2954
7662
13456
15096
1324
8781
10856
8529
2014
6330
769
2062
13315
10425
7721
5600
1189
9841
5206
3571
11023
1387
1980
1877
521
4754
5758
4472
11233
10523
6414
82
13204
6604
11970
14032
3908
6349
3390
5912
4973
9907
2998
4595
3959
5963
8761
7720
3386
2500
14890
147
834
9112
1521
3721
11406
5245
2503
1594
5721
342
10574
13444
13265
9289
2831
11889
10221
3434
3298
12245
11423
3235
2635
2437
2344
1653
547
10910
10277
4290
5132
2247
5365
1657
7640
8450
6961
5160
7074
3854
1005
14278
4523
13849
6468
6021
12900
11338
12683
12826
6019
107
10099
4415
8069
2156
8343
9777
8515
13682
333
9421
4950
10186
1071
3147
12464
5623
7549
1978
2462
1912
10053
11287
1420
2032
754
14266
5873
6644
12771
11516
3731
14182
8479
4619
1132
7287
8230
1738
13943
13698
7215
11649
5306
7598
7170
3293
2302
4469
1411
13401
5469
10790
15105
11018
191
7355
3427
1622
958
2909
9284
9942
6836
7852
6957
11531
13642
3700
3852
4585
13981
13787
2064
7299
9070
3324
1133
3209
12942
3786
8173
272
33
5481
12090
6946
6739
652
5386
11686
3952
11691
13663
5878
2507
4557
14329
3705
10330
2157
6454
637
4788
6018
3273
2614
9237
12567
10842
3397
11625
7368
9883
11238
572
4196
230
2552
2225
3528
11311
8449
8687
3306
120
4651
14975
14805
7613
2629
183
13675
7159
10757
2871
12173
7089
4296
5307
7597
13015
11416
369
8611
3948
5917
581
4072
963
2189
503
5091
7970
11084
5695
873
2497
3633
12684
464
6401
3508
6124
6102
3213
14199
14953
8339
10813
10220
7911
2238
14481
3017
4646
14316
3637
584
5321
11613
12849
12218
12375
7634
4219
908
8044
14497
1284
5375
5187
14909
361
432
13615
8154
8340
1545
10343
6370
2752
9962
4683
2778
4163
14341
3160
3150
363
8642
10775
6347
7008
6494
8333
7002
14261
2730
13995
3148
14062
1442
8298
8514
12646
8950
3098
3903
5682
11513
9678
3354
11303
22
3246
13438
19
4425
10658
8777
1740
8054
8874
12419
12953
10519
2143
9239
12775
2367
349
4307
6641
509
8148
299
10592
9152
15088
8630
12999
15186
14172
269
13743
7997
4801
3864
7351
5295
13700
12337
11651
7044
14895
2781
290
7649
7759
2050
747
11225
12564
1793
12997
1842
11405
12616
8178
6046
6955
7158
9145
11774
10175
568
3541
14679
8814
3799
8207
6366
5314
3237
10604
5744
5300
1742
5446
6098
2770
5138
3071
13733
13371
11222
9786
8318
8605
11471
15173
9598
883
8686
1410
4829
5217
5808
9296
10311
716
5701
2926
659
11138
4895
6701
7870
6397
10462
232
15151
13211
6834
2024
7550
13429
6500
9936
4628
5081
11393
5378
4463
5071
4784
4916
8147
673
12807
2075
2803
4193
2021
14591
5060
5893
14246
10440
7938
569
2548
3132
12836
4665
4319
282
14911
11414
6659
7424
114
3589
69
2932
3643
3185
14154
6547
8221
7172
9137
2979
3876
3146
714
11342
14636
6067
2745
14534
5994
5521
12424
7407
5658
1598
11082
4038
8851
7810
806
10213
2309
2345
2305
6383
4877
244
4561
9636
1711
11763
957
2443
7201
13630
5674
9117
654
15042
12196
13982
2026
822
5367
6083
1852
10513
241
12545
95
14476
11157
4724
1917
2077
5772
10138
13922
6918
11757
5546
6629
6221
7268
12232
14866
7077
5984
3725
4548
1222
14350
7860
785
8136
7762
1219
2276
14557
3305
1664
15189
10042
12088
10708
14023
5477
11007
10079
1275
5948
7079
6833
9891
1544
10008
180
14906
6139
6606
14905
1127
802
2568
298
2331
4851
7968
10247
8341
1290
10779
13335
2800
3895
12120
13251
323
12082
527
105
14581
11985
9596
1992
2845
9306
1023
2105
940
10955
471
11156
2902
3419
3962
762
12723
12549
11923
3656
1337
13993
8818
2827
11464
11941
3214
770
12243
13980
8379
12153
6910
629
14340
6168
6880
6602
9608
1061
3575
13262
5131
5748
5593
14811
1665
15032
6100
3913
5780
9164
5165
13871
11662
5635
1471
5353
6614
8319
1044
6359
5869
10426
6969
12045
10418
10194
108
14761
1722
13872
5819
6097
6133
11609
10009
1731
13209
9052
14521
8014
11358
7109
586
3401
4582
9413
5813
12968
324
4436
9499
5791
7903
6374
14162
10142
10314
12610
5945
2176
6948
5553
6013
11187
4015
3152
7009
4573
2387
21
11064
13372
242
8261
3540
11955
9574
9658
1003
7273
1197
4173
5858
7564
6923
2146
5815
702
882
9930
3543
3094
8548
12126
8959
1006
8745
11634
14415
7929
8886
8342
15058
10336
11846
10539
9188
2030
9276
3930
839
8059
1953
6777
12824
648
798
10273
1867
4409
6937
5976
1142
12005
1820
6191
5865
5
3104
478
9149
10719
7713
1046
5995
13256
5405
1495
9875
13854
3352
7430
139
4976
2117
297
10450
11394
2364
14432
13599
262
621
4493
54
3123
11963
13330
13155
1858
1514
12213
6237
2445
13034
8512
4832
300
4591
3744
4813
6322
8879
4649
5497
14653
9850
5156
4292
7124
7347
9763
2078
415
2015
3751
14530
13370
14435
199
10366
7622
578
7861
7263
2028
3253
3009
692
3069
14322
8194
6313
11186
4990
7242
3292
1308
1304
729
1766
8228
1493
3632
4919
2432
4659
8747
10795
3211
11845
3428
11058
9640
3409
4063
5866
7951
1498
7756
4872
13852
10084
13770
10361
10947
8619
7163
4431
1268
15143
3547
12285
9012
14054
7958
5239
14921
12201
14419
2884
12623
13257
7840
10325
8787
2616
13746
1484
11744
1754
3230
5455
13323
5807
6816
1398
7300
8647
1909
12377
5268
10761
1101
5473
8490
11496
2942
7428
9888
1515
10131
10840
2905
288
12722
14145
14874
6487
4574
7787
993
10559
5284
4416
12191
6529
8920
4552
13137
7865
11137
5224
7207
8960
12622
51
10037
6049
13978
3596
2243
3271
9353
8985
8675
1294
1526
9055
1707
2798
1203
12448
13289
794
2154
14923
12843
1855
5955
12666
5817
9754
6142
8462
758
7639
7954
7786
5368
13146
4543
4298
7406
7027
10358
6461
2441
7167
11042
10302
1117
2112
12096
9493
8844
14730
1019
422
5581
5394
12571
1981
10512
8669
8066
12124
2839
10921
3846
13159
10088
3464
12634
14735
6919
3140
11880
4898
5011
11002
13085
10623
8103
5502
10416
5824
10615
13711
5827
3584
712
4335
2640
2072
557
539
12850
7220
8327
2505
13206
2055
73
3827
14838
8419
4951
3707
10148
11798
4860
1098
3106
13308
4586
2984
14714
436
6233
13869
813
3016
11812
7555
9997
13304
1899
2206
1506
2397
4498
10610
2400
302
2290
10031
10375
10780
2334
32
13791
11847
4912
3481
10406
3669
11382
2044
9504
8111
10764
14285
4468
7511
12848
6334
6442
4078
3375
225
11226
9554
8329
13309
1421
510
10580
3559
2786
9150
11500
221
117
2244
5554
4419
10212
13045
8928
7611
7896
6802
11999
1648
14731
7995
4890
2450
6810
13528
8755
4210
3794
9578
11269
8062
11047
5776
11441
11727
8790
567
11367
12119
1620
3426
5414
3760
6503
7213
4685
9216
4485
6889
14915
12403
13236
625
10977
1314
7835
1887
5768
6340
2040
6740
4697
319
5874
1927
1425
1608
14845
211
7480
1572
13139
4896
9336
9804
7543
9570
11928
8604
5384
13016
4126
1645
641
12466
7196
4249
9133
1238
15171
9085
6872
2567
496
1231
9576
14119
10466
14900
4075
2833
5595
3965
1892
11252
2810
11445
9899
12433
897
1296
3598
5095
4780
2852
7571
11624
3574
4031
4783
14212
8297
36
1028
7524
583
9426
2678
1062
1675
13745
12797
5620
4845
5209
3772
12921
1358
92
6031
9667
7725
14501
5415
9073
5662
11825
7214
3795
14948
1690
13488
2058
14778
13671
10515
7890
3816
2526
2076
2956
3949
9961
4932
10193
3441
10907
4528
8751
2542
4965
5774
12749
1331
1504
2184
13826
3934
5031
1782
2310
924
6165
13644
9948
6123
1272
4733
10431
7280
954
3174
1240
15094
5447
9009
1002
13502
4179
4426
9275
832
2513
5651
12463
3524
12943
14864
227
10525
6482
4266
5282
7673
8584
9715
9385
1179
11330
7784
9580
3107
2372
7359
11725
7980
15107
10353
8281
3176
4357
1619
8778
10753
8525
9155
10275
1908
12800
5413
1967
7315
13522
9798
7755
2673
2900
7717
2173
335
11881
3060
5286
11120
7719
74
1250
14412
10999
12071
10155
4177
11436
5370
9403
7326
5016
6809
5269
14458
13194
8766
11155
8052
3515
2254
10688
2718
9869
10033
7240
4482
3507
7660
3679
1118
8811
5879
5482
12890
6654
13718
5188
1624
14005
5167
10028
9638
8336
1473
382
7775
1456
1051
5292
7041
10653
14227
162
11844
9674
2788
13541
670
2423
6895
4231
13028
1712
713
8858
13025
14459
1944
705
11842
9865
6065
7415
10368
10439
11712
12659
7521
5383
8393
7040
1571
12525
4570
12236
2676
13906
9860
13716
11211
12128
788
1084
6284
1650
2878
1631
13829
7697
8431
6971
229
12275
6705
14667
6361
10242
6385
6121
11315
9525
9093
533
2274
1655
14091
1310
9774
3080
14079
1569
13024
7864
7477
13258
4864
4858
8634
11568
13325
4941
8238
13728
1570
11882
12293
10541
7119
7169
8222
4664
3556
7779
10129
10781
8987
9702
12772
11294
1786
6603
4443
12295
10162
10396
3550
1076
5298
5354
4156
13180
1433
3680
3066
5699
3418
13842
853
3518
1370
13238
5053
10112
632
11159
2757
735
2506
11401
7523
2572
11038
9331
13673
4701
6126
5429
11265
1248
6859
4879
2271
5580
7015
4025
2769
13658
8553
13498
674
9931
8170
14790
3566
9213
245
10338
1536
7593
666
9039
12695
125
5076
675
8291
4764
11176
8283
5086
5594
7341
7048
7045
6289
1634
11184
1957
10596
2641
5201
6172
700
9201
9586
8145
1449
2613
6306
9631
2256
2384
9955
8276
3479
941
13406
3812
14257
961
11022
158
1725
855
7843
7858
1320
11716
87
2504
1926
851
11420
4373
3775
10883
3312
8351
5882
3403
8180
8050
8285
12994
1265
3506
2036
3519
1844
12362
14230
15008
707
10656
1660
2939
8503
6540
7176
10579
6324
2375
14281
12467
2221
6132
9441
6071
11251
9527
12206
8262
10727
5496
1952
14519
3618
11302
2619
243
11128
6157
8621
8137
8582
8344
971
13873
3613
10805
13727
5788
10785
12879
1297
11735
4546
977
974
6962
10239
2005
9277
10734
1466
1033
1943
11699
8701
1161
13754
1885
1666
10836
3502
8695
12625
8429
2957
9563
8272
2233
11378
8239
12422
9319
9568
8301
2958
1445
4285
11766
1455
5825
2963
9495
8532
14106
7846
4875
1404
4054
8406
1950
11620
11762
3684
6512
10032
6761
862
1829
13813
7288
1702
11351
5786
690
254
1234
11035
4630
5799
11917
9154
5629
10612
792
3608
11936
2138
1730
9723
81
3079
11983
7643
8627
15209
10543
1726
814
13763
10695
1783
11610
4145
710
3925
11870
13544
4694
12701
1759
14573
13136
5241
4151
5998
8842
4592
11149
12085
12832
12798
13769
7961
14165
5715
8002
2374
5263
13878
5153
2381
1837
10063
1983
5151
15044
2738
1347
7408
4599
11460
2361
6811
6048
15017
10689
5505
9772
12459
1677
10000
13269
12350
12596
13657
13783
8164
2473
13613
7188
10412
2969
3898
6985
10542
2034
749
2145
29
5942
15141
8097
13278
6219
10651
6252
7061
1963
13245
1148
2700
15065
10065
14843
7793
14718
7095
3392
7992
12139
598
8881
6745
9681
14259
4287
5223
13048
15161
6938
2139
3914
3039
465
4342
6017
1474
10729
3759
3323
1997
5624
1110
3225
5127
3899
8770
9683
7910
506
4306
1030
11997
11841
8072
1376
5436
2945
14110
13914
4140
6960
10537
5361
2756
