599
8185
2259
2832
4675
3682
8646
2493
8032
8735
1689
2449
8086
3686
7417
8945
8618
559
13608
7493
1011
2562
2293
6113
4171
6753
1960
1736
485
6709
12278
380
4825
1663
5486
6675
176
7758
2463
3603
2178
12211
959
7237
12664
1292
14344
2903
437
9736
12133
5936
209
2205
375
602
1186
99
2656
1316
6369
2632
2266
888
653
13810
6879
7333
5287
1383
332
4046
6095
3677
2209
6391
7185
8885
5114
1159
723
972
777
12861
457
5922
5750
12010
4758
936
1018
545
1472
844
9795
1327
177
11993
2389
8106
6683
1568
258
4484
5193
4374
3978
4045
110
10637
42
7853
2351
2056
2927
1851
5097
274
3770
7588
8430
3553
2229
817
1906
3248
9246
4749
3740
5389
988
515
2540
1256
9692
829
6797
5680
2188
2194
8129
103
1047
8867
1735
129
562
205
2069
760
10124
6573
6723
1522
791
412
7082
5940
725
235
101
9480
4051
2816
13513
8149
741
12177
4259
13724
12247
2599
1209
8408
10930
786
2298
8065
6902
12102
6106
3957
7504
9716
7724
9531
3021
9695
7203
10098
7862
842
6269
1642
14231
9381
1776
5161
3036
6719
2544
9370
6382
3449
5951
11438
613
5319
6840
4169
661
3853
8364
2195
2685
4084
3431
2420
1379
6464
7659
12373
945
551
5967
4305
11333
12986
268
2478
4806
6515
657
1193
4396
1049
9132
12803
566
610
5115
1756
11856
3015
9424
6415
500
1520
13491
8195
9602
708
3826
3783
4114
995
752
9709
1262
5073
3560
4444
7279
8684
1199
4635
14070
251
9890
1038
2183
5426
522
8078
2577
8632
2847
6765
135
1020
5540
285
991
571
4164
10889
3752
3480
3257
154
1125
4158
2740
1067
867
2940
8856
9254
3247
8360
4302
7145
163
2314
1027
876
1496
5920
10605
14293
31
11088
1728
7962
2915
6544
4729
2765
12015
78
13889
4135
9360
13339
1987
8798
1880
11761
901
8387
9600
4719
8545
548
1904
12804
1599
4519
10413
9993
546
9834
13365
2970
224
8132
9954
359
112
850
4798
2806
1529
1828
1303
5681
7856
1854
498
2888
7282
1632
1469
4034
459
1405
10414
9002
8502
12962
10299
7850
6691
2850
3791
2645
4085
220
4944
310
6079
1684
287
5172
531
6764
3076
4263
260
1242
5896
3579
8767
638
11864
1800
1380
86
717
3482
742
12642
2452
4341
8744
10812
11181
7621
9034
5360
10691
8862
156
7343
11341
11094
1587
1417
4
3736
1102
4175
916
13153
3049
3635
10386
6837
2828
12739
5124
514
563
1171
8035
7463
2910
597
667
7212
3289
1063
6571
13112
1245
159
9050
4355
6179
10831
7034
3029
2123
11282
200
10500
12935
1103
1218
2840
6101
2297
13119
823
7166
296
4279
8715
3241
11237
2282
4609
795
13277
3041
6089
5555
9242
3458
1537
2246
11117
12454
15
10214
5315
240
3488
2273
5098
4878
9467
721
10172
423
12918
438
12486
7855
5176
8296
2114
3906
11769
1167
12502
6681
3533
3422
8474
5717
9097
4107
6086
186
994
3953
383
11572
7539
7404
950
157
3320
153
4889
12025
5219
4458
4583
13989
8440
9157
592
10
37
3023
2968
4230
935
8267
5080
13336
8899
793
6040
10180
3762
312
2644
13985
7200
2417
10137
13328
2647
6587
4188
10263
12544
13784
11134
2996
7532
5159
1312
8338
1857
1859
9494
196
4715
12058
3163
5484
9001
3778
6638
3399
4293
2835
639
14245
10062
1260
969
11948
48
3457
6929
10602
140
9617
9220
6847
6452
2461
6668
3014
10998
2436
2454
11224
255
9652
4870
5901
12531
14118
4240
2976
4636
12446
1584
1698
2067
775
79
3159
847
13633
12924
1640
9253
10064
4039
305
3627
525
1025
128
3377
2127
3830
3870
11984
10216
6138
11565
3028
12271
66
3577
13862
4614
15220
47
9035
736
12617
5564
2829
4663
12949
4407
6711
2657
5828
6024
1492
4481
3492
56
6244
8210
7854
8186
5946
222
5607
14292
1307
12764
131
5997
238
3675
7114
11635
4368
2782
1435
11855
2908
1661
866
595
350
10170
1182
1946
9974
8255
2722
3498
13188
1299
10495
2650
920
188
13092
587
1424
1692
7309
3872
9753
9541
52
1426
4133
8509
1434
6699
6687
1811
8902
9006
6827
7544
5001
7391
2499
4920
12475
145
5965
4545
4827
5416
7150
780
1838
13795
5093
2625
744
13747
1450
9885
12296
970
174
2549
7630
6171
5572
3027
7809
5265
72
4678
7283
2119
815
889
2517
14135
11205
278
5324
13416
517
4831
10429
10594
5735
7231
1596
321
4343
1879
1339
6225
487
4997
518
1362
1300
1221
966
1453
737
857
7816
15153
13402
3040
6116
5150
1528
4098
9963
10149
367
2043
2099
8384
4992
9
7783
1974
7102
11380
3283
67
2716
27
1505
5523
88
9676
524
2013
4252
6011
4157
8471
12226
858
14007
2598
403
13959
5953
1889
6561
8118
11389
7494
337
2601
724
1874
5022
12492
1212
885
194
8817
171
216
308
10398
11952
2466
8121
2688
7710
1516
5855
937
3696
12742
8828
5524
4547
3792
5290
7745
1796
6074
634
9781
28
3764
12656
4141
130
9206
1941
7859
7021
12726
13667
2038
68
1700
8489
11347
7123
7412
5069
13692
1890
2606
1576
5213
11563
10441
3151
5597
4708
11755
5906
4847
3413
3659
226
8311
14548
7879
3548
8468
2991
9964
1955
881
2070
11821
4834
3280
5760
1482
1013
9489
8112
12199
12469
26
6807
1035
100
4318
5950
7225
1757
7160
5233
2747
1091
12225
6801
3046
12328
8566
8536
13428
76
5895
9909
5037
11542
482
5000
12064
2087
7620
1481
5605
5020
273
4167
354
7459
4859
6015
535
4506
3391
14454
6068
2496
7590
753
192
14
12468
13167
13707
1966
7897
507
4824
247
1423
3421
2525
14204
5192
10713
1094
3779
7239
1465
6527
14362
5157
1961
344
2766
642
4178
4345
7863
213
9347
168
5664
