13805122
22021
3423895
2434469
3347709
7664844
1353572
4167580
21391695
31919465
2342176
41103668
10032618
3684241
668103
363720
713125
4372766
19567859
30509784
1956413
137738
8920011
26615823
31499501
9876813
9752965
2954217
2480007
5591376
7314434
3598322
25153542
1446443
473826
5158067
676210
11845961
26135311
7466274
1619612
7939188
40633870
20827001
6746035
2260129
2341325
5784682
4658832
76055
16703786
6961548
13803246
8374521
174680
100191
9499480
10052212
4286848
1662600
10816193
7219277
7633287
11100691
9714778
5398164
6517155
6820870
8227730
14274131
375630
33929806
799649
528799
19233571
16383308
15026513
3383523
12599424
11548124
8517043
5126712
1945383
4856723
573272
135005
1637517
6772698
2276307
1754029
18057445
2805955
12808567
7188878
18221165
178508
21510755
10250091
10396175
7192907
9976591
1817877
4354013
1158523
5053031
15107324
962312
35979551
479592
7105644
34286430
166874
810231
3837493
7927145
12229994
5576931
11528139
1642612
4450304
8967004
23881476
19511491
1818018
3622603
4509224
2127806
911416
3197420
3824976
629153
7618417
36846476
4476943
3356554
3658160
15372808
15673974
416048
12322289
8760897
7293343
39792738
8446556
9530129
683399
1869120
895102
5622568
5226872
4676286
17325396
7798150
999140
1048547
4052273
5057802
5469000
2256428
1458911
9852022
2924878
11601430
18129755
187096
1022521
24272449
16503538
45341
37069046
9899360
260832
10933293
18070511
7285548
689444
223753
10538239
1235910
4052594
876176
20720081
5798288
1745152
5601059
961912
577665
783017
5177148
3773476
11350823
14555470
2688118
4781847
15284828
41370722
29569936
2040063
2076670
2698122
6435224
1388032
7134048
8820119
2058483
750641
25962905
14026612
3498686
3017370
23684325
484334
6158341
10694857
13052600
3675539
1356351
16088730
3838797
4329197
12460234
7946219
2760709
1531428
1946018
1721489
2130494
1766576
5332074
130014
4499194
18590916
22575488
23720778
117539
1199814
21610820
6691778
3470059
1158459
3327134
11172048
27514248
8030973
7109623
3027619
209627
17150806
23495421
474907
7062429
7733586
10060602
2315925
13633574
5193683
2503944
225121
10381020
5266687
8940850
1476627
4673901
4867677
186448
6196825
6403960
29398824
38571302
10386238
127037
6151618
597386
6698912
2486618
9762001
2023942
13847554
2043210
266894
628113
23085040
7946940
1885660
24140312
22170478
5771201
833612
19087322
3653845
100753
10524304
393411
1223454
13125966
25652339
30169759
2046583
12130408
3748651
1805552
6025635
2410833
5163066
5070980
2416450
1129711
6520273
7587628
703693
4708094
436736
10165756
7017
6382787
15604468
28739268
63693
15121012
2013628
2537386
4972897
4872163
4115147
317840
21482
6911627
8967602
2611194
7088253
14173247
12928270
3386497
16466643
2020228
21611056
23895887
2301807
3312566
5530395
39166905
2136692
8642041
1306219
31267000
5782806
7279203
22894898
14655982
1257420
1562928
5554132
11981013
3431095
32935598
830061
13585533
226136
3274792
827617
153585
4712605
541233
4271985
1703386
16189685
2773026
1812173
11916096
12605205
14221180
34119951
663078
29696830
322489
23941707
2342911
5846559
1327018
4390867
18635256
50557
8842096
321679
800910
28277198
8452093
22997843
6421475
4267690
17157099
6469931
2380606
7434703
182754
7578234
6891335
14470578
6304828
24678207
15923534
5584715
3087086
4403658
3961215
4898025
6975215
3233075
2548498
19665329
4009863
90301
10740061
3720857
6757836
31160858
3203288
2213519
10270884
25027196
2145881
19244868
3251394
1830566
8512177
3818595
557292
6917476
6622235
2458004
3054627
8032189
10581538
392367
7942814
26120
3338777
9051863
756706
703863
9116347
1245829
15551280
3619310
6052153
671441
6933576
72573
1069962
25215824
15284162
3162023
34533700
3744383
988890
8864352
1097071
12292346
2426550
6708365
5177726
9418809
3124045
4556594
6849951
7475285
3841494
9262727
4694028
12794016
10774186
17049452
15569545
2761030
8224116
420280
106301
1630497
4499401
103084
2513253
17225900
7076486
3665839
38763946
1233726
2806939
26404874
14314617
1665752
19760692
9056380
1038491
691906
55303
21259386
870159
13376397
7168564
3920503
11798912
17834992
8038068
12937054
16389999
3332212
7051797
12565439
13636502
7646510
8993513
2868764
1621478
2561341
13026861
1336401
5624093
9767962
25899876
3954059
5416972
4265786
18789331
8876442
30975429
4600285
14647646
4989450
803923
7139476
82168
973833
10257757
688271
10272083
30263573
11658350
18711784
17480988
12208630
15381724
65117
18030288
3843597
8172991
3916061
32888947
2713311
497283
10121997
14732444
17413828
9464619
29696911
15389635
7018174
4528935
4451454
1988480
1952752
30392343
3369930
652854
2183122
8525586
8283870
18062091
227673
886327
2966633
12545
5517875
19288172
2470236
32625067
15342
13061176
18004999
18059173
5123303
836718
2576113
31077475
5203194
4573923
230816
41505928
4046324
1456264
8106816
8778374
3977299
98516
583648
21211377
14106380
3780653
2521542
446355
28534262
3337246
208589
29904381
23496926
47950
2044040
28415440
400335
1488967
15271130
39168465
459125
273177
4748122
2144544
148567
8581212
8473632
2214701
8070764
3534488
13665984
3495407
18035221
2060834
2931731
1329353
180315
475746
4064688
13650026
3743986
28669585
3292314
11448367
25290165
2738887
104348
12906313
2850685
122839
275694
1836098
18631673
1927513
25489960
16398870
8839556
11193060
37002
3370100
5834810
1356066
12374903
618162
2179237
3197000
717407
27591226
98618
2032834
12045575
11652477
1882312
729872
4504714
24948268
15743692
22527179
6836473
19072293
4852195
25731761
1090163
9927835
6928181
7373629
12587063
1426212
173307
1591155
45926
5852104
5061445
24460933
38965
4538097
2136326
2627615
14569866
12168797
3555448
13222405
546760
10759620
4699041
10032482
9211159
447737
735993
4867978
9469234
10104879
1676469
2136697
1224633
20109105
4387695
12056978
23335427
7678994
4532722
4389180
5920839
5054553
343201
1463554
14769175
6603228
10362094
4431363
4327487
5223778
15274678
1483434
18044454
2151068
10571541
8580179
28379363
2431262
6122855
1464125
16497210
12824050
1622502
40135887
6372486
16379427
2549018
12255346
10170921
20759427
467970
1562977
5042527
23079567
720473
11651663
3888917
208435
10069279
19305422
1263644
8756632
674051
28747312
2730258
3132817
2249165
2718190
40643482
3796781
5868082
20482400
456992
15561780
12990423
12387910
2443766
2277280
2466422
7192385
12441147
29119
13107211
6413772
14573990
2490858
34331356
9408223
502443
3116303
21545472
6584162
6011518
1389528
20040808
554536
28137230
17190588
17306643
1677299
268013
5487052
4526758
6084456
1364081
26400637
2352
172411
13199988
18853306
5995416
3726993
6137585
12557462
5533211
2692975
1050282
699740
2081593
4329539
7426951
2091451
12138183
7228878
12876190
30699131
15596267
12100328
34369334
462162
36939100
8414743
10019337
6762212
3463880
18546936
30685412
16688155
11006072
4792522
9292296
20588294
5977166
10208384
31988684
10183555
22202417
33007084
10164677
2992402
1176765
494614
1656355
14030181
6983340
18993265
1989778
5810457
2902156
510921
8477419
19808616
33294157
1552314
15337679
9631956
801464
2804629
1190067
25859503
17130246
2055319
186983
284965
6115917
483423
1793355
12103182
6604751
29890911
6308
3359898
3815385
3595585
10461662
7577086
7029106
2881889
236991
9475979
1518950
1633792
18034880
845
2290631
22303674
29017996
6434412
798789
1437414
4997244
9112448
2785196
7782921
1952358
4912701
8751094
3123084
3243517
9471670
10330554
14557444
12863503
5740304
5392619
411014
7223820
4596143
7267685
1607577
974741
2073405
7556027
7358943
129449
6430074
760272
6532968
2091768
2749621
6861211
13776469
1583197
114771
15246347
1863175
711457
6837443
22659600
29281415
8160811
25857793
3563882
1204032
7122119
10379090
10968910
3060583
5178016
9457894
4808518
11996952
4303924
4132538
2980168
19343464
13306358
653455
541146
3235020
17345775
14350881
7131311
147969
8343423
10941049
14245074
501896
7395989
15542670
26975153
289469
5558837
855191
23784888
3378964
4037507
2382932
205668
863815
1271777
8305078
11434440
2857689
5364682
4361179
1255602
373741
6645235
6339719
9777763
880970
10581545
4777779
31193842
14012430
33727307
29235517
9063177
12421139
1387208
23425436
51331
278033
7662132
5301980
12982624
3162153
2590839
33883813
1759063
10522250
1799199
3932573
18860094
1603706
2313086
2056911
2145335
11857316
1785887
1049163
1384965
4112572
27730223
4309789
30258342
24163986
2175100
4509908
3370077
3324298
6032035
6346630
2558731
8378041
3836036
884729
19384867
37859383
2392494
3318490
40739712
5250055
9930800
4886368
28445159
11154208
9514241
541592
2058800
522116
117003
36772752
1885753
9104827
4906507
4056255
32191200
19968082
15153740
2067627
4911327
11052615
1805305
234944
14538751
4833765
130015
2939250
97010
4097931
526547
6089784
6956666
10400286
37432103
11894028
4780801
4063837
15329287
6733806
486398
17369392
28126359
5729107
9766875
996280
16536845
285661
14805424
5319028
28454088
302542
13145229
18300605
578344
4644283
1971838
2432447
688736
20924373
5294055
16669956
13755789
17815263
22737572
6991295
5728123
3619395
15349211
9523902
1382848
2280889
12686236
26782918
13206803
2809076
10231793
30419378
487469
3219205
2471416
9963957
9314170
9429881
3653629
10900122
22400292
1976963
10858406
5144409
4914715
18907647
1841138
10783190
105599
10933
2225932
1097412
2681607
22124501
27078492
6691083
1252013
328425
5036795
11120310
6123783
2378428
4956122
7029646
1195808
1980523
1039066
2269181
2556342
492860
4880197
39481
2579265
5005367
14007287
6608414
732552
22787540
12208746
12448114
13306834
3487233
5294701
21201762
11458
138038
14642433
11504374
841471
1162537
902963
28193508
18594525
6329395
2622872
11914460
35201
7662229
4203367
13502109
11007680
4813947
5830190
4683165
20727801
79166
1832947
40072956
5424391
13195224
6546322
23146272
1850308
10937865
1759526
6426223
2597706
779795
8385
5556429
2057754
20802836
27986107
2612483
6424365
6375929
7709235
5384804
26097907
19277709
919065
14735025
4206483
8769358
984704
92279
327418
55810
829026
5463678
11617825
11804404
89744
51481
610456
11259333
879564
2492126
4721254
2007497
22250492
5099776
8978142
2141732
5515483
2514317
33631372
28279
2746512
8501790
1568274
7228090
10632633
15345589
6227621
3137569
3603070
12368079
1534740
6331381
6374007
19893894
10938987
8184944
788284
4070078
9961435
4579207
4919751
4986573
8989529
2153131
755702
2345502
6526632
23442888
10926365
7561189
1781539
2170696
13505794
9765191
8113219
1020518
93713
16063849
614606
3200291
21573546
26298004
1052842
4051289
518517
10589586
200441
4103742
3944540
8639079
3247067
3809087
13742633
3337320
6621228
5416052
5067946
3094813
28095968
21692847
6625246
16302091
36855290
21593332
11581482
5133431
22419766
1701154
7311738
8361992
3244123
6557277
32543054
34555110
19528287
992300
7138434
8648700
1682258
7917672
803775
23868185
14767375
3072570
24456253
13191966
7156741
95454
6326340
9819922
11315061
8131733
3991100
21635489
2904644
10008802
3003096
5164879
5422261
2159318
169122
12285111
21142231
12689256
8399653
58588
2086307
14859354
7326636
5229676
23608528
3013423
3830353
597152
6631273
3838686
6436940
1336566
9697537
35869154
12325246
1365366
12541798
3262091
26888692
1833042
4449
3891848
11734319
3370276
1436397
9667321
1230024
9458562
39320902
1072793
503631
1989279
29350758
3039828
2979808
6066698
3561393
4341002
10750816
6881538
1739518
5198565
21015882
32878083
8862138
8883463
5330808
129375
4567912
177768
2491169
46811
5031041
19224287
54
4575332
1552067
34191181
2218257
4607488
2053418
66760
13869490
37369
6733012
1639961
27607978
254966
4208589
3002118
975267
2438019
19850167
40592056
31212319
2584617
13906051
6767772
1278813
6827867
13719299
4291716
7026131
15426803
5962547
726325
8794290
898529
3888964
24706515
4308643
21290662
4494623
38771
4783277
38216
1449878
28483793
2717439
14135926
1575763
2335336
8871538
31288977
30318725
39460975
240039
25386798
14444662
5393207
39041115
266507
797581
9050058
271504
14250989
8762777
15069338
3253935
9499752
11192421
5087735
5133301
1249672
4480362
7802671
2149830
421397
1709109
2797792
34278648
4834694
9621047
643955
16830
10579683
7390933
165636
19253185
5899855
38454046
15338415
11348774
12255848
7623374
3890068
4133025
12449620
1902938
12788981
276619
698158
10172876
2019322
10418898
12387009
3667493
40190403
276660
1554785
455123
5526566
5695468
67783
1143543
3733211
31377544
25448879
1847756
3953548
208666
3824737
9714767
3959019
9114744
30233128
4757478
3374701
609626
37970
2665030
9133367
5326179
10380244
3407340
2137704
3484640
1133777
855869
1374057
3858127
77531
18063837
8332124
336033
5049759
4707623
3329067
4861831
142676
12175934
1727880
954148
315035
4651504
5704034
23873674
4564961
1720585
510393
14716757
2791430
260512
448509
81940
17490457
12757373
14055303
26312865
6175232
2230760
2628612
24576466
151045
15186256
4299393
4997155
10269239
4635714
3560218
13451025
123899
1445944
1208833
1626678
21218729
11123285
10356
13686477
2800342
936704
35973437
20618449
37355011
11177868
9449756
3188061
4954592
4061664
5935227
1128410
32988226
29441614
3273157
628960
32220125
1400144
5088271
4818930
12620450
1140722
2580878
14473805
9527076
10238879
1985579
2460150
1493185
16268210
5384008
1024424
6946330
1904476
1411073
7629129
7087057
559886
6280852
1432836
2289259
6664047
802050
19860060
25765
4973295
7790762
18810675
7643444
2030208
262
1531294
32631815
8496954
4449534
7503597
1774962
20996827
93253
10711263
284020
8348991
353218
3678966
949247
2281110
757729
4290555
16541084
30852502
9330294
4482475
2649901
5057690
129853
2121387
3921416
60334
9044499
5088197
4484880
23817042
7822730
5461788
1196847
1345692
9082331
1627541
41257981
6556575
5395249
212393
4698488
26189819
4511805
5134196
96062
25677385
5059692
14334506
955068
873998
2035472
1128871
19716195
968918
2024119
13032365
1230879
6166483
3113800
877375
1206753
3349905
17989307
3075628
18288894
4281171
1783100
10510345
25947028
4551972
6104401
956162
40622144
7283983
6070382
2922962
1695934
5666649
16602891
292823
83987
6617653
2089862
8331160
2883501
978888
1986275
2470799
3797532
7968941
22023162
1398268
23814738
5108643
30845131
21135227
29882976
14777918
604542
3847030
12826490
7043564
11166530
8075361
394401
7107217
18647648
16616228
1673703
3439734
7274673
1869697
36340900
6219681
39295065
13961413
1071809
7184518
266093
6847283
15375374
2071233
27491917
104304
566067
5521983
18734860
2109701
9808599
5777093
4637907
5126994
13448041
12373432
28495
8288784
52812
15276595
13710366
8844214
7316849
7696293
23767488
7527792
1585711
6518871
6513120
41402037
4986308
2914643
3920201
3050873
7244856
1956782
3673837
13919341
3989089
4616325
15655821
1784743
2498991
97586
20571451
2536009
5850978
32285697
5336405
758227
6975043
50211
3989737
27733029
1040164
1374625
1557633
40130361
4752051
17356315
14580102
38106483
10407289
2747050
79345
1961124
10299584
2142765
277250
1296773
21762391
1368305
6647786
11219197
10782262
10543328
3369059
4005585
3923891
4332766
34116516
17518164
1984568
1603887
21585252
90773
6953434
2042758
20035770
7930027
1395814
5152326
38290923
1135333
12290954
33885014
428457
1627782
1686094
29568568
21632624
6225904
3422383
4645203
650907
22671239
29900187
18137082
2379022
7282310
2858195
3664162
1098764
1949583
37387796
34117310
4695336
89529
1459448
3088738
2041985
7652276
5808851
2452639
9968895
1486469
2981217
29501443
8622509
3564275
349704
19325014
4675001
12774455
30258
20845822
408418
5419975
3408305
9795238
225631
21919460
24161952
414418
823172
3461960
18051958
2663058
19650048
3263300
1238373
29912969
35456
16786
25165859
627728
27335741
9761792
12883272
3517095
653091
35537
6901209
7093779
21264621
8771685
1353322
27101733
3642925
4949731
13620794
11540230
4213585
4774620
17877420
5689631
8761562
4146933
2067727
924410
1367815
8094194
2629865
3946976
1237966
4789544
127916
20106973
215040
7966580
368995
2840078
3490550
15797805
28845604
237093
24263943
992671
6445843
8606712
94334
1711415
618280
2035541
1437674
1098667
12678467
7802725
3667905
7314366
3221560
15955568
22631398
6513545
714669
4184996
2030128
261242
22107268
304052
19092615
1234170
3459420
5985893
8119231
16537
681176
1833094
13459875
3367672
17637907
4449060
1969797
26947524
14534980
800998
7471179
6450929
5151973
15354075
447359
28609158
29143395
1384470
8435364
12185586
374427
6317001
4036063
15585654
18948
13331253
1045887
735844
3186143
2962187
4339800
5135623
27157467
19904218
8815413
11178264
60460
9845
1683546
6849233
8001854
1932391
2120119
4660552
7309030
912878
26753984
6571972
2660389
2508440
10779012
4857866
3096728
27638233
828544
24060651
511719
152372
3753238
2592648
22991511
4329733
13778672
6505598
25839063
3840591
14637088
18149283
7318576
15363902
6608286
21275775
4960029
21314079
5845478
5953502
1399938
12211301
4630821
1805220
3114549
20251277
2743933
393301
55073
2184739
5114969
1081503
1909060
10263820
621854
14778383
36432271
1069741
962136
697536
34380
1968125
2548086
16357370
870719
337752
1082592
7675053
4974205
740076
24020618
1790773
2581498
10749412
3038812
2260019
12127142
21764283
6401357
28728355
6976418
1204010
26695360
3204693
7742827
55370
12310082
3059870
2896521
3306488
22722486
34328591
2757868
15318047
1589347
509006
2042799
2524259
801498
380920
23588962
16777241
3396378
8194336
14843914
17743159
122628
22687298
1646447
8664125
16262397
1433623
20276537
1597562
102711
22254003
4898
14353847
9062076
22873784
7242404
12059558
8280992
7548404
1619806
35756
23081691
18955278
4921133
23679748
12661302
18244625
1072451
19671700
11256442
2668512
2146336
10493568
38713289
101625
1123339
6419058
7619778
4115793
49994
4518196
4692808
85807
4277824
9647919
112793
23959847
4446027
1887063
25947346
4837733
807697
1037503
6975326
3532279
4611995
5300699
8298930
14302837
7847781
1481165
109462
3331734
4412913
9274547
8672924
1676078
10233910
247411
7948634
2097807
4209765
39459336
3602742
27193808
26670611
1504822
21885304
10760366
1473459
1914255
178813
3744714
633639
27300116
451133
3364583
7896426
8998144
13950644
23904840
5672124
1854661
372203
6607077
442564
2766411
7303295
14467878
7095306
1280715
4788992
13032772
771316
4554456
1097923
16775547
7146930
16803817
7911856
137578
1078388
23870460
6295419
20864594
61425
322123
1336431
4714742
7812015
2498339
2890583
21063963
610513
36363635
8558857
30344149
15620108
34881162
9502374
2080723
2786627
13265339
4190445
1792200
7949594
35891258
1081514
3886598
2694814
261630
3066998
5340798
2883819
200050
20983135
20904526
6826273
19731776
5893605
18115243
2318589
24030964
4057776
403580
49843
3123618
7169413
237328
4086358
34455834
13495506
7076383
18943827
18538416
1540584
15122223
1090325
1627643
2851401
627357
736167
18674194
2949570
171419
4238524
5432187
1362932
4711324
1006365
8361908
1392266
14377816
877240
25546281
2696739
11572818
2544443
1769157
8446450
3799843
5138518
1455047
3499962
2561670
2915497
3924199
521442
19022292
11000388
6489527
1172799
26699073
3657322
19688637
24782348
724978
2491360
809140
12461381
6414055
6787542
3630498
6585612
2704345
27145019
17574695
41232763
2193631
2266206
15122365
1885180
6735198
8698172
111737
26085879
47386
350239
829715
4242213
7931993
20729813
203041
85235
3241007
9309443
28612325
18587815
20918116
26147392
34484913
7570504
8285435
11388
6088136
5730
946676
2034428
19988000
1879349
35209448
29001141
36928369
297864
29009625
6606006
15065977
7676881
1314238
30717986
23103582
2567618
7757553
18179825
22846341
3716114
2863707
6085594
867880
2228073
164980
12415417
1262973
365756
10527416
26585384
1800893
6870486
19140264
4237180
1997343
2975284
2225663
15991185
23625254
2144501
15638414
2842938
1651123
963374
619262
6510558
3274486
6637970
8813608
19557298
13217029
6181390
25430003
21877538
12470873
8923776
22185006
36119886
19760943
2366713
3877707
7959942
1597902
9517823
308253
5181326
11980899
206279
3838564
7708566
9010202
2141991
17658948
833729
10447419
13317687
20881899
10579567
8597655
9890823
6876598
8925038
8477564
98562
2475631
11718499
12335624
1600772
3754167
14227025
32556205
6144336
7195851
10418621
477675
4499068
516923
16063740
807199
1020240
14073502
12597291
2196261
15298303
12404384
5811582
10445271
10270123
9343246
6810271
5642956
7221379
6447758
795927
4193053
7848098
84665
6057173
7877573
5372009
6126387
320345
17051139
24098143
13885775
13852468
721000
45863
5844541
879165
19472445
2844752
91304
25539793
3246755
8009793
232744
18646547
6401851
4237815
1656536
3322802
5581692
32931425
2243340
4384977
32614307
1645416
16104577
50867
3072764
35721197
9248607
3065531
64794
17084870
16744164
3952396
4228489
6640321
4875217
2689123
487545
28145679
1015887
251127
3059056
11534640
126904
19841237
585344
5854819
2006972
242802
1632074
1026118
8466592
4648527
6144138
3953609
5049128
17420881
18592521
18798249
1275654
1607709
258512
434974
12610484
29995973
6528258
6375209
8105726
9629481
2909109
18676
2912844
745621
9640030
1933319
25789719
656263
2057121
13334716
5196909
28757825
2462552
99592
800315
7012514
395366
18932418
2000951
15144021
4549412
12742431
1515356
1477131
5603313
26401870
2145036
8787948
4459585
17152898
8669919
17569552
11403182
26536833
7257819
1218288
5433748
7677073
15885750
16609708
9231216
25126577
10627490
4491006
20704343
2754179
6636726
387005
243055
19785356
1370247
5879690
24171920
8001142
14610838
2221941
5909739
397031
411388
17965282
20928992
2755756
24038321
11658845
3256347
22364672
3683923
2259191
16998071
2468499
4187025
2458025
4133220
6012285
10454786
7020326
27877283
4504271
1877112
11981880
26337312
1356183
20515402
8422758
30639684
2823512
1358561
3067308
3604365
1770661
2098036
14200995
4624326
4883948
3139338
141366
7978875
12838
1448161
24046323
12206409
4220019
1462000
17436065
7248645
4687534
13234061
2889728
25315241
2498971
2088412
8800271
1197354
104293
18269014
2446914
1611976
6484068
1001385
3528339
8008445
10827330
3871679
698702
1015327
19428670
11159992
1658331
4350408
186385
10269210
8820669
1723211
22232298
3060899
10939351
1999169
8235017
14659632
907749
27527967
120885
197110
6002693
20161111
1193325
1754891
2040599
6881066
1376874
3192221
23067717
10028928
19280148
1253715
10912247
14254595
7775922
166054
400134
11401588
18711428
3534375
1853580
21484960
21248464
389789
10857247
2318136
2625082
800012
457137
17804299
15550070
27924697
25337767
18646757
3926005
2851778
20826333
4658990
18342073
3425457
23861289
25830166
9419527
14160259
4912187
6839380
27068633
239086
10934177
2009951
17335161
21125966
2213453
6735859
2466156
1858381
28305693
858612
684312
6124612
25019084
6053189
3927462
27305776
1340280
4485011
2582336
8526830
670282
4933250
48858
116268
4635023
15966
2941834
2114104
11318856
92557
7793192
8166647
5806093
1611930
56261
139759
9624622
18086370
3273670
892203
9956034
5634523
22549441
22703404
8642594
6060999
3924902
260554
1672792
30409345
6258443
84143
22054976
127121
12433590
3411479
925906
5395555
6910920
3960454
9334024
2451181
41418576
10974808
9578772
20035171
6091236
646394
4430970
1724794
7162315
160106
1336636
2066731
3724388
21378821
30760323
10745594
175054
12905085
2947954
37272360
5573965
400364
5749198
13047648
735760
14570253
3021749
3489037
3007390
2015295
705696
5829325
249896
22947612
2567380
4500585
333622
3824256
24437728
6459936
19527213
3423764
2751082
740731
11392031
6339243
4230648
6769621
1378450
11357996
214667
40377860
1649518
4317380
22642279
9341982
284695
16028035
15587984
9017117
8259058
6424419
846124
3044063
19745966
15405894
24644288
75347
5085399
3475629
7371386
1507078
147793
2000008
5736710
10194646
7972701
1955334
35915796
1635969
18554178
14103223
3272090
13876735
999961
3072793
2414996
5494093
7743783
945666
9809982
3533026
16886835
1714222
3018549
5338692
428188
8605671
28371911
15217052
196290
7298949
30204939
20273222
4991166
559719
726252
14634730
2589621
17913403
4445130
4794658
2149861
11538987
5277582
3876119
27157
52192
13318264
4861061
169756
17574534
2955533
25225
2370891
3874273
5750357
75415
1424239
2211655
15008
35657866
25322531
5637775
31802638
2721331
5880617
2189970
8588236
3512872
1162556
5122103
1070643
3065915
200894
6500537
734463
10624
643633
5648266
1728969
386274
42975
9746420
8066734
5146206
13874278
4837923
18089704
668356
2084502
1244619
6260085
17884843
13790793
45176
2269722
41315693
1138344
733288
55008
327261
6831211
1605290
1240659
2926226
3770127
3050681
23276208
32323640
1022038
10730813
2224591
14898148
24288900
2087
762228
1040440
30284
4600794
1150311
16645821
20764020
212418
1948686
6031871
25760755
15520
8558727
1952281
5761032
19142006
495921
1581406
449048
3549339
9459847
4380474
4149641
8217920
3695776
10894529
6971799
10588551
19597651
286981
6407981
823286
9707838
454862
27893546
13840697
939540
70076
253166
40002362
326153
18330100
10175784
6520640
1533091
2100646
2600280
4994085
28160603
14354369
25352203
5463796
3095432
4619637
8160613
12173527
4462276
6551615
5432626
5927667
14374543
14339878
20679726
1660659
30520115
1257637
2019957
3198734
23795038
17166466
60302
15331059
313822
8038983
18250111
2191897
53645
319192
10817005
1971063
17284919
3140940
6412231
8648750
2139881
12285800
14537101
5097371
7257678
11823263
11105474
2872798
1367813
471222
12568759
31941691
8757236
26742371
129987
793899
2655536
371315
2092856
10428079
1889843
60815
9849119
859014
5066920
10345165
1625920
3372961
2425576
3705439
41006023
14564417
1045036
3405229
8767595
581692
1972722
545275
2983410
319928
3008019
18688954
7443644
173753
651370
6643147
4549084
1948703
463018
17891821
9390480
7688647
23939940
5006514
4217220
3118202
7174668
4025879
10681585
3957491
22426567
2350032
4348803
10373874
7557766
270133
444464
64796
3019685
479441
429025
2030609
29610813
11844157
1790057
6735979
279550
3537964
1680665
7863115
2338641
1988561
5332270
13616695
19088110
9274014
2510597
3329884
1633941
24165831
1272139
16536632
39607169
7030657
17254569
36334739
281666
733758
5008121
35976602
15711259
8015253
14469725
3160476
3872133
9062425
8499214
12047475
7667349
16987616
2233501
3540732
4047500
5731458
19762488
2630648
10377619
1135393
13755125
3835149
928376
3610615
2800856
15690
23691756
3419636
64829
6015633
1626880
13754780
32726
2441793
6882993
9854390
3461909
3000214
294725
3236100
2827414
18971397
1616162
22789374
8891147
10070539
1295222
3289157
5887366
6561649
409090
2266820
12040145
3970580
171270
5387328
128023
12878315
7806833
5086383
1617989
13619896
945669
11090655
51630
3761470
1092896
3774799
1486714
218220
1285194
12865424
307511
1230697
6467200
7344796
9432929
9905524
18089395
21638241
71702
819630
2750581
20449876
3344715
3341934
678762
9178148
3759266
972907
381777
2248846
13122252
19355
18110281
37029505
7788954
5090706
3426294
20142423
3959465
8448561
6002803
2192216
4681809
15742558
1555
24109433
14493964
36750978
13458205
9903184
4572099
1408983
33117225
2223761
499344
25767936
26772944
31727916
4550910
11442585
7490551
7826527
116710
2574484
29267157
3515215
22177776
672779
766172
2270718
2382525
2605279
9401292
8004460
7842135
8486611
6752701
255023
2884781
918145
2220389
5541994
1109693
1889682
4991716
2955917
6005500
651485
19217818
8623542
3117892
189050
12524429
5981484
1623516
1505129
4676648
1340184
1914675
4397576
281364
3288723
1178027
4154536
3100884
1200577
5071293
1866629
5751719
399488
1813427
25335399
4323730
24786012
3382992
2140855
15278264
33834001
11598034
1493022
30461250
3684222
4173222
9440704
14596717
4321461
12532181
51794
14850196
2217792
11924440
3867471
11130210
9574426
1156921
7007002
24365482
331884
14049627
2462670
672697
17886381
23600841
29104689
9626309
177927
3784183
15682804
1952598
12421076
559108
13196998
4832909
11616233
18071587
12459783
3530949
17707193
18142426
26135219
3234203
13640863
8925817
34595433
4546535
29749513
1367315
6678045
1132588
13397629
120015
32308293
2156755
18358927
4787282
2671565
2189937
4036695
3677304
7867706
8462322
2124849
75607
12591068
16386533
5124021
28885183
11674285
6175751
2364570
687
1955810
29120404
21175126
7098643
1510615
843063
4546526
11660777
1429841
9886921
839237
3575683
198101
31719799
3665112
969501
8683933
1567566
29262508
5334421
4833553
2918389
14487576
23038651
24531058
4561019
2335972
928123
6074968
19439142
706655
2144961
4176249
16114811
931530
4103015
12747672
67380
1257989
7116401
653730
6694068
787742
7447744
2511913
4644728
3755525
20372699
5004834
5600643
2123628
893648
38269141
2101104
3522625
18073084
6317885
196022
88634
1844492
5953566
4475
198290
197246
1953522
2789263
8574725
11378479
1781666
12678618
3580504
3309618
9708071
91814
18869039
1211263
2304819
789383
2495273
4469421
6333757
3084002
8140754
23011155
77324
2208053
8814780
154282
9333091
6396557
1447905
17106350
615177
199396
2775872
1454845
13783425
11746342
17440058
16700369
2240389
81853
10241206
8803731
3762429
3676463
5300823
5226738
24072
9790970
243138
26741740
891490
2604443
13408482
9841183
4152354
4489353
210150
2097471
1660757
4602830
619195
26491194
12816221
7674137
156766
17646236
407227
804805
16548082
3271470
945985
651127
4855161
169591
1638790
5368788
191160
4216567
9583508
14762396
5117320
7679344
7080963
14107065
243316
21306
14099375
3306883
27461232
6953637
4560716
5239139
1246692
35678675
617
10684670
3360700
10952674
3854100
906288
812586
1608132
3460760
23817245
33461199
28437807
6247265
22635659
2378262
4058252
2423720
9642714
15386001
349698
16218461
570343
13222709
2455502
7603655
15934237
9907972
561008
34013388
11233190
22365395
9387248
12186222
305610
4883118
729167
5704463
14290259
7948218
12851875
4526636
8203809
5709456
32748505
5752219
6281035
3139351
459436
468507
488657
3475905
1166824
3525517
8654749
3704767
686141
3148252
4750903
1682689
412585
7647194
3846869
6307123
1031371
1308379
1110502
8919786
2037005
44390
12731491
4275823
12565079
1604745
17384902
34495894
6486606
2074628
2216700
5526780
4937060
2011721
4875938
5275392
4558702
944250
2506774
14672161
3774770
9467967
3831281
1242012
319
8135270
2714221
15204
6040669
6975917
2494203
5805922
2861062
17910605
8495261
164742
2165088
1299816
2771122
9232640
3732786
3509537
233066
1846882
17621981
5316345
17624
4132596
11090959
34600551
4535817
23946034
12104502
714921
15399661
8073713
7008612
4323340
7180277
3062357
648481
1792534
37633686
7549233
33114651
4870943
1788410
5188201
12055901
14339619
776544
10297196
2698787
1915330
8476611
15508482
12670713
10684369
29810349
504640
13057642
2374609
1399247
13595564
34361790
15995013
15539172
9654358
5416878
3361506
7571455
2090929
2215914
22871469
156780
972011
317566
1040691
3391732
2456822
20946614
46167
438984
7305499
2155665
14848277
10123716
2068144
613707
1793216
402858
20093792
2195986
18769823
4528498
12310350
9541454
26854089
4460438
108932
1391955
9820673
380114
4492068
15896383
266281
6038184
13253911
97351
9713939
8901083
7792140
21478978
1699954
7660721
2906149
15332555
18258171
2323129
26952908
887366
10928745
13217790
4262513
5109374
3543934
3642183
21157959
2317728
7822676
3779489
27786011
5827667
617810
39974998
26367
12778432
1740232
10044033
16081104
1722998
10697884
755088
1976444
5709912
2253635
3462129
3840586
14083297
1765831
2512272
11240230
2604291
19542617
19831792
61261
9079596
1101250
970861
2648877
7345042
6944519
5085230
9592568
16544003
4043374
206053
5230062
273448
398829
5168068
6635693
2583128
11093136
1412356
9596636
2529800
96621
1666269
18152918
3550592
30779524
19195637
9456568
5198041
21445787
5301212
3394245
99493
30363537
6007221
2346001
10746541
8170821
524316
54371
5662119
6506447
6777225
254361
3789144
6200158
20098436
127534
21309866
409031
3045810
7979050
3561976
1140529
708006
1602249
33606162
7892420
1317401
95818
32629
9403075
2016365
28305160
5371243
351449
4128737
116848
18567706
203493
419359
1723676
9484663
8082240
2511342
7814729
35557844
4140124
1751435
33464
3917249
16729586
4929075
9044933
6461447
11617743
2926499
20609652
4658260
1492793
4524024
37997580
2847227
1353783
1014931
938241
4710934
154823
2806620
4977775
24722948
196765
1890051
19433090
2086312
17724103
3401897
15747835
12085730
14530043
5343917
649968
15962990
6694280
8743386
2577175
4583364
18839
10245843
13603168
8385830
1417790
827379
10954123
7243470
2144101
27556700
2092101
82466
1501558
1254799
10517708
3201340
6622245
41461927
13239373
3766223
2241770
4404812
1262379
13510364
8751965
4468796
4429
8799910
35205378
22511227
10116418
7749179
1059102
3380740
338521
12586273
11979194
11537466
472585
11491023
16337548
4186725
24818152
26445420
873597
5726681
19254460
3149569
1977759
16502163
8169688
2461080
3786377
11364432
4135048
11065204
10723250
41502194
8264232
2607526
2548615
44405
33187522
9571272
6851307
1392365
4913002
2605534
32286450
2547778
6263409
1776386
385810
9461720
903933
22674831
8601028
484796
13665288
26756271
3067231
13310520
3113802
26556175
4279066
418683
9638277
13836176
707569
11433817
7019947
5523645
2158614
6237622
18572822
10441169
8317775
7432932
3705005
2876246
29325239
2737909
1294429
36694436
5138415
2161863
4175352
669215
16237278
978883
17989828
310563
1029757
8364590
4756991
9410
813740
4151961
21802459
10932139
7686719
1348029
1278148
4598645
6124231
15694265
4017206
1526758
32710466
9475780
17730801
4100982
8049488
44875
2204307
4586292
1005600
1832188
2363590
11806134
5755035
18408197
1082465
206099
21593754
5447533
1062
140230
22654082
10726532
42813
1458023
24862
20683663
6288653
17085288
10253135
16923550
732
1834773
7379859
24052897
1561470
7679182
4314720
2055181
8875196
795261
948180
3432161
3446133
6313693
1049129
5540829
1910691
153543
16543489
1252461
4716366
6630912
1320975
925812
10421840
6067976
5845115
3302461
11824030
5255105
4447978
2551939
6776973
2632906
32358285
434270
8821116
7020300
30998953
39060174
26818604
22413163
29911132
11199083
392471
187855
4275845
8367983
13111206
13012918
10805251
9372292
1483940
4343845
23296050
891586
1039220
2949274
4039699
9446152
4337971
17986836
7110002
32753467
22638736
17398780
7794056
5434734
3270345
17213104
1200178
32483233
5812404
226258
4199126
16251937
6350678
733075
9018207
6016150
671908
12712572
3605238
18584102
12746301
6890209
5480350
2801611
17840951
2967561
9696158
27573
1570007
4385539
5260290
3578530
1320477
489826
616863
5006728
8012832
19672983
10753819
7606122
2801450
21016131
15005103
887310
1136952
14013219
5917258
260847
4504236
7377229
8010346
3972165
7030176
4564994
301687
9975637
4540620
992050
13188603
30070559
9613375
7931419
5983337
12645368
3993254
1969561
2131981
3437760
1681037
7863652
128778
67618
13352182
7946387
5954870
1125825
209908
2523818
148800
2130594
2654257
22670909
13792656
13644364
17993611
145758
21376210
14898000
8797138
9925659
2172853
934189
7004168
14935972
7719
3362234
2826605
8128134
1288616
32522846
170613
25726264
8386378
1461856
11783990
6625288
5081892
10885797
8125445
8046214
7377780
32427716
17432816
5084886
661252
7826662
2103180
1654500
7357479
1552756
287999
931828
432457
13834165
5096475
3825235
372564
4001974
560474
4672614
6180051
10256114
18082504
1448645
19
20980
2105963
10756237
10967305
9143755
536520
579555
7143151
40864751
20098293
802766
8515086
623724
15441955
15757893
6325422
18547518
1281868
12846671
1056610
42136
6321110
7751937
7411915
2923647
1081207
1930366
3850372
21979553
1918675
5565526
905021
700591
8513503
2005091
17157713
6241346
8712141
3480023
11729572
3068714
4688973
290547
631156
4573287
5014356
7270810
18018493
21051268
1155882
16115400
19582700
3934240
37307972
450884
1643509
1766498
4612624
2340660
8576466
1323701
1578208
13598790
199149
14498034
11132091
456864
2241906
19067008
3297073
8199389
732777
4203593
16580065
8643907
32673996
1867140
2853881
15220973
26227471
1022508
18554862
14227671
4133561
2492219
906015
2746939
1867116
67134
13965768
581813
5853775
7169302
6055082
58979
10744402
13474690
4665871
11098483
252259
4926340
18364566
36687
1362093
1380128
3515085
24921489
7026919
2222113
3570648
20162536
27697595
654
292014
3410622
10971548
17366480
12195937
7318043
4544046
3286672
387305
3630152
4252559
2758645
4062774
9452886
10904268
42070
948727
40316410
4709
25679492
1631877
10889339
4758113
1286097
6484369
1680789
7821977
1490966
6979173
5505620
6335708
1777667
10976257
1761563
350078
4268168
1901401
3748667
3995448
20182606
322244
805427
3915414
15639244
16933163
2064721
27897840
28783958
1609870
10864509
15439773
14090591
51308
3718325
14295391
1349044
28415091
7858785
2419597
7820856
2930518
110716
1311475
28444689
9202231
7868880
1188723
4742983
1264935
171029
3287618
7328324
406488
20184453
3672480
6391642
3005186
22614412
35275456
5721614
4616722
5948617
2469422
13950059
17542421
7500733
15683906
24572967
844511
9461995
449941
13216694
18928220
569093
1909733
269807
5706423
4826749
11812064
24618253
3066696
61544
2288644
2051787
1884958
5893509
18887
9669307
1947165
5331182
1825632
18972624
38837
2326
29951096
2063493
14159971
28517433
5814819
9371994
4966026
6112209
706930
7576633
9993099
10695820
2612352
185363
1552083
3350032
5376427
875265
400694
2597076
14097850
30658694
3572651
21649289
9354941
6563532
9664289
6621619
3926792
7634231
28565136
1138036
14067569
5553653
8470590
3700481
1346974
3719070
3459979
11565960
6772507
1018888
40274758
17627860
8397848
11820154
4163029
3972784
1545354
15393691
600400
3720925
24462458
2965651
10918538
485285
2982643
6433060
24614293
11363186
916504
20210070
24196271
2757046
2807329
3367232
1111648
24566637
33918
258660
2506848
40669195
2395393
12198179
2510651
11470115
448825
4855066
17153838
16223467
4975180
10225775
1714757
2804606
3976545
24232122
152403
2137745
11694333
4349999
386275
6398410
6817063
2716655
6517434
1054524
19675660
11845845
5271045
1298522
463305
584704
6529896
21000562
1648211
18229472
4629719
78832
16190334
7875871
2356528
6130199
11353476
2273795
449625
31944805
7932923
5007550
8167830
225208
24406843
7124912
3410512
4819852
14417963
3866316
2994321
131668
177343
2144405
6533716
5806722
17302943
9385322
10956583
275019
3501446
16544032
12424204
21026497
7275720
2086277
3951215
25991
135734
2941028
2909310
164709
8960593
3754764
56670
6395275
4047062
608447
2977297
22408222
17197338
6413490
8705448
15918288
2367707
7121368
4349943
14903117
19213604
10487540
441093
17598991
25485180
772102
809415
28831742
2837963
8688259
3953286
2676642
490488
468761
8796624
192727
5707432
1704059
2488125
11354483
5131693
1862668
5432911
1410823
25705168
26010
1336898
9266576
4634929
3381258
10924335
2761981
2941781
2871095
24600296
5025420
384321
20567238
13785195
22
1971536
1673065
5047924
4338879
3924313
3528435
5295219
2164358
12224293
6920613
4517913
14072518
5322344
13854369
12397944
25617056
24664846
24691512
17817838
64615
20653680
1654600
10388941
2389343
10334749
18922930
10544888
12065063
2360408
1050189
18016426
9488381
7750356
12201639
11565802
22176022
17380461
8073487
8349363
9049172
5075426
13728567
18036668
18470444
24756459
19346955
815202
10149173
2844576
1275513
3193968
12357258
3320836
2217181
836856
16814874
5348819
8910793
9565809
26212591
1098974
8038690
19482569
5787977
4858028
11320107
3193241
6098923
16703895
29425666
91292
26632122
174569
559151
4361020
28482075
21002694
2799165
5136295
33109
1344899
5155313
1418
1752847
27095904
4195286
8934009
16823732
18150039
7615407
701551
3269568
4590058
623262
402399
2054918
15126096
127266
1147170
19356959
3266733
18960832
4200312
13071801
6225733
6460915
16531599
30772
6379709
23278805
8665696
13753706
6272063
6249079
56995
1913915
448213
1138585
6989177
1679271
2435820
4764268
7793712
25480531
32814882
23073118
225809
679459
623454
39534451
11247782
11139367
503663
1163891
1417893
101828
1289552
4838721
640403
822026
10471524
791621
3764094
1717622
31982982
21467089
16095517
9166157
3122253
7365941
3657239
12841702
6453396
13992629
25520889
23072494
2267047
6197689
12175903
5470876
221995
646392
3455921
1203957
14941906
1004229
9984152
3174485
2481345
5167357
6913018
8847858
317289
23364459
12754090
21505996
4674983
21458579
4883868
114669
3826948
6317803
1366482
1060774
12710531
14524
15192532
3981443
4582514
72609
11424300
38155081
783290
5851251
3375133
13518330
8656770
6898432
581299
1505994
20949148
13140018
18307940
8109528
15066569
1480420
3111091
29817811
1465989
12915971
29715
42001
1738953
9862090
22377847
15106089
8058825
1016974
9046307
1631994
239095
26305755
141001
2499638
52943
16485
24623202
8821005
19623836
20835151
8101325
2453640
21699299
2201083
421925
12187
636423
4969498
3754652
4821717
10660060
17392855
18828113
4797392
8451512
14908914
7553254
47368
28336675
6976326
3168784
2079318
28132908
2254467
7398262
216726
6899437
849786
3449314
1249890
4619878
6322684
919214
327147
33699304
18102485
23059406
982368
372455
2565169
13190264
13512624
3843924
8466072
15092772
41543
4347105
362561
4112777
28453622
22576684
7501543
3390613
284522
4511536
5665641
3757106
59374
4876290
2057296
7277186
1592003
4603175
17799186
10919676
366699
13707597
1539763
2921529
7397391
3511148
2866558
14498
20921023
231431
5437588
1888893
2032594
32648
1344734
614522
5027084
3737478
232338
10157109
3429223
22965479
5943336
4907641
3422077
19211457
6855340
5101526
7482704
16573078
12888578
10700853
25014435
3450819
4404877
2148325
21149649
30338126
1898514
2272344
8902996
5308824
9034298
7590026
282853
151326
15030777
130856
32011196
4257086
375905
13311256
2836624
11540374
641735
187839
4748002
2552203
18240081
1073272
817631
1994364
5043984
2312001
6975490
13037757
12673615
7627330
666636
2031206
76277
3613403
17884715
62842
2494636
3964993
2521732
4544418
5172267
7758642
1624027
28693559
2494823
8804843
3517782
11880
553126
6985119
11765103
363277
336168
2294957
9541545
21636438
12942788
8968246
157775
5587092
5908891
3205802
511697
3807297
11010614
18097682
564027
18728087
2680670
2595468
5572104
115795
21257306
535243
24377145
2534235
6309203
2358222
2589304
806866
29436910
14376564
154344
19936285
2074953
1248174
2649038
37324699
10029998
20500473
3782847
1817834
21571860
2189929
22360
4315077
2361384
14851393
87133
2855917
7920098
1121192
3180317
7054770
1694119
9770166
5938226
674284
20651392
3953072
453178
3252548
1061692
7543874
17546621
4706872
5441066
2982064
6266165
6497630
18012026
24532
47145
17227074
1613024
26883315
9277938
1433066
2904940
9767290
1712762
496159
12496901
1851688
18983759
5188916
19440900
2559489
5460282
3095381
30406142
3125231
19943030
2540357
908206
29147
6097512
5842432
194614
34077166
1860712
3790379
18178414
1102409
7790201
23979199
3903117
8660129
11746378
28423438
7070621
967422
17373713
381888
3375814
9844739
5554477
6741119
4857546
2058654
1906902
10543404
3814251
3298972
832950
14146189
20198150
17541697
12808483
20086922
4831895
860075
3948216
2034467
5738441
744510
1375929
6740989
2117715
26548008
2889058
8372300
986068
5777151
9766100
10239396
4361129
4212841
23162738
3357276
1335358
15475702
6101246
5004335
19907661
6577051
24363464
1125932
95028
4236480
1269271
876403
3287369
1287246
77577
25560153
14922377
672894
3964675
1619186
23053185
14397404
2731785
6760435
1599034
16742
2285299
24261688
678460
2183264
876538
15228515
4416513
7785597
190573
6936298
1449447
2908144
1480929
22862775
40043787
4071242
10904460
17676019
1003595
4605437
1286559
6500904
202659
241535
1447
4551329
11202870
3947176
1188630
38773606
10895672
1360667
668532
4244852
5865152
1567084
3568426
136005
2384206
4148756
23853015
337328
7923190
21008149
15418929
4046818
4855231
2552689
41193
5133630
6929037
11505499
4782781
4345494
19494080
786489
3270746
18283561
6292460
3846507
603164
26632022
362554
5286841
8447497
9892167
2901327
22433727
2060377
2431908
19499648
2048578
18298409
65535
436438
6757550
611366
2743069
4874683
512973
4173030
8718233
29462540
7885832
4241505
11751071
2751756
2806109
1735894
3869107
4369049
2631802
434608
15441966
17848719
5536427
24712380
9819557
6368987
1493412
8238392
19269182
6979601
17101918
1371368
2238765
5960273
4901952
6791703
903179
28859967
10443226
5279442
362825
5657617
34787018
40833372
1396904
869693
10798519
6308672
3736009
29164340
5352375
160749
1177372
3992901
7657328
11330019
913222
11672127
3048390
12999
6063556
6967029
15218224
4364647
40622266
1016525
4375532
6206
2552664
7174978
5780126
21665383
7215727
17977159
1683887
4267632
24476118
16663927
8831178
357055
6233386
13532305
594465
5353119
10244785
2249733
14689299
10315088
4969010
992320
28750013
2502295
3521280
21141223
23227692
3952687
7616398
4803816
3320
4247648
5721215
24207327
10651826
24142320
1839004
4125435
1510078
3374400
530711
8114551
2195680
10960035
835737
6207151
5338586
7386092
2529538
391018
12268235
96191
3086221
47693
1221310
2580016
4989586
10690753
8050248
495758
7506277
15257875
8711931
23026226
3698016
393296
5973034
987036
28778888
5203172
4445620
10864907
10174830
3463093
782609
5036372
2869261
5450057
16620922
15355591
2112017
3792497
6041274
9542116
355142
5303899
7385655
1583047
3729210
6656922
10146291
62864
10558268
12811602
17535841
882275
40342167
27029262
4957310
7476179
6977127
3893097
1618075
10424204
467470
3329954
28747434
6553885
15321095
275744
3308026
34680329
1519645
691208
122384
4572543
9231864
1060219
14442854
4304839
17114251
899550
685924
25482853
44157
1145303
2300609
217012
2218788
1193533
1303596
41891
13389266
1257564
34778537
5574647
1365392
2512290
8416902
17391776
9653355
4069153
1605805
2740119
5278245
2702049
2744201
14189957
2636249
29140342
9621561
3046549
4190117
123280
4701952
22042456
5322160
8105928
31624530
719167
16938911
18552755
11076537
5322453
45122
778291
16065493
532226
88632
25378378
244590
5448302
7491054
16638920
2996172
456230
7232227
4798201
24896
5959270
943472
16114546
3828563
10080178
2140747
1110371
4508229
13547034
1308586
616910
2683596
4604873
2042884
28602207
975211
5331052
5150078
3373134
1176515
21104380
45421
6203488
8570074
3485610
31488
3652013
12912668
7577049
907701
38168993
4640773
1646392
1361708
2747531
3837070
1290841
71809
19499815
3947676
45111
20452947
15443359
8357256
5116922
15392757
19884002
17229813
751266
14180900
13372661
2314264
1901367
546597
17303024
20707699
1105179
33443245
5211534
58320
33196519
2261543
9813358
21173
24273775
8637115
2953344
1101523
11006066
15471491
2112300
24504868
9011821
2143925
31562
35479298
4805153
52726
2841971
3904271
6864606
756981
1093024
3300246
4156206
20563192
13054171
2054807
5681528
7393206
2463920
860116
7990875
3127069
4645517
5060283
4932857
16057869
3503947
471567
15295035
8317218
29314110
808404
267506
704028
1391948
1552780
2973169
138292
2216429
568442
30715160
10169549
4613798
1998806
1254450
11857318
10112926
16997855
11734187
3253226
8092051
10453
1475943
1312886
8430732
3344524
3749680
25342091
789353
400545
85228
39305
1959534
2492817
3435568
927646
4917966
22327410
30476
13238565
12215428
1095938
23738298
18995157
1523781
17500827
8745900
1936953
6231966
45259
5787307
26692186
122549
5427733
11587421
6938959
16090352
4050903
960323
980435
1511732
4673733
4064644
3455177
6016847
10341389
36293990
550798
1475674
12162023
13613804
9563341
1302691
6971825
8031520
9052432
3506892
6397123
13921631
28651070
71217
2933046
35280119
2922718
6691352
30381093
9064323
3676295
6206268
6321995
13133335
238703
13274869
2091895
5173468
4984808
5041030
2304432
14723431
15013583
384486
24382153
7177642
8433089
17373466
35544113
45676
16824600
5827380
462871
307616
562885
4270615
22813886
4881841
2452214
267961
11339477
4969045
2931031
12609173
16198363
904567
35026197
5170734
3804742
3468779
3752287
341526
37677859
9207720
14765095
82211
7012141
34185060
4264525
7362579
4646043
8475678
10544015
67977
2576176
1514177
3836702
471
2111201
3164380
27599940
13132902
6221576
19267465
8985528
6330805
352895
3476095
4574615
2341033
5798986
4837092
1899232
15647611
4617910
3185145
19484499
66906
37072740
2901960
22527161
3736122
22576971
5704862
8435066
19621580
507168
11959478
1785318
18221625
34326612
13060666
5517252
28432106
9726462
8663684
5148852
2059645
11244458
116092
20590
3176239
2409585
68499
19599098
15292021
2450925
2150337
4329462
11465746
2600215
22415308
7222052
27272558
702863
3842439
3841067
10974
3263282
13373669
500679
1127001
240309
20852585
6089334
18974943
2536132
4989299
4920981
11908061
5401657
6910945
4969571
695557
17842006
7941803
40398739
1429140
13506006
1939574
16710208
14369763
20935708
6536552
25825837
10173425
6414675
3646124
20644872
6923481
90927
26076890
21051942
17729650
1398678
25757746
3451180
4605143
11265381
5062666
805494
783227
3254865
14743148
10046116
158050
17086009
21035582
10150343
965813
379429
4874815
9384844
2407456
1795614
21874400
3835291
7046954
3474171
536475
33508378
464831
1557223
23120231
1183439
5396404
4880922
26352527
3267043
2960039
25831667
6161354
2703476
2540852
13429632
872391
20995444
21713285
615094
6177228
3570577
1169943
954386
3859841
27975456
27716943
1867850
5142679
2218550
1047958
3778254
6517862
376521
640781
48981
57869
511443
18288441
8319943
17460508
21100
11246097
2177088
5749439
18463877
3882082
36392352
2034163
1697430
1136523
2771572
8084598
30037024
402950
935782
1280545
3402336
1765928
368400
8323674
2700258
169830
24980452
6328409
1842249
2662721
19190962
8275403
11648185
2401844
16841977
946801
2841593
13271109
1071772
208564
232615
982056
12444017
41859
14447273
23818590
2051902
15414252
6257326
4696897
2677347
4885021
7115249
917676
26715
1631852
1461747
857301
5868007
715784
807162
3829994
40860677
3855423
8187512
24109259
1766166
7448389
6351702
19950518
1186699
9644556
13664735
19490880
20600576
189792
3355027
5124437
58999
6558734
6393078
16725358
1413816
96984
8035567
502134
11548533
17980406
19035517
816290
22985
1953014
3542505
4798781
12364050
4336595
5923475
5498317
5773822
4603737
5406362
15876111
6698101
7466103
3891983
3284758
11566017
2580041
3841395
15080453
4884087
5975008
32166
11856438
10271717
3830129
1118844
10498829
6967628
10596548
18001011
50579
6628777
3415586
18339881
4315493
14653412
18964244
22308972
14588
609343
18081710
16777642
66375
17787194
6006327
3913587
30938441
170908
4498915
14086880
3173480
9393331
5941665
4071515
32763474
5836975
560829
24251069
2700048
10449817
84702
1587785
805872
2468272
14105237
28959092
2145555
18802146
27244969
5333102
8725968
9903495
1575413
3334907
14584454
16277410
3057857
70716
25386910
5382279
19401338
5841052
28075166
29874245
4217759
11017182
6056849
8669291
4813408
4202739
4776885
3303368
376856
710968
8639115
10037247
4846111
17098295
5405189
5494757
2461396
10056262
3269607
3536530
3000808
24075509
32745205
3739419
98035
6975615
5633358
19973944
151238
1479793
26100083
1831418
1870156
2616648
947061
18594379
225399
4741581
12076401
6799514
9794078
25518929
16519177
2591217
2072435
6532523
24149402
7257592
6607595
5105866
18578622
2439639
17090
21640051
757844
1053
9424643
2691226
19067010
4537053
11725182
10739924
6023744
34771791
2549560
3951420
6973085
9037676
1263187
8258005
6808776
3823506
1431014
6806451
721738
975671
4707608
13462683
1211414
1119268
15110292
33782777
14765635
4314034
4153625
9797269
7872243
22901399
12045471
971386
11439206
3723620
8641021
19647563
4027185
5120112
26818552
43181
2572293
3722299
1204798
150375
55398
5481770
2313175
12375800
13984252
3446364
34380865
32570719
4
8351521
4941281
16437236
3912211
15454128
7848414
5272389
21431262
723351
6481802
11903154
11760976
3759802
1422039
3604060
13554375
12098206
1126207
17841408
783252
654391
2534506
6939156
49134
1638469
2457222
23505
12571901
7330467
4495982
46498
3191792
14814696
3390160
24277511
8465457
10257447
38935
195776
19829489
19654460
8062754
8761311
4683888
30667053
25851125
8701213
41504
36030585
5086027
7342501
1795198
18208818
19748618
8444374
15475651
4342859
18511927
4048923
21632151
1211089
9672461
4159130
14431872
6089013
19904592
100322
10810884
2436328
12791617
12916728
442128
1510813
8543183
11439950
83096
12164065
325662
76534
10518822
5118167
3612059
1515201
9792238
2757421
34136852
1303300
10873260
2984926
22905906
3434075
12635761
15638276
3980888
25831847
1788788
12334882
5357063
8817702
1348284
459020
6064060
27454857
9149871
3769512
5758687
3813365
1057271
2521682
13234701
3381018
4775559
19851826
795226
10926104
21511421
3860913
202148
4058745
367306
611533
8404881
1801822
3269496
5061572
12427474
5340438
3388677
4717
10962923
14716270
13319520
17271784
10455633
39089083
1069675
10960932
56999
5689247
6977071
582875
448082
9190893
3329307
2980878
4460889
33138635
533551
8754580
4738453
4451862
2969966
16813167
17433310
17591471
1224074
3353783
4375154
3698525
17835295
1261336
3142961
21508494
31449411
40318894
39526
1204050
26296380
2596325
18965615
21607366
11180926
4956060
24868368
5080639
1410601
1278149
35441666
1068800
4892871
2547083
2817411
1564702
31557959
21054666
13443586
27654220
1953162
554363
8823291
25917791
8627081
3373802
5411933
418383
2679360
37306722
14443375
21003708
35368362
10428590
1976803
472113
1907079
18411254
7139703
3271292
10236229
1691344
14970220
247518
18069246
30083757
8400097
1202192
826201
1050495
4570641
327503
22263504
6391716
360864
3969899
5320173
18061537
761396
28823044
3949248
3011469
23828490
12110
5736890
117930
7564462
2613585
2477613
4590990
24070929
6058008
3113602
2083277
1479714
4609367
22677690
3193010
1746727
3729335
37461718
15489565
4372783
5061222
22633390
6516522
261091
7156023
21698321
29940225
22611742
1791866
6976992
11528024
9464392
466378
416669
12471382
5038591
610897
2771854
39734
7206720
10806441
3459659
4162059
4662017
1875756
3232424
5819945
7548617
4182770
580408
2608119
22714773
671349
53414
1028725
129837
790302
138199
27825348
3280608
6574298
37051420
353743
1530095
3183135
5738614
5626017
7557540
4640222
31550143
1260893
8231365
3562816
20804254
11205674
34887918
17172796
222121
20388082
3068984
7612519
3776623
5787780
7967202
17714214
5027236
26917762
3513530
9069125
14219375
19375593
1816046
18782587
9458338
7184833
19571
52523
110910
46539
15900055
67187
1866814
39842505
2709420
54975
15451186
12445484
5698057
7431884
3036891
8427051
33084453
1299801
461071
15277804
3524473
9087323
32023809
10032081
39911754
932992
568176
7847966
3884935
9063441
1167979
8248814
1081517
1567241
884074
2790803
143936
25910442
3438918
20837849
254075
36468275
7703890
17455941
5593597
55779
2006011
2385654
150793
22183627
4190029
3393928
1827896
5142184
11210741
2360499
21299789
4214706
4829090
5087033
6747876
2021243
1245602
23819279
13087201
13961745
48457
19297996
11437431
21989264
26537769
6492984
15502720
17076289
46611
75153
8104442
4140521
3431567
8453482
5298037
1730057
6662708
237459
2042967
366832
2260917
10698606
439079
3263743
3008016
325693
4399266
1988292
10913052
3658153
3573092
26446726
3114978
10313223
5455
10241531
5497664
4180064
1588089
13247240
15310462
450995
234167
879872
9595587
1288980
5147742
295875
2281200
1274093
13360867
24856147
5541007
876609
22699552
122564
24287975
35365
5002083
3197085
363319
14229752
28848164
931796
2226603
34951619
8980079
92042
28803991
2382612
2426487
5056128
18216884
40992109
1338060
229120
18830309
822729
25424186
13533740
17975202
7016288
10676522
3824456
9839257
6932511
4838609
928603
28776867
98869
1655408
29760739
2414018
5456128
301263
17800188
5526170
1115240
1315829
3769124
30013477
1115
26714977
24199323
2485145
3986866
12015046
17088533
5021131
753835
4255610
37024450
4257224
10641556
16084572
10718817
25601382
611146
6855841
3122163
1678354
24903186
16037798
8864295
2057926
1426525
2985624
18194449
38032634
5844083
14576944
9001409
2183531
2507112
2594414
3257969
877939
7494240
6250881
2369050
6118968
700441
5385122
4310540
879222
25934369
1444880
27738130
1413181
35880176
1982685
9703059
2369239
25079672
17177987
17828402
33779143
16194566
3908336
6038648
20547960
1401405
12998683
9151107
3747341
2632856
460223
7552760
633234
9015605
2101962
121299
4375495
2408394
451300
7106751
54869
654947
22730434
1438441
10217454
27256491
8773451
949125
3032012
4768054
7582971
828936
2058374
7846183
9041239
17220
2473754
4306567
10466599
17964301
459472
2067199
8284348
676703
23793975
5035003
24184
1750273
28176804
7106464
1293294
14744781
8072831
23767
1176124
11147584
4185940
23787146
5802757
2478845
3546955
2537570
12686768
16653396
7338266
2306503
895432
7217696
992554
148165
1132945
651439
2057148
2021403
11362777
78925
14095038
2278187
1401580
2622367
8444907
11347194
22567106
4486650
2073631
57963
929105
20381208
33027301
159402
2954319
13492291
380217
18831958
29115137
4239657
684828
2378357
14424615
657354
898817
2044335
18189
6311464
10803260
4474565
2056408
976226
20337745
4575160
3012231
1272
2594445
27971124
16054570
18856733
19002170
18171040
3070415
16833253
2595753
6030209
699443
15610312
26673065
8365192
50054
9205632
1301089
8708492
17488052
4576168
367064
274492
317053
1945816
17643956
19044936
10359303
25891288
5431152
56858
207932
6772038
1944184
4873719
3941786
4616638
4578595
737596
9817095
21756532
4791934
1030505
4641763
133890
10805947
16125669
142205
5093301
6295180
603963
2587451
3838608
27547539
2524607
102373
3679509
5037287
2679957
964964
33841
7473375
9113386
3072490
1130782
29748576
1223124
4613233
102671
2945736
590655
5263316
13017679
1697849
20882311
4319624
841208
10514058
3944615
26407355
1078300
5287371
2607538
629676
1925135
7502532
10421660
401844
2213730
2207120
19771592
10730948
3111936
5774926
73296
576038
5495445
2883880
7880572
5956145
9631102
5844929
20813553
4961836
4513717
2004018
16877207
3884482
25724910
4991746
25324084
4763430
14951834
4951546
60453
21945783
7658209
15663034
18847013
1988262
4563333
120485
5963679
3646590
1109125
457507
6977039
8993567
30529737
2596577
1458592
5609003
27421354
11776923
313023
30467645
5543114
4157724
3126870
587887
10269710
8063215
1196734
6607744
14255218
4828520
2232083
15126640
7968440
7680880
2061265
4407953
12649301
5963038
3793651
581917
849806
10658062
194956
1371706
4769737
2771016
7567030
13283411
710235
6442778
35874308
7758337
9656521
2009490
1950317
21213626
27515688
8611563
3031972
8300343
3325214
814516
9378977
2963181
200836
8408695
1189018
21042735
1445855
14321733
11039639
5839019
8456762
18770504
3220331
2559313
13819673
13891324
4693526
4404424
24385205
15678733
19897331
108
17036
5843427
3001
19891880
6422526
5480230
3644267
7837045
23850988
17826212
4846980
3067795
1617811
759379
6953819
6591415
9860086
39204
11268650
8457995
10178875
21126888
2511060
10612988
18277210
906080
1189780
4379421
17806494
5556150
12067918
4835954
1017000
2442235
11669675
1470
18356769
26279527
21536
7471573
2721487
19204119
12339116
22427482
3186218
34481795
1264531
7944192
7054021
962806
7562441
38293264
1221775
14115096
7829958
10372495
96715
14157313
152702
4457767
2517336
2632687
466399
2847025
5470900
5485386
2525677
10950612
5559143
15522715
19422313
1863122
12107444
14346662
3039835
2816512
5665778
20080098
5060759
3152075
810882
9480714
39133196
5876651
20139598
18721733
3417573
2530890
1636909
2018955
2900748
1079813
4423233
695966
3272824
4843600
5315768
3057237
19823111
3753700
3995
5037689
18539294
4760311
1677667
2230092
43549
6920352
9030492
3857610
2043121
5643868
660629
8757922
13748765
20381629
19478088
55850
1134670
10665875
3893896
12263306
24074741
15437
22404840
4087665
8192821
3214687
27421043
14969180
10827943
4441485
2155343
4226345
4573780
16036382
22102394
324
19503670
3859451
27252511
4451947
5756159
25944118
4837896
14316247
19080785
19485166
10119176
18167756
78851
6286561
16009834
10484396
2398155
14142511
2465224
5984962
13848682
30782336
17380575
5313158
9042651
3932779
1119866
3195112
10428205
6322400
18380101
52299
543349
816393
6919996
9831010
1038316
6867372
5462368
1754806
32342
5845918
14017884
6678943
3506880
19333259
11773119
9011412
11555875
21812759
5733607
102481
3839291
20763104
82416
4507482
2556441
7622331
12555968
14526749
6560650
2849011
7492922
5232698
17165823
4398752
16610155
3469850
4815658
14784995
2511501
18985161
25916736
2125303
18996436
7472363
556243
8053658
9866750
11451
10716553
5853085
2207093
15495330
358943
5556285
31310676
11172260
6646748
2511669
7614016
10392802
6071657
21974149
10472811
7290040
4819411
7403559
2507565
10217576
3655886
7185505
3036566
7524443
24218145
461299
6336655
11362691
5585786
5498104
37781
1531702
2942349
7989821
183510
12498272
6774662
36007641
16241453
47354
18311194
3391274
271962
17477291
7328558
10373110
38949361
353971
66850
3953149
2664477
2459804
2945090
3318278
10315854
7241089
3396973
5651567
7087567
6311147
2718712
5184305
12164354
7516318
7472107
8163141
7554746
16455
26884359
12449034
2091820
797646
342704
2612909
6234529
2889516
7549007
5034406
789507
1793977
7293978
9662797
1366312
12558305
33795373
3697133
5484704
1163480
29292988
3674202
8637356
12476509
3951344
30028217
10646285
21371402
3200029
3751448
2635
3686628
25721838
1063011
9963061
5601676
13575570
11360220
6080170
1682091
830443
14237376
5610199
32862712
12087893
3688707
2776573
2108077
18516864
19848649
9335492
6399770
23310311
15286196
767642
4581996
7678790
3062989
1327965
2645732
1509072
10564961
10636270
1697501
3085947
13403052
18931676
53212
19492549
10054954
1055248
407050
12346948
50287
4234753
8994622
3582319
1617533
6072890
13713274
7498257
541251
2129969
4496416
292210
22665745
3745957
7838384
2691408
1573151
2225204
4946846
6007981
3561415
116547
5911894
12129746
2184888
8129695
30977126
5298840
34148749
3630000
3715030
8096504
20892704
141256
1494555
5736689
5432786
7715668
15387252
13575719
1666643
1783669
4122002
13139823
5062814
6574
51897
239487
3263648
12372423
1017175
8144233
17114323
603745
2153425
4620057
5091199
19553362
5592147
2360263
453564
4468736
7498623
31164
2644641
5971760
25477261
1972099
18495422
2021208
2529311
45036
8393328
1818041
66398
5033720
1840004
1719436
11252930
13902859
2756917
13277027
18362661
1635958
272114
8622386
4695805
10654227
22809789
26579175
9113195
18387515
3934686
10910324
17100257
606914
5483263
29717599
2281857
25004021
3608746
5581622
3702940
1372665
916959
458691
6570700
35434299
14313044
2436097
4382716
4570607
3987181
20317546
3189863
120231
17124532
8734
4913533
1258261
469230
2008299
23810182
13541403
6203183
18833196
7989105
13664288
459056
4160433
8072859
5327143
19699436
3836040
3345269
7438500
10885655
1108410
20804968
2857613
20513929
2927332
18919741
536422
152559
4665229
107184
1883803
1020463
4444893
1449082
1080352
4472249
5103100
5999444
2698380
2299985
9723961
12480972
1245632
6230040
7072388
11791074
2254737
4434001
19625905
4484395
6646891
9471955
4020994
10572891
2542522
3498572
10661299
22495329
1581261
21913312
25559662
158603
17999761
1344585
3042560
3468125
5492174
17129099
5104277
1648096
4575663
4445337
45379
306791
8767830
8864554
3569157
12035457
24079
3401069
2651227
18247656
18256362
837867
885269
19576294
17338715
27599221
4577598
5504
7397180
2399524
16298996
2340788
877587
541894
7755057
2703016
3728688
4370502
3183045
12110947
8011154
4348546
526488
17217840
1144634
5040601
19538913
356995
4759520
15461985
1885629
4678992
11503019
5950691
5864994
22780618
27861156
11579685
15912561
704220
13575936
2924846
25631557
8846808
25958459
1203281
2776846
1702076
3680824
3852758
2281577
1098040
17727048
1798368
926025
6708821
11311174
5668942
4609797
1274021
2870700
15278167
26354643
2268041
56539
2599106
22068354
1737133
28884
1420668
14371324
14721712
7383602
4195080
3403986
7885731
3720553
14325908
10560020
9393210
5432141
7885638
4348392
848333
12352286
321030
394301
21888994
15229856
9523988
15589502
281343
14298524
189299
2217022
6979812
14693797
828021
404707
735933
1992934
413063
634316
10236184
8681845
8306428
7384323
2417661
1261870
1789679
20957
13234177
67384
13956392
10113857
6082124
15242543
97429
25138701
6528860
19242803
9264426
6348617
4033545
6702731
2066981
4613685
39174433
23984587
7000077
21824528
19928840
27650865
6582117
1653626
44445
1392167
2468189
2571132
3238982
2816107
5334641
6885074
9247488
11450535
1054539
527648
9291229
947152
13558877
13601409
18739885
1685279
2554296
2275735
21655310
1629376
4251838
376939
2727782
30291
15100976
2990864
62353
5515088
4225522
9979142
15636556
1167828
10803031
4368171
43812
22002566
21451844
8910233
72306
28725073
4266306
157344
7550366
1246489
3457094
752158
92176
12422416
5090952
2784905
2078893
2101516
16779965
21418343
7741414
17060492
711683
5924609
15644620
523444
3871523
19928020
843368
25195185
1250
3202502
8473634
275052
15645178
3794
424546
2467953
3335198
981372
10700368
1482930
6736747
404211
359107
5034042
6617140
1756935
4512000
2754423
30133072
6347547
2496189
756403
164641
16441855
5057592
169365
3571562
6321840
1768193
1411062
9243889
3279110
5746126
3613264
183667
186757
23096858
19862145
5286387
587063
17975808
6217681
28564103
12663041
5953037
8608015
14473884
2095602
260269
304672
1025182
1330755
4359597
22882303
452807
11760
565935
226796
16524487
905826
18652565
4440517
507383
3677000
36288575
404528
34454362
1828701
685006
3228328
395405
2263027
91383
9403113
6044999
21051449
2414369
942403
7276215
2128177
2516404
30121461
7521235
754570
21830086
5346486
34492943
1973819
59333
6882919
6720021
15257
11064152
4502723
7848090
17265834
4103682
7361066
1306257
8599929
4304009
16431714
13754
8261753
6402565
1652564
14743427
5143207
3519293
9981412
5740776
1210657
13685275
5569942
733843
10926452
12977749
8240647
6705471
6494660
38639
14366081
17719843
2531346
16612164
700255
1074965
2789681
15666357
19328295
3187840
3447904
16322333
171657
9767711
2518884
3110969
298795
19503943
11169340
2465799
1182444
10218067
36981820
4850660
2740614
95878
14295652
3878421
7144280
10966274
14679738
11242457
6890579
975727
10707106
17821619
3678361
15523929
12897344
22609237
25401350
10609211
2640011
1615770
9774146
12761283
17482763
26582796
23621427
2775444
2863819
16130030
297022
7789313
17024
388529
11565
91856
9728119
6247384
3790595
2658006
19926336
18802706
3624651
11382874
7613695
5689043
174987
18334658
4969803
1930187
12311443
3969653
13622115
14294443
4619410
9112609
25328418
5967015
4507875
684822
1481265
12110833
997412
74788
459610
22302743
41130147
1704305
9428546
4456910
8397103
104081
93930
3018881
43255
1290133
3775293
21385015
23033001
8359962
31742051
8986430
23906461
7672403
799884
4503096
29418161
19591016
3402937
16619120
486386
5843774
19523193
3610527
6272414
53444
21175031
5134673
1829426
4417414
14379442
22426982
88421
6205242
3604741
26820
5135650
1465300
9032617
5293796
6270308
15509553
2098262
21234247
1490160
574762
7709430
73646
12845917
5152917
6755932
1940147
32991
25946
2495684
767045
4382910
2757077
26403161
2282163
9231123
8501899
3920851
760038
6390609
3829516
4549451
2630697
8560521
9154892
11398505
10291974
656829
908829
22497280
9951877
15079825
4561616
12589965
12375751
11349075
1645680
5301602
20214839
17583281
5015672
8408711
244964
3707085
4348876
28783779
7462040
142100
566301
8922690
964303
11438414
4186154
12167951
125043
1120913
2655880
3149318
689664
4776322
23635564
24216470
2656300
8605727
427020
14274534
28461427
7014992
9377557
418465
2269451
9033523
2126184
4269170
1123296
26369163
20990458
6019863
30077485
12804047
4868566
3006897
13265661
10118106
2055294
9702074
22699137
1309784
12649532
57355
5407114
4462748
9085152
48053
20154921
2442633
1389367
28791908
1303408
12195146
2091491
10994144
3290104
9149532
2312473
2291446
1448504
5294212
4696608
12232897
8668751
4221064
19759917
31435815
10471685
812672
1104240
2148691
4968754
7337802
616701
180035
5479535
2640714
16987074
12405259
7794025
1921475
7228996
9534394
23381588
23406715
1482081
52513
10108796
6475318
167043
2924454
7311806
29865020
2885475
174908
2478532
11238783
14937107
15589817
13408778
314240
6740353
21192
5685452
237096
16858023
3449163
4945956
21236941
4336046
19395141
47123
3657946
1032895
20765373
111946
7822127
508994
10045449
2946053
9309351
15350252
1673063
24472485
1754843
17638306
2094675
2147115
14941200
34149
16916
15310384
4175101
12038449
3951201
2198913
5925629
3641889
9570017
2388308
4375356
9229523
74503
6635710
1774708
6425339
323881
2055233
2700570
5437234
9846316
2334783
17007
490725
2290570
2181760
15823743
22757359
1643917
2707382
22373458
8373055
3288424
28206
35418
6557514
14562581
7965682
3763614
3606963
25044885
1319140
17160412
4924018
2885691
4923668
4611639
3928634
2392809
11219674
862590
2352698
1444078
9499990
19119607
6911913
3502571
24164199
6126660
22637489
23846866
7425197
6907825
3809247
10650719
16937
314374
473423
714132
18424778
752385
23835196
18724691
2328209
242126
5203917
15112376
13433492
25875467
9318379
14053104
2755799
107104
16893
5506304
10182364
6662923
1060895
2568845
1978730
4310041
1897448
19471167
1374409
10207005
2852189
7573105
6640277
657418
1551240
13765325
8924652
19277382
107979
3635204
12759633
22298704
22773275
698543
6916780
805591
22137249
23609034
878431
25211586
3015527
329596
481201
1004825
9228504
5846909
2328588
22988043
20677088
2664096
2758979
6224231
18514404
1746860
2535802
12941278
6521014
3791402
1243142
15698987
6335380
2606462
12494833
417335
7107858
19070433
190453
12752498
766053
6473466
3114190
12150330
10949483
1586817
618417
211250
9924907
788373
1440150
6111861
5130050
4418007
5918641
17284446
3185359
4818070
8265187
2456526
16395692
14381199
15488956
77637
790423
18112133
4029900
7603259
2882432
2108170
390628
8290150
1144935
8758080
3694656
807567
9492459
18443098
805027
32871228
6299623
2187251
73172
16135574
496917
3165571
451717
4931994
18332157
507706
27466393
292034
4760729
297503
15161307
7339505
38476198
8608569
5727866
4357153
10689346
7988877
1279403
6114196
21287419
3139034
20419551
41975
5096545
2889297
12030324
3812904
8900275
17147126
2779528
7956707
9810206
13131567
3815855
3014761
1218057
10596318
1900895
1074038
1258844
1853234
55709
7658438
26845179
622965
3122490
27044233
9373318
3219
1661339
5644615
9427807
312941
40743877
3826722
160777
2660497
10738615
14969628
2936005
45933
13927879
7691101
3303817
4916816
136886
12640115
5095888
356799
8815031
23043594
13849480
16168931
174859
5177486
1274024
112232
8416531
25399193
826556
16366050
35643876
1437463
10892775
12595663
2406333
6230642
266587
3782971
30363322
1915140
12058653
7126090
5179961
4479906
843590
7826188
5523385
7658578
1355810
10733094
8876775
1216298
5188284
3768553
5095869
2635590
12664554
15625934
29453
6418536
16388408
28520447
19168886
8453313
24312742
3231068
1644382
61640
1713744
20730785
14717794
9043267
4756348
2042531
5975784
6084490
2669706
812502
2358240
2577450
757434
22614771
4457085
7620510
7460518
16987386
5514079
88406
3773217
12887327
9466203
47172
493830
25538558
1154668
5781858
2491635
2964459
2265018
269769
23794329
6909680
12451848
16246989
74776
18676993
2922562
2641055
21526829
21892315
3945275
8709024
3505966
458648
2923711
6456401
10115061
12132045
1961455
18592620
5136883
2774787
2414289
13883936
7612020
6244647
12189554
10617069
57395
2466239
36527757
1624917
5799013
441325
25761615
16262502
716008
3923556
4051411
2310523
12912087
3055248
1249995
4159831
3373738
22103992
3742880
17833864
1375376
10091348
20131211
27418293
4153778
1580570
697451
7713475
6054112
38134877
2927565
12184521
3788686
2696438
13061
14920009
26276030
2823627
3391176
8871196
385689
3671122
7580160
28415822
6134465
17446395
1528736
996512
21962147
2119614
15377559
14740722
4578070
4564990
9616133
7905346
472566
14462729
6492448
3271437
37025874
1935994
2675671
4773685
2306506
154675
37328860
415496
30230915
5056675
7460392
40301
14176493
225492
18130736
2116474
19171837
1717598
335648
3120051
33971777
3049434
32871735
6917667
7239342
4204300
2068667
19451381
3791109
15380853
2806785
4631647
2181967
19328415
5241380
20917122
14950891
227390
12414365
5349538
25219915
1533977
7502369
22287610
10788697
18504403
8478217
1259010
432985
12487328
11891932
737268
2109376
17251528
2455839
3427914
4154434
1943538
16635505
7935505
234839
31064780
1753277
1443057
155760
29060083
4677868
920771
2355935
8574738
701638
2930813
6294877
2605525
10054747
889142
6058807
35346971
21976384
11816917
812836
2475241
11666
15910980
7027675
15185
8790051
3427848
5984151
11082782
3373773
17879909
4658031
2124137
15297439
18605705
17171911
2422604
6461
2691448
9744507
281672
5663899
8808353
111672
9788563
7228671
3290909
19366301
51905
7695826
702686
40417898
5124514
6342008
20968465
2434459
21752672
5573507
2328605
10916448
3020034
3074015
29412954
1651619
2069673
18605637
13690966
6582463
6707897
9011064
1872312
40778260
4161054
2920005
18547467
1307468
36594099
19246491
3374505
23614855
2942518
19944617
13353351
15609074
41483437
8057354
1137352
16837644
14510281
2218579
5004959
2149492
52663
6377040
7442522
411134
20772877
26250765
9633792
17479051
19879901
6367102
6524385
23777024
10947214
1024441
8617885
10780152
1645704
5707475
1308115
2625796
25115410
2083235
5237472
3585403
4770295
695159
10717043
21124748
11516620
1750635
26997930
23581320
3632909
15497193
24044300
945650
5379418
31914351
1268566
4544031
79079
74779
8570268
19334175
9412332
883602
14845325
19560244
12646802
3634362
16533357
5882001
7702431
761552
10394877
13073292
572593
5799636
2187645
4504231
16923888
3577168
5911854
913637
1486035
13779829
434584
2767346
6461870
3819331
8825153
554366
2478864
2159893
6131027
6098694
760957
1046189
15254971
503193
669122
11615824
19261714
28088801
21575630
6282843
14376835
913562
41109429
3363145
299
455276
1398567
22495143
12300448
21149004
7102179
20512386
16645852
1865543
5948818
4691540
14674542
17692764
1301260
32079029
8531449
14939998
22215282
2380250
10189460
2638254
120309
1627537
10713106
35250295
496999
9982888
2364447
13192759
514413
12562779
11965302
588887
31869048
8448806
5340
254455
1301895
25572049
108208
9879003
7234832
7105209
3171618
21747345
1455186
4097137
8324426
14735655
2538911
9243441
4837844
38799566
2651132
24286504
8053071
6561141
1747706
18626496
2699695
2004200
28789365
5456902
7
24496104
26412920
20019418
10813501
14605411
1939268
28361050
9284086
5757744
13924175
29284616
1013754
3447858
4057211
3073750
36987396
1342240
10256461
452129
15910351
8929056
8957160
35827
5850031
4128334
1202818
1058902
25841
1258511
1765809
4598769
12717102
2095856
2754357
147101
5611851
19714858
6567153
4879835
312224
22381473
13254061
3043394
9689329
2511649
25277156
5970316
434468
5710991
492452
318650
6678180
6980438
29715213
340485
18836228
2120587
1574424
4306863
2716135
2363726
279075
33835320
2780801
7241918
22532589
8409258
1717151
840452
6632181
2378416
7750818
13695711
15401883
4366818
2596129
6746807
2801447
851760
2283178
1408926
13549739
1018907
2538425
665015
9188838
8384940
5043351
20563350
25280232
3135514
3229351
6730130
3010387
6018100
508017
2387092
619044
2181680
10799975
4164461
23830849
26077872
20790190
3270618
4836585
4470154
614231
8478104
9517027
7778254
2724577
4755801
980463
495362
18920861
3875504
7256915
195441
2613921
23698105
6462884
2917755
9653628
18393686
4209267
2074472
10939240
3115225
3053918
2061218
15635375
5752694
12101593
4090302
3314126
21259634
16578798
9173777
55089
8147938
8115933
11753193
22602001
10540220
4825322
30406473
1950338
20209116
2582078
3462582
17116332
4281114
620020
7491464
4743742
1556967
20157961
10919982
6898532
7945234
751831
19614549
8696896
169233
9363721
23980521
10229387
440111
1081759
22362725
13886236
5346800
7294768
29628036
809342
8348996
3915391
17107525
21317475
987874
4792000
343456
4193272
13475048
6639209
46144
3240714
48096
208550
9505341
6734387
15686217
2693441
729707
3021340
66508
38762402
328981
8690448
7099698
7588128
10924294
845348
7234756
15018455
26402678
29208808
5140099
473012
40957175
1079733
18969957
3908778
2432658
10699542
2940536
30747204
13183994
4964402
8980789
12836226
181236
25489263
16012336
2446010
4780909
21915
7247854
1431465
23102288
2834310
10632144
32791942
3449613
4997443
3453384
1898300
6428020
1818956
18178242
16232574
13626346
767213
23099
2089274
6115352
457647
1097066
382340
9409425
1804457
6939463
10027991
2851162
4687909
8311618
74619
19358067
3304855
2895632
407
8436423
12770095
21016411
10032758
4696849
22388823
311652
788432
9070147
2693037
24095686
5193125
756311
2761001
7464710
675167
17466823
17927007
15484509
9146004
1657530
16205961
4408888
11047120
166347
72145
1175842
2739082
1878562
2508655
5056487
9460350
3297439
410962
3263311
13011605
1808493
12179690
936564
28234514
1275471
136668
2492036
5195706
7796476
2380645
3430399
1095542
9228112
1395960
5001449
3232303
26620532
7571079
1260604
10352314
65476
3090767
7064695
32685801
10558096
5002739
39410114
1095628
38736
15422914
11429761
10035646
3409741
6201795
344253
2145408
234169
28638240
27637347
3419937
31416672
8238169
12778210
21437229
14343237
36391653
888997
18292599
7052049
4476253
176860
5011397
670972
6423191
2377804
722809
2101399
9326863
3242980
20140988
1491756
964276
1490356
7119209
3917140
2665979
697959
3707761
3405812
5981020
3591371
3072704
5080631
966871
2263332
14428598
22416902
13038100
1698889
1769340
33425046
32190
19665465
456060
2224683
27128371
4202683
9099811
10186176
11912082
14486
921802
12777
6979055
10840665
1014834
5273172
7286821
6322951
4850153
11586365
3354914
5684779
3797738
6504198
8182228
782581
22886804
10920819
6426706
21644388
1184913
4105796
1073351
21436500
3798003
1795967
1724339
7971585
3373678
219710
454606
12093038
2393165
5892264
8995644
10983376
18214045
32027066
14713001
1687770
6802715
627324
9638614
1359518
68605
1252226
10692659
510457
26841631
25610213
5598024
25086793
927295
9636163
23967086
10052111
1114040
6461491
180658
3651719
7931418
25536139
1386927
14058370
12135557
2062381
24083293
11355447
11461
21792118
33771132
14377153
30961405
6842946
3247885
11892135
1573691
22419447
7517982
1851104
2749245
117370
5747486
12865489
19223654
451832
5368656
14280
13554641
4057894
13451949
36251212
22337190
12857181
22855736
6399026
7635139
7037818
6046152
9327899
1160588
4838818
2679767
2731841
14015370
15276425
6523138
3256376
23977168
31174766
5207035
982181
9687338
332558
8462251
5213265
21385815
16995355
3345821
37399692
3329016
4894694
23294766
3073262
904775
141318
572956
3104895
8491579
489225
12190631
14942914
206856
1093787
12124371
20822384
16009146
8386685
175257
10220268
977232
4015463
4593129
3879872
17439251
3717894
15582345
5208708
2469178
3793993
2159950
1683738
8312948
10394878
2316324
2336843
5350376
2844411
6216016
834794
34150
2966130
4294788
21602200
6350793
5801139
13198152
1674699
19813289
3196356
4819315
4745635
1506176
3022416
327365
32000556
394096
9571086
14429985
1830866
10299466
12092726
1262889
3794456
2390513
70201
6565694
583390
86889
5829656
1252090
14005672
10009379
10775960
13558060
390405
12127020
19787361
1450338
15554391
10044576
1674767
44976
3648364
3801265
1895600
385177
34804816
23263139
1818689
31146561
2383796
39881772
1475415
18921694
313387
1832220
10963
3372995
1318020
2205206
4569005
414264
2304677
25632246
134369
4079305
692343
16249198
2585565
5417391
12557011
4475718
3789705
1901158
627193
1987381
5563672
9568335
3643408
37482986
5133298
288697
16175954
535645
29060708
1738180
2198222
397383
5243560
4437066
5881504
20468509
31094971
13188836
537554
625877
1244690
8651140
2128867
513695
1128070
21509835
7904621
2861027
40646115
1136111
2888907
1816173
7460282
1173257
19823450
22435429
2178075
2168282
2215001
12154975
11595047
7878804
8483039
19667838
4619618
8812085
15604796
4943327
2910986
16157545
12834422
134177
21651496
30725172
13890342
20443995
2094352
1961803
4263682
2961030
4841540
15656294
2375492
9397778
7853532
2273157
2040706
20720089
111394
2594229
13862961
3050590
8266372
596368
5714952
25253323
2878813
4931194
5576808
4259503
877
2540546
21044071
10986907
621991
15166559
1529732
9508492
3010868
5617420
33252711
40058379
28729965
41500003
13618714
3891490
6018551
1783234
12134278
32340003
3886306
6989230
26439088
26906768
1584498
2877114
689812
8884527
53451
16042870
8442078
1640914
423980
29712532
3023433
5284791
6495062
12592434
4623030
22675619
5554225
26185455
6797516
11781863
5737118
13274310
2964805
4587716
5285343
3448189
2240727
7356308
10170362
10580032
4045757
305827
11656343
1526919
13615311
10519671
10325089
127
5032909
1102296
28860569
362833
571176
9664228
15162114
2304964
1323892
7150485
34930759
2130743
8233642
36556886
83476
3390221
11189446
3524298
34299721
4339834
2819383
22125291
5000515
7307093
16314433
804282
3810522
2733521
7466474
31655110
14880
5289573
1537642
19298877
55959
141499
16070838
839726
6054885
5760653
6508710
11246922
3182506
3882140
487279
3231008
17349983
32082182
3138962
182714
35146
28520498
2794872
4323858
4504001
4234188
2390033
4792608
8430483
14305513
36720669
284329
11787003
6490407
5268912
2905853
20901699
7395284
5141686
1504948
2532543
15799184
18005226
29921209
16305089
18677169
9678
6970928
40083402
8827951
18526854
161911
704945
30849293
1123631
6549874
5510877
18984425
26806322
9343694
32224283
1381090
1452958
1524079
26696584
19691208
5081455
1795408
9495722
2848371
8177589
4828007
12548020
916296
676034
10783219
6339400
4733930
3106097
34881800
1215048
8347816
1544462
116587
8726170
1572459
10799542
1637061
454561
3284241
3373820
5227480
3940366
12170720
8759635
5433029
14307761
5783096
5711737
4096075
29138508
25234681
4480303
30329
