10032618
4372766
19567859
2954217
3598322
25153542
20827001
2341325
5784682
100191
9499480
10052212
4286848
7219277
11100691
14274131
12599424
18057445
7192907
9976591
3837493
7927145
5576931
23881476
911416
3197420
7618417
3356554
3658160
15673974
416048
12322289
8760897
5226872
5469000
1458911
11601430
18129755
1022521
45341
18070511
7285548
1745152
961912
5177148
14555470
15284828
2076670
2058483
10694857
12460234
130014
21610820
6691778
27514248
2315925
6403960
13847554
2043210
23085040
19087322
100753
6025635
2410833
2416450
7017
28739268
4972897
21482
3386497
16466643
5530395
13585533
3274792
322489
1327018
28277198
8452093
22997843
7578234
24678207
5584715
3233075
6757836
2213519
25027196
557292
6917476
8032189
3338777
9051863
756706
703863
9116347
15551280
72573
1069962
3162023
8864352
12794016
17049452
420280
4499401
2513253
17225900
3665839
1233726
55303
17834992
7646510
5624093
9767962
5416972
4265786
18789331
30975429
4600285
82168
10272083
11658350
18030288
8172991
9464619
8525586
18062091
5517875
19288172
15342
13061176
4046324
1456264
3977299
3780653
28534262
15271130
4748122
2144544
8070764
3534488
3495407
2931731
4064688
3743986
11448367
275694
11193060
1356066
98618
1882312
24948268
15743692
22527179
25731761
1426212
173307
2627615
12168797
3555448
546760
9211159
4867978
10104879
1676469
1224633
20109105
1463554
6603228
4327487
18044454
28379363
2431262
1622502
2549018
12255346
1562977
208435
10069279
12387910
29119
2490858
502443
6584162
268013
6084456
13199988
12557462
5533211
1050282
7426951
2091451
7228878
11006072
10208384
10183555
10164677
494614
14030181
18993265
801464
6115917
12103182
10461662
9475979
6434412
2785196
9471670
411014
2091768
6861211
13776469
25857793
3060583
4808518
3235020
17345775
8343423
7395989
5558837
373741
880970
31193842
9063177
1387208
33883813
10522250
1799199
3932573
18860094
2056911
2145335
11857316
24163986
2175100
4509908
3370077
8378041
40739712
5250055
541592
2058800
117003
1885753
9104827
4906507
19968082
2939250
6089784
37432103
4780801
15329287
5729107
996280
13145229
1971838
20924373
16669956
13755789
17815263
3619395
26782918
2471416
9429881
4914715
18907647
2225932
328425
5036795
4880197
6608414
12208746
841471
902963
23146272
5556429
2057754
6375929
7709235
19277709
919065
8769358
89744
2007497
8501790
788284
4986573
8989529
6526632
9765191
21573546
518517
10589586
3944540
8639079
3247067
3809087
8361992
3244123
6557277
7917672
3072570
6326340
11315061
5164879
169122
12689256
58588
3013423
597152
9697537
12325246
12541798
1833042
4449
3370276
10750816
8862138
4567912
177768
46811
19224287
54
34191181
2053418
2438019
6827867
7026131
15426803
4494623
2717439
240039
9050058
15069338
5133301
2149830
1709109
7390933
11348774
12255848
4133025
2019322
3667493
67783
3959019
37970
5326179
3407340
3484640
1133777
1374057
3858127
77531
336033
142676
448509
6175232
24576466
4997155
3560218
2800342
3273157
4818930
9527076
2460150
1493185
1024424
1904476
25765
7790762
1531294
32631815
20996827
3678966
4290555
30852502
1196847
212393
4511805
96062
873998
1128871
19716195
968918
3349905
3075628
2922962
3797532
7968941
23814738
14777918
12826490
7043564
8075361
1869697
13961413
266093
15375374
566067
2109701
9808599
5777093
5126994
13448041
28495
8844214
1585711
6513120
4986308
2914643
3050873
3673837
13919341
97586
2536009
5336405
758227
50211
27733029
1040164
40130361
1961124
10543328
2042758
7930027
12290954
33885014
428457
1686094
29900187
18137082
2379022
19325014
9795238
9761792
35537
1353322
17877420
5689631
2067727
1367815
8094194
2629865
3946976
368995
2840078
28845604
992671
94334
1711415
1098667
714669
4184996
22107268
5985893
8119231
681176
1833094
4449060
8435364
12185586
374427
4036063
3186143
11178264
1683546
1932391
4660552
2660389
2508440
27638233
13778672
25839063
18149283
21275775
4960029
2184739
1069741
4974205
24020618
2581498
12127142
21764283
28728355
6976418
3204693
7742827
22722486
1589347
2042799
801498
23588962
1597562
102711
22254003
9062076
35756
23679748
12661302
101625
49994
112793
807697
1481165
3331734
9274547
1676078
3602742
1504822
1914255
178813
451133
7896426
1854661
442564
7303295
14467878
4554456
1078388
6295419
4714742
2498339
2890583
8558857
15620108
3066998
20904526
24030964
49843
34455834
7076383
1090325
2851401
4238524
4711324
1392266
877240
2544443
8446450
5138518
3499962
2561670
19022292
17574695
1885180
8698172
111737
4242213
85235
34484913
30717986
2567618
2228073
164980
10527416
2144501
2842938
963374
6510558
6637970
8923776
2366713
7959942
308253
2141991
17658948
10579567
9890823
12335624
14073502
15298303
5811582
10445271
5642956
84665
5372009
8009793
50867
1015887
242802
1632074
8466592
6144138
3953609
18592521
1275654
434974
6528258
9629481
18676
1933319
656263
28757825
2462552
800315
15144021
12742431
4459585
8669919
1218288
4491006
5879690
2221941
5909739
17965282
4504271
3604365
1770661
12838
1448161
12206409
1462000
3871679
4350408
10939351
6002693
20161111
1193325
1754891
2040599
23067717
10912247
11401588
3534375
1853580
389789
800012
4658990
9419527
4912187
10934177
2009951
21125966
2466156
25019084
4485011
4933250
48858
116268
4635023
92557
5806093
56261
22549441
8642594
260554
1672792
127121
12433590
6910920
2451181
9578772
6091236
2066731
10745594
37272360
13047648
3021749
705696
5829325
22947612
2751082
8259058
1507078
147793
1955334
3272090
999961
28371911
7298949
30204939
2589621
2149861
52192
5750357
75415
15008
5880617
3512872
200894
42975
18089704
2084502
13790793
45176
1605290
32323640
1022038
10730813
1948686
25760755
5761032
1581406
449048
70076
326153
14354369
3095432
6551615
5432626
14374543
14339878
20679726
30520115
23795038
53645
2139881
14537101
10428079
10345165
2425576
14564417
581692
2983410
651370
1948703
7688647
23939940
5006514
4217220
2030609
29610813
1790057
6735979
1680665
1633941
17254569
281666
14469725
8499214
2233501
3540732
19762488
10377619
1135393
3835149
3610615
3419636
64829
6015633
3000214
8891147
3289157
5887366
12040145
1617989
13619896
11090655
6467200
71702
3344715
3341934
972907
19355
18110281
37029505
6002803
2192216
15742558
1555
499344
25767936
7490551
29267157
3515215
2382525
2884781
1109693
4991716
6005500
19217818
5981484
1623516
4397576
5071293
1493022
11924440
3867471
9574426
7007002
672697
17886381
15682804
1952598
4832909
18071587
12459783
3530949
8925817
2156755
18358927
2189937
7867706
1955810
3575683
969501
8683933
5334421
23038651
2335972
4176249
5600643
18073084
196022
88634
1844492
5953566
4475
198290
197246
9708071
8140754
23011155
615177
1454845
17440058
16700369
5300823
5226738
24072
243138
891490
9841183
4489353
156766
16548082
1638790
4216567
5117320
14107065
243316
14099375
27461232
4560716
5239139
617
10952674
3854100
906288
33461199
2378262
9642714
13222709
12186222
4883118
14290259
6281035
468507
8654749
3148252
412585
1031371
2037005
4275823
17384902
2216700
4937060
4875938
3831281
1242012
319
2861062
17910605
8495261
1846882
23946034
7008612
4323340
7549233
4870943
776544
504640
5416878
3361506
22871469
156780
14848277
10123716
2068144
1793216
20093792
12310350
9541454
266281
7792140
21478978
1699954
2906149
4262513
2317728
12778432
16081104
2512272
2604291
19831792
61261
9079596
2648877
7345042
6944519
5085230
5168068
2529800
18152918
99493
30363537
6007221
8170821
5662119
409031
7979050
3561976
708006
9403075
2016365
4128737
9484663
8082240
2511342
11617743
2926499
4658260
4524024
938241
154823
2806620
19433090
2086312
2577175
18839
13603168
8385830
827379
10517708
41461927
13510364
8751965
7749179
11979194
472585
5726681
3149569
4135048
11065204
2607526
2548615
9571272
385810
9461720
26756271
3067231
7019947
18572822
4756991
10932139
1348029
6124231
4100982
2204307
206099
21593754
5447533
42813
732
3432161
1049129
5540829
1252461
925812
6067976
5845115
4447978
22413163
29911132
11199083
10805251
891586
2949274
9446152
4337971
17986836
32753467
22638736
17398780
3270345
32483233
5812404
9018207
3605238
5480350
2967561
1570007
4385539
5260290
3578530
489826
8012832
10753819
7606122
15005103
7030176
5983337
1681037
7946387
1125825
209908
14898000
2172853
1288616
1461856
8125445
5084886
661252
1654500
3825235
560474
4672614
18082504
1448645
19
9143755
536520
579555
15757893
6325422
6321110
1081207
21979553
8513503
17157713
6241346
11729572
3068714
19582700
37307972
1643509
11132091
19067008
4203593
15220973
26227471
13474690
4665871
252259
36687
1362093
3515085
7026919
2222113
292014
7318043
3286672
3630152
2758645
25679492
6335708
1777667
350078
1901401
20182606
3915414
2064721
27897840
14090591
51308
14295391
7858785
2419597
7820856
28444689
6391642
2469422
3066696
2051787
9371994
706930
1552083
1346974
3719070
3459979
8397848
4163029
3972784
1545354
600400
24462458
10918538
6433060
11363186
20210070
24196271
12198179
16223467
1714757
2804606
2137745
6817063
463305
2356528
6130199
11353476
4819852
14417963
3866316
17302943
9385322
7275720
3951215
25991
441093
809415
28831742
8688259
468761
1704059
5131693
1410823
9266576
4634929
6920613
5322344
12397944
64615
20653680
10544888
18016426
22176022
9049172
24756459
815202
836856
5348819
5787977
174569
559151
7615407
3269568
402399
19356959
3266733
4200312
6460915
30772
23278805
6272063
6249079
1138585
623454
1417893
640403
31982982
21467089
16095517
7365941
3657239
6197689
3455921
3174485
23364459
4883868
6317803
72609
38155081
783290
1505994
20949148
26305755
141001
421925
8451512
7553254
6976326
2254467
7398262
7501543
2057296
4603175
17799186
3511148
14498
231431
1888893
3737478
22965479
4907641
16573078
12888578
2148325
9034298
7590026
32011196
4257086
13311256
641735
187839
4748002
5043984
17884715
62842
2494823
8804843
3517782
11765103
5908891
3205802
511697
18097682
2680670
154344
19936285
1248174
2649038
3782847
2189929
1121192
3180317
9770166
674284
3252548
7543874
17546621
908206
6097512
23979199
381888
4857546
1906902
6740989
2117715
8372300
5777151
10239396
4212841
23162738
19907661
77577
25560153
2731785
1599034
2285299
24261688
15228515
7785597
190573
4071242
10904460
241535
1188630
4148756
2552689
3846507
2060377
2431908
436438
8718233
29462540
2806109
3869107
434608
17848719
1493412
4901952
362825
160749
3992901
11672127
6063556
4364647
6206
7174978
17977159
24476118
13532305
4969010
23227692
4803816
24207327
4125435
2195680
391018
10690753
393296
5973034
4445620
782609
5036372
6041274
882275
40342167
467470
28747434
34680329
122384
4572543
14442854
899550
1145303
34778537
1365392
9653355
2702049
4701952
8105928
88632
25378378
5448302
16638920
7232227
3828563
10080178
2140747
616910
2042884
975211
45421
7577049
907701
4640773
71809
15392757
2314264
1901367
17303024
33443245
5211534
21173
2953344
4805153
6864606
13054171
4645517
16057869
1552780
16997855
3253226
8092051
1475943
8430732
1959534
1523781
8745900
16090352
4673733
3455177
10341389
12162023
3506892
6397123
6691352
9064323
6206268
5173468
14723431
384486
8433089
35544113
16824600
4270615
904567
35026197
3468779
4264525
4646043
2576176
3836702
19267465
6330805
2341033
4837092
1899232
15647611
19484499
8435066
34326612
9726462
8663684
11244458
116092
20590
68499
2600215
7222052
3842439
3263282
240309
6089334
4989299
4920981
11908061
5401657
7941803
6536552
25825837
1398678
25757746
3254865
379429
1795614
21874400
536475
33508378
23120231
2703476
3778254
376521
18288441
21100
11246097
5749439
18463877
3882082
36392352
1842249
19190962
16841977
208564
232615
12444017
41859
2051902
15414252
4885021
7115249
1631852
5868007
715784
3829994
13664735
19490880
16725358
502134
4603737
11566017
3841395
5975008
3830129
1118844
4315493
66375
6006327
3913587
170908
560829
84702
2145555
18802146
27244969
3057857
70716
5382279
19401338
11017182
8639115
17098295
24075509
98035
225399
25518929
2072435
6607595
18578622
2439639
17090
6973085
3823506
1431014
975671
1119268
14765635
4314034
12045471
11439206
19647563
4027185
2572293
150375
4
15454128
723351
12098206
1126207
654391
6939156
49134
7330467
46498
3390160
24277511
10257447
38935
195776
19829489
1795198
15475651
4342859
21632151
6089013
19904592
100322
12916728
1510813
76534
1303300
2984926
12635761
1788788
5357063
1348284
3813365
367306
5061572
10962923
14716270
448082
9190893
2980878
2969966
3698525
17835295
31449411
39526
11180926
4956060
24868368
1410601
2817411
418383
2679360
472113
18411254
3271292
1691344
327503
360864
18061537
761396
28823044
23828490
7564462
4590990
2083277
4609367
3729335
15489565
5061222
6516522
6976992
5038591
39734
3232424
53414
129837
1260893
8231365
3562816
20804254
3068984
7967202
26917762
14219375
7184833
19571
15900055
2709420
3036891
461071
3524473
32023809
568176
3884935
884074
3438918
20837849
7703890
5593597
2385654
22183627
4214706
1245602
1730057
2042967
366832
325693
4399266
10913052
3658153
1588089
13247240
876609
14229752
8980079
2426487
5056128
25424186
17975202
5021131
753835
16084572
25601382
3122163
1678354
16037798
8864295
2057926
2183531
3257969
7494240
2369050
879222
25934369
1413181
25079672
17177987
17828402
3908336
2632856
9015605
654947
10217454
4768054
2058374
9041239
17964301
459472
5035003
23767
2537570
2306503
7217696
1132945
2021403
4486650
33027301
29115137
898817
976226
699443
26673065
50054
9205632
8708492
367064
56858
207932
4616638
4791934
2524607
102373
9113386
13017679
841208
1078300
1925135
10730948
2883880
9631102
4961836
2004018
3884482
60453
7658209
1988262
120485
11776923
587887
2232083
15126640
7680880
2061265
581917
849806
4769737
7567030
6442778
1950317
3031972
8408695
8456762
3220331
2559313
15678733
108
17036
7837045
23850988
4846980
1617811
759379
6953819
11268650
5556150
12067918
18356769
12339116
22427482
962806
1221775
466399
2525677
15522715
12107444
5060759
9480714
5876651
2018955
4423233
19823111
5037689
9030492
2043121
5643868
660629
20381629
1134670
10665875
12263306
22404840
14969180
4441485
2155343
4226345
16036382
3859451
27252511
25944118
19485166
10119176
78851
10484396
5313158
1038316
6867372
14526749
6560650
18985161
7472363
9866750
3655886
7185505
461299
2942349
6774662
36007641
2459804
2945090
10315854
5651567
6311147
5184305
7554746
16455
797646
2612909
12476509
3951344
3751448
9963061
1682091
2776573
2108077
4581996
10564961
10636270
3085947
53212
1055248
12346948
8994622
1617533
6072890
2129969
3745957
5298840
3630000
3715030
5432786
1666643
1783669
603745
2153425
4620057
453564
31164
45036
8393328
18362661
10910324
2281857
916959
458691
4382716
23810182
6203183
8072859
3345269
10885655
20804968
2927332
18919741
5999444
7072388
11791074
2254737
4434001
10572891
1344585
5492174
17129099
4575663
4445337
45379
8864554
24079
18256362
885269
4370502
5864994
22780618
13575936
25631557
1702076
5668942
22068354
4195080
14325908
321030
281343
6979812
14693797
404707
413063
1789679
97429
4613685
7000077
19928840
1653626
2816107
5334641
6885074
9247488
9291229
376939
30291
4368171
21451844
8910233
7550366
3457094
2784905
1250
3794
424546
2467953
4741391
1482930
6347547
6321840
186757
5286387
8608015
226796
3677000
942403
7276215
1973819
6882919
11064152
7361066
6402565
3519293
9981412
6705471
6494660
2531346
1074965
298795
19503943
36981820
95878
14295652
11242457
3678361
10609211
12761283
388529
91856
6247384
11382874
174987
14294443
25328418
1481265
74788
22302743
1704305
4456910
1290133
4503096
29418161
5843774
88421
12845917
6755932
1940147
6390609
3829516
4549451
11398505
22497280
5015672
244964
3149318
4776322
2656300
7014992
1123296
20990458
4868566
13265661
1309784
1389367
1303408
5294212
4221064
31435815
4968754
7794025
9534394
23406715
1482081
167043
29865020
2885475
14937107
13408778
19395141
7822127
10045449
9309351
15310384
2198913
5925629
74503
1774708
6425339
323881
2334783
2290570
22757359
8373055
3606963
2392809
11219674
3502571
16937
752385
25875467
16893
10182364
1551240
107979
12759633
9228504
5846909
2664096
18514404
3791402
15698987
6335380
12494833
417335
12150330
1440150
6111861
5918641
8265187
790423
4029900
390628
9492459
18443098
32871228
2187251
18332157
27466393
292034
7339505
38476198
3139034
41975
8900275
7956707
1218057
1900895
1074038
55709
1661339
3826722
10738615
136886
356799
13849480
12595663
266587
4479906
8876775
19168886
1644382
61640
1713744
20730785
9043267
812502
2358240
7460518
12451848
21892315
2923711
10115061
1961455
7612020
16262502
3373738
6054112
12184521
13061
26276030
3671122
6134465
996512
2119614
4578070
3271437
415496
2116474
1717598
6917667
7239342
22287610
10788697
1753277
2605525
11816917
15910980
8790051
3427848
4658031
2124137
17171911
2422604
6461
2691448
9744507
5663899
3290909
51905
3074015
18605637
40778260
3374505
2942518
19944617
8057354
16837644
14510281
6377040
6367102
10947214
2083235
5237472
5379418
4544031
8570268
9412332
14845325
5882001
7702431
761552
5911854
1486035
13779829
554366
760957
669122
3363145
299
35250295
496999
9982888
12562779
11965302
588887
254455
25572049
4097137
14735655
7
10813501
36987396
25841
1258511
2754357
4879835
312224
13254061
1574424
2716135
8409258
2378416
4164461
4836585
614231
7778254
4755801
980463
195441
23698105
3115225
2061218
12101593
3314126
21259634
16578798
9173777
8147938
11753193
2582078
4281114
6898532
7945234
9363721
10229387
22362725
5346800
809342
21317475
208550
9505341
7588128
10924294
29208808
473012
1079733
13183994
21915
1431465
2834310
10632144
3449613
4997443
6428020
767213
1804457
6939463
4687909
8436423
5193125
675167
17466823
1657530
166347
2739082
5056487
5195706
2380645
65476
2145408
234169
31416672
4476253
176860
1490356
7119209
2665979
3405812
33425046
32190
2224683
3354914
8182228
22886804
6426706
3373678
10983376
14713001
510457
25610213
5598024
12135557
11461
14377153
1573691
5747486
5368656
13554641
22337190
4838818
23977168
31174766
5213265
16995355
3329016
4894694
3073262
8491579
489225
20822384
175257
10220268
977232
4593129
3793993
5350376
2844411
834794
2966130
1506176
3022416
3794456
1252090
10775960
13558060
12127020
3648364
23263139
1475415
4569005
2304677
9568335
288697
4437066
5881504
13188836
8651140
1128070
21509835
7904621
7460282
11595047
8812085
12834422
20443995
2094352
4263682
4841540
20720089
2594229
4931194
21044071
9508492
41500003
12134278
2877114
16042870
8442078
6495062
4623030
26185455
11781863
13274310
10170362
11656343
2304964
8233642
83476
11189446
804282
14880
36720669
284329
20901699
1504948
2532543
18005226
6970928
8827951
161911
704945
26806322
9343694
32224283
8177589
4733930
34881800
8347816
1544462
10799542
3284241
5227480
14307761
25234681
4480303
5353121
71249
1936860
112547
857510
4183933
6388737
2953803
3373153
18621524
2075260
12421563
2423154
15570650
4574905
12935372
3985071
5203010
27338324
1111554
23885860
14238643
22067999
20258543
15952609
15167337
6621345
1159760
310470
6948428
538510
2106832
684520
8205137
21483666
21875356
303385
3884404
20827036
460512
156642
6402901
32757474
21510291
30817506
19827029
50946
16064548
9521880
2776687
21561931
4558048
40505072
3744932
4956139
14881854
3713372
1683633
3392616
981646
1776985
15194283
13043431
3394664
4306427
1200089
5296065
287366
10400830
4521480
7298065
9487549
3019045
1553363
28639057
8480580
6007936
2558251
4663905
1992054
29285034
6150959
9988883
1359696
12772294
1207869
12826154
9178913
5280875
3972716
1877649
2218785
12843778
12153681
24624371
461322
316712
9119665
2138866
11647497
19311898
22115
21528401
173857
24988650
4450319
3503489
146600
1303048
1227375
592927
9288470
229269
41213374
908955
524082
710659
16369795
1958334
2014292
1645523
7725154
10295695
16240542
2717228
7184594
2932618
4522100
7220975
3601945
5067809
2387940
959008
9875994
20253609
20780604
143553
27450076
5848076
12688949
1626907
8771654
6077386
7553724
1452703
218
5095745
5290033
28239450
1055186
4439414
3072574
1140605
5399820
915943
114123
909818
308158
6081879
4474696
30785218
23090284
14859535
10493202
673914
2120622
28016438
2622723
2501568
2399108
3266851
7384072
708143
479842
5821932
764725
4930258
116953
7764114
299283
19912979
465014
793687
3410746
4383631
4551429
7866630
9312428
8610798
26680867
8520729
3086511
10343042
2742292
6625660
270634
2510958
3691465
5538220
158022
428806
3992885
8922584
14296521
2893864
7737101
1429625
1980676
9608302
4853345
14955648
847003
3824075
9130282
4487711
3948258
2365407
22752041
1630638
8523418
1027360
465104
19229080
3160929
4016022
8573859
246453
3415416
744096
3767574
3117674
56873
2365424
10067270
17307362
5192338
11090329
3822105
9876134
25853049
551913
15933158
1397453
32167991
618711
7758534
4540881
5817750
7640030
296430
16774393
748088
34831
532613
13749417
197222
24076786
6071761
6951764
3947163
367398
5205192
1201489
29848945
76359
3857026
12375894
21731578
21796
8987818
8799110
2949306
19327638
1306047
13044344
5347094
4691790
41839
10930
2684941
11336714
208596
10685037
311531
369585
7623603
1340584
59483
3283795
213567
3810011
15375285
318618
16228547
5232008
3358180
3795093
4410479
11424825
5140795
23092338
1966609
1975907
4887221
1363731
188088
19368964
1491003
10271574
5888301
1309513
1027295
90111
26802176
20847187
7084807
9740954
28401169
1989696
7967365
8539245
104767
63472
1159624
4092086
8987821
3472376
5468645
2877588
70917
6501510
22521397
26650251
12415205
229758
3629705
8754924
29088612
12420240
80404
95848
4005138
1623418
6934526
3769770
13524016
2138033
1376777
1631626
6298778
33960216
4262430
6586444
744107
4139013
506048
29579394
380999
1513873
6462265
3866096
11185294
3166209
5036525
462572
3340798
2090038
482833
2055198
7651607
3215924
3
1302965
7401346
20234677
51318
1887270
193943
2970447
4290441
1141558
802647
23759547
18717175
29186
6531862
270208
21756058
6241131
1371954
2535026
35779031
6798379
4300841
55954
4509801
4596940
5393788
9533619
8771425
18496540
5860000
5414105
20323478
11060487
17481826
13336997
19921
37606714
7668726
25743454
286608
6414214
506446
369150
3287440
29817987
64889
15689623
6395536
3245409
8949586
3308704
5398226
5035534
19935378
6337036
1694650
28048718
22086988
39414665
9494665
7192245
7499721
14849652
1226171
4966328
15626698
7052524
9818192
115132
7782710
10192777
6172252
4668259
1008116
8070600
16857516
8201645
1997788
332872
100840
1112141
4050870
5087316
353188
20664997
2393913
3286169
147785
12700229
15392094
1672291
2463108
6279237
277104
6021301
4430837
89972
4063859
5742655
11534267
3622990
237634
13746063
7819889
1809735
2762587
6837203
12738205
8359351
7404023
1728025
9205
9405046
3456627
1274517
3162014
357283
6211423
358071
21383013
11894341
3191155
730391
10319595
1194866
6905
17687759
1455031
586463
6210482
2904239
4606870
9837008
2877019
93924
21755897
1935160
190266
4337324
6639117
15986989
19285266
1643094
8243989
8529995
5098818
7979329
4680384
18225505
5191214
6061161
3735259
2759430
5834518
11698464
13235934
2860928
1355123
5402436
9266337
584059
263474
606843
4408504
9847424
8097123
128298
4439360
6488703
4644702
33547631
7840062
2844555
71954
25953314
7978105
1897677
3359474
4489035
4298170
4615239
422558
3644630
26645665
8163500
9136143
7437767
287202
3140845
111063
5487822
2012071
3892885
971928
342860
3278875
7502804
109124
13759500
2907905
2041492
8850966
25623626
5478671
4820564
1861045
5575245
3353716
6432412
177398
8791727
3643606
2747292
2704865
17160206
2687028
16232075
4383725
4554396
27386829
12468105
665275
3477090
27665
26987080
430170
9268109
11444323
31991
42589
17563749
5081249
4804029
1068574
16314787
6445832
20516266
23763
4327594
31810
4387077
7380484
32149287
5884078
3073270
8340472
10586556
34485205
2842001
3382673
10677969
6897641
34756615
1870266
4990000
9121600
3372204
27466264
1871949
32193869
13785050
664481
1541672
2377345
3648623
10045838
2047900
22567554
2556398
4459285
5193460
334430
12509237
2646482
11178855
4347682
726994
2235937
7689067
182257
2580346
1865713
12362829
668
284525
2547110
15458845
23938743
3449406
15429249
2057167
2692774
7219808
18032888
1761545
4449390
2377801
6356306
2194723
975399
4516986
4382615
2228649
1024310
581137
27708012
12060163
7033840
20072526
1040983
2006500
37693490
5881384
1602513
4267033
7611738
1606954
6168144
1458845
1973482
6689205
15204525
2134919
3683780
13688614
8143044
9337410
4874934
101683
5286399
31873223
8828455
1827040
5675177
3625289
4830319
9267265
669888
23803809
5043882
2256829
4593465
360265
4005632
16131861
10767699
4574765
3289174
7257401
8867103
408330
5154906
358397
89358
1012748
2930253
5439474
374167
4525842
14863283
8398867
5975546
9636556
145945
8734070
17593878
10223075
14675861
2676343
5970175
3742758
7597137
7814355
8495039
8594566
25676603
1559637
5308322
22777872
1672817
7888546
16863581
1082780
88615
504795
6853486
48147
5524900
273559
30027790
287480
16009545
11209045
3827587
3639192
5831176
12469154
29471681
5824533
1133201
960907
1765469
6974525
13554456
3582127
778544
2107211
9469288
4474312
173384
13105737
1110319
8249846
12596354
10854989
16074523
40175
4638892
3913009
1565798
843204
19776416
55531
8676630
19907740
187097
2122747
1552928
7204164
30419363
19157502
8096625
7712020
78636
1853639
5844948
49455
4245615
17702877
3072638
6267
12550401
1729014
6560648
4309538
6765491
2818252
5049768
2929589
9271639
7236603
1263082
5652228
444566
4544791
7084217
10903897
3374775
10217659
21175194
27572981
4509270
15587698
18253880
2198753
2594110
3356900
3149354
1874065
382996
249872
11054966
10930571
5191932
5727122
2407038
518630
4580196
26836
4961
11109915
6287
10283486
6565051
17186523
432638
2981003
2431954
6357422
4664796
4140302
27508266
447555
5739182
5511651
1050170
4474701
9052824
4356596
987071
3072722
3036907
4944577
68797
1088055
33808905
517899
7110833
4891057
12662150
107326
7154482
2110316
13363607
14247655
14833944
2701477
838836
10626906
925905
3916964
11463690
32262579
34337031
708824
15535900
7450468
2043154
5225834
2289353
9424303
1838592
6196473
2525218
21359252
3808744
8659252
75358
7740035
32547984
24266181
14599800
42860
9360
1127705
25735780
32874800
5558967
881409
9598456
3524270
8082917
33271395
18111852
19446962
3865264
10234851
8322533
7833899
4359334
3305639
5031193
331763
10899285
403597
535354
2039796
122692
50167
11871490
862640
1999869
12041
13362331
559966
6614965
4422378
5573565
409374
15354530
33602819
3436715
3478084
7791915
865672
29639658
15087362
23686367
2230167
13699371
797246
9434866
27056034
23047213
2689941
1516715
3911697
7690560
22326873
14154288
35415407
11620714
13113059
13166034
97843
2154163
2541988
19940
1543563
21999917
1
24698809
1740015
38617621
5459620
3720299
268593
5881998
16129488
9283388
12266448
4159839
2048187
5508629
13051097
16806109
1791238
928012
1207807
5780128
10666387
27410916
12902955
8787925
526997
1723006
11875107
2270549
5048328
1631076
4909712
4602009
6417000
11016376
5038224
12889423
2208853
696000
4575367
2024365
5419489
3650357
15341510
39750830
324108
22085117
2896555
12606742
300902
11263732
14117438
7126779
5948883
4701214
27400373
3879432
3998055
17746543
28668894
12377770
4899343
2877204
3118616
4152743
1512801
24620486
4922648
5655928
11218322
11648708
20477226
19589954
5647482
18415922
26359167
13146329
7716350
7142894
5375726
8643158
7540
29149965
5012312
1494026
11379731
7071945
1350096
17630665
3343292
3466214
625067
6721378
22093090
25188
1683437
11711851
999367
3799677
87055
6414396
1454062
584140
10627702
19610481
2314261
5556236
22464994
6972057
3069959
11893805
6909160
1637177
2759029
1887127
4573037
547923
13278876
7162371
23976479
2225681
1551275
18358214
4797433
22455865
9901696
633236
4615884
630000
13077119
10995750
39208097
4156298
1531376
19208112
4283521
18697743
1223168
5035784
9286360
30859181
20090153
5979348
4211187
12698170
7999642
19326648
425276
72568
17198543
6189888
10318546
7747457
3203378
31853827
7044786
657115
1775603
222817
18506730
6528303
2522076
898359
19379688
3818786
5995033
24494839
3118549
6293509
4819530
1256509
1356621
21448575
6022038
3353728
13841569
34474271
2271119
9194717
18147283
20119607
21168544
5381972
1303110
8828141
2649222
1136613
2494479
11340212
7289348
6677301
119352
15641555
6344817
1056245
3031508
3280839
11028847
22602660
7082476
20767684
52030
3121232
2131103
78077
11984364
7130212
8206553
16381068
6970099
3821299
1374176
749986
6887616
4741695
2195072
1391389
4697110
20870507
1482175
2214739
1332093
5382093
7560757
12593927
317015
3050032
6371353
1077987
4262
5517734
2373349
1628793
5959728
26066953
5370570
19596045
21372979
2545868
9782127
4260001
3016132
2751394
2778633
7612660
2617061
395707
2017831
2861768
15607640
12522259
3726435
1865915
8606259
107448
2626390
8540731
9486038
6675166
5449117
13978333
7856897
12442958
3980208
17743549
5862862
3627477
890066
3947596
4989095
4735095
36910957
4998524
5580354
12035089
39253072
2338255
2808365
6645
6197284
2219444
5659678
8487151
1133690
8642691
1634954
1502854
19383052
5103690
14340578
13041141
10811656
276989
5112107
3140594
19404357
8965674
57872
26820793
1233669
413797
323862
2044986
2582833
18798423
1900659
7258776
9793127
515444
4271269
41166
2154941
9719190
396145
5731529
3348709
1884412
218361
26359135
18794733
12809790
15725491
22082744
4298633
2135180
4343760
6906013
1031612
18438560
421537
1267947
9431958
476882
23069974
7468932
14499411
4863494
8379576
115292
4821184
12021102
2962416
45636
7656224
12429
17458896
9217582
2323356
949931
7129058
202251
23192879
3408957
1407103
148720
30005047
13160317
2909479
6025681
5005395
2057242
15011590
3945733
28767732
54773
13478293
9517655
980289
35364
3489643
23553941
1409823
2899430
2203009
6045131
2902101
12240188
95790
20165719
924869
32169006
3512528
1501610
12134057
4166380
9607347
1352926
2371586
1123704
656198
23707475
11954940
7384377
370236
6753716
381971
256528
1960502
7943841
205863
13945056
746674
3288762
11147466
35138741
19098281
8900246
20582071
6329862
1462591
6429639
2634130
2523102
5288477
12375925
11548607
2444481
21200821
356982
1397163
4469166
5833680
3226980
9245140
4204721
6825476
2378863
10231377
13789754
966219
608137
17625195
4090936
8595212
5090210
8257719
2024176
9498018
5326877
908220
2707242
4333131
2084204
2497948
26692826
21736716
2770226
4194769
76600
28094009
1111549
17131596
26498587
1078878
438915
6505892
2558499
226772
3087390
1297587
3788796
6549044
67393
7928884
576275
290942
4729241
936000
3726763
7388598
2526195
4163113
6324833
59053
34609
3403535
75362
7352957
2775078
632867
5492622
142298
6543466
8448877
2075461
11246779
11330633
12214374
5645204
804770
8703954
10274029
1956775
2076312
3648285
905923
2332992
23511230
660423
10748073
2206698
429474
2691271
34101961
11944820
23013991
3361621
17816252
5190378
11232482
40166706
1631380
5938267
5083255
154851
142562
1314873
483726
24369391
886383
2722345
9095513
24443186
15447191
27513046
1364043
233374
13399340
105035
2270946
5854668
13604997
9537119
18981633
7396588
1915565
344295
26557750
11243111
1070569
5879031
5141114
10687248
254418
9184681
17091069
20622452
30776960
3175814
7608149
27310058
64782
1588788
6417674
1477024
10742796
15974192
1662781
4740056
1105734
4370031
1324260
16313182
25031840
6182346
333680
13058730
246152
4265932
35502940
2381373
276796
27858009
2500513
1096906
659948
1349932
1246977
9716120
366551
28190160
17794218
997315
187655
3756541
9699665
2155036
1836159
7832451
4417111
2403565
16609230
609887
2144952
9927287
13982680
1350053
25050744
11095346
8752878
2069879
5846222
1521656
5384059
7323173
20108145
25755823
1020043
2715405
3029631
14439858
1989174
8446626
8423505
4544342
9466516
4769473
8227615
11476676
4458789
32385442
6665921
630194
4710477
13242811
3450616
32754184
15791627
19051236
8360130
4486291
36536
25342631
6864536
76044
1389329
24644341
4375797
2678214
77527
9745454
62214
28239107
5231019
1765557
5021707
25280227
4458125
5083158
27185404
1074821
1556936
5327616
255515
25888596
4317865
8390754
3340646
7133956
481859
11682643
38671103
5031633
5265
5653777
1415357
9880152
2266665
2809996
2809117
36936289
5053459
3638082
2936229
1410436
174970
2661000
2382885
11155525
94959
93777
2818957
17634985
48226
17702116
5151737
2719372
2940421
5376709
6404806
1241227
596575
7813189
19499143
44
8058673
4962645
8790286
14322489
72782
6926477
1685426
16056262
17175779
1865767
10680694
1742332
10326307
22824234
2926519
4591571
6977832
21648390
2797441
5907175
7511273
6388959
6828429
1518648
1370418
3108255
22999445
7755382
10267162
487983
11056798
9374671
11814975
6194701
1587490
26671032
5347823
12929257
5518350
2698590
1820314
550007
4788406
941929
1047445
1190740
4631341
605585
1582525
730474
3798280
12750037
1192313
9922626
15615966
4471679
5843656
7291009
3329217
17890904
23314088
3533875
54065
1729001
1776491
27001622
95510
1738719
303402
38939739
368029
5895183
7501170
5143384
11946770
2202370
1481203
109433
1054764
18025298
5198704
7896011
9192335
7669654
1952038
1731
8448076
22752967
20151797
319721
19021254
161244
180721
117241
23691032
11422306
16065830
2061291
6559393
18733217
11032404
8373780
575083
9640594
128
13928135
28301055
1140130
1874354
13413269
18308775
1514279
2618613
12214281
404868
5891842
6306897
9022440
18971215
70489
2558805
84958
4024788
40790
1241765
146854
1690556
5048529
1143779
60714
8820273
6868845
30572857
19341821
9319602
24883292
9313673
1563748
28981374
150415
61188
11437661
17042622
3053078
8506562
7264267
3253841
4715830
7953260
12636651
6898037
4546522
11480309
2325633
90843
27777058
12355738
467313
6301177
4462080
3125414
1797820
4968946
4139138
7104720
18675404
7550343
7165308
18951711
29239278
7287623
2181792
8404189
83099
17776804
115555
1897088
279362
6349959
305747
122544
4434041
30436221
4352821
7927967
8168911
1318962
3310276
3522817
17143451
1082919
265941
13923893
6241893
15641887
270228
2848641
608273
17438667
4365912
2675256
9701345
24213291
21476114
7695453
25634717
758535
25194895
38143441
8011542
1334525
24887535
4415819
1012581
22250649
10723966
5959970
9312739
225660
4540353
23784430
10138716
15814754
12725163
31339
1249698
5710844
3062178
4799432
5108194
10968406
27875372
15478602
2661928
3454647
13420534
27711
963248
4259663
138982
17267366
1436753
29581
2971846
4377701
5279981
37363195
69647
2902554
35385343
215285
4063173
17128839
905101
1694711
81254
12732042
1382587
7343
19692530
5807599
6967106
15546325
4782071
493455
1646983
561538
222199
4814360
3377953
2194199
3648696
25481770
2043191
1579130
15344858
8945322
3166425
13858785
369500
9666
4542458
2057765
4030239
11275040
4057162
3703233
21637717
6489941
18166886
7955709
29077396
328332
16133840
6315447
135649
2271074
5215965
21326202
7237925
121188
887117
6441207
1098575
3837064
7353824
3186803
28035513
2089581
12665235
1848091
8379023
3817489
14862222
1000246
8738585
5881146
766495
2681811
10214381
20963784
19788475
21416745
16589377
1340715
1844010
153614
14281051
8047311
1002903
75282
95820
26497147
9188205
8600213
3757178
1137494
7324032
401840
2407903
12798874
3951384
8668422
5598587
12173548
2356178
18259237
5943
17440443
173279
1298433
60712
24476348
936413
2144794
88834
1865698
20300618
783068
4977754
7822917
8531366
7020054
544829
2706832
15148161
5133754
22536540
344720
40274703
269699
5373500
221191
7923118
2066379
13142550
12564792
5811666
266442
655131
2121326
13984597
190709
3038712
3155962
4997121
75302
497249
914196
980482
2313598
12293855
5038728
9258764
12552647
13595624
61334
29774798
1260345
20262566
16129652
11914148
27309058
2378690
12776359
366387
846300
2717741
7288226
19880578
13759938
7980
12465359
5290445
12893378
31990446
4806962
40990462
25932675
5082503
3659259
15324653
6344830
1629284
6341707
144936
11510897
409471
13809131
10059
6983778
5796445
18791653
95698
2497356
13455791
557293
1988440
5999963
86957
7972232
2206105
16461
157802
2507671
5343136
10806227
1853515
2802004
18605034
75326
4453349
19655752
1515038
1996411
5772750
25483264
14149591
23312834
5910976
294195
1334096
5736672
9520812
28886800
6510768
1049847
501534
2618438
7234998
3359479
75487
11392024
2819537
67329
277971
842152
8401008
851172
901739
17175438
771288
167186
16237451
20740695
5373607
2717568
19805338
14100090
6559140
452746
39312480
2687181
4777186
47639
15338368
10687791
14900058
902130
6282108
10900715
10615683
5860505
35890369
31894514
1217125
15384219
12314996
11361204
2826678
11072202
252351
2751991
2265878
3044948
16211103
5071486
678148
5417374
3357598
4122379
1761018
10399462
10537232
6250384
5060965
4972111
21682
1117458
12041664
11178063
4977510
1909008
2799051
12084987
24806649
2700411
19039388
4139014
5039830
2689192
1612161
2728522
8636335
5113782
3755406
9596814
5888627
5830314
15400107
21981091
26569720
1231548
1531761
187088
22638758
4740677
6928208
5900030
13738122
6954050
13020645
6458144
8327590
3059140
4398779
6632598
5647963
691966
998605
1095771
879977
10621111
56918
2560571
9110634
2502707
18498223
19045887
10239632
38236109
6242118
12865905
2388564
3742832
6542765
11645509
2685371
275565
37995844
986311
1956064
3145233
6733518
3518218
3901138
9227883
8187425
284716
5026449
47364
2357661
13484894
761446
726104
29616688
7042316
5576220
1687585
11977302
2207606
1298486
22797713
8070268
403470
16273539
5621111
1224585
7730676
4217225
6414785
14032050
25960397
19189316
2017326
5011791
9557549
11207805
9626606
9286703
11205105
8720121
3625532
895386
1891380
3165622
4749722
14678503
12370112
8643911
17841769
1003220
8560878
743778
46303
2276423
1296052
17203680
13562351
12809153
2346349
5139968
2688258
2273896
8639916
1772
1988660
466926
1156944
1221819
20595160
37052591
40979
3761960
2288778
10625243
11751798
5362631
5061756
6087258
839903
4439689
14289972
937296
7393971
456194
77504
41945
14694992
3660737
17816539
1539377
5369165
3622408
27932498
16039742
226864
17278226
6856098
14747709
233629
6305138
1031111
4512065
20804370
4122790
14567016
1754105
13953801
3753725
6363882
29583328
1266508
4534154
4843690
2934071
1341212
18792359
11638649
5155977
19347112
18901937
22178769
1815562
3934380
5191649
19710412
12207823
3947763
5513556
11155267
29190544
681752
6197612
5951414
8276155
5299544
3408075
58815
4272499
17479808
7525064
207258
1602581
11425956
14656573
870863
9353607
97284
8847680
465480
7268865
22470622
1951520
1077196
4406
4742710
6753421
2195108
904502
9181081
3108132
15132995
4692341
16238155
5870951
11295
3771593
5227530
19249939
11262980
804936
2128170
726938
6976616
2391733
5955052
5565028
13118190
9449985
2044942
10397381
13323221
21
8041656
3452792
4442451
15907883
17294317
5596878
1862740
1829202
1471571
1018948
621966
19872031
830722
470688
5420072
11167054
262190
4220510
17092561
693790
16377215
3893465
2997471
23270733
1318797
29113308
9180460
1907802
9999822
4047157
251838
8034195
2967826
3862322
2057508
874435
1612242
11754031
28851019
4684880
1393396
4430960
35408143
5038162
26997352
5190999
145986
2517403
4405930
24347494
7648583
767745
4403679
1726727
6388447
4014127
6645961
10590500
8604283
3169842
674552
3489727
30719584
16120789
39720963
4923412
21607631
14538462
2438178
4497028
7233602
6528836
7634969
9241890
23386425
6043003
4149673
3163847
3043769
6735338
1184121
1454190
97261
9886381
5931318
357597
3666767
1675587
17910588
9102823
3672053
6558297
4403697
26937535
27217118
3143312
1232781
8416599
39977362
6638758
23996103
7443
2442654
3511127
5772124
5294587
8964
22430410
22103900
7433291
504239
21011660
117028
12440892
5923336
11404159
3681857
1136367
10136505
1342732
9213765
6852372
5773401
3998830
6405046
19650935
6705560
4203416
9167754
3698702
27622755
25294707
1900899
576590
2994882
6682483
4336668
5745961
966569
26337269
5347011
31774663
150541
4444601
28043211
13757631
9992040
2984417
9223782
5042199
1848452
4536101
170219
13415724
6393219
17781522
7169810
8361512
3995702
4352770
8678293
7513668
10717248
1409215
36972
11201340
7160704
3791703
1865678
11333237
3792472
20781655
221224
26518990
2870472
2632544
633647
5882585
5090567
277401
6055776
1406869
21891728
978266
9602360
2973643
6449736
4508788
4033120
11638156
2995610
18980413
6483714
3404959
3933113
5015896
9252355
3327042
2016708
3364545
5512816
3823406
2277061
368377
273798
27537319
2880025
5311567
8004224
7837929
20128644
5337048
8373469
14181129
5241824
135823
2599830
5520665
1278748
3586691
10757016
4848628
4382512
8508526
2211046
18355276
4139765
2453004
2063434
783239
4472612
2548018
15138197
8230209
5994639
1939389
5385362
16380802
22298602
652171
1666988
211906
1391293
19665186
11099715
3130153
38061752
8560815
2890069
4433027
1489956
8318137
6814482
3456777
7814449
770702
3287311
19114215
686192
8844394
22933809
4334743
2375555
4293360
1565146
5347996
2827594
1089972
4129994
40425422
16058548
36803178
9109555
44166
424743
15306292
16230852
18415787
5732889
13145969
3236313
5609897
7650449
1715000
3307012
21245272
10463575
26302058
5023481
7394338
6855443
8099580
14809106
6694156
3389822
7687786
22550218
118993
69992
2665926
2092940
3170601
942611
19095490
8827552
12189258
20320505
4976443
14035613
6874791
475500
8724290
616874
1194229
384884
21640399
1985562
7664670
3062279
20351679
11933716
11466133
5571142
2190708
15838394
5088727
18770505
4037582
13566931
962192
5565572
11251999
5674895
8861485
14350281
2809924
12412035
2058051
21819400
11378072
170020
20312089
5123501
3069985
350245
119901
1151605
45854
6892975
5497792
1444452
3947928
3845988
24726893
194172
5242497
6194024
6866977
11645557
12513106
2045506
3066402
7178416
10740
2226753
24026936
2248469
18000175
9284978
1891294
5744427
6527908
6363540
3598968
28119067
4339134
6789266
938513
5442833
6615245
6866859
10761409
11250956
14345321
10849088
20824483
1378219
31379010
35952
6551453
2320981
4064244
1200605
13818757
14212368
3185379
5089719
654925
2486878
12050576
8389963
841032
2267921
1612226
2216086
2722236
64885
469617
14601043
16843783
4519754
1613559
999024
308174
1433244
18186
4957366
9135875
4128819
4862706
5382748
1557035
26806258
5189809
6650154
6520850
3931999
3382202
7899036
44739
5123737
821950
21161630
5219238
1022184
2584684
5487878
4852708
4345371
11489411
3381354
9908057
4435482
1572751
1999611
25553422
9579967
4344552
34681711
5066900
5513065
24192593
5858053
19067460
2445299
3908461
8338730
22135295
4769796
21397043
5588826
8949022
4133395
2813324
1439641
3265013
10409236
2169441
5545218
707810
836923
1614583
1013061
22227862
32960481
7492892
9529962
4055717
5810993
650584
9874771
10678329
36191915
1402873
7619118
4857444
6933465
4995180
7042431
70491
15981012
18116467
1015158
3419753
5354635
32937052
27988821
419634
35624316
75243
2548911
4006848
8267
27171755
18428883
172417
7737564
14349131
54926
5524172
2765282
8322463
11815457
3698216
12272965
5413856
1536924
1117579
5952441
22445011
5998749
18281728
15373671
1179408
8943338
9632459
6093986
6381891
4478813
14128935
85133
2006816
5423184
133272
434333
2009456
164988
12158044
9269514
928627
59406
2989463
3485527
4033854
5172536
23384912
10864367
17163247
11113637
37386936
7017284
4755697
2167755
6290011
28293835
555273
3106870
12506501
8089809
353230
11610631
8677615
10724368
2729807
529849
41599
1110847
7688733
1161957
10835620
32022548
5326061
26853806
137114
2467481
350021
11197153
6561908
6072660
7970688
2781782
26392199
1246257
1045350
27682
16321632
71276
12583349
3794776
3897102
8875956
6199201
5216385
12901533
5593303
484885
3883028
22457872
182398
2030492
321991
10887236
2056996
23495988
84852
3316420
60271
25158326
25426893
7697000
135660
7251885
603493
5641616
4172573
5916009
545403
353812
15433497
10715087
3479048
5838292
6041254
16626722
2018154
2654344
6271199
10227
3032433
4378228
68126
201120
23097427
34593
5759085
1720390
8768130
2843454
947983
9102
9876420
6016273
2613067
1365351
