1079896
108541
667113
644766
9162
13417
89950
600631
395379
508599
781832
620268
680646
90562
219747
2118
207792
3452
122845
1060667
874122
327793
367127
219035
172002
715909
643146
278207
853448
3335
455381
736282
37908
323859
546251
1908
192965
50223
35290
11822
22669
331851
342060
125371
143837
70751
408040
21655
87996
962893
37670
321176
100280
158196
8480
264236
80042
694961
145542
644647
752616
301293
339302
49955
1014555
1117936
468956
974632
200920
787702
96225
930507
96268
698119
425796
22107
9790
69798
29685
827910
125034
22223
855428
129613
567635
7689
698537
743481
995708
24811
345704
635299
74227
107924
1018746
353209
733870
270679
1071100
203053
192412
213003
598549
9362
681946
49493
535092
917613
646621
89468
132779
637220
240470
1461
104039
61023
989
672864
644878
984474
806528
80078
85657
30669
1032923
12258
54836
37305
29543
215755
108118
48598
187293
528218
71018
734024
341247
23734
29447
5838
173183
270355
156605
287783
6676
96342
314873
442642
431932
3602
856991
67667
4079
95432
376276
101920
1001209
122800
176578
170957
71084
19560
646083
177213
1087816
92128
285863
566331
3152
100958
71166
231050
217323
162635
608286
102606
61519
643279
175315
185912
413562
696875
37037
62662
60179
61882
205673
882596
139227
85658
23796
70081
217187
84174
161439
38585
649455
22463
396
65170
324178
124665
128702
30851
116888
64754
174682
98193
1015239
336787
700175
125048
712162
16948
122843
123134
102873
1006931
486880
4020
642671
6594
601246
923232
961845
71885
137316
675847
731412
4463
76785
409552
28137
97309
4772
728304
641485
715155
730472
194460
217667
7459
7712
167008
206271
166181
29662
375774
850782
6194
177584
300534
86182
60540
635519
1249
58489
206548
26216
615353
33472
301607
653473
20351
140471
199358
70233
693282
686811
177161
82721
8117
27644
55802
1034426
692167
217121
1013878
1084106
1030432
83213
24372
685773
114327
17127
331246
234956
754897
73108
60312
642453
67849
426101
114443
89951
38675
55879
470198
91447
30629
71095
75228
794063
65594
90679
60455
13691
26666
699925
23654
665179
789695
71602
8209
3807
699563
680045
7418
130877
82058
1000950
85148
643088
6932
23528
486959
100414
25114
790999
4838
226799
754127
271961
733136
166594
28072
227195
159537
1030085
747781
3399
86295
12240
971063
379920
278859
3429
229006
328
293716
102374
188807
610026
692138
574709
74308
671019
419499
223033
553603
165799
799296
649243
732816
727690
685055
170441
662172
30363
665744
710975
725945
274637
774989
132645
354894
10621
130378
659383
230682
313757
71488
693176
647754
681378
84856
1104765
4993
17825
4311
561748
158901
144298
442153
3564
24456
8941
49750
29439
1247
191415
163630
71634
1101045
773117
587114
196614
226946
774646
59941
371165
81981
54830
4004
15151
137008
839501
131799
27538
232346
16531
7376
137483
327748
92906
992730
101719
3154
75008
771180
339141
229792
166147
644827
37374
949002
529808
60982
23418
107882
647981
267663
16889
1507
65857
635672
74097
97109
644311
21697
227079
192967
678827
145706
754282
957446
863057
10072
63025
96594
8644
27004
127697
59647
645629
131148
814940
865853
790701
3437
696592
87522
62610
37012
203823
69844
16515
643385
133824
37132
91268
616053
280059
2126
294645
60585
114470
430850
91404
764160
6349
542293
1012808
176456
216122
17737
4488
21823
1526
75076
37306
52758
669066
664531
176637
654900
135193
113629
47472
101094
122405
71204
219651
23022
1034251
108113
218037
642480
831136
837082
143890
102261
6130
657377
231489
943243
69812
63736
9070
67964
4323
176831
289368
1052212
107492
663849
950593
16020
508339
85743
1069947
119778
705155
216645
1079206
118294
127172
991893
3583
960026
179134
889125
60229
492502
159312
714495
690388
74438
31199
1032280
5734
312265
6511
699729
47878
87810
203901
59983
343346
696509
61712
61120
21211
51062
303799
154907
295011
318695
761578
204415
1023269
711483
747389
740
131002
3005
24775
122673
5156
21430
118230
186794
87950
263104
108206
257654
1119714
807041
17399
84350
84014
60132
36711
3138
89888
235458
339697
1076285
1074
50993
5175
950752
101721
164517
92621
202152
2208
107485
19297
82325
8701
3420
79778
92098
79813
671879
731312
415700
477206
36885
57761
197770
83080
409121
23698
24164
84737
21781
56348
725875
663311
740137
129912
17750
673035
786938
365710
36313
748616
301876
681735
615181
8514
687238
61517
223576
28904
811479
2174
367947
17317
869219
23035
122900
28966
795991
33826
35765
60456
14602
24190
679529
748795
223178
3071
8394
468845
1008964
69786
191951
1013584
5500
862133
635150
88797
549509
1289
7737
328166
352209
102341
188544
640928
275050
102389
657450
26335
11796
689829
37967
96186
1087068
110664
643560
729382
127056
301524
116948
5549
63030
28945
712124
872609
4326
345162
445305
736092
1843
9177
19821
13414
776847
677124
78613
99665
101624
193227
343060
880810
3505
304446
36580
1014206
713655
175523
251218
194709
9011
113758
715615
489992
291544
1122918
664741
49800
96750
1009191
35814
62890
7840
1122545
169523
404396
7918
71218
645505
90087
264705
31038
130669
36474
123248
30648
672567
943051
7200
22027
1089811
38442
29761
17855
884241
23869
88965
3359
90845
939679
173193
191423
55023
600762
2013
393687
713047
1612
439593
149304
137982
687801
278203
200306
711939
1064327
130984
643341
513169
186239
21549
640372
696115
52260
699491
108983
81986
242978
87942
746834
17152
568447
9382
18552
737534
646130
648347
268090
541723
196459
3156
820997
203999
687671
727828
68307
222550
39827
66421
32575
58922
265154
36654
233765
95813
21821
33467
427157
690122
176101
1039106
804688
37363
693784
54813
897666
126853
124214
938820
71092
513204
149631
1119831
638632
9258
328122
121953
177101
498917
47454
52578
127652
649132
853015
60551
187595
62739
184155
24554
4798
145259
1065019
341980
49647
587389
391474
3996
686421
324281
854329
4892
62873
125688
129497
122759
856803
23044
979548
683352
667330
3946
77352
131825
103015
27682
8952
1066844
144624
71179
684656
155865
713388
216445
182588
90165
59838
740991
100924
125383
214319
192249
766884
68255
16235
23187
4945
916468
131393
621245
908778
12704
685972
647994
36267
74868
2850
67980
645121
19996
178274
68315
639677
59834
132759
19270
10874
336215
430547
503156
110087
100881
23141
60473
58419
95825
325182
184314
1006489
798104
159927
262984
213325
736804
745633
175130
216238
21646
457731
72488
219236
644645
245019
79695
19033
7294
649264
152094
176681
1072137
74031
35682
4075
291185
703961
1038170
49662
57500
2973
12892
27053
717436
163440
327925
130248
735981
322222
5451
137766
36085
232413
1037083
131885
4110
306892
232018
478524
85568
983151
43743
64315
8122
200191
161227
146279
217261
183844
855661
169753
1022883
112147
280986
633923
18176
229264
176640
74582
865470
935515
656065
768258
5130
445263
711199
92974
21940
866081
305901
410196
135351
138054
158754
29732
30395
72650
356926
311519
307299
10049
9088
63819
622595
968674
202006
177336
156906
644898
219028
57751
24555
63181
19144
6939
41696
108603
656639
6312
727988
156802
126444
648635
20808
14415
31287
166763
726585
837753
748086
29697
106933
773168
715136
1063971
3493
977507
21754
683618
91446
4081
772097
81540
196559
8186
131826
11321
86324
88005
751972
994762
290288
214058
22460
202408
25945
983046
7985
23127
314595
47488
66217
7970
411640
8724
37781
88912
22658
3106
673350
129280
370284
122974
5570
1117955
24732
88585
114349
688098
707836
3497
593582
269839
1631
63092
706630
24048
1374
301045
132935
465125
1013642
84808
47112
90212
86185
130974
126287
138401
151258
726228
