12368
10657
10717
1622
9884
12467
2320
2873
11254
1892
11315
6667
889
3818
292
8350
6824
2861
5943
9385
14085
4084
10226
3757
9375
6618
4351
8160
6670
7384
14121
8221
3398
8741
262
1099
14418
8879
10919
343
565
7817
1472
896
12190
14206
2429
9697
13459
3803
12246
7137
1074
10555
10957
588
701
8861
7948
7187
220
13662
10020
7354
2842
14067
10894
13890
6425
4830
11082
11789
95
381
12176
13362
8625
13155
578
14996
2173
5643
1067
5732
14473
2025
8482
12052
13239
10675
4622
2803
1198
1831
14057
10623
12433
15035
4598
11098
13253
14677
77
7035
7636
1563
3354
2780
3742
15110
8217
13301
13399
13029
596
3639
4761
2205
10969
10063
15207
3925
14557
8441
5995
2273
14400
4835
6733
14586
14020
10175
3706
4056
13680
3132
8792
13170
8284
13339
51
4183
4837
14316
9217
10847
313
9290
9806
11844
845
545
4495
451
5353
14591
12878
946
10105
12701
15150
8597
5051
15037
3338
10858
14495
3621
9169
2746
14791
2732
1836
672
2511
9098
4305
4790
13101
256
3070
11977
7620
5395
13488
5677
6749
12243
4489
10339
3223
12629
6204
5054
5044
2592
2978
13207
2139
7118
4339
1081
15029
4269
4579
7060
2957
3156
6966
14490
3162
13566
9798
9759
887
548
6753
10443
13355
2195
8771
9104
2193
3051
1326
6539
14038
5442
4136
5634
5048
11226
13049
7838
1376
4849
11838
4454
4945
4166
6551
12726
12424
7350
15212
8310
10575
4858
14944
14991
4979
4366
517
11477
12579
13982
2393
12527
729
7289
6379
7168
3649
14770
11327
13219
8724
1818
5976
15225
6723
5540
7601
7587
6949
6424
2036
7295
2001
13245
4381
1503
11531
6366
594
8413
5974
975
9905
13470
6855
13194
1025
66
10921
3852
9615
8295
4216
7815
4986
12581
14875
2053
1801
3386
1918
679
11200
4590
9204
999
915
15040
4251
13637
3262
12447
2456
7543
12394
11274
1342
11905
5207
5320
988
8124
7132
7024
11801
10153
4727
7219
12776
10042
11139
12884
13911
4843
1966
8961
10308
1277
10458
10073
6422
10400
7115
8643
4156
5146
12978
9626
13715
7356
1541
10895
11882
9088
3331
2471
13483
6158
2510
8150
7694
11263
12299
7484
3017
4820
14595
1761
14370
7240
4643
9968
8380
6375
12221
367
10965
12783
874
401
3400
5623
5265
5619
14167
6628
9436
6286
4577
10823
11445
3607
7731
14156
4363
11933
2719
10091
3127
5108
8977
3734
12879
8897
10843
693
3049
4040
1546
12309
14805
11683
1835
15033
3091
13775
13619
2894
6802
11135
13505
12653
8923
1997
10560
6459
14725
222
6591
14414
14229
7797
2967
1388
3764
13217
1045
15020
10230
3716
11431
11512
15066
12806
469
14525
4398
363
11886
13184
4785
13652
4853
3799
3378
10142
272
2616
6519
2821
8210
8063
2238
8770
6833
12882
5876
4200
12305
2781
9039
5210
5519
5535
12765
7147
8648
11112
8958
8308
10130
11084
2045
9892
13160
2869
7617
13981
9489
6151
9880
6573
2794
2446
10178
7734
5163
12076
1106
1097
14292
2183
7933
10902
12008
511
11535
9580
13309
14172
2945
14788
12389
9571
437
7100
10126
12016
11229
11994
10271
12383
14599
5918
13016
14545
7232
10659
5819
11697
3676
7530
7473
13590
15169
14526
13746
1248
10169
4811
4450
7502
4335
11384
15093
5355
6879
10319
7849
6633
10390
12542
13130
10665
3282
5823
12215
7853
4751
13406
7901
5379
1819
8714
3587
10502
14061
6354
8569
12457
3229
11148
1276
2458
15210
12703
4647
12504
5941
8510
6704
2573
1406
7903
9679
5696
12374
3491
6501
11700
12925
3983
8953
13174
2728
13840
14048
15087
14279
3897
7931
13178
8499
11749
1714
8236
14924
6342
4314
12074
4881
4953
12613
10343
4787
1177
9301
8062
6805
3521
2914
10266
4551
7319
14893
14947
10545
3549
12698
1085
1357
1439
14133
5175
81
9239
3880
10294
4310
4827
5437
12868
8851
10074
10798
8213
9712
13098
3704
5906
5971
1967
14015
6143
6925
14446
2718
12264
9764
1412
12610
12403
14702
10837
9032
3312
10496
9636
6386
11698
10726
9084
85
13558
7844
4476
8399
12119
4944
12621
1444
10036
9886
4546
5076
4683
12762
13850
12319
15114
12450
88
4189
5890
9176
14332
13197
11666
10797
13457
11588
14130
652
7395
541
1830
6792
10769
3449
9482
7429
13969
10118
1572
14554
9587
15167
6042
5872
6201
12739
10243
5915
12736
6272
6989
4740
10404
7594
4788
13748
5139
12601
11455
14549
5198
14863
8216
1449
2123
12678
12756
4432
6698
14404
8054
4678
3619
3936
11045
14873
13222
3169
14831
15002
14828
3002
14820
6530
1977
9732
3207
745
11765
6323
3415
13630
7486
12848
10883
7600
1717
10480
13495
14041
9004
3717
15228
14718
7581
14610
4666
12061
7457
11325
2263
2519
12830
6894
5075
12499
14520
10853
14357
8356
5721
4880
3034
8947
13929
11796
12324
11412
12354
11271
11240
4220
11002
9726
4878
3570
5937
2539
6901
14511
6912
14626
13851
7640
13090
12560
8113
7309
637
9284
5990
13480
5404
14461
1433
5748
12418
46
5541
3713
10786
1001
12900
249
11853
12435
2812
3913
5585
7235
1145
10943
5838
6058
293
10135
11126
1131
5500
6063
14590
14765
6419
2941
9847
7191
6147
10320
184
2366
5262
9857
3241
12344
2711
14577
12277
6256
5879
13320
7426
8387
2916
2239
11547
3134
10911
3637
3274
4278
1379
6010
3299
2346
11623
9761
7270
6431
2782
12567
128
5650
7690
4162
3407
8100
1415
2726
9779
13112
7245
3150
6653
1417
4823
7872
1961
14283
4838
424
9553
398
3328
9799
14847
6406
11688
8720
4709
10748
12923
14413
12782
4762
4940
2042
13708
8859
5084
1507
13499
968
12318
953
7576
5749
7341
2983
4372
790
9907
13365
2824
7679
13728
2275
12651
10485
10167
13114
13247
9051
5362
9512
766
5783
8077
5461
7566
5565
2809
13880
14097
2085
14673
11851
2065
5206
4237
9947
9829
12994
8487
5888
8461
11573
903
251
14157
2188
12216
3848
6815
6174
12048
13432
9985
14309
2855
10351
14798
1757
4170
11129
8928
10984
7413
10421
13086
4487
9548
13521
10809
8544
4545
3740
7080
8496
6817
1558
14609
14923
6643
6942
9048
2944
4406
12946
2063
9360
11286
5263
9680
9974
6800
12954
6215
5022
14515
8694
8809
13812
13675
8274
3591
1538
10002
3841
15083
15012
13633
11500
4101
11636
2283
13701
11269
6906
4805
8383
4795
2212
7728
10325
2351
9326
13665
10383
6740
2006
3786
12750
11870
4544
8547
2933
12488
11868
11174
10010
8050
14110
4130
14605
8719
3586
14694
6189
12075
3927
13606
6793
7905
7211
8712
6652
11003
13304
2943
9606
12562
395
12645
15133
8707
11458
5013
11690
9081
8218
7548
9274
9346
7940
8430
10794
5593
12774
10313
6098
1108
3348
12608
6203
5152
1736
2047
6383
5372
4236
7623
864
7261
9897
13529
14368
2874
1037
2444
1798
11938
6946
12823
12699
11948
6444
2321
65
8343
2594
10425
4071
2524
913
8273
9494
11198
8635
10959
6087
2350
14970
4907
955
11497
6830
7787
280
6118
14321
6952
5137
2153
245
1706
4230
13062
9527
9146
8632
11674
3844
2610
11208
10386
7886
7432
13438
6770
14350
13628
1825
14068
6260
2705
14712
9172
12054
1694
2554
8978
10825
13830
7090
7469
5526
10327
12861
1950
6697
8398
13874
5806
3940
5376
14735
10004
12682
10499
15046
12633
1545
3722
5860
1469
2765
12436
12768
3176
9208
5247
5361
11105
14408
14176
4478
744
498
3981
15092
14254
10633
11329
10994
3854
9674
9343
3611
11923
13158
3476
14762
14646
7098
5829
2059
2378
5644
13009
6367
14071
11252
8141
9201
1575
4123
377
8899
9442
7490
8876
14656
3755
5366
1813
9165
10933
8307
4831
1860
13106
5913
10963
7895
4575
5809
6745
8465
14815
5179
7986
11152
2300
10949
8064
9704
9950
6701
4283
2248
10680
9668
7758
7615
12734
3030
13473
2965
13836
3928
8646
9795
2343
11793
355
7014
6251
5222
1790
5645
7603
10057
12230
13797
7361
13540
10077
11641
11306
13276
2091
5333
8159
8614
8734
4431
14221
5260
5932
12410
683
6576
6290
1567
14108
11436
2186
12372
13313
11468
362
7643
8836
9793
4871
6138
3113
8462
5935
12193
9056
8117
10723
13113
9258
9397
2469
2613
8453
5734
10721
2464
9037
4731
14007
1530
3859
9775
9328
12519
1809
5479
1843
3465
7101
3654
3089
14432
8877
14287
9610
7799
10869
4257
9727
5799
11397
10052
10200
3957
9557
11972
6973
5715
5752
13787
13596
9045
1700
12370
9834
13721
2303
8789
15220
3850
6096
12460
1584
8997
11825
3371
8843
8837
7702
13133
7041
324
9268
8599
10016
12294
13121
5689
2105
9367
13409
15063
9241
7221
346
13478
6661
9205
569
617
6009
5283
380
7019
13772
7349
8673
2751
2695
15159
13944
4609
70
10348
8937
1489
3256
11589
14235
2051
9525
14145
12836
2847
8109
8197
14500
8246
5388
11705
14343
7767
3805
3404
13878
7515
7790
8703
5303
8283
5066
4364
3296
14128
2191
148
14615
4708
1383
12385
13660
4860
5413
4235
12967
14701
7863
5725
14265
9340
14294
7389
2714
11266
4884
4769
14326
6056
1993
3743
6483
11119
13564
4745
9746
12689
10157
11066
7917
14251
9638
12913
6091
6807
14019
4921
13268
4190
3243
8575
13221
12270
3613
2724
2605
12919
11213
4877
12722
11839
2374
7157
10562
12833
4087
6119
3032
2637
12486
8002
12792
2565
8608
5972
736
13818
12070
6502
4462
200
2302
5952
13845
7756
3280
7573
108
14249
13645
10617
8657
5848
3058
13233
12083
6784
9910
12211
5796
9711
435
10456
644
2667
385
5637
7619
13027
7400
2796
1233
5156
9141
5102
9596
825
8455
9838
8303
14452
13532
14513
12126
6929
13080
12359
2322
12812
5028
7127
10398
5493
8085
14845
11332
6910
7126
11224
14361
15089
12684
14926
8293
4097
4583
11495
3376
6339
9145
2267
3180
1555
10831
12531
13846
9147
3073
8267
2561
6026
8848
8839
13220
14439
2357
9411
10411
14360
9876
1123
4346
11981
14889
4052
9119
5032
10505
13065
6094
5438
3457
5525
3752
1015
6449
6656
5816
8640
12824
10024
6269
14146
555
11659
1726
526
1230
10734
15149
14225
4562
6801
2312
4048
2836
10923
5559
2694
4293
3710
12326
10331
8202
15071
9302
7999
2829
8270
2371
1217
7150
13484
4607
7629
5225
9449
15195
11973
287
7915
13720
11029
140
9993
8044
4161
14353
4135
828
11901
2956
4955
8573
11292
9245
5354
4062
4564
10460
5201
2955
12501
4472
1366
13198
12430
3087
1339
10785
2699
8191
11184
12710
10086
14467
10059
4446
558
6499
5130
3251
3080
3322
10385
15096
10484
5027
8222
13429
2548
12867
14475
10287
5403
2355
2951
7682
4047
6892
10779
7588
6842
14613
14655
7363
13353
5561
4114
911
3801
9126
12442
12047
5290
8532
1486
13592
5359
3542
7352
8636
680
8165
6153
5457
9745
12038
10389
6127
12639
5538
8333
7885
6899
1852
7821
14140
3483
12565
2380
12098
4041
4893
9558
7202
7302
6885
10376
11356
9106
6321
681
1445
14488
8698
11652
6859
8619
8188
7249
8603
9501
10198
101
14081
12963
13128
12880
7386
7222
8328
1061
4899
14686
11643
7683
8271
9309
5373
3766
10590
9171
13571
14438
12970
13500
7089
12719
6173
7652
13552
12169
12151
9967
338
4855
12858
11153
6590
8901
12241
10303
162
10580
2078
14928
12062
5892
9586
868
9454
5214
8661
5566
9778
7183
12539
8003
11404
13209
11534
15185
9772
3396
12915
8882
13105
359
7665
4662
10886
4593
6993
1821
3201
13381
5019
8092
12810
11307
9221
10284
12555
3238
10182
13877
12979
4343
10903
7777
5614
9022
2857
13269
10018
11334
4961
13021
4613
2247
1791
7311
14808
11095
3173
14114
6607
2491
3445
12392
10772
10814
4807
11366
3769
11260
11951
35
9158
8552
2629
11940
423
13683
6666
2570
12498
14654
11247
9017
6427
1447
6720
4765
11543
12548
7606
8850
7978
2697
11546
8480
11533
10310
12068
4599
4872
3016
1044
2040
13043
2476
3825
11727
3603
8112
7458
11624
14760
7969
3085
11230
3213
14571
15148
4792
5129
3245
10688
2558
3661
2293
6891
6282
1847
3721
7086
11846
1162
11242
10048
3147
3119
3101
14288
3389
9334
4146
3831
8503
689
5810
2828
13940
2423
11709
14614
1849
4977
7822
14045
1872
4976
9181
5148
11203
2919
13100
5551
4650
1194
14352
7974
14588
7263
8207
11167
6977
1659
2274
2104
9095
13533
14895
7470
13790
4824
9086
4344
8327
12681
11236
12533
12818
3035
1665
9107
4090
10053
13987
13523
7725
7522
631
1480
10579
9964
7776
138
8459
2972
5191
14583
8491
8606
3807
5706
10264
8474
3288
14201
1200
10321
5581
598
3006
12401
13791
13058
4125
2383
2023
1234
10735
8723
10539
13509
6714
8992
6959
8121
1816
12363
3444
567
3822
7406
6961
4009
5224
7510
519
288
7833
13094
4800
8833
1604
14306
3458
1779
12540
5401
1899
6079
6782
7410
7526
9093
5777
14519
474
10185
7923
12545
12282
12007
4158
3632
15217
14195
9654
8650
9233
11614
6013
5495
12446
13017
13366
15174
1767
12444
12886
15211
10442
4612
8122
10438
1528
10160
9405
2579
4208
1431
4187
10585
13774
14823
9999
3010
10526
552
8826
9895
4024
8282
2859
4059
5465
9515
11758
252
952
2783
2437
431
1280
788
801
2021
6838
18
1031
976
1316
7595
2449
10395
2677
8516
13305
2662
14340
13825
10261
4810
15108
7597
2422
14064
4021
5427
7807
5617
6313
12874
12794
2225
14737
9839
1470
8268
14178
1385
11476
7972
5970
8519
8372
3247
5639
14638
408
11962
340
11159
6555
4063
6636
6246
11631
3487
2165
961
13032
10427
11161
327
9561
7306
14856
13424
14723
3020
12894
480
7177
3043
8795
1681
8917
2017
6533
247
6785
11318
6532
3903
514
9738
4990
8128
11558
14393
1143
5192
12831
3254
12707
11553
4964
2290
8588
8411
5907
9642
2886
9715
11125
12753
13073
749
10752
11676
3047
14799
11401
2534
11711
3
12991
6775
2388
14021
7881
8688
6019
11982
10904
107
910
5908
7330
8172
3532
14272
4091
6525
2296
11506
8761
4099
4634
13299
1925
10262
12258
14688
4923
5510
5227
6432
1787
8886
13759
13413
14630
1810
10660
14275
12936
8846
860
6254
15078
11256
9320
12575
1377
5349
10240
10848
13464
1702
13861
15011
12122
6718
9342
8391
7875
10670
13196
4378
495
13047
8687
2701
5237
14093
1246
9414
2867
4005
4165
15118
12079
13156
371
9549
7891
2339
8915
13865
630
7056
3358
726
12660
3526
9070
5827
7185
1937
1502
14570
14247
12489
6206
8638
926
13075
4273
2122
12393
1617
840
6778
7715
2988
2907
9423
11954
6162
13410
1842
3947
12543
5297
12716
8941
11974
6915
10910
4522
6076
2690
10207
8511
4060
6000
8040
3071
5797
11171
13813
3377
13779
7205
10606
8996
7610
7604
15215
2564
5238
9006
2915
2881
8845
15136
14551
2377
7328
6962
4967
2906
7984
11791
6583
7591
1305
4285
1652
6862
11752
15127
8179
130
9437
5448
10787
795
10532
6397
354
7829
10651
8955
8302
2276
3796
7651
3655
1136
2536
13700
1621
8013
5319
1475
8345
4697
172
13068
5410
9574
13773
2671
5132
3547
9270
10654
12161
2223
6193
3779
3217
6486
4903
1517
13560
6847
13770
1270
3142
1716
6715
8581
10697
13199
9387
391
9788
513
10163
11379
8126
5486
8110
5964
14080
5762
1147
306
12191
485
14208
12262
103
13261
9899
2929
7008
849
14220
4638
411
9871
6157
5042
5004
8709
13762
10689
13815
2798
2098
7257
14168
14597
4404
7388
9305
14621
2287
13215
4016
4948
7932
1274
5865
7016
9517
10503
11645
9394
1844
15015
4660
1698
1201
7143
5596
2204
7953
14803
6451
9782
12675
7557
378
8979
8967
12316
9236
13943
12301
14607
12607
14961
11127
2381
14834
9667
8000
14293
5386
14266
1173
4109
7093
4973
12414
1452
13151
9418
144
12636
2753
11580
8335
11856
1733
5116
5009
2652
14504
12733
7772
1436
7278
14868
12908
10646
11834
12955
14286
1756
11022
14380
2202
9729
11679
14786
13020
2142
11672
6002
11551
1979
4797
12960
9400
9190
7121
3868
924
1513
11924
11483
8204
1958
5685
6757
10859
2508
5621
13420
5394
8156
9925
2826
10378
4258
4851
14956
8137
10104
6446
9061
12378
11761
14842
5909
15203
8186
2648
12089
14899
645
11342
11925
11578
9103
1242
2389
3233
11346
11473
4635
10783
12142
10007
14854
11471
11341
13001
9603
5841
12803
8600
12573
12225
6402
13242
11915
3933
1574
9926
8610
7102
14296
1018
4272
1608
8788
14582
1180
10829
5740
10762
9622
2200
11449
14338
9730
10278
965
295
2424
9791
299
10988
13291
303
13393
677
12863
4937
12837
1992
2490
11691
5516
13901
14435
4553
14181
3749
777
141
115
10983
2480
12005
13912
9079
687
5928
1485
6006
9930
5253
8132
14486
9701
7716
1090
13862
5968
2134
6868
12508
10334
14708
6867
10172
3579
3291
5703
13868
4262
7846
13102
14105
8935
13013
4389
9198
4754
7626
5118
9757
13977
436
8354
7539
5069
11530
7039
7546
7584
11141
7868
5256
1905
15135
14816
7201
2288
11618
11001
1021
14024
2860
4088
6471
7571
5342
8801
389
13334
9029
10704
9255
8738
7501
6052
5589
6764
2081
2563
2072
1335
2083
921
12846
4078
137
11439
5113
5978
2235
4226
15077
12642
6059
9207
15151
11957
4033
4639
6477
13435
6809
3096
8019
8036
7845
7323
808
5708
5451
10992
761
2454
9836
1310
1523
4382
13422
785
8945
3478
4526
4414
9520
8794
5339
135
9647
14307
5855
3116
312
10753
11538
8774
9921
11669
2430
1920
8374
5268
10300
13171
11080
6543
13784
9629
4539
14036
12130
13811
14959
3452
3726
12242
6931
3313
1350
3171
15158
923
6709
9505
3565
2982
9918
3641
10220
6167
8220
3593
10206
8106
3905
11620
6270
14464
10075
9653
6648
8948
5326
7658
748
2289
8849
13657
99
11033
8718
10040
9426
5653
11150
8508
2149
4126
12468
11929
11784
10615
14043
6474
15081
11735
12195
10971
8259
11398
14310
7405
12597
1597
182
1227
2075
8983
6064
11008
10637
7420
13789
4185
238
5684
13264
2189
12705
14987
7015
6756
1043
11786
2421
15016
5245
12328
11527
13694
14378
14474
9559
12236
7854
7316
11036
14931
3548
6624
12910
1348
12167
10092
5564
9033
5727
5671
753
4543
6875
6536
14182
12909
12202
8883
2192
13817
10865
1753
613
14653
1138
10168
11188
4306
12525
1649
9576
5746
4460
11000
563
13338
2843
1895
12413
6564
3598
4008
1212
3754
658
14983
5666
9315
6034
8806
3368
3462
15105
1723
5807
4401
9263
12145
415
1866
1477
8390
7032
14255
6450
8524
1822
14037
12649
10391
228
2237
8903
1187
2411
6814
10233
10259
3916
9532
3566
425
6963
2039
754
2587
8748
656
958
2538
857
14481
7681
4360
10509
11110
1611
3284
1648
593
7449
7942
13211
11816
7050
2529
9109
7754
7780
12937
4541
10608
9188
8914
11767
3949
14104
10196
13097
832
14448
1259
1251
8540
1250
1006
2156
8869
1426
7967
11869
4917
459
3440
6325
233
7332
10409
6372
3729
10146
331
3584
9432
9526
3187
671
4550
2890
1252
3041
5627
9440
3334
8537
2902
8810
14670
7321
14871
12127
13935
12826
13350
6688
15024
11016
6586
3204
5123
2136
8285
6694
4181
7660
10473
11071
10596
8167
11317
6883
7707
14192
5980
3834
690
5330
3771
12664
7305
12738
3106
12399
15065
11594
14319
3578
13329
5304
3939
5659
11492
6639
9821
6198
7246
1784
11409
5787
7520
6819
1229
15068
14366
3776
1188
7858
1620
12852
7254
9151
12889
6223
2682
13297
2327
9248
10381
515
4248
14883
12178
4776
12757
6467
3306
8381
7971
11059
7735
8497
8004
7939
4280
1738
9948
7247
12536
3972
4265
11128
14906
13322
5035
6933
3728
7650
14323
2993
9873
6971
12117
11030
1676
2787
14333
14912
10566
6731
9952
13229
11658
4434
3563
2336
7003
13884
799
4213
4275
1451
11446
7173
7655
1341
8932
12671
5103
8194
15132
10535
4738
3571
627
12254
11956
14852
6608
10342
741
14773
4863
1473
6886
14657
6743
11719
5428
12115
5608
10116
13340
5775
12235
9916
7871
638
4798
11179
5779
1278
700
7256
14830
7808
15119
5053
9273
12058
2253
13754
8578
4534
10237
14369
2624
13544
3614
10437
12411
14538
8300
2487
13122
6538
11331
111
15042
8478
4962
12786
3719
5898
211
499
2447
15026
3018
4600
3876
11337
10890
12476
2755
6227
9338
11514
12256
13930
779
8926
816
8765
4115
13866
2426
12439
14331
4439
14818
11154
14516
14497
919
9265
10257
13201
14457
2583
92
434
5893
3248
13623
14602
2198
12428
7828
6972
15154
2418
8676
4026
1959
12172
12624
13902
1330
14973
14159
3420
9813
3436
12396
2666
2814
11934
9055
4676
14574
6826
765
5946
9866
11908
5523
13296
1386
4253
11348
14376
7398
13681
6262
6037
12139
8102
7738
8562
14705
7018
10878
11214
1853
15058
3784
5912
10067
14023
7200
8163
5031
3216
8731
13373
4571
531
1087
12125
4281
2885
7377
9708
2960
3366
10108
14640
13375
13671
43
13288
3891
14795
9938
5077
14004
3605
3809
4868
3980
1854
3667
6614
6389
14753
9774
5982
6762
12515
5705
13224
13308
12530
4368
4326
10268
9755
1803
6090
6229
815
12480
8469
12971
6695
14720
7325
8046
3235
14663
7517
7810
8315
13955
2784
9869
13368
7740
14362
4108
14242
9648
13870
1667
2077
5458
12438
925
10465
11630
3143
14521
5592
4936
14079
6046
8360
14662
1124
14560
3067
10872
12474
8025
2608
3367
11371
1658
685
5584
12280
8916
9452
8697
3343
11939
8038
8933
8971
1763
11246
1370
6160
2483
8280
4441
8152
1588
13980
13176
235
11638
12162
4345
11900
11469
7097
5709
9503
7653
8136
11511
12702
5759
13007
1116
1720
1414
9434
7742
2725
6012
14553
7644
7498
9991
7911
13961
5337
5680
14466
5763
14738
147
12903
2893
3360
10964
3265
573
9800
7492
14783
1076
10582
10740
2003
1299
8393
14450
12432
9600
10173
3120
7712
5015
933
5578
5576
8685
4725
12704
2215
4420
6433
1413
4428
13131
936
447
9393
11779
8980
11629
14528
8986
12014
2462
3889
7512
4645
12804
14135
3373
3979
9986
8534
12853
3107
12921
11575
7091
15222
6331
1084
8234
9538
11248
12023
998
6475
5232
12898
13550
6587
10974
11434
11978
11015
6004
10701
14088
14915
6940
2272
12992
2416
13856
10536
13989
8470
12109
8922
14522
2551
4456
10429
4918
5058
7439
1909
14620
8367
2323
13125
9114
10602
10338
10236
6448
11821
311
7941
14851
7279
1236
15141
6183
10497
6134
973
14729
2213
421
7290
10205
529
3636
14954
15048
13230
5017
5926
11918
7958
10050
2775
15165
13289
1715
1196
250
3475
239
13324
7066
11648
5870
8988
6646
10719
13386
696
6360
13588
14940
4323
5166
9867
14244
6350
6490
944
3701
10183
878
11338
9945
4473
7709
6247
8702
11665
2022
14149
12959
3745
3900
4194
7379
15
12949
7276
13161
13134
5408
10355
7834
4512
5543
14565
12891
13453
2762
4946
13240
11628
3596
9815
12066
10295
11560
6547
12259
6348
5652
2107
3995
3305
11912
2968
6577
9658
8290
11781
11599
11857
8340
11193
10493
12
676
10541
14073
37
2769
3689
3365
6601
12517
13165
1983
4427
12958
12695
4081
980
6481
8783
8854
1594
1708
2541
10241
13182
11736
8541
13737
13447
10936
4261
3112
13731
10082
9689
4768
189
1027
516
7294
10483
13936
11155
4018
6938
6983
9459
13443
6734
7823
7836
10462
8653
9024
2127
12541
5226
2683
4570
4862
8896
1219
10953
12257
3687
12267
8665
8198
5293
12407
14164
2550
6739
14356
8750
12292
11889
5772
8088
3194
13116
3811
4766
14171
11463
1393
9500
11382
659
7685
9565
8733
7689
11183
6355
2664
9118
453
7582
14668
461
5270
8097
2079
1381
6047
9903
12278
2595
8938
10060
9854
8265
2643
7373
13834
13042
3439
5954
10558
13725
9929
5002
13200
4773
12376
1288
3953
1073
9789
5178
1498
7274
5258
3633
11811
9267
3155
1741
2187
13996
3359
4302
8366
1805
13167
810
5897
9808
3467
8829
5046
7416
11299
9194
1363
3528
9528
12469
6617
7224
3828
12523
3363
13272
9699
3658
6523
14389
5780
13390
6301
14696
11313
11921
6054
10827
2517
5599
8898
4927
2294
13822
851
3215
8419
655
14900
8831
13667
9616
5424
8192
12081
9787
13863
12331
2309
8242
2947
10901
4284
8232
1867
11361
5385
3589
8751
13885
1704
13241
1286
11293
11910
1521
2764
14209
181
8362
9513
7485
1954
6871
6
6934
1464
12283
13752
3026
7559
3653
12883
1500
3349
1387
7499
12796
12859
12288
2841
4104
5536
11400
633
8764
3183
7745
14131
14535
13145
5548
4502
10676
6359
833
997
4157
13651
1392
6043
3511
1615
1701
4624
13581
2802
9429
11800
11395
2588
13528
10431
14636
6510
7313
7175
14810
7859
1688
9735
10867
9544
13951
6566
1112
4707
2020
9753
14733
10358
12742
1839
10920
13476
12196
10193
4677
13853
7919
3688
1657
7078
3886
8799
320
3623
12599
11867
5364
4791
8686
9163
8662
5142
7957
13635
10603
3270
13045
5508
13394
6234
7545
12173
14836
7607
1476
9041
10253
5059
7141
8972
2392
4535
6780
7630
8015
13415
9457
4386
13208
7684
1645
4486
12841
5743
3403
4459
3597
14890
9817
13536
12156
12302
503
10599
12042
10367
7297
5713
13093
9182
6439
12509
6194
7280
11694
10972
13641
3188
13063
3460
9894
6986
4693
9583
3896
1907
8506
11730
6259
3353
3278
1886
3732
6211
5822
4163
10811
6818
3012
8347
4864
169
11571
1443
8518
734
7656
13037
12744
14608
4814
307
6710
8981
15156
12186
12146
509
6222
6609
1585
3083
7215
12421
11383
131
3434
9953
847
8249
12113
14202
13920
8174
9666
10767
13882
7072
7159
4771
6979
2851
8679
3992
14985
10557
9842
8865
15223
6241
12358
10005
14700
12036
3272
9232
14012
5731
8138
1419
9101
5754
7109
2772
4327
13452
12271
2285
3785
8754
5063
539
1290
3342
9444
7298
6945
6985
13974
3762
8278
12521
2582
13317
1861
10892
1155
9259
11927
5765
3931
8237
13285
11740
720
4319
6396
8071
6758
4960
10224
14936
10758
3642
491
5802
349
12431
11064
12332
11566
10304
12464
14127
5739
1092
13481
13002
12962
9568
12223
14903
11751
877
11703
1488
5018
7965
4573
4601
5315
6394
319
14559
10524
8029
8586
6799
1718
6438
9845
5215
6897
4112
2863
468
12688
1556
14290
11911
10775
3387
10975
4743
8974
14216
13600
4133
11916
2675
10369
7075
1293
14502
3397
7723
2504
2736
14934
14026
12356
7300
12290
12478
7830
3480
8056
14584
4298
7203
9018
9167
9665
1024
14482
9253
7860
6123
5595
7677
7672
3681
10345
12287
11681
5162
3146
13258
11701
4453
5243
14126
2376
7296
11872
13599
5244
13501
3737
10707
1582
1267
8428
6190
428
15059
14617
5961
5962
6861
6924
6305
1893
10102
4245
12155
7785
12088
974
5402
3600
4416
5248
13976
14391
14138
1206
10365
4518
4356
6005
14945
11089
8317
2932
9835
9416
7721
2995
10139
1707
2413
9403
5089
7705
11960
12520
4818
758
1863
4287
14921
881
7592
9296
8813
10525
3964
1068
14683
5254
1525
5813
14091
13953
13962
12040
1490
587
9064
10686
9059
7847
14585
12471
13872
9493
2997
3385
3325
14395
11593
8912
2505
1926
11344
10326
1203
12055
13832
8772
14082
8147
7990
14907
7569
22
13374
11163
13401
3295
10530
12030
12840
8130
13136
16
3210
1931
10711
13907
6496
8913
9748
5999
818
12310
5025
11067
4405
1516
10454
10967
12350
3723
5609
5531
7976
9065
12071
15097
4556
4626
8624
12445
3956
2887
14917
11416
10841
14824
4867
13743
14534
12095
9264
6514
298
8645
11228
8446
8769
1890
3568
10219
5117
12483
9143
4500
4508
10871
8263
2650
11942
3219
9136
5856
11100
3853
9384
14211
8559
13730
4010
5751
625
813
13525
11920
2696
7648
11413
406
13631
3117
9111
12357
6956
2750
5323
3529
13425
1360
6877
14891
6774
13277
9644
9646
7959
15162
8962
14029
5930
10188
4826
8425
9030
6412
5917
4277
1792
5440
5302
4661
11078
5969
7264
9269
10512
383
6850
1491
6275
7371
1070
14904
2546
8555
8402
3093
13506
6333
3131
6141
8076
3500
5490
8785
8729
10280
10610
3149
15019
10008
12441
10712
6228
11158
13236
14421
3489
4859
15206
14477
10368
364
13799
2672
3808
4238
1653
11419
