3293
21800
2755
16986
26581
18919
13157
33103
20119
32902
19849
11496
3527
21509
2137
11689
46226
844
4259
6814
128964
37825
26331
27835
12701
3606
16657
64248
33872
6578
26741
9929
5529
5287
12223
15459
10888
11164
12497
2943
44387
37370
35607
4744
36264
4559
20358
3309
1892
19360
24539
7034
22804
44799
2286
39028
1455
15824
13722
2420
1335
2909
6446
54022
35644
95528
32925
22282
2038
348
5433
83461
89305
59206
10125
1267
34076
4359
18955
69109
19100
8362
2274
32491
5367
10927
10709
42533
2512
18380
15626
3007
90506
45733
6169
50428
7986
3256
5908
4063
5331
4754
32481
17285
5344
10498
66089
30323
9473
2925
1906
26938
2418
13581
45141
5180
13388
9033
3031
504
65272
41530
9892
40339
24903
28664
