5111979
17699858
2000043
4259398
25553727
11009747
2418016
2179536
33703040
18999856
5622251
3012454
4498094
1088402
22208479
21588550
525593
205205
165888
8958148
36993
18978861
18582345
4975570
927976
17880860
18267184
18693396
23233079
12767194
20373781
3673386
5578915
35804676
4749161
11857862
5809640
19292475
4806649
3106122
7761
1905978
4876335
9101982
3081024
7987621
25858082
6678588
2402212
4614949
9530772
31187496
12007606
4623627
2694586
39412082
21648238
32897576
88508
1486397
6836573
2895294
18507740
1512827
449455
5951541
17055505
267919
5697913
4746073
791050
3347823
1406674
1074709
2390168
8680746
5978515
7137375
5438682
2996972
5070256
2721331
15518711
41193142
2915268
34594
125085
15292586
30424747
29054232
7182591
23788023
4511956
13428
31187981
36611605
258902
2706894
52499
15613846
5185206
8789471
31294044
23960357
5169935
378896
282558
160521
27355208
360720
11800865
7915557
11387079
19671445
11890728
2369027
8898090
10660225
19643821
6219906
7922113
2142649
15301134
7922156
468517
21537
7807593
22887264
901745
11912315
16220212
40122966
1882437
450775
17715007
12405039
688753
7753079
20704116
2580700
1286255
2182056
3442813
7907542
17044443
400226
26713566
12626147
32918774
2629377
15517966
837604
214667
35601868
30829586
27687284
29617309
2956252
22263504
27919255
20795299
2521972
1225288
5367315
3014770
12802837
6805522
747255
18492920
5286399
2156850
6035050
24287975
7501774
9563924
2259061
4573961
12821857
2930834
17328427
1740232
238509
4793671
315294
4104747
24514649
114768
5489964
6553503
6946277
1185690
5425636
14065828
7169467
7345369
39616833
11651340
195441
19854997
1727599
7384140
816335
18775547
22297568
17910977
2443403
6877078
2217232
6549858
1729841
39038234
1325325
1156944
1300612
3905421
7120594
916291
50281
2507224
7931969
13231072
11237040
41072615
8885768
18184262
6796929
1049524
11467071
28043211
5260677
4306805
6884204
33945429
9097861
25062487
435434
911416
3762553
2035301
18084076
7465947
22739746
19321344
4711581
13813862
33596985
378812
718951
2521426
17837469
845451
18339306
3804881
9029577
2404579
8647123
5124945
5643788
20022784
18947838
13451949
25292007
7529129
1355631
33285824
2211672
8917875
4209419
30855775
26667107
17524824
26428729
1828899
88307
8754964
11612011
28256512
12617943
5253827
23649834
25013888
22173142
1445355
9936123
495786
16517665
41437778
174317
11689921
80508
8190903
1356662
18293475
2971031
2630330
15019951
1233006
14149161
7049791
1528433
2570000
9273202
1570739
13221924
39776606
10034646
3969143
6817747
17962867
21688418
6503895
866578
10027634
11598857
3919767
4077287
2316193
11596658
2454139
22314552
644220
3770045
3891755
15155883
2767653
17266283
12366244
3807624
86086
14787657
2105805
8374174
6431084
16724648
24506639
30405518
10890481
20875677
14295391
1342535
23093615
17454544
34273308
9656885
6739495
242320
7765353
9315321
545732
5594668
35229981
2464044
437730
19052932
3465632
995515
12192167
3243388
19233995
5884925
11018282
28854
2560373
275230
24973881
3741317
350861
1076817
31976859
5876184
2673659
3245513
28487265
7886042
11388508
3557610
6225698
10476919
4259445
188545
4795866
34527945
4839217
834287
1113086
55592
29895234
27383277
28695175
6132913
357597
11342161
20951101
24688
9825469
15936766
1776130
13753610
1231086
23295203
16289672
15561751
19576545
16191540
1380691
5878964
8343876
20386
1496451
519641
13774932
15220236
21667403
12979896
1889137
5989394
8288672
2528944
3597862
671515
2698631
37464007
10600561
1607566
16117996
31521357
14278443
7077101
273856
2523034
9488431
28965623
37925258
10123695
15310593
12123868
29239278
4139103
11182963
11691570
9193728
33946222
10254748
4165619
2419469
13602676
6214305
20086783
656465
27588066
9552401
16995355
12897344
258243
3018176
5457206
6485082
18613639
13566931
132972
35664343
23276285
2752179
4758179
4809208
6193810
3283023
17592603
9622243
30387166
14806169
11214628
4741578
22633672
9333511
4605437
18769823
256605
8563381
11188781
4977682
1824776
10810907
31195670
5812019
954664
22821535
9078690
16528566
26752021
13143015
31145069
311992
211386
13800173
1625063
5290033
12660
333657
3567596
6900224
22376880
29086984
1809335
218636
17642810
1339293
38589993
14349024
25051297
7884008
30012871
34890860
1914910
419560
14370655
974610
3931966
19304024
10924115
4743679
359702
7158844
4022
37796082
1480345
110075
4888079
10216358
8454230
536834
13881696
33949
40153893
4272163
12843278
36894883
2675
22613051
524295
1845590
31123675
7809285
15344593
4021663
7499683
3082310
5258782
20579444
15277140
1741407
110615
29284494
15949700
38514951
24094648
40006268
31168541
1848034
4564565
3459305
941003
29005709
6004141
5296955
7565899
22569608
21007886
7130175
28145679
9111127
12545945
3039876
9242328
548337
16339749
685813
22091078
2223227
19907419
18003580
26794206
1174303
1528492
4693526
19205877
1058131
3746507
3301038
979388
3394548
19631433
35884412
8337818
24974767
10032482
2939281
891814
4943
1002905
2646239
14474875
472801
3962049
8727833
5656896
147249
26199414
19382728
19733
40416409
5447805
17802683
4012673
1144875
6659679
11196706
15049386
1969000
10867515
1806164
3984860
2423866
18045540
27815709
6578477
738185
716065
19469656
12789052
2625767
7706530
3308061
7137705
16380411
2326168
5221527
29013965
23265020
325946
41250037
18300605
36038918
942333
3557602
9216540
14359910
2690563
22393521
40169709
29665127
3730183
3680982
6965
7495864
32283226
3674162
744569
35824018
17549116
23618423
6121635
2459331
1164193
1065727
10312146
10831627
5852731
1998723
1671075
2539375
2173819
2620319
7549053
38118316
25108828
294864
6869391
7876688
1280760
28142330
983177
1332617
4296613
2849978
3420412
4407796
26780
5724005
1804065
17618126
16540786
3572295
15799783
4280434
633386
3967907
3827438
366731
6991367
33662185
2997909
11939987
95395
1774049
3102672
5964153
4059453
272609
19261328
14965499
8023959
6073754
3168545
2006413
5097998
19519047
2205563
7154412
29909935
11678046
29971157
258774
15807191
4521642
23653801
9153426
30000825
276619
11520085
17051290
3650931
3323333
10962546
1053828
1186906
6944747
2423713
21170928
4360784
32548949
3941528
3396916
8261971
2706971
1468256
1102296
2177898
35186422
641314
2407352
18970898
10251101
21123580
3672010
3799584
17746667
1464968
14330710
5893605
15442089
7133041
2732553
4259849
617702
21418495
12341578
19325933
1358345
2422864
5691661
7032375
10439016
858376
352129
1075808
394392
34099888
8370135
3414014
7548834
4020912
8507423
2326175
6599304
913561
13227197
5614094
17526538
836
3854225
21351508
27673195
5863186
17838046
1891198
28806895
26826464
6653947
15799373
3674059
14037074
13309942
6794950
8752314
1107526
502550
267750
14338053
15276910
124644
54115
1653064
847430
4062995
308837
1373812
1612619
1069696
6898151
10864565
7394060
4906011
303322
444062
763773
2374655
17208343
12595552
8795578
15168261
23200228
7546731
36344
7100750
2099807
22261753
16918162
4596143
7443
12856428
2215532
6529296
3331734
3535416
79213
32473500
19408735
103010
18349900
651887
2801003
10463669
393141
4647332
5946011
15540448
40433420
4313292
7802287
997209
3419794
10097420
9104763
8592
936704
41000576
18544669
15579942
7306202
8782578
16627677
14864787
4848628
1353207
1687643
8368114
31294856
6672635
6393317
8818173
2818653
308830
23892174
1533637
23918057
4004161
306139
252697
3077299
3736616
6644570
35884241
39296937
13039614
3585399
4720732
3360301
4382615
11217127
8948761
5402095
15506955
2061761
18669770
4736802
5177063
4266299
23364220
20031915
68235
3853310
1161957
28409826
10134962
24656530
5472005
560899
474487
5727961
60868
1594234
208700
4002109
32291465
2142188
2607526
9657371
3447889
3926984
34822310
1851626
3692637
26903943
476562
14868355
2950914
1291799
35195365
11872264
10564864
1053217
929492
1562839
33945486
12180442
39989295
5598909
29715621
1616934
11657711
469252
2517317
2061901
2041710
360734
1009801
7604360
3072722
6845964
9037111
4466494
5401265
2390060
34791875
5292915
3701274
17475885
17214886
2008951
3441559
5899020
1786782
10460087
950945
3145431
66264
5715988
3675176
360177
14738413
15840418
9371982
318684
16927667
26709004
4857114
741888
1073964
8988552
1413531
3251115
1745559
3419659
27260695
37358
9631187
10494116
11560611
359487
3640329
3157699
17818251
1244563
20600576
18485317
13752547
1673099
20969782
26831176
4028027
1794331
29012614
17335291
941221
26964819
192699
750926
214845
27792189
7345565
27579613
2486237
7749432
4962350
13163445
22289440
12563964
4376453
3791539
12037591
17755959
14195487
37528954
2672008
6397662
33683383
11226407
4391870
34329041
249997
32477610
12374834
1849806
10139403
33851632
3808721
3406783
6589296
13686629
902515
26385186
5027214
13061034
1098303
18001079
31033923
16462
482594
30395739
13624232
4001915
228677
19111898
11371583
3197725
1905843
1432068
87507
3210055
5959210
18649630
28559176
94241
959986
4754794
4597739
1366252
3593703
9757019
17474218
13653707
6273791
15279770
25709712
4625234
1470508
6420837
2998243
408719
41794
3694674
3765620
34137377
2799153
2196556
3637363
3753751
807101
1529233
3272754
1280004
31262584
31555169
4066125
2049549
10585394
354517
2395
37213689
2517074
402925
25004667
25949507
846752
30674138
9220104
13512542
3448033
3247350
18121750
56434
9130825
3852071
1923762
1237524
6059748
14814023
2804654
10898771
5297552
12975072
4873258
736316
1181570
63820
2661329
3882163
40931
2711869
25348116
31238242
14238385
1222199
6565716
24428361
3243660
285352
209542
10933653
11389689
14691105
354848
5037638
37909006
691551
2511575
28801479
6443294
9063818
27742426
24965221
5896979
2827414
4351836
28191495
21491183
15933899
4124358
47878
5827380
548499
952256
6208159
5077183
870203
16997857
10230431
3463772
30618662
672843
2648253
9632415
28950574
9817476
2680503
25482128
9445184
6583571
265590
3830097
8391812
346958
7760801
2086748
5074514
2076018
3208302
2523334
33498362
21270964
167187
1783234
2218788
3846296
1010574
2345829
961595
8402052
22950638
957194
31720619
279303
19413096
1322386
11741708
1748514
18774929
26420432
21175172
12199
38350356
3601958
27160398
11689237
2210689
200967
1690593
63716
2050418
8862809
174211
35089205
15829644
22168016
15356221
17189932
392015
25930742
14282577
7501543
11780807
1294385
39686540
20467738
1357263
1240387
3003437
2282386
38145881
1700435
5156565
5002003
2464388
14908188
351136
27863489
25317
3203994
3299737
311921
28162493
2297811
6964488
57655
2519346
5322880
14115991
153580
1171197
18659511
28697219
16279519
340164
12865110
1808062
17667584
11601118
1706809
3834839
6138759
20493968
1121754
4573288
34247295
1910042
5859030
7385429
5630654
9494408
10908457
40955017
2472661
6733631
2983786
10708375
1967738
15048417
29327
30621754
10926469
3679101
41331143
1406316
3371320
947356
36256
3220945
2078710
367945
2902501
7119511
28752910
3672427
32063
3391397
25482890
8088939
21952955
1127526
24773384
16600629
3440081
1313294
2579062
474795
7059217
8510015
3789997
4580483
72702
37363195
5326922
13751817
1113393
12236719
39168465
5368
1931088
9912104
4816219
14833055
598450
17818384
3271396
21149898
17282334
17011
35188070
2372694
14690424
13819812
1105777
15599
2139432
6433811
4997443
19788220
27770682
4689081
1623970
3765850
23242828
5659046
15806281
680144
24158460
14723431
39360426
19738449
29306754
1417120
22850509
14719609
360063
972380
1470007
4418249
16134324
300617
17387259
1453655
888139
27892182
4873411
3449945
4088849
556357
3153209
11396188
4349202
6844427
2510958
4586292
14317853
366582
34766592
2179895
7148254
16085687
2994556
297394
2793693
13221583
1571966
1471554
12688140
9332490
13048768
4841532
1275720
27493444
1564241
6789911
5739912
1639504
3333750
12383432
33819
17860757
18943655
25233221
5352092
2292261
119140
15092661
2818939
6737322
5471475
9254886
22600006
6838625
2888017
1251137
26713687
14587879
18945800
2839174
2470191
1437332
3102295
626032
4242756
8466809
39157535
795367
23629807
8184876
4506141
20939907
28970114
22828620
7685656
410277
5575726
8991950
12197174
8503213
3428124
237681
4641349
1456256
1091336
5370871
143553
33065452
7140696
550798
10328055
1633660
20282806
3360852
29439242
11911680
682944
29705795
59236
3768188
1060707
3120024
38855729
10217514
2664544
18765103
33675938
604024
12198179
934018
5076122
33790703
33681382
20516895
20401553
2853029
3274930
2738379
1897642
12641475
30934317
26938192
434335
4601894
1448075
5469137
7263247
106671
4413990
20801586
9512812
11705449
858678
13570030
100736
337713
2653468
38935
716820
18000969
5851126
25492825
6189894
3115368
2530045
22008648
7046485
1101915
6303715
2402952
9984736
1303159
2876782
4572150
1087789
20970378
3085383
6395051
35627233
780198
28185562
1693833
9965360
6085078
29489310
34853083
3223720
18466802
5040028
5378735
28190408
17506654
199811
1003779
9295034
12344878
24552383
7967365
33708686
252559
23525678
11846257
20366283
10087222
21220140
97828
4500612
35130236
18297483
32493682
5515151
1324497
20659726
11014098
32680924
2512764
27367367
388699
14358058
485620
1500202
6069306
436056
1387373
1736655
9441186
12814199
9141691
1266646
1769767
3260059
7046142
1756612
4079403
1364320
6082817
302564
397601
24669
93180
18724
31193721
3991011
10245906
452828
5980600
23491895
8465975
9032750
19995955
2354443
2506833
396140
19926102
23637021
54909
17191604
4308182
28710747
6074441
7177248
4978190
1431700
22899122
458095
3786443
41452279
20248739
10754832
4908914
4151311
3820272
2083626
31547630
5109553
20524751
630
6391977
8931125
39157449
155646
28546863
7589935
10879920
2495221
3966464
944994
19039598
21631061
31761065
84441
2772513
5267868
38523527
4169240
15085077
80714
7307793
10816193
4526606
18833196
18097815
623676
4069810
7998296
20215741
4020010
18248639
10332263
26912513
35578080
11948773
18845971
3485549
35420062
41571400
8062944
27106064
955455
5531550
10642499
19800196
6900955
1246680
716954
18123045
1412691
21824528
783290
2543282
4516286
30280076
36331100
812502
22564109
22810731
1121989
828362
8752878
6832372
6032145
13285485
4050299
13244751
26383277
10103324
955158
4212143
5911625
6005182
24482992
4499768
12131958
10277242
852138
2457637
6542247
5234303
22148094
4517049
406753
17723256
36938780
31520831
5330973
5882534
19111570
4118889
1223187
3924199
21934691
4448405
6650503
3651719
5087872
8741575
6656875
20571084
4817744
24239792
13760309
14240584
20621945
5073615
17838810
15445180
28812724
1714757
15078844
1202479
10792048
26657804
28475525
17438876
15003902
25146016
1658460
21042357
7212096
494745
9044285
7922404
12097284
4309613
11595300
33892372
16920203
8663
25113201
20730510
3188313
21763087
10204408
1247692
4527004
1644757
4621467
15743314
25545673
22465684
793880
15263004
17684088
3319513
944070
1007048
6923158
2792357
2259931
28941901
29871016
14967928
3853775
2649032
7109680
9816960
904755
24583331
4121440
3006897
4564414
3375900
1338050
12055029
1481114
3933855
12444143
11821406
2321956
1224149
171388
9183266
14980410
588456
4967587
4506759
1787710
19394176
9510489
18181700
669065
2250172
37738309
17418050
4523119
37751489
7475584
29038063
12855380
3704479
5360423
10794482
9693695
602173
7035360
3734
3222803
3990653
13736331
3150555
22662973
7599371
6153844
4047264
8212394
3398102
34671996
28435600
4913002
50623
15108721
33360689
3140271
40512823
7703907
22530710
7243054
7751099
20121456
4239869
1881666
4388574
10680
1272399
6210553
704063
2930547
3192097
1196674
32199872
3138962
17415164
31560370
25246147
16018843
37885349
4034699
3594820
3576558
10865753
3765199
335005
2897186
10727853
24488696
15036565
30289196
36338021
952848
25320031
4826770
4057840
13640212
36165253
2698388
6499009
4790873
5414877
5461459
6125201
22767357
2183228
16373291
20322817
972073
10994881
38895772
10371112
2579427
10618318
944587
601830
15007710
12315664
7936512
31475997
3067924
9918052
35796030
2889539
5397946
206601
24758365
1907084
14012930
16145391
329299
2314264
3584309
12560778
6920287
860290
13807762
379140
2323036
3885042
17849933
8882153
31210282
1421897
15751937
3755594
372033
1578078
5847991
5465447
1097762
20896409
7586051
75242
5191214
1343494
33798653
5186162
3993637
19290555
19586824
803072
321758
710155
34136384
19294505
5126473
3457287
31688665
34927003
3832082
3766223
7219560
10486521
33676874
173558
1078157
30075389
4062626
5131948
4915605
11003578
6873821
316938
5189462
28202974
6222337
34595298
23143155
22152488
7190344
1518682
27339394
32377925
113334
1410386
16416064
26478502
26534267
3038765
10336787
1547498
340171
167659
32094080
16975352
34928047
27559116
40889827
2644761
11017006
8300884
7074770
6862486
1812816
16189421
33597488
19330828
506294
13895780
690842
36094745
18098167
11446108
8953302
10957577
22709624
9596694
409616
1168070
32491385
5083576
2081541
2313714
969016
5602542
40294953
13689511
8085016
1143588
9692502
37500253
5526233
5289949
2324918
6203753
1450171
1332849
1876498
4401744
4116413
16953709
232445
3650180
6469384
23571309
1397461
26844000
16206692
1622191
7435767
25691
2329607
12271210
35697253
10372584
16456605
166777
3437025
5552615
56450
6189517
13761660
7193522
28850169
9863444
9471148
6887616
7995759
26823780
11965695
1043040
17022939
7469034
4576949
5851891
325023
6592358
31338118
1900269
3039248
36907923
20334828
22430521
2616077
1186958
1996997
15681061
1559479
3642388
7520602
2182536
2099790
27924774
17525214
2767286
6123783
22638472
16543224
3901178
19250290
1951826
917974
3676206
13039494
14588224
16740840
17890607
404701
8653199
77139
4197665
2508723
4093939
9871417
34972086
27288023
4169552
252804
23528633
681760
33385819
18676610
3304118
586545
2268619
33432306
10053467
11383855
8951831
523114
3211090
8062984
3748836
26779434
31459171
11287232
4891223
140971
3422
7983668
18738279
826175
732267
32377666
21982502
27103046
38041065
5952481
1270934
23852206
2322078
5995672
24141459
28971412
6655232
11134616
7292288
2289193
22602102
5048865
6096624
9332017
1105253
804681
2950583
2568211
1013424
2528086
7316588
22357473
1295364
36920707
608801
18334540
6030002
1710599
61071
5762420
8497280
289566
27870149
10962242
107720
3467063
1891895
28585588
18838366
4442485
81484
12731840
21302590
2760159
1374057
1736490
25765
860433
5948390
106654
17661593
30595750
2885362
3238734
1001651
16150595
30154700
1361410
771621
21478041
23076168
15981220
12481300
29098657
6746486
13866320
3216050
23818272
18198245
8712673
3848992
156551
12554330
8394337
5578251
161418
5006501
17384221
72880
24014147
17432557
6976426
2445208
27634480
4307931
6323855
8891991
2968346
17135966
12933101
1556819
12508112
1274169
1580925
19239789
572364
24967930
6252287
52182
28743163
437113
990297
13644004
5221962
10583479
4700001
7750465
22439441
13013466
12456699
7224866
30851628
3879284
5316338
5164901
8949360
11736526
726613
10527709
24304791
70475
13427446
37586695
3695323
26385530
4521673
2218615
3667569
29197529
1706294
31291932
14087503
13005492
183398
925125
6037228
16145210
8740309
13736335
24511790
3703034
26259495
885561
25881438
711589
923005
91594
1541849
16562308
26594017
9638372
10430954
834060
2910693
4493421
9581986
1283031
15329537
4698288
6821973
18553501
15198
16564578
5138415
1171530
14990709
325492
7237486
2584706
2296687
2739420
18838351
676386
9823024
21619580
6239862
645899
23576416
14614627
5602292
6073804
2028790
11675695
6885933
5756247
91383
9829426
15062438
5050028
38766169
2685466
7931767
436825
191140
5085550
17836108
11770426
4518843
18645687
28513060
4323961
18960832
563623
2335271
7678994
21988790
11251059
2029209
1497551
1563886
16383928
24960176
3667910
3889358
29828669
1411073
1422929
19555668
1002460
135213
1581308
25813165
12220286
3366166
10692659
25747333
459395
1609220
407554
5912
1018819
6207944
14624332
21438882
1876361
20619170
3817364
11865640
2929353
20138297
569
9658483
38173213
9734411
12169341
21111134
25620676
474360
17686361
24505431
250112
1626880
4849749
33590396
3072764
9716
36016896
6162200
22642421
17090594
33049596
5501538
624180
1972722
2434506
35365258
1014727
35904416
5086699
12342580
10009814
791047
28948098
1067348
1473300
14856670
328880
5083012
37404763
20898604
9610606
27482222
28460104
4839584
22828065
4669023
13636500
19395455
26778240
12534713
2000419
3855745
3849891
11476042
619262
39883861
23652189
19617865
7800924
15533389
571667
7566405
15676250
16219370
136125
2779108
15395289
25629906
5956212
3558826
3891075
1794899
32825625
5405055
24705575
630011
13837330
22370417
2077348
32140341
2007517
7632677
11860869
16310274
840759
898851
985028
1577539
30003064
243215
10232849
51295
20114755
3408243
6841293
1189260
8250859
11478147
378450
2576111
25798559
855378
4289246
4844399
13532641
612161
28847822
726330
3971330
5858067
7801708
4049718
3520366
28724238
8983078
294521
26284800
13498469
1287159
2004284
7441098
291289
33514858
2899471
28142398
37299180
1978871
3456117
32929415
9048081
21468726
18084442
60286
14724448
6855564
3804776
1346876
2147714
2929438
7262675
21392266
17443824
114742
15803868
5037243
6679201
22652602
2667435
6821102
11580316
1467865
3795454
9258097
3553197
14555470
30340051
3804719
33910875
5507632
2064545
33260267
22653818
1903558
2048654
23413381
38423652
1717552
1891929
245452
2187814
16049602
16525583
7226880
3748872
22109114
684007
12585187
10257657
9329323
14723471
21489116
2504532
28702818
6562443
1218720
738864
2748850
3167232
17238939
4281580
5302035
5088271
27017496
1043447
112778
3926902
114142
21763401
6326957
12709553
10080660
12355738
10287637
4371131
5291632
8842158
12624362
3267879
6352162
31171
1343359
5829832
3567023
4460594
3438471
894923
8775171
24819648
1746189
3620570
23887249
3603476
3769362
27347963
19484895
1296532
442707
5949958
8003784
7666064
4465508
2938725
3161636
5477668
27052869
12418582
20593790
4197658
8983729
26168332
7613695
24775
5777012
25161497
1037
1524857
5213625
7371639
4057476
28812679
846695
10222138
4202232
6876283
8544919
22014350
4998998
35231748
3708321
3560936
4705388
14270494
581540
12072181
936724
2012002
8737366
1274685
1524849
28885517
9581581
25007684
3379128
7151022
6943419
4785574
313578
22184205
29094786
857282
2451560
2124424
29062299
3793146
571090
8536470
488178
15269364
5002752
17830727
37991593
22978217
25868062
7431552
5231602
337063
541191
42274
4428717
13773619
3420857
3430138
31559117
6853429
22389133
1222243
3189602
7722757
4560826
28530060
2759830
13275243
1256152
3173054
5236125
12145241
1319138
5886059
19485013
2615730
13334332
26784312
22067930
5817453
16940554
29811753
2739453
3824697
19474154
18735417
906726
7432685
5293796
4066933
13660737
7794056
18545449
3665112
9443514
28497567
361607
6946330
325533
1884573
9926696
14223962
10321654
6052697
1632577
24663212
5211534
16582362
2203115
34217118
7434149
24041810
9037134
87982
3050848
1067820
22753235
2960257
20637192
5250273
7545506
2527903
33058947
1347860
12501648
10437079
13731963
1348001
5037585
25667082
17488986
24497233
31562039
15473970
2691594
1773032
15807419
23851635
12158727
24461
5354084
15189697
18509732
22357323
2308303
4834192
3043425
14944039
3355211
22098649
12804815
1906455
655776
705969
16479755
16296744
18931548
7483443
224837
6126481
3460000
220304
1383943
6135027
1298099
7704487
28879066
3211777
5217146
7192733
3384081
655314
11313728
2710416
1453842
808068
14911
841871
17404908
1353571
2243511
10627112
7418476
28493100
78304
12784842
19787361
32119459
8717533
26901229
9186859
8644364
158558
3681227
22086598
7002815
8690877
6608746
18705199
30543058
27830348
27150958
10933581
17885818
11112882
14276169
10623261
10134428
31012121
430724
1081087
25350512
3006199
17748677
1168273
2453953
1946306
1359101
4234567
33627786
27991914
7244708
6764945
34046075
3566539
5348473
5119516
19264888
28983331
475013
27184387
1313321
336427
2801005
1173479
725072
4494629
2201012
5813515
29907688
7006622
9851799
21816257
9062375
33496288
6063121
2751898
19095490
1003935
38412691
28434420
20366128
31444708
6273390
2057165
14565215
29446144
13440244
2421323
15593311
2555495
223370
23476000
3092099
10588564
5282971
4737878
3044031
8273138
5287079
7392615
7816626
11127123
1670284
698543
33911053
16230102
750062
1376887
5298497
8606746
3145678
1687415
1486760
681937
2736230
7242324
967422
758307
1119812
13864073
15189828
6563251
103167
24347016
10245889
743178
250420
6635344
10236848
11500082
3000696
947369
28168012
254099
8529638
34746962
12605759
399565
4780914
148377
8840559
18584102
10973514
877209
3604206
1037493
5565670
20508443
32088983
1398071
6394090
3078679
14451835
2585364
4248104
2913718
28965672
3938061
201732
29727518
24405681
2490133
9619677
4526929
455989
11570377
3373445
13781193
391257
10560667
4013518
4699633
25807387
5527115
1395942
24207954
1798
16174147
5004581
3199153
549369
3069036
17512172
3978996
26556676
1850183
28524424
10127612
7671933
19761933
2844037
92276
6806810
101865
5956889
5373479
17732480
5276575
7822125
31083695
2738133
1106565
23966408
2878031
4195251
2788873
34008
23894879
6711837
560821
114509
6125661
662186
25422785
7187457
10211359
697705
640433
8934736
4734990
13198992
9766875
5786133
18017887
20979824
4233521
12455602
5299958
1084500
30944358
9885683
921943
3168229
4845220
3247229
1376437
1252077
1429225
13092426
49505
12339181
20128065
6547320
18633349
8175314
26457796
2185566
744771
3878408
23119946
6742689
5722051
6901811
3530636
6704923
8704903
7872638
9721
5066347
34909168
5185214
16125669
791049
765420
11363680
6283746
14815059
64864
1918254
17847118
7937933
15654888
21380847
4285046
9198076
4468193
23871152
11818371
2493793
6415945
1423995
16705739
5666770
12191165
6229120
12333439
4882625
714239
2730193
8309489
14317254
16379664
4504004
1324970
18344794
29457254
6767308
3307157
62656
17676716
3668786
28277198
730683
7171670
3399050
1155412
898395
35993008
13959989
6972409
5321347
4502008
28607434
2026703
28950011
33222911
14155965
17576317
33596132
98302
36772849
10323715
33761556
3358381
378871
38681309
723493
1102736
17851079
1418019
20585967
1694230
5667174
99314
3771126
3357667
3928378
1336157
15835232
940676
21400224
5762354
402432
2808597
24488362
7417591
8579258
708128
5888687
19484183
2329671
855812
1203095
12633940
3390912
2324839
1978730
11608781
19324627
27331980
368400
63846
4280071
574255
6217478
612679
31493327
5318470
6655443
1218325
3053090
6498033
4802955
677019
28946436
5507523
11324237
2494692
30809671
583769
1714222
122639
710969
35079132
23513403
3257009
18733791
21404584
14077807
30766845
4478
2691028
28974774
1448504
15019618
13299647
7507511
1013133
4336941
414642
33585924
5984934
1898447
2344042
1489912
35913451
1278609
16034737
3507871
3403809
8601279
34515585
4819907
6480307
3667889
18125320
1040768
2763019
483421
16062070
8445811
3775011
8663014
16855
12919901
12492374
810472
27160182
9892
13580816
29356352
1097946
13017303
18215060
25129067
1216831
31195934
86502
16336630
22140822
3883222
8546454
7266266
2321961
3878421
21723491
1123189
13662948
15190947
160469
26623424
24489513
2359398
3195408
25923533
8970380
8670764
6640361
1844380
4007105
86614
31481655
3469986
806054
28418821
7993858
6824466
18808548
888312
9106202
19911234
616845
22940944
21621053
29821717
455822
8464813
8087823
1712046
22237334
41096960
10843558
7652582
9784183
22921
992554
18650110
31266427
13000563
1084462
4362964
160503
15210643
23564971
7038968
3126967
687129
7507371
5960930
8896686
536422
8189840
34570114
3997079
23424876
29768754
4063581
28187121
19582700
6590555
10621311
944035
560474
309679
2080272
9375108
11057408
16002202
52406
23927457
12200499
1072319
28213817
7872235
2663959
18299341
36952239
22158842
897161
9499802
933045
15639651
318667
434710
328988
2063555
31100656
183623
2006873
4577683
1207435
4650647
13090979
20594970
11140368
27988821
36494035
27452796
19929184
8071420
37955340
843985
5775477
462939
7808886
3477567
4373371
23131373
416501
6690219
18305153
15812965
21133956
2142340
17933109
22434537
13119577
714044
6563351
28953865
5707642
20153080
1456214
10162102
2491326
13845450
2480744
11197055
6333918
3749801
9014192
7958759
12020213
9648916
13922279
371231
928271
1061222
1711640
71587
3626060
25501427
2610354
1869809
10773194
183853
14162508
1663299
166831
8067020
2451696
3394448
27728264
5576609
20151260
38273141
36451059
33088378
2681638
16942218
3785014
12886768
28589842
15655567
236314
10036887
4173147
6640976
4878769
482530
12223777
5952441
28454516
33592356
28979751
7382793
17462904
4054494
7578038
117627
25523130
2835030
1926257
168906
227213
298550
6626025
1866960
31574030
152020
12932622
10096179
17710465
757548
17793921
460980
28203947
31837246
19672983
3551805
25536214
3857259
3007049
21231324
74305
3934380
30631265
20955748
975325
2510712
3226176
38786240
310773
15649260
16955330
7620
8238448
98826
7929829
37365
7701810
13029848
583800
1233982
1074738
33913685
6396558
1579708
2367596
121947
4983149
16874384
22372488
2417436
1747176
3282283
10666412
2177823
12231362
9127802
11802097
758457
27286166
19494646
18562808
6306558
17556420
637820
887677
19857948
15985028
2515098
5321676
616036
26633887
28149031
3334771
567627
3129704
5860032
3615433
7270229
1030578
566082
7110002
16230852
152388
2260339
18923637
40481
12632769
10374995
4689216
21505958
16062289
983399
10113051
4356253
17864036
1677914
4195926
422794
4038559
12939184
650245
38162734
2719984
4102953
34455674
4133366
104976
23914197
3920898
19808374
25111996
23247629
3730580
1523781
3638196
466982
897358
21791258
19457508
9108018
4195383
5112724
22592367
17690252
1164397
5339178
2196261
29113760
22957043
5496647
4460782
2885953
7377177
17734928
7596057
6637870
29049478
2858552
22737634
13395761
4812030
28615732
631025
251167
22289623
22660543
17574214
3917965
9090714
28946970
214905
5665641
8426095
14552715
28175308
8947343
30345937
2901127
1157453
235935
7352776
1336594
17225845
4363252
19819806
721981
31439963
8534741
19578905
4815775
6126979
2120769
2966117
4595511
159436
22139462
23166822
12867685
27373399
8387589
563556
1627509
6016541
14223731
4597746
1526350
5984946
36745779
5954244
17137185
4549137
5861918
6282712
25074739
10589901
3374156
25886111
14377418
106255
853957
15192087
12876817
34668056
5082384
1906777
5822817
1771074
606024
10747737
29461684
8005953
18606647
14899109
4536126
23219153
24950200
2366436
955265
4172634
16583475
18263075
37794438
14138193
9846802
8865428
737262
48778
438726
17850135
8186678
3613268
1081047
16012000
45109
4506278
2717981
19293264
1902686
20510588
2195288
555079
10548406
22313988
6360176
25574169
12400327
122383
378061
18279628
31160082
11787305
12498345
2277024
22541926
14480752
10194950
2636757
6310
16607823
565923
7898666
17855752
747590
5235786
4509988
771972
1132592
51630
19951511
8761135
1657854
27746951
14078318
18552016
5221161
21449616
1418529
4510089
31835468
18035304
32527632
6290011
39015160
1876066
5062017
2029721
1038152
3093655
23412639
5021069
17709578
8854509
4172416
13196509
17590695
22154723
2781412
6592857
6218973
28520498
20729137
22796127
4800883
14575293
7715999
15353944
16029515
13878957
2756992
669718
9880569
13805757
2144836
19639108
15003237
5591158
7395412
18767728
2055366
5155558
4135027
5023440
33835
7626110
8147736
17742326
16566135
7264767
338426
123020
31228661
18745563
25138701
2693546
1244005
19026254
19800953
9582482
4324768
2033768
3432110
1363093
7180610
4181754
2340385
2702327
19453861
7315740
3997888
1200210
6411187
5927547
1177643
1101250
26776470
1965985
11371917
8333925
606699
19016635
40566424
732296
7054860
10263528
18439576
30546443
4421668
14926632
254730
3462617
2028845
26884720
11570384
2291993
36827144
18197689
6797331
704790
37723814
5714605
18930643
7490936
2212887
169834
9759084
4088887
6246876
3290182
4015752
95358
9258594
358781
2194595
7060445
4360716
34029
748459
5338081
25126547
2753958
7018693
663497
20934233
973314
16194566
17304682
4486408
9184
128612
27735862
13476650
14863304
83828
38412070
115472
9634509
21348035
1496979
26636636
31487794
5732255
14647961
12980028
229997
312471
18734199
4876676
1827970
3270700
25617735
3069985
1984150
17519455
18972298
10724523
575108
13655420
6812915
205851
105721
17732274
4575441
32833546
14530961
20930470
31023138
8101760
21413499
8342330
22112152
4450076
14939094
9560187
10351875
5930141
543988
5507757
3268377
1569381
2933843
2736225
33194280
1058880
139585
18818977
197880
5878027
12718
1696305
8498711
12355018
6007610
18273347
2010277
318194
51533
29675737
2500777
25905398
2256843
16766464
10512363
6429002
1996079
594107
6645203
3428665
910945
93427
10985764
18538179
3947027
8041767
19840298
1808448
13704663
1284777
142056
14327927
20901586
2364287
192222
991361
19732721
2917745
40563356
40962775
5518463
470738
4307678
4014555
15918571
56600
29369065
33366091
4853304
4231466
12194744
10318670
4181368
11805114
22684170
11307
19666524
6021396
52032
4812168
5109555
11687352
25457589
5823762
1016785
28407240
4703129
2668695
376701
6396680
4568787
2869583
27450058
8784855
1269815
1374276
5029093
2599606
13389927
4055916
6364182
2323129
3415049
1063993
9881779
24395004
1608946
25876884
465498
28280606
10875984
1874545
40256275
20604162
29302822
4322939
18343604
5434152
1877720
2084970
14842627
10804935
4427939
4488680
10356700
31896976
33219176
2204307
10606119
10866046
35049981
6675959
33578683
5916739
7648092
33548206
10441460
80355
74413
4549765
24525164
278568
5499372
36830057
4971509
10997047
2446786
659807
5399089
345253
204481
1794439
4963514
18331223
24010473
7140201
854033
3078842
1042718
17194169
15564059
12479341
24626474
14295540
24195268
6179276
12261419
18491400
18685505
26906345
21499518
11124696
26608820
17676504
4518731
34945086
304911
13443586
3611698
1058597
3942004
1235896
4159020
1388040
22571629
1886422
10848536
4665488
3670382
4752741
8919070
7603812
19297001
5009183
5933642
19019908
4354191
4057427
12682761
5752051
21782486
2003768
13847630
30689544
4052035
5839856
287202
2310129
15337679
21374257
2604888
177366
774938
14372147
14739614
29917341
6214
8963249
778569
26141656
556940
9259717
15526046
10989002
53895
4963983
435308
28623802
33001845
13089342
828791
25632002
391262
4471473
1287606
23117625
3263648
30048016
5189595
46808
9141955
6037293
20979719
21131733
6262159
454623
29532987
951600
14691274
24232142
15007589
10029204
6390143
974160
4472200
3782194
2393572
15136321
394971
2466919
488472
3063
5889263
35417734
9374063
2843746
11603256
3229470
26172283
1215901
5234075
17388682
15506836
18089990
19658890
17829205
34341921
17410547
4541285
12235827
14722435
48992
117370
107938
6102885
4352886
5609827
5472552
5741417
1046352
5053494
1405318
9314957
5658560
5560527
13601835
8911617
4341276
15191612
581941
15200252
28935437
953112
13784649
7370053
29735575
5817506
13520763
5603553
2276432
332297
3249509
1632169
1905146
6723903
6744317
26341001
2783972
32368136
5482803
26076867
20064677
935862
4469421
4198923
2965730
9585017
4305498
11142753
39688004
1571376
6881861
29944573
6051150
1757637
16539471
1838410
12181143
6049969
9989880
1413777
25181685
212899
1458934
20206935
92409
113529
26545825
2305254
3327554
3941251
4383595
4120208
17702365
4969104
13041361
46298
3705258
7575969
19486605
357952
16131200
716779
1668186
14481519
135871
3264328
7848413
5442150
3008579
14310600
18249584
130490
31853043
28477994
5858219
491421
7905257
19450572
7973636
985610
884728
2148047
1981250
31007890
474928
38007885
2287364
2312778
38747
17749348
1851836
14522777
3579302
3031970
3082990
1970598
10083
3635
34323089
8161377
3861422
4376692
2403479
2800705
920787
226174
1122235
19559457
1866434
17017308
17393908
17488330
23832498
1008155
5159239
15604132
5301921
11942078
39724696
5563237
38982432
16487452
13848052
1341436
26533701
9502697
5366145
26706489
13737300
696450
10278500
16344588
1595616
3929467
23197259
4426249
4660027
1747241
1663010
21252366
7514295
4395611
33981960
3306234
332941
344073
6635217
1567344
1351797
18616466
4789438
3217300
1814659
3358063
6700263
4002
22203364
3855946
37478
9818133
4824936
10949807
218501
37286438
10681585
2109967
16346525
30451911
163531
3225981
12617665
10195844
23079567
66571
18754296
15648579
28630147
5434273
37598258
12722379
986229
9118781
373152
570267
22226648
1452092
3105549
20414741
4015214
1096419
8081020
4032832
10853529
5386649
4114521
4870915
1838022
17915637
32765426
12645224
879416
858073
2364766
2634006
1369668
7530071
19352832
140115
2511258
1182896
316003
2345438
23466
692525
9642307
3777237
844239
415596
4597630
787740
16875
30696789
2442087
4596
19254122
22225168
5998629
4259545
41050699
8430368
3783440
363970
13198820
1175073
4996302
1030073
2360550
2825668
13074634
1782199
15662803
29655238
2991450
10014858
9537060
5006849
516838
29087185
4000604
33248594
6206
1353019
6924595
792084
939027
4693627
3310245
8173655
4994310
814230
48858
6827780
2238258
3427355
8278616
31564689
1218880
4544392
21584266
5285426
3367711
5711101
28475959
37197003
18979851
6546372
7003225
26657999
41054210
27957703
13407280
4487588
19036425
13885892
11289415
33147400
1239271
442351
161018
4331878
15676541
12874883
1629911
2743569
27105631
24998446
3398438
24115544
10615296
21035084
77235
446955
4906799
8726618
22830
27826646
2625964
2888948
2772926
27928423
17767306
6267334
3453950
6405717
2069892
7199801
703664
25285911
5180181
3705968
4332387
18624077
27904783
14300185
16298606
40440323
13411605
5625567
23560570
20837701
9322747
11839964
866956
228781
23852160
781772
2772493
2240727
2012
1128041
12742380
1071330
1933468
7672650
8915008
22797479
2101772
3539398
3633489
2453554
22503598
1285445
17087586
9867973
5532178
22579193
4912701
843958
2567287
4215270
5490364
21680964
6945439
12604654
1151518
3652422
5199139
2058458
30655606
2766796
1463174
1184492
15323922
3162744
355119
23278297
3447040
10652837
5611470
4491904
6167928
8577630
2629111
3544791
15368320
1050100
1695934
8404235
23876234
229039
605846
10638890
2647198
1978773
2052532
4554046
16258309
8494426
1228090
41414069
31171973
396120
19328463
27588393
873838
70265
23577691
15326261
4503988
13343306
17050003
797576
2801872
1750533
13345195
27943858
7426082
838826
5031633
4832426
2178065
15248408
759680
6492775
3910356
18792357
7940304
5605249
1853003
3720029
1415278
1001616
17759394
26839943
2088154
31184048
11836851
10150967
23068137
8767830
54966
38717807
17879837
25597410
28949451
639122
1490160
2448606
12521
31658689
8684153
43126
860519
3277711
11612756
3055248
25759137
2968691
997160
319850
5117688
8116425
27933471
22365007
950214
3698908
16848169
2268424
6028273
8910978
5766970
2220598
6944158
21832728
12233282
3678966
12591756
8825179
2169679
453289
1456216
6064178
15685451
3680050
3662779
13348295
2205028
7935122
5773628
20202264
8787470
956127
10588989
15836537
8822571
5246954
10136558
17747936
39849987
15251138
4227937
21227460
1243910
17366535
34344435
46891
41481796
7077167
10218869
18193680
599000
7854593
30984
1629628
10470238
4956458
10259677
1659961
7439312
13024409
1759603
22126280
9034853
4298170
3650729
4201694
118111
5816458
1273863
1861951
26285437
21684936
829558
2572616
7168564
2153425
19356844
21239480
28974219
10248988
15810708
29780381
1012629
4182245
17796915
1131299
8626049
8105844
11177107
7119255
14958003
12637211
2218864
39709044
22071406
27415983
11457245
1400766
19859457
795911
31175432
14757066
13887348
29738529
9026782
2563163
17422301
2855398
4331468
5903059
32355130
34469579
7152869
2925039
3974023
4474790
3449607
1438746
1637863
1291835
33002291
3973430
4751441
17811840
3665614
4571160
15938151
2163859
24084
7993988
11595841
81653
1797988
492336
8006070
17805401
33910812
28558608
27791485
28445724
16292651
25288841
641809
15249956
4578813
21001240
149784
31121818
30104195
24166710
227282
15022985
3853406
3316843
844039
3519200
2314321
4397982
1173966
1387069
1533
7398090
11525811
3928634
5623921
33197099
2470
22753202
7562541
5331918
6022038
10469007
1843620
5811886
11044643
4096350
8606474
4107166
4641544
14108659
1385572
6053280
19159308
655236
22775316
8467730
935224
3412903
2756804
8484
24716509
21646819
1150649
4020412
34671990
15208737
368569
7871299
28109610
31427248
4766526
4107380
712620
2980972
13539009
14161346
3635922
9073154
1524620
6780544
5474347
1749507
30506
3644186
4422413
5341542
3986762
1069798
4822348
7769862
18963388
19204671
6502807
12849635
3105960
2341325
19285041
33502081
5380112
10475138
29132314
3953615
434434
4208539
18241589
11751555
7450176
14791896
19756799
16505720
432518
28338257
22091009
28110591
11933355
24997546
297868
18441506
11943179
207059
38554845
317207
4653349
975055
4453777
205554
8058666
8372444
34083023
30627004
4099361
4481345
6487881
4618057
774565
2726324
3127203
13982776
8559860
5568222
38282875
5157416
1511655
534204
1590225
17496625
3962408
871919
962257
758504
36060454
1770642
15961401
33969469
3834253
19596487
20428387
11198759
6941712
18393760
531153
1299370
676054
5120454
250801
8503431
45022
75835
17716216
32518691
861295
26750418
32569409
21808006
1336305
612715
4313811
3734089
1589600
33552463
19850379
85390
26631421
8049771
2215649
4620666
6827311
2792344
21122897
10310266
2022895
3378294
510911
6340567
4377277
1861133
8408711
191699
39899872
28330523
920369
446196
6866137
3876271
10738370
36829597
39975425
6996208
28549633
5296721
2715742
3901314
235949
13779486
7024679
10999266
8356075
14235575
42786
1827987
11148386
5034450
20177135
112123
23346
40102635
129679
12590263
5125649
1998507
247179
1831912
114771
26322903
16733368
55008
6730090
8124977
23179386
2138866
1057228
960397
20449708
848473
5482459
20448945
2683676
3295042
19865598
567237
20118390
127907
655335
19090828
14870
19218492
2535900
3240967
5959270
2941735
15002662
2407994
40399243
21740259
12171951
739261
23815030
1658389
13861878
7951243
8957852
2777678
414941
2377801
240384
8544663
14508284
7061
1364887
22640794
9218992
36433941
108570
3869975
3712000
15987301
37601578
3243949
15071317
745217
2382757
1606692
34457791
1408202
15474065
963076
24174660
2486145
75333
32199121
14292784
11601031
7643628
1479793
1903315
17440058
1461869
7208917
313277
26698072
805427
24112325
11245557
14498
146480
4796095
7385987
4787392
18445281
815310
10804045
24783942
23031593
6813433
5131091
17242098
31225772
2947748
4005325
17929154
6132541
2878569
7075641
17730594
16584761
3644594
5198389
34516470
10489517
5536587
18310986
3449616
6379995
12880360
1740712
5481381
19455781
4223840
5605257
15354531
5105340
8885033
2007192
1074345
9792555
37158550
33507043
14643098
34563119
27967347
10685469
2230626
4483503
3731955
32065568
257660
20821247
10126613
7490427
6881237
5108894
6797779
4477849
19112211
521234
4953690
4547461
25984058
12555384
12392796
1453685
788941
14648351
28548213
6191005
492944
2149491
578604
2966730
4282308
7959025
22110745
5101398
9344817
28958818
3524326
4011037
22289777
7216919
1379737
3729372
3946406
5273156
22151208
89351
22653286
17786327
594508
372363
651165
1657363
28507993
4808577
23668156
556457
21821387
137969
30383210
12622705
19990225
838051
39129995
9200718
995829
17540221
13679309
576878
15634904
22373148
6419602
15989823
20962675
3730880
548144
6979795
19684709
15798722
12461863
12581081
2011166
691570
40090888
675021
8838266
616887
3951854
1638885
6962738
671874
4361367
8106759
5490981
1743583
28430447
19400119
38982700
826127
6797444
1057337
3540752
2205118
6666108
5387000
13806193
6641924
34185107
11756716
13917696
8079165
7019686
11087467
26652291
10921862
8088980
5417550
443527
3632869
22874231
4597246
879018
2481965
18038308
7249853
4858348
16264479
7497666
2141497
15475609
22414000
27813286
14871508
2901078
2282657
21115291
23904906
7541009
2430461
6181133
4908148
654243
2735415
13141019
280222
2964414
1010800
1320836
2755173
7192680
3524047
5709630
9484489
1610201
197629
29268994
8737325
1059731
3354843
1960928
158793
18752528
1048691
13540437
165209
1180064
1317955
15319208
4211853
649780
12281158
3750869
20776193
693899
29732179
4831883
26277180
34573292
12902548
12412201
22281119
7326745
10925792
32791942
12397842
20708859
439251
893951
4460087
21428826
737378
17571227
35892846
20819558
14588014
1273349
2495684
56821
1668028
28977922
4434353
558710
9329611
2886712
18107731
2221971
3183711
20090153
24818864
3060335
159548
24986787
8047311
1483239
7866823
9021631
22735540
7106111
5391671
8495721
19605642
5810993
377611
6288179
3028819
1882273
9646775
9575185
2148322
23559725
39310622
10150551
17231096
2718284
18417194
3455521
11127786
29703332
100242
1734303
3793527
13577492
19659380
17798763
7314366
7342253
12012910
3597215
15799202
26500640
4456926
34744029
10266419
5675536
3463757
2563903
1399400
760442
781122
1793498
19646105
31887343
13805070
21359119
271932
1903540
17565253
2458652
39546504
21762391
7930799
29307475
12135379
20535938
10620215
18845995
25532457
10069027
5349050
2358604
9481114
6755212
10768065
22908004
7402686
17566644
127440
22846918
2507208
4816837
13880037
301708
1307891
2257659
216040
238299
4885099
491776
5638594
10652345
25141540
703588
26590600
816140
30203206
6417319
4439
28213383
1024354
27613666
9214603
3073619
16197232
21429674
6199852
204199
6710
5195248
214424
10396157
32218354
8540352
22975665
7829081
9721760
62433
226865
33992085
21634453
591755
15922386
11121651
6841299
2737534
2372096
15767042
5435192
25903495
15760429
23902504
10239396
229771
1840752
5818185
14950439
21052284
2445941
16972163
14596296
5936104
9850212
1204206
20703957
2189963
7949938
960317
1377225
768298
1122506
585874
499649
9206203
16425847
31840311
27964476
14781271
187788
38648117
31167546
893412
7695636
12913670
17862529
39196333
7588606
1339536
394346
37372982
4152743
5519823
6323827
1434139
1759094
5653072
13074471
2046866
14341783
5270388
3829862
3918659
16485611
2242683
23927459
4645352
742388
974165
1713924
27656275
2389005
32407911
1153780
1675279
40353824
28523609
941976
35964909
1021668
37525811
17405889
831104
20950620
6974288
5501129
764222
2766304
4521382
20098060
3807
10739974
34980
75057
9122978
4674397
19774473
3088628
4233101
1123755
1672781
2638697
7645008
8557671
12501754
40503588
4751349
1496
17599100
3104733
6910709
6484185
15898313
211496
34233982
10272026
6210130
2022154
5941832
2254001
81164
556824
12246378
35106221
18394803
29375948
5220279
8064914
6385677
30027206
9730689
30382023
828942
23678916
5350888
24575163
36341784
13515867
33520162
3833079
82448
1020603
2698023
3810123
542901
9639329
1340646
7136209
11179259
1794940
19249322
6726086
6542297
26968049
4059303
1867353
2520934
938114
5605440
11672362
3953527
8777031
2551622
12552636
11434458
8542698
174447
11959327
12117927
3818844
20693
11088191
2140936
1264
5179520
21184293
6757794
40586508
3831287
862490
9421187
1317696
3572910
3260352
8230131
5171043
36786851
1069715
14206846
23491550
830443
2161105
5070287
2148880
14593046
12265180
20859224
286101
14621489
11377468
3918479
25815519
4691813
7944984
3602209
371637
860389
8506562
21234349
2888701
17103385
18485193
16131791
21130568
7149953
18383369
635838
36340688
17800548
6909160
13808336
19756588
8326879
455673
4771404
6475471
2040465
2729475
770625
13473436
2009756
3836717
807836
992076
13072872
33121314
7148854
7910038
10037588
23488326
7244309
68242
2831524
10286804
4738105
37308938
824249
10888256
1145959
4207912
23874942
495720
4906329
15975128
2098378
2465835
1539581
4350655
14904650
4595
2195719
2452685
22545606
4430002
6752813
29281664
78842
2888870
43191
45396
4154475
164366
6854678
33835801
1291769
217821
2511576
31518414
4221412
2745138
27876603
22658434
14707614
2211088
11965915
110083
3350940
637624
4475120
7441239
517682
28970874
19382435
31731422
30924825
1498633
23164792
33042173
789423
3190804
3038886
66794
3870427
1965248
8803496
1521405
586403
2835408
3181207
1629167
388265
1060261
1947034
6344476
615300
15609341
12492355
5022367
4456631
5584390
4731339
2720620
1427151
12556686
27830230
2944678
853841
4291875
2073805
25761946
4146845
16779563
8499218
29509209
15539059
15131860
24628577
13793431
4280005
7377834
9059077
19789929
2304882
1125595
5880617
25265261
37687222
15542219
32094405
9243889
11593
495704
3484122
17263934
1716044
1752600
10824337
1608329
1465373
3012122
3280303
7431001
3647958
17374337
17842917
5887320
7804928
20934286
332899
5721
5253941
3860284
3840461
6795717
952514
34331698
3422077
14430191
12647934
26761324
8633290
1094473
164512
9128831
3307828
26762484
4670655
2449423
4256026
1837872
13520231
12035906
1713050
29802228
5672400
3257368
18530461
17808711
5455382
3437016
4403204
25508604
9760739
17756879
4143262
24264395
798022
1255864
4978108
10140788
57048
25259827
914025
10480810
19694503
15042208
5472185
2451005
339967
3016102
2497922
1569444
6475510
5702384
7246024
22535985
21759757
4695370
9280183
2716927
20627000
1178454
2679842
1634758
8663953
22579301
5035237
13427882
31236892
38008848
4664752
3669820
776768
9460703
5254034
6740370
2932322
657185
4454966
14377962
10299493
3485820
2053683
33841993
6205242
2862889
1386902
5618380
29853877
300013
2008329
4175859
1171578
12057480
5183881
3195353
27460247
1200068
4564407
16628657
8057579
13879918
14812137
75572
12153880
24292144
2904022
28487604
3041553
1148311
27149808
6419284
3734673
16770515
23787726
31037833
11610649
4690318
29195402
23683286
3538692
3774822
6926126
28272827
3485850
2794176
35917741
8385830
12872811
31293292
6084338
813
1658904
12111354
22798697
5561403
6600824
5100423
4222604
899381
31787317
38800383
8009810
1248174
5084088
36593970
4613942
9304315
1592103
17785146
40486380
19090695
28409414
7898611
6576119
12574269
17862007
9377861
3268329
6194024
9196199
94221
33377075
30956390
16528576
21017378
6850347
1326978
5644768
23326
5290275
36060499
1319145
28241506
1051234
538855
12086234
1140466
2798400
160349
2932596
1461938
31496372
4674270
1987628
1708819
31507451
3931542
1601274
39569221
20665753
2418148
14733475
9796161
22237196
20646729
101573
2209282
19337092
3589608
275526
7250728
3306899
16367380
748882
32450304
8691694
117248
1107030
12811837
1135199
1555552
29805383
6009214
7972355
22537950
30830657
18353141
10163913
83376
72641
13543647
6799732
3304176
2036400
2962085
6092063
4400013
26160418
293266
3157431
13202453
4488154
8265043
34534210
6002583
7321236
5296639
17332716
3407812
10393397
37384753
1256409
28676844
2292514
17434493
5486161
1336743
1214485
5066651
13033529
23148160
24009386
22632611
11832159
34638283
13493433
31530287
9625419
8990279
8514833
4761437
10882
889525
6376643
18495891
28143973
1238169
2406748
588946
13872815
2276141
85275
7185505
2311025
4107749
28466981
2529414
1633027
1500239
10457442
337415
611318
10990041
683372
6637117
11965708
18252461
3011887
7085354
505969
18841051
159308
6750390
6488311
416612
5838570
1295788
26919406
30578357
14217793
5676055
3507454
3947732
25922265
1766257
9760801
1877758
5104053
7132013
5180658
26117272
242579
21643733
448615
49893
15891183
418383
5770365
5645757
100879
2447160
42001
9467691
2273000
13398134
1654357
12853372
1388020
17246748
24015488
7968682
4161527
1856928
1153879
4496020
3144960
1582445
27318217
336461
1025182
1170720
740246
29025134
3796299
1036545
5669041
14296792
11304125
289312
21418639
3118056
975629
2062693
35879593
27691456
17392857
9812216
231129
8482360
1958808
1185693
38815048
234075
15014573
562328
9449756
2326334
8138873
1379210
9164232
11552041
10301154
4846699
474344
6064017
11111499
6122132
2525483
4527386
13680378
8284463
28495595
22468672
798574
5946619
1413561
12552336
493363
17207046
25520889
10172784
21299163
25338133
20319341
1507299
11322988
4341264
17266531
1011572
6601996
21111470
5516675
7998
10207878
19041422
2681403
1099205
4268871
5539745
4671971
9844456
169005
6710570
11493601
4083886
13739445
2915497
10792201
4019332
8468986
1327772
1506882
1446134
20722065
17614939
23921429
425440
7489352
10174732
23200546
4639982
26020993
2927894
196229
11888984
2579593
17325136
27397299
23793975
5651029
1828054
18340497
5806333
972648
16539322
12962117
53710
1474165
12953965
31358397
1403800
10594844
13467663
20379589
4758982
469367
1219135
526221
4411637
1175150
11148993
33675749
2377863
5854841
3434570
5454072
5382209
1248399
5177733
3130694
7946498
4242530
6251456
5466277
393104
28640665
2504766
448082
30397100
4905557
9975997
9463353
15536025
13242918
2146053
6722243
204196
3230216
8577289
588410
3395416
805078
8509442
5996075
11952057
2192718
35123379
4334176
560462
5904934
7914952
27798569
5259217
23967086
9487032
720605
2895989
13970355
12869210
5647967
5584354
2731967
4339616
6636704
9809982
2121753
3438688
4716267
76355
921389
7054880
4401938
4032019
9977592
1647026
380878
2817161
3245964
1424317
5161364
410679
6139869
20932006
1010657
19618599
181059
449451
4381959
8693952
278393
3403257
2262684
7329835
1192068
4778772
711450
2397818
18951225
1700429
836456
6511218
33383192
24254422
1593558
3406879
1025132
6675826
8891263
4479809
579531
3927637
2988365
31365
3161658
3797227
33173512
34855432
1907880
2007840
23355091
2281276
51855
1689928
3898703
1882403
15524403
3543514
21258969
2497800
12270096
32929524
1588059
3481459
12654380
1680489
23111269
5134676
1833130
15512165
6885987
16843487
174428
2683386
30138204
12226488
1050516
5078981
4786056
535935
39457921
3954703
74609
1032610
23098435
8402441
33184474
10184910
8520068
5381144
5206547
2541444
10844249
9145924
498413
17574122
1862042
370435
31859978
18887
7651269
10631849
20575855
6226539
28966898
22302743
20971155
883952
5418810
655218
54163
7811482
1726684
12333837
12774211
25720632
2443885
11049492
6837567
12326299
11272801
2790708
6460920
4412864
13044233
17125831
9224358
67245
1133888
34105250
11948155
38041320
5458007
36721794
29528739
1029906
4600450
17470565
7111344
11487417
4310124
2121198
201507
4332812
24286504
83007
6626301
16093123
2219202
716482
1913519
26172550
7668073
2293145
2255270
14059503
2097912
1921061
3416207
4223501
7048553
2886672
6347436
1914144
9056380
13230884
7513067
244311
8991301
8155590
380511
129084
2057611
8465419
1268192
2521370
33617877
206864
10615868
884568
25682699
23896078
7008284
22192029
29219812
11857638
14603046
5022879
553102
859857
254803
20774594
2132161
929071
5708165
24081447
3931186
4830969
20473778
12203853
597152
31050774
583900
4541732
20082506
20231945
3757772
4843463
8458648
474629
30205681
5982616
22587052
8638452
17500760
3340279
3988016
4331175
680914
27040546
2437815
4625289
14134758
1936551
1619567
21401821
309455
500460
1563300
33597746
28621534
58735
25550854
32570532
20154288
169960
1996792
30054083
2891135
16038075
9196
18084692
5768167
12437727
10308400
33605
26315639
24303739
2486732
13086631
19839111
13668052
8922690
10612123
109191
10814660
19174916
1422715
4469110
214141
19199087
3518977
716331
4918494
5955596
1487144
273288
1023872
4511633
1503909
5386230
4721008
1194594
13967706
1012730
15178942
5978372
2311379
73172
10842310
833729
18061183
2017522
7513369
12827163
12419850
14567723
6321831
12493217
870667
18968849
18201935
22363229
13821345
2089416
6856903
34963575
592360
9652531
3375482
14557431
26182243
3677356
449696
368359
23544399
5214291
3462104
18946482
19248882
28654246
22821963
19549918
3868662
292709
6449916
20912752
20556720
6068603
12900604
3347561
5673322
123494
3519722
12926183
449961
575897
141137
4218994
35697717
28453906
12703476
31208406
53545
2544373
3003418
5974777
37637347
9961111
15008676
14111161
2304653
19432193
114686
16186156
5447696
6270233
2137685
505357
353734
3583847
2569820
17049134
5094535
4339311
1570668
4989095
172776
844627
9611285
488521
15105993
34311610
14746872
7985436
9457821
4868736
21100939
11819954
15299365
942350
28450568
17302943
6809127
5563521
9128822
31213087
16431714
16016133
23629753
2330889
5330904
3898795
16402672
10520471
16195676
4410506
768834
14226949
6759540
12991199
1231812
28874907
495446
5260929
1264197
3530894
789194
2668611
787082
23044326
8316258
1774392
24006605
1196516
737280
14932541
3637435
17332
4625720
202368
15763710
3463851
24608615
3648355
21834749
12911949
15089737
5746641
550557
7303129
5727471
2046601
34300
9260770
2025231
4286232
25178049
2089205
2993108
1218797
4239199
8863153
16225
26473300
1198173
24196271
370900
23629595
6835422
3410252
5074849
1748167
32572166
8588417
32431681
3349283
14039548
8936900
10399304
3032872
102546
9623933
14096895
3921998
265753
1555635
9020587
8085989
36509184
19442
12608373
17703923
9636079
3380767
354222
16815911
31751722
9799357
1541185
23249644
1762968
1573819
7374512
15791360
745079
457196
6266497
4414390
606689
32571514
33723106
33232131
34130749
10259683
35893868
1687384
7875301
8422811
14141983
17872546
21159853
646385
12342786
7892402
620765
6028521
22597098
8515086
103335
1026539
17805497
3701588
22416334
22671135
8581216
21029182
827031
12073481
5020782
449993
30758224
762032
430720
14072215
5372061
20467153
12625145
14220004
6786666
3231324
15104783
5069535
9622261
5050649
27730223
1007249
7672623
25937044
15493506
24762289
709462
2562611
1840430
4827158
80886
10184563
4863765
8537344
10324189
17040773
1321540
7956451
20116940
36312894
12594834
183809
4206817
2429547
4610537
11517929
5550658
11683177
1458911
907549
3702282
32091084
21181354
4024124
12689282
4178011
6697730
30228560
2072132
2717705
1061671
22361889
38282
1731338
30689478
4991975
36266732
21631345
4740478
84048
11532945
6875282
38670763
9035529
822630
6622233
3554629
6882693
26371951
85404
7842298
20673
21109609
2972698
7276711
9154720
5071358
3604741
24884737
3428894
5719150
7774681
35995099
661693
9661379
7853078
8281084
10739453
23600415
2407798
390359
16638167
9881356
18083228
3896580
2739324
13208470
1724261
9969655
1634414
16127
3197610
7033617
35893573
32807821
4412445
394205
5133074
2492064
8467713
1211290
800601
7179338
22121929
1628770
14785
630112
8691935
1333701
8113455
9712348
459470
29185511
15007514
337811
12050164
2085155
15956489
4022330
1881647
5067143
22535459
32688593
1397607
153715
26957684
17163339
14256869
37397512
34960064
708881
8804967
7225127
7530154
5281039
15319495
28201550
834678
5199944
7762633
22049896
16048835
811310
2662671
587871
22548678
314442
3447196
38629
1500154
10664978
34290667
3938810
2793424
1057575
273392
3267762
5346493
4212118
21055043
12675315
712983
5557097
14388940
2750331
31187643
18786552
2875367
5469909
23889622
17567859
15755363
15905746
18735789
3709480
17408841
7832655
5273306
23605938
24819766
29022045
983261
350114
2075251
26056379
22381930
2453538
18200214
31918826
21703374
2547596
3661194
19387592
241178
4141243
18967991
6784497
5524918
11813902
9208493
17355542
25192683
27987184
22757990
739909
3264239
36024381
23011908
1267966
374986
712245
6531978
35545790
41240557
1125825
28248244
45766
5156749
2288623
17718951
5067010
22593063
4568030
348210
3782023
4717562
1582820
18484731
29186865
1824929
429636
13258899
8955548
1142977
1750104
5223973
3245446
77968
4663768
96369
25898680
36018585
15058391
11599876
19199808
6524615
20218904
9836691
23415014
17206111
226623
4726225
16738844
751210
1713579
6975267
13092858
38219717
459389
12028546
7633409
1539422
2408198
19953774
64540
4404424
2769617
8730916
1387471
13246614
2169193
11028847
22275
6015965
28500430
27293037
8415799
22878542
11362003
4129492
424904
1776491
1041015
259991
21820525
30413539
20326434
13194235
465578
6154921
14084187
2446925
17440847
4914775
609603
10468431
38781192
73046
1104413
721571
588900
22179292
573316
524317
14225087
15190833
10836316
1062371
24434881
28964072
7289663
27880226
3508073
5776216
4509
28664535
8733624
3994806
8631811
18518816
8103439
107979
16304529
19347883
1914597
28559772
3410721
6425660
13191465
34476453
31559913
8374521
18897431
10858743
1989059
7597137
9422758
5414884
21109829
2634685
13755320
6951802
29708413
3562567
1534222
3670504
38963573
12330316
24272763
13238176
5595231
27365029
239892
1349301
6809976
3109917
6686188
827737
2668512
2130159
1749828
3941369
2515018
14936396
217777
168921
11830375
4999146
18950245
730722
11043570
27140670
15566580
13619647
19992768
1442998
166697
3152223
4971189
2316326
15611650
3933888
32808842
8567131
2041725
245616
450975
16052611
638924
3071327
517368
7728752
8373185
830890
2944452
16527769
8047212
2211333
26171101
6327392
1394249
4340660
3286966
24466451
2388770
1804092
1766687
4477294
2662169
7710933
1059766
2679489
28270914
9166313
21616106
16704558
37291248
25615446
18934319
11496382
1911435
823879
19124506
3458987
1833175
16342
28170742
179631
28987028
2604324
9581921
4177983
55197
5921784
7526366
7053485
1088600
1767332
31237449
3931987
4582655
1076057
3520616
156590
11367393
5334102
2430013
4017524
19312477
5885757
736021
1685634
22734418
3639044
12638578
11459544
11838623
6612078
6188024
2306133
6552341
1591079
17755585
5901428
20642478
3734192
2372005
6610880
3316560
3051408
11884561
12421139
452590
362138
18893063
1525958
5292762
11518380
9604110
5032108
11413004
9320940
5125398
1560514
22521172
21571267
60371
4074359
1724089
626541
2752904
337060
3377862
27915498
11263728
9491315
7658974
4794745
24245642
12602812
2517678
24234459
7938021
748446
2353491
33722635
2145783
512322
1301332
617258
5801183
4707587
1395377
3032696
18346425
24849132
7412664
4760498
10095184
28412385
7488221
9860366
882532
25478311
1740079
32297082
2278079
6796506
17183844
10497504
8359982
25775547
25961525
5172986
12504770
9910688
64630
3778197
447021
5074404
3085402
15336749
8794624
3927239
667888
27039984
1766745
364946
39189307
25777113
2198222
4164296
1591896
3945
3681914
1140811
644363
602609
15751815
11582905
2689112
22479552
2570
4243214
143680
11550039
37226253
10311681
1278647
12466200
35349899
1385319
5391670
19691208
1456984
492322
4510059
1643983
3915709
39246895
17367245
6601151
536083
1405338
27416979
6886103
310395
1724638
30606634
24148308
33817
19682668
38932514
13192629
1133147
305594
10096570
13216111
9667396
6935300
7105630
10228900
11077958
2159521
10229359
366539
8407544
2435271
10257757
5996944
8796909
2206429
1206986
13488884
2423959
3820910
15286708
1846870
14011401
1985408
12838467
6170184
711613
29353187
163878
1480762
5669725
17444679
419804
24750639
14972315
3849096
470352
988510
7327044
8995189
17134350
882580
3440242
117169
14798583
6603421
2902220
12004674
29056479
26602833
32798820
3445160
11631141
1313489
93698
962579
6824381
11528251
2782283
8178581
11291375
8797424
35787354
12469032
15107470
16506155
137125
11689441
23209095
31566135
27210484
2705102
6142106
2699906
14196257
18890128
17821061
11068810
4157313
14013389
3575997
11459576
13609259
15428369
715745
8306735
814021
2051226
1693721
19105855
9263527
2664096
12897552
2321614
3440188
15982847
27668535
54928
11483
346724
1324800
6277572
2919191
746674
1986524
9589508
10230368
32989679
9460667
88301
8465181
26722421
32804061
3405812
31782021
27584340
2632277
10816619
1082186
578276
17253879
2017066
28640727
15023911
6989978
3368308
30724352
2689634
64050
2679874
769867
28916560
446730
258052
847190
765989
13585488
7625185
7084217
1342363
8827951
97396
22332394
22477264
5339789
2375573
1833093
17713513
4280587
1564731
1167371
19533469
17255375
439498
28958992
1286616
1129140
3824075
3845237
2182076
9566084
2688899
5742916
15257760
29027128
3611232
2241319
287873
1097029
3131714
5309212
9715653
10505805
12894228
13997903
1593821
27831058
19880578
201021
13718493
5267630
2572947
3079729
279107
5174483
585713
1481425
4399656
3669667
1948021
1941127
21011424
6101285
8744127
347194
7238729
9318379
31481795
33504176
31193445
23451695
4816343
1246581
16626274
1750396
6865896
58141
39787801
40264350
22731072
4848213
3548738
31801105
987454
31500585
5102217
35368000
26470954
34067543
6240939
522838
37431207
26298402
4303842
4706939
7584299
28329651
33807212
1638564
1900148
492860
38764302
5115389
2225204
7710310
28652219
5056769
4926393
3347171
35082083
6764209
15018345
17732308
33648353
9357616
10280574
25065714
1306047
2385603
2714240
11564391
3402407
1455850
11865543
1377318
14875365
14552432
134434
40579
12414236
4310630
29425666
116023
34943759
5292324
8041716
3758299
2093113
8618799
1744316
31190
10897729
35864295
1174656
11551978
32132712
807929
4211456
2656495
1326143
5293532
893431
1118410
1786044
2130743
3162808
295349
4365389
1957917
565935
2227309
3722116
178661
10076664
11448138
12223611
27735593
4486874
7496197
8549152
1270525
1005732
27891159
5204113
18225428
20544300
990994
2339900
31528329
2255573
964902
27628019
10101984
21097103
3620765
7972735
997314
1797362
24986986
13427308
11889192
354100
11842712
22437586
587977
6102403
4276369
4702794
7116571
2967405
5677845
9809895
23871236
8371219
22790783
495986
6974668
31885697
1828968
4645150
14344984
22608155
937475
955447
10158600
1037537
5187711
5788794
6133641
16694148
3390329
2984531
11873227
14927213
1644015
325704
21482060
40519460
5162161
542396
12123
7900882
1348121
2673925
6366571
28849207
5379736
5072245
7408232
233994
16528804
2232630
3186218
25385833
361960
38540799
24790056
847793
915333
752487
2286599
18684782
16626722
7863942
4151239
1305175
3712365
3677768
1015154
34224144
2816333
8452702
1069155
4996762
1317526
13176381
11108993
4979121
12200890
718854
14926734
357034
42901
12825453
3967465
3749327
5253095
1567385
16634921
4285627
11778848
24172192
4967545
1074532
16570994
6543924
27093585
4807243
17376087
34430050
2898781
3519903
1953760
23707381
40054150
339910
52369
6631313
25494475
18585770
3380269
3219488
6947571
11872453
705796
296480
7135370
18891139
2259190
3618401
23840919
1181644
2921035
34308411
22465779
355999
430138
34539132
22640608
2968699
12252676
1042030
8759108
31299463
12118244
6806037
31527313
9541802
11421679
809342
22168012
19077885
9287557
30920146
164896
14465886
3100805
82463
21681511
21564053
24812467
24906633
3605236
52796
80770
373326
29728909
11696790
3111772
13464312
18356812
7469826
4551461
28714661
6199
5069702
3078792
7431884
25883585
22622604
1850145
33520130
31197054
32063324
1270313
1233625
5288687
15997981
4379047
15933158
35142040
27602626
32943534
4710107
5390644
14439274
1622483
30741767
9611186
21793794
19272882
27948129
31048553
11792041
4746679
1696019
404463
7165085
22200564
21592619
4492773
3196964
10174008
9075248
2709410
3116277
23608003
3195325
5967119
339329
22660887
25833689
4842448
8653139
10958836
4440958
4044002
17500946
6144022
26896565
3921497
25943761
948578
3408
25411537
651949
12818475
7110093
6384407
11933936
22408917
1794087
7976239
31194124
23773048
17153273
32969949
15126105
2307719
850078
27430909
6075784
17693057
2824250
24380648
766928
4543849
1214758
36001827
62601
408887
19723223
4156061
3997743
1222055
28973971
657403
2869117
11554549
116002
6421545
12543926
9563987
31193782
23643430
8044389
8403645
3230583
6360085
2292966
6412233
3486955
1837131
722104
30408066
15121927
5847159
18387792
2505948
9825898
2949043
7447954
14818615
18908611
32039256
3152571
3677233
27705135
438076
1021352
18848701
2009902
6038532
327875
14764795
34525939
12188274
10758076
9367497
25684541
674441
875310
2203009
1524781
34681615
10377195
19582745
16051274
29058724
762228
4161138
4927894
28274552
640856
15008968
23878013
12121961
27084513
120848
31254507
4206609
28142959
1948099
3274317
4547939
8507881
5649300
19573662
16133641
5093064
34957654
130099
5152165
25452958
7851351
2627348
11419637
17716468
4846566
3034971
13112158
1973842
876329
424956
31398316
743285
14731975
2135481
5767039
2812
22695537
1862270
7926349
22721669
3169713
6710052
2227239
2093477
5645982
291240
913911
5816291
61189
370919
6919970
24196928
1515749
186809
662129
480311
5133757
4545370
4643774
16870329
6494121
417591
126271
2243872
12993521
473195
15386513
17780439
15834129
3125291
10244472
617455
17199673
28905702
3880254
1724522
35145
19675325
457954
8036479
21437303
49613
4984170
24604627
36704746
20697815
5982594
6897295
1971958
4156604
27994555
18945640
29045729
6266064
11623825
507602
28801257
6269417
7984351
73942
1753450
7326598
18865287
1931972
469687
185887
7579426
27071669
1684523
177125
17149278
384819
21842265
16310249
18322
14869080
10558726
16280485
9914200
6495489
4506939
451145
7620391
2746755
892784
10496622
8446892
4667765
3621851
16524930
15304430
1636713
2053091
15003492
4090188
34742
527639
28499182
4241181
28461605
35880611
22862552
6361353
4472845
23210954
39138226
2327214
15114746
15356309
8852306
6427902
1031813
14159749
9036951
30697967
11820561
6400837
10236485
29491799
18903404
2921893
14586170
7904661
19568010
10508256
17111754
23917109
23356614
20740996
2455038
21613656
2580115
1213637
6882528
9474867
11237737
6274701
16592257
32204831
20635514
9229754
1887700
3403464
36261199
28946762
9398507
6640321
19864422
18049062
29349906
1875869
10802650
23835532
28703804
8760705
7235753
4096373
35860860
261734
15293715
4492661
1974632
7011487
1756778
457267
2535895
10787635
2422185
6611925
6094072
22031859
397031
1750729
335293
11086763
5425489
15620571
19139
20805476
934427
2321464
921042
3399564
11154567
30160
6629947
19442102
4434672
14940826
9283280
15348696
682869
1689445
555988
29030121
802462
90038
1486094
4550233
7381795
2229524
934780
28545520
913610
16469
393084
5960445
1605015
20264547
6817783
3369642
3393782
40456284
766172
978477
797460
223009
5309931
4498503
14505572
3478563
42687
2087034
5174160
3320558
510690
33897258
6378297
36173708
26644643
4891582
1662197
50188
656981
10694927
24327851
5160772
7147747
8542223
3239640
9011733
835737
17922114
900886
11275820
19936216
18259167
29279039
7871719
17269588
595317
2763443
5355595
12515269
12737903
500871
31545280
1691801
19749958
14584454
4031931
8744743
22988043
8168036
22986417
3202475
18667842
23303521
6086175
11634909
1129960
7389026
19165277
3957308
6919561
274077
16386533
28830751
37051420
438454
1459953
140230
10635574
35434299
73847
2076083
31562833
33909244
7821710
20366744
5804608
3761243
7976136
33674947
5644448
2083566
6981870
7655356
3299452
1342109
18776730
11114848
12994178
11823249
1132161
27973230
7434208
17213788
23861876
962568
8608274
46010
3317001
4741755
5762047
969357
17694242
3742850
27232297
8195142
2584351
1565964
338721
3134046
1242571
22010310
7100347
4743996
8356932
4633052
10272670
11656449
2192937
8503990
1232704
489436
16184932
120002
105596
4989299
13219471
10152582
248838
55885
33660801
457102
1936295
41578585
1997864
2637
11054951
23006701
35540154
19274685
3129354
11058500
30563315
15147392
36587640
1557796
107604
1777290
8856890
256069
5477437
1729730
17781
1702422
2534027
33727303
30947359
19419583
1699839
9635943
4448817
19074817
1348891
2550312
18831056
17587855
9610656
16876494
4634934
10915864
37016157
34459960
581567
631012
22823369
856476
13649661
5207217
7503240
3876119
1997425
11920630
7304256
12170316
29005505
237459
22750539
14603263
2967134
5882907
10039257
9325289
18322237
4712336
4175534
465286
5267309
17614865
322028
1367815
4603238
7541179
11036787
26473688
22544044
7519699
4821430
20194446
13370674
25446244
6916257
25904487
5889380
10764713
8517011
2735841
5993095
1935474
29001526
16924381
19519557
16534807
2576969
9132728
2458004
6032165
5748264
19893773
37539950
9489854
6734503
39664288
5998874
2588086
20097701
1135322
24288655
9784235
1662981
18948018
13562328
646906
9340166
3676104
2450613
752366
2735547
1088776
886443
2782940
3719070
12790334
32430626
13942790
4707545
36778
23611083
6988708
33200
1551348
16913451
148587
3249561
12098206
21472160
16058296
47426
6871046
29035343
25360361
31298530
1286281
8706275
12269712
2326600
1439923
6804839
3448060
7608692
25324084
1252267
24784089
5361709
36011695
2522234
332104
481278
16716008
1043981
34312108
5237204
29387
4879532
2436536
33667693
3457094
230729
7088299
4586167
13106101
6262087
2865851
2703043
8664290
15949166
7578289
2215205
78101
17172377
2792167
35403379
1637210
5664733
38313435
16715082
33342405
360992
422904
28439694
4614902
2797417
2703109
5663193
25492622
27851522
63324
3043394
40179512
2265859
14700619
7267800
321409
35895103
30910642
312422
10197558
4341947
869523
254510
15521556
28153330
12453695
378271
22145337
41129253
6445868
25198684
31335482
13793777
28944168
18095
2479379
2026179
15820803
12360922
886219
6089409
599314
3097516
18470462
7663893
2226781
26011
22329290
5158839
11402944
2919513
5843159
24048133
116602
1310857
1162821
15619186
5789031
813151
17621607
17022228
4364315
2476493
5253035
2576402
25705168
836198
3878094
20160855
25025621
31551592
54379
26699615
9327144
3797123
902584
4989086
21311693
20644650
1115152
28971418
1876472
57877
853247
33658060
17540909
41082
2103244
1689487
14828958
4347682
33522549
8005609
7981037
5689631
15973691
1095586
4810978
1850912
21239418
567578
33125212
19082565
5514123
15581018
22497747
4424755
5779885
9577987
13561491
7452001
581622
11690471
1870047
2100006
10241924
442128
38545695
38333835
3235669
2598333
2740066
7407219
6039801
6823463
2575448
2312228
29336987
12605322
4979595
21389795
12421626
23664491
31502275
1704077
1637010
12968323
1736613
3850
33912036
2055041
383139
2512925
27923028
4760893
4419154
5273268
13788170
22965479
1387374
21211377
12695276
911498
14088434
11159249
2486785
21021
19012296
3022168
39105022
11328547
2529983
30788477
235379
1069137
35589
21576947
4167332
17483652
10769618
318640
30411171
5225267
30331083
6400636
22462318
12145602
1662370
3499080
8505542
10202295
22408603
323850
23920342
1024071
22424041
28269873
20620383
1530505
9827636
17361286
23439
6458790
11570078
1774648
31739026
17274460
2579615
27035488
10070228
4672436
6380961
3592181
2617001
5273273
4728202
32236387
4395195
19570
826001
12380509
2767346
24195797
16081896
12627111
29071941
1032257
35865011
1531342
4767169
1137651
6695300
759168
14211341
4489548
7791666
1426690
30251263
32733114
6705979
14063937
804727
9327558
19006199
1773972
275
3145594
6306573
31199842
1848493
13508629
24278340
20753384
9611988
920189
8580342
1508978
9920018
2948174
15234525
5225809
2156185
11499561
7147591
809717
5163763
19643780
14303914
25111949
3540524
1105642
3015536
2687439
20529106
3628285
19174339
4278093
25481770
6649330
8708483
12419323
22859516
11883555
1541747
31021686
6224434
4156798
2783176
13571975
1933811
26637663
5205882
36772752
5546233
6276446
5756749
1900692
346810
4539950
12102657
40183810
555235
369662
2189732
12742589
156638
351068
935023
5907810
29624879
10792414
3491730
3556318
12582089
26269785
2334643
3992658
1039220
4460376
26546923
2398415
1463821
5428427
4035842
430104
3549967
28028806
977542
4482453
2413748
1536343
19324988
541592
12190937
15488141
1390085
5998919
1372558
12701412
16003991
7283517
156374
1129248
4518726
675620
40223185
1777392
30596084
2832296
284760
3353783
1505941
3907012
7215398
19836765
9664832
5165019
2407903
1352253
1430744
5852065
1781586
7153796
2478112
630403
4612652
3625335
7781864
4549026
6437782
19102125
6361653
6473851
19450955
12636355
6572328
1278042
13133635
6595964
15319971
2066432
9928622
1448807
8581799
1385720
10218395
8455162
29478301
22889593
5979388
753929
4766647
6880262
10702532
8291049
1969422
9801944
40477572
4270082
3859121
33386346
11434041
2180029
2813216
26592653
4374075
13885514
945669
6632681
26916822
36424831
1266321
9136785
25429714
1773819
6089334
4442943
8171296
135776
2083251
18685459
5845138
11916096
17194618
12588146
13131389
360867
34549403
5205549
85410
3886092
5141353
770576
8605942
780593
13778402
4459171
18704654
1150773
17430281
2831525
34792189
2699550
2189276
25573096
78120
12075686
8446798
28694715
28435451
6650570
465429
5651279
12881646
2904434
12555968
39320320
2547406
3671989
10998159
574218
53054
25759380
37826887
21337258
4534654
13004072
8163308
4871904
2943201
31908892
13568838
478078
1384594
5603789
16522743
2809468
7683116
957367
3821939
23917887
2543741
1837450
11421922
3883732
5216378
4552299
24083733
227766
3006946
13757530
659600
461405
19218655
1578568
3645950
948903
19898635
2681011
505147
16904145
4614308
28282233
14041012
784930
101075
2336303
13822882
3321895
7862038
4534995
1992407
22218247
89812
1513929
947339
19720905
6899998
5415596
3604554
3996
10245103
3783426
14115503
5822575
6414607
2905812
11904896
18816238
642534
4427905
14829267
33850046
6313227
13601779
3894499
6496711
149858
349359
1526585
3290178
1512797
12039159
14675861
6462114
8994655
606035
3247991
18716755
22964568
24592
5486051
6915143
3493389
2196785
4265514
37550230
975541
5091603
6049133
224511
16623629
3057361
64508
226302
1248636
36611180
2235964
14413014
139261
8205080
4861019
3563882
3233664
29503843
4849123
32543547
1084378
12372981
5076400
344677
20938097
4127755
16139846
1006497
469690
18786453
9622368
5101944
1253655
1423788
1487470
4605848
2472943
11457687
430804
7517240
12903390
1347659
35590285
11899782
12078094
1221264
248971
1095706
16919983
8470916
3884121
2259559
9507170
4676456
81613
12369632
5080865
846328
4695065
5230867
35176704
5316149
1126268
17267516
19834959
377534
1312122
3974704
8412699
12230656
86362
772657
655896
178529
1568167
23176874
1460018
249686
769250
19597926
5048673
2482733
1222106
245418
24662804
2399561
3561204
25583550
4071973
15581439
1387739
19524438
4199169
2921877
18293932
5453710
3054854
95233
100519
17809
25751334
70328
19116048
4787756
11434895
6827650
613473
25677932
8801350
970138
933309
4210674
18169225
538203
14821041
557897
11528891
12459508
4260764
34085905
549263
4919367
274925
7463361
3824616
4094552
5111750
2177946
9874367
17630122
27964154
2347599
2698160
2418724
2923711
31204258
891337
3941045
540687
16576147
5622927
1618501
3921621
2467481
2541665
28188000
27155472
1436954
15463587
10776475
743410
726634
5960856
2027125
3371455
34236983
6957436
10940674
28417242
5355354
5878604
24212268
4633902
2030959
1276140
14574116
14443145
17149321
13323865
19040906
337752
3198348
7949594
2791725
875899
5300227
668268
31895824
16021514
37900842
12787582
4854917
3684543
918504
1043535
4164272
31261554
384158
1606727
27835869
34943236
3338077
1472730
13524483
5277616
8990146
32498231
27227260
19715958
3102076
17438260
795802
4533479
60840
8315591
10784882
11753193
1959807
9500294
19231072
6907998
3388516
4880356
1664648
2271351
26608624
40618438
1336581
13249275
23187580
5534514
3277803
14229752
2993951
36258310
141482
23480593
14449816
25354900
31388100
40088256
95136
1201366
16486175
4471661
685006
5438065
5211620
438835
927500
14108640
29059816
32089210
28079354
5133694
4885141
2748395
31095296
888330
3932233
1054841
3408108
6728128
10200596
23673573
25558221
21767483
3381956
784381
3697091
12043306
4124233
357588
969638
3233085
2227520
28191734
459021
502466
68030
35384834
1491418
2130038
31656488
972285
44052
24974529
5847
8003087
340351
11166355
16804174
1175509
5490724
3021637
29179580
16006870
3463822
24756265
15796494
5164968
34659684
12782805
13271520
6564138
11537278
17317161
18428481
4756605
759025
9159326
34733259
3185518
78602
2647074
23966189
9025997
10834722
1024024
7858690
9904658
5316786
4777439
2476520
20837040
23339989
268386
5159164
941753
652792
87062
23776266
18712806
13648230
5835918
13700745
34815248
5168606
2114300
18600443
23608528
13037717
33145868
20855017
2635009
38441129
3072423
1526150
3319217
22238431
1017000
3306703
12567047
3959895
2678301
28024055
2156245
5207359
2919491
11147264
13255816
32539606
30255550
3309180
776465
4392806
28185896
15984580
524327
5266306
23970321
1483361
542948
22752842
25833692
2990479
1075794
23301
644389
18590090
11066244
23237005
12434791
10310940
2352242
9708071
23676729
1197415
447181
14022270
24112930
418685
4405477
14000019
7978941
5355977
194323
10389244
22168527
10577268
742687
27006525
36340465
8205960
3925784
10765875
11644966
12210724
7070981
458692
28306746
1588028
21207729
422430
26224000
1921617
11916871
9220321
26391971
30391961
7899794
19537155
434333
3787515
8791478
33261675
2623921
13172257
42429
6316271
1812358
21055377
2052454
14440048
34032090
10374998
1466543
2319138
28587904
4533204
6081378
25964920
3344381
3337391
4928406
3392510
5172020
5262559
16473993
31044
3772288
4603212
11596789
9703675
31449546
462732
35792144
33680619
15789813
24491073
7716434
2594352
119762
5213586
3411757
1348761
10181904
3294262
10624621
1702331
22659104
18904344
4545471
5428666
29134866
12153467
618711
3099314
714495
2808497
10244105
676706
1461823
4269749
1636845
1332834
13855798
4204628
37239858
3237692
4337237
10377018
12819612
17552299
1167647
675179
2174974
8297245
29078638
2730343
20703167
13989310
295901
3366378
5142032
1102576
4188023
12625976
687111
30974015
1431206
3822199
1292554
1298638
2032858
1938678
28372407
3359316
20754929
473451
7218720
16896384
23625380
7048099
109205
29090311
701894
18259938
12225193
6580638
607548
3484583
11792985
5734186
1323535
25034344
2433957
7340968
16024487
23198113
11191403
5848121
2651226
19834926
6303563
19075949
6861678
7241716
7500820
26149949
363477
8566101
19412851
21407325
36025977
8307276
2971378
3613396
2731625
6344977
4587616
26432531
2690900
29437537
4876513
13693181
1455858
33263447
28407038
1704686
6628777
17961661
2610247
15433564
33508291
161350
1882787
10332949
39303535
18598094
17491984
2633137
12294326
6368809
5332922
6328039
23368534
19049710
4387495
6542891
757224
2230040
581725
721552
15322230
8495166
4303396
9402257
1704768
146532
2361282
32756857
6008891
53639
13246821
13009266
15655285
2096642
10651128
31207293
10445724
13204
5880725
13445911
663333
1052036
165950
4518074
7546904
10275834
14891911
543243
3371185
9849541
5014215
4989331
9094309
24698667
8255752
8469134
62411
6958875
369246
4134467
5824936
3290314
9965397
33905742
903140
327418
10144663
9988527
2375227
2188830
1379923
2538071
10065527
16983596
31554054
1200597
7755556
9799789
1763219
23893611
20191187
37176749
18009046
9357995
6262622
12203544
3125964
774209
22865420
6620092
22287703
6802062
225660
1158088
8646464
7038374
10126289
13583340
6893469
1635915
21280622
3835000
3239840
31644444
2681688
9854373
12466841
9051530
4370029
38778807
8119476
1251526
4627555
36637368
2245562
378918
3749457
39252413
1923126
7506082
9447287
22728948
2355478
14493175
4083109
1384450
3908168
3160051
2135648
3882044
3568425
1097311
12245576
15221917
30177310
14778825
6396420
19973552
12737686
9606047
13094315
17391006
4502127
707248
22168976
13046673
2603100
8336311
6936877
3755722
6181646
4366338
904982
3186020
2110097
271210
5806995
6021777
5553127
159779
7619429
20669081
565106
12693983
17691500
1186676
923913
4034475
364631
607485
18061203
3370557
29929106
446901
26405800
862360
1015931
15188368
3492591
250046
11686728
539853
2024176
20880451
9810460
30268866
2740197
6850549
412433
6599205
6914000
95682
18348868
18950597
25965558
21858986
1592035
21168327
749836
35720767
18282481
3929895
479075
22643646
464633
8144552
1048081
2986500
5782850
