178988
107381
3709
638419
21883
11801
196375
244807
203
269952
123282
176623
93112
190159
92964
265315
133816
23133
157106
8924
20752
177006
8462
48291
325182
122837
287739
665189
695203
346109
37468
112194
268765
78641
97325
6115
106373
260605
238286
4526
100748
46966
25520
148597
30040
9433
9895
93969
104691
90799
212632
133109
245089
50483
19991
81789
49891
81675
30239
203983
88521
12394
6426
53967
49641
43354
183796
128804
642753
110393
87866
93572
20001
666
105815
77463
21347
178164
205783
106988
72593
359591
77150
675483
248253
211559
143790
107063
95953
42949
2479
329074
17149
154894
28104
8167
1021638
147440
225104
31549
1843
867
97434
57893
82163
657974
117936
49933
96212
87632
88408
20867
2674
20675
124126
6641
85808
45851
26723
6267
13941
95508
96376
1071841
101845
67776
97373
35522
177101
4342
5929
47679
12094
662075
185725
687269
22630
209985
127405
8643
20995
2149
104165
1091164
8470
9418
31028
45088
727028
17173
92579
107333
365383
104434
395029
645591
123485
30025
92762
177016
167589
9414
827910
659455
29411
641826
109191
108515
2450
1085146
29722
13135
112405
100927
93196
154332
105522
16631
268886
84880
461076
33
107341
77351
234733
3770
576899
141821
4333
46925
169968
106166
16132
642824
89468
33271
125154
46124
20208
72488
96033
294514
103824
644673
272828
643623
170686
77819
24405
210485
182328
151274
101672
2150
422334
265320
9571
177792
78749
9474
52758
15947
7356
78312
272159
80139
78024
6471
122818
58991
109449
38543
118865
155808
649248
29838
202026
94043
73142
175767
66391
123069
78420
189157
5826
25507
139227
93608
72965
3154
5205
401857
53206
70978
18188
10758
9405
197713
90880
636156
809454
65
93195
131137
182832
7782
189386
145103
18613
149621
658100
78607
30638
1081614
148636
94298
25873
142697
106707
75159
79672
63640
71561
192582
153277
193863
713693
10450
63729
118295
63881
166662
175965
68315
10512
6504
33749
15650
164220
607557
1928
1070219
37119
126438
742493
63413
39158
96551
24809
198031
176182
356704
92639
28535
94744
258258
166695
54210
68033
106103
216537
35393
22829
91373
642273
5480
27774
71132
642749
2217
22499
119001
648771
20817
105513
272318
26438
91597
4846
979548
104539
60309
81880
651586
249449
94041
238541
111072
216790
72716
1733
20322
82161
77710
12831
43993
662146
71148
85746
53407
94301
105429
6689
337
643678
133462
287630
32056
146342
126140
4774
189833
74817
109457
170013
112301
30967
42707
94354
88595
276917
75567
646369
66345
3604
175594
105539
662417
92726
94164
9226
107652
104389
15793
77434
162223
104862
5169
154961
9808
688525
667087
658318
112262
102368
5818
218232
595440
2213
31253
640374
9884
30626
6341
1024172
263674
94152
72547
180985
203064
46015
190451
279
272793
124425
62624
390621
484302
3742
66549
644390
20409
29459
186544
111264
337713
70439
130312
265269
47826
105006
79025
11538
3876
140593
100627
1837
778686
79836
20044
103444
35009
167252
61799
8045
647070
28852
18426
50116
146356
22760
296621
17905
113751
15112
2316
266510
21464
204415
93767
81330
272124
301604
179211
89726
69807
55812
820001
104928
20797
117196
93539
54653
75017
14459
156502
73183
87689
671019
112767
96512
256
1013628
4035
123093
20694
5146
14853
108942
101958
189864
177017
23584
1018746
23497
38409
219819
89897
694817
18620
21522
27889
357221
12564
47544
60324
3099
43689
881946
101445
185840
63046
36670
3645
121098
10924
3509
20968
1122918
74807
103439
103040
126853
101574
3028
2654
166117
4962
94131
73400
134082
396204
178631
174775
30330
180602
255075
5001
24109
56223
114411
48731
27308
60524
213757
638613
93984
97369
16188
153105
183590
235994
92005
69940
106477
26479
47598
112195
70233
51697
197778
68058
187117
18382
94267
20938
2842
124435
37250
637223
116617
3957
107998
30341
104266
206
7880
105861
24173
117452
82327
2495
671653
137397
687937
247562
257649
660226
95459
9369
116968
83803
474246
3017
55802
111375
43395
119258
61390
4804
7503
61619
185714
369089
657599
9816
63838
37352
1834
31343
66737
658269
715559
657986
9351
240082
28433
28919
25741
3188
9386
275550
97452
266942
131825
75049
170383
63815
200517
178829
164218
643559
89768
33846
246103
182978
96036
86477
177912
25381
84874
124325
63818
78776
645573
13600
237777
189260
118623
24258
493362
71090
310915
250441
167304
171482
2559
639950
22406
59507
105767
247403
63147
186771
71087
170356
171375
44614
139418
2473
225548
109983
108570
13615
661072
213404
140282
2689
21218
6506
173060
88586
131089
180757
227445
342163
660724
170741
755366
83878
643041
11845
8956
106653
29618
84304
93981
114325
477418
4900
342845
345980
2604
80459
109170
45714
360090
72517
55356
61423
303637
18370
759136
6659
5003
22155
14540
4822
84865
213326
26503
4855
912
106804
9873
709159
21051
1090082
9127
77330
73402
8909
80749
82462
438827
35016
26197
13503
115722
1071838
20320
5472
122810
1786
106393
1836
105044
314653
67930
21236
3212
155423
16049
92777
20425
63634
21768
109011
12086
191964
22573
66592
3200
1461
14617
110695
650131
18914
95011
136089
21764
63912
110083
1715
4293
138591
30851
46159
678217
653386
13050
20829
23435
93297
45016
51613
177657
20300
88709
1055450
26639
27709
62809
2395
170656
390
134027
94326
639961
93028
61769
662792
1072137
105956
338017
178640
643569
222170
646742
5487
12950
323298
646657
659383
11401
17716
127347
58477
65274
20380
356926
59838
91367
1053989
202744
143011
640935
45527
846264
21241
20571
649214
91400
647315
390744
136911
43612
95679
72932
6095
145266
275796
36701
50545
86073
234713
175712
77346
59858
167980
20129
116313
183844
86031
93056
78214
309327
79606
37781
3691
442165
803066
104697
642571
116365
93448
20978
72463
107006
5496
21558
160838
124486
19724
95345
106400
201838
655630
97149
88254
195537
146320
87228
701317
191995
728608
108264
118736
65666
90940
2796
686061
151900
373057
107274
647043
85352
63639
270972
71691
10669
35383
152722
25210
111010
14568
106351
110909
75228
448794
20624
195076
93346
107908
78262
101696
97010
674418
97525
9054
62710
6180
376276
108062
9430
47528
516
228979
276774
25745
225180
172950
212491
5684
4010
20304
38304
101039
47472
661977
120582
19951
30292
72869
22422
687528
18588
296038
252037
671107
124416
3772
288718
110180
272694
71185
106200
3540
139346
30066
12365
73440
254178
349246
95489
17720
30107
66631
24308
91330
214574
24387
4536
62503
714950
58616
163438
210060
4144
3493
50993
689971
149336
141894
111469
71178
8705
106582
21340
109866
659950
77408
229046
106576
70143
107589
105608
2049
110512
117250
77805
642652
20477
8815
105088
196268
30026
8516
95407
227961
2569
91113
9846
135230
94017
21091
107311
129096
29829
139374
177264
4556
81453
237739
7883
22189
316823
224042
239248
106339
36580
62178
30168
72508
94508
35310
654190
101877
17245
35752
9477
59667
92252
106953
33849
21960
93718
1054164
107748
1018312
71899
24616
84365
20697
28439
49377
45267
71242
145300
23743
30022
1712
139546
33663
128836
172312
105126
101624
13554
104202
907982
296455
192022
831136
280726
38395
84735
33669
186718
27203
90920
649455
136709
109559
6465
108747
82102
20489
28137
137650
8933
1118122
254929
175746
106225
663023
5982
81481
78178
260732
170990
649530
640503
417869
644920
132954
107054
19367
22990
1138
26989
686139
646386
273583
105792
155941
96239
1002330
93243
115180
242331
20241
135837
165531
106024
141830
107535
396
20996
107045
7733
119575
92961
227195
800
100391
183
8131
96056
100117
12281
94166
170844
17955
186348
27631
178126
84898
59803
23757
2548
679086
5952
32497
134121
6830
29042
227895
300801
1176
116589
29885
154819
124353
12684
2307
32085
96552
17845
30393
2245
89580
66347
822358
215269
4196
21697
1043895
185910
453
1065810
4856
672060
646347
16346
651942
116977
266703
183461
196
103892
175711
2850
232581
106688
3503
109429
135641
23955
3394
695525
167751
139223
950593
6236
683476
118531
20066
6635
166706
796
103988
20289
94371
563670
37973
214556
169542
479
106709
3563
855428
13024
23051
90888
411640
175616
137296
15212
54995
106979
85361
177384
23385
218244
153144
32110
6235
6456
218836
91568
884110
60890
531934
4117
663139
146827
2416
676936
91044
159650
226567
5428
195579
113757
6147
125091
153268
68049
144360
10985
105783
1265
679390
92696
94597
117088
665214
238903
633923
125477
85437
15549
77473
86882
46102
191366
95182
30220
689001
182271
28921
88978
11879
17358
106313
243303
89251
191389
8723
71224
683352
108296
243555
111594
95464
2524
117971
35777
886809
11658
28960
58411
108416
32736
874122
89715
73305
102892
20126
47136
2181
11084
12738
22717
170105
16694
208958
30315
62459
217193
695200
684324
208113
1142
105395
91764
26116
231599
287783
230013
1008
66144
101486
228060
38389
20450
226566
639960
111191
167658
3383
82034
168441
18200
523217
681052
645593
85555
151639
167979
170487
75039
93796
77575
25795
80192
105501
186538
106717
110177
21062
678965
78608
60913
23360
88874
176978
161083
101505
91879
24987
20532
30076
8323
238309
104688
685568
98532
1010
194079
656639
218201
20176
83818
30175
314606
167681
6560
192650
37540
97344
192007
118703
104642
45121
445123
89456
29359
108104
4807
9865
9925
24148
307555
586171
1003486
103449
993075
106180
105964
94916
140019
15242
136527
690
244616
239936
6004
171330
147802
91016
18943
5829
63915
203986
31535
642647
30690
735981
43463
644368
727077
33586
124664
118479
71223
38529
12399
79495
99795
639946
2499
72420
2782
124873
33927
1292
647994
94584
80982
10598
63515
4904
645595
218549
200588
79902
316796
20801
126136
145259
4488
29843
63736
20717
175726
104897
248052
277324
88625
920423
78181
273423
800066
89248
72061
82047
75051
22959
170975
122768
6492
28637
143106
60953
1028
1082513
413562
81824
183752
25138
93390
190068
106655
21168
663676
691965
100994
4021
714743
2706
660168
713281
256498
95340
32308
218144
72549
106031
94196
28044
4766
170271
32455
2999
154505
661420
33688
187401
9603
128845
178274
127271
77860
645599
26435
37532
172694
42257
106617
116967
3358
62638
257821
265253
89647
93831
43328
11772
114249
706961
4316
92222
63612
63987
650076
169757
224343
295099
71157
704111
38365
476570
67938
53813
110159
301666
64112
88076
136731
112685
91342
1036
397666
1232
271164
140862
3969
93844
18028
19624
94735
4889
211922
86177
1114269
2661
49795
63836
77827
22571
7226
270935
768297
134845
4798
126130
160687
181264
14849
1087068
101636
472487
71243
459539
71267
100798
108459
122680
328605
95491
97516
397183
101305
37030
31109
7921
697490
60582
105823
35700
291515
86442
166106
92541
65731
106110
18634
664492
155234
20888
77152
95250
127857
8591
109115
18244
100352
662350
167795
100678
106209
8335
44469
31004
24974
270355
72456
86501
147674
44181
106247
17305
16186
84811
21034
22538
29675
117224
132496
63430
18839
35775
494
95343
75697
8478
649155
1822
211689
930917
63399
796605
12704
162026
179047
67996
37027
100332
21458
72413
37026
649813
118615
96983
11852
2373
81248
113678
101864
106362
4456
215078
15258
179656
104613
187528
22922
663713
85013
891277
93673
29452
13635
36246
669769
26960
118777
4803
217675
183404
658438
49086
96097
111384
93664
28974
123016
74818
620
96715
242978
226627
106968
665683
82040
20245
141744
8849
134096
641130
27108
4974
178475
113684
85697
5086
116906
109196
457697
46548
195556
105003
661448
138999
78400
3176
25847
217120
38585
264236
640576
20691
20209
104675
23072
289268
68330
488413
51268
118625
29637
307594
210676
8720
21223
247893
179240
436432
26300
30114
130976
856639
26863
32949
307941
235419
647863
104523
772
8382
77395
585316
646085
106558
164553
199921
6647
329061
205781
62938
8184
93549
44093
55958
1101388
202974
101870
72365
148224
69799
63979
265275
1073107
219973
400409
667993
172015
170671
84978
130210
211691
44521
121350
74718
2487
118649
12573
16431
23009
73368
294615
89639
128776
7714
105413
604207
9917
647782
77817
133955
29473
25169
69816
106545
123738
268946
167711
94695
71368
60200
83042
100937
221555
93514
408044
793530
73158
86336
19418
11267
108512
167992
412634
130953
109021
257883
810141
72613
23688
106419
15655
1710
123405
128902
19998
132899
235597
82110
2825
129897
15558
663338
20395
196045
6558
37244
243630
7779
96285
24042
71
21038
29556
80214
20841
126132
129959
35682
106534
108842
373949
642602
21929
242970
105485
108132
1890
18009
733484
82125
32216
92838
28988
195976
60108
143923
170006
36269
169703
122113
175754
272621
94394
20284
642566
110664
1102780
645629
104919
20707
32655
1518
666931
438955
111474
97211
202279
101906
146246
84087
5901
60321
642482
259624
18596
118706
139709
97789
90809
26749
167008
60411
5800
297166
219
234735
22938
39064
49681
1891
101479
105208
684834
24445
167836
1004186
30172
15334
93310
107961
546251
6599
4322
672974
20104
67754
108368
3191
698119
21238
658206
84749
104228
153293
186466
66017
10146
59934
7875
22282
992815
660227
200437
1246
79149
20336
75585
89625
241998
11973
78338
60689
166763
153457
137900
240380
26375
662116
167647
284324
2755
170726
177444
6112
74117
1767
131821
78553
112163
5453
277334
21183
1855
147953
106350
171310
60780
643676
340
46177
94535
30622
63674
83812
890
6475
118720
94153
286267
174322
37590
11858
349483
636736
21319
234790
21910
26492
17246
5701
110471
672271
63334
7516
28112
4435
686029
8918
44659
24304
13938
5462
642585
177373
68005
1267
9062
21277
85348
1012
1121193
118839
745877
175702
54014
32929
158905
399161
73250
1088
1002467
42655
67331
95013
45913
675611
706831
226872
4265
77307
8762
7823
118723
23012
48488
2056
663879
529
258509
3190
232489
75019
78357
106322
234784
386479
23217
1383
20967
59189
170598
142819
231454
58176
94331
93893
107085
90976
1910
690734
93567
714
3168
219713
644120
8534
96742
645921
36742
38391
80204
111182
4557
640605
681378
43399
350342
155369
154182
740117
167107
96296
16993
162184
269315
30473
274995
20765
123399
130993
104645
4877
9106
208999
78636
164637
13691
37280
232413
27836
173204
125850
917
73256
236442
63962
136156
63279
646420
16822
16410
28935
172340
6643
103446
24347
93732
900
27651
17725
33575
22657
92616
78351
94986
459972
88587
17418
107079
176546
122093
60243
266812
93293
201843
651571
78682
697880
205570
125683
11998
210637
37261
106086
16875
146408
76204
94995
1061371
67931
85592
20446
51232
4075
23187
242540
100167
297710
6279
30948
175797
38675
7678
92363
175678
214996
113736
197480
60922
441516
37357
646419
167276
218269
197846
78292
127807
7634
130520
109809
106271
136941
884068
124592
189536
118300
322099
104635
303546
714282
92806
281036
50441
222785
454
124902
37398
90889
125475
686421
16789
77635
191141
3500
115363
65830
167528
679387
93998
10202
271269
234787
1628
3024
23789
428750
21279
100185
71369
92834
94921
177584
202281
642580
81680
108608
117500
136397
181440
640807
28107
77237
21271
4901
33628
255023
1820
14291
713825
122727
111480
1097713
1884
10944
1236
2497
2652
77757
715613
101038
8724
33129
99853
727690
2506
90811
210218
140487
82109
124049
94295
20448
726015
1348
165449
9261
140628
183571
6391
20857
38302
166761
118594
99802
50317
124817
224
112737
109884
14450
635299
116467
21076
105283
24033
938820
111177
105694
46950
1656
20521
2299
154562
264896
2735
20646
95041
301390
23035
838168
33890
301293
115909
231362
176004
11523
106611
110209
97353
637287
2291
37954
167251
122133
232053
1056737
91582
684656
265284
9073
91930
18034
3699
5198
155754
172996
640040
219219
103001
62792
96524
90149
7633
104037
644495
112224
1143
91005
2480
2439
101549
3538
105944
20090
894
62192
16035
165516
96750
155525
181013
28560
91321
272492
23169
22457
126834
96034
112182
666809
696592
176289
71814
30366
185069
3711
18739
20406
73192
6444
527
17738
1368
157176
93830
20875
3589
337614
4057
117239
82438
89698
20230
138968
88733
11747
109686
186645
137283
21324
89789
85611
124961
96932
115743
17317
4036
93706
246877
189208
78603
78395
233856
59472
1027298
927
51932
685352
100414
32878
6694
728571
23293
104474
154705
676064
26199
828346
97648
105618
176005
214143
658267
82457
7815
644348
3433
655580
70413
640006
9961
94670
20295
245584
280674
20204
124740
262190
106954
47677
62651
65584
2106
8248
109088
152094
39090
234436
90501
8658
1933
7166
20787
104839
58902
110023
156498
14262
642689
14823
80170
6999
7086
123293
266862
644784
177456
229396
27849
39194
616
2880
88946
1011832
133691
311869
2692
122791
114200
22952
640046
188458
64004
132520
684219
79500
69756
90867
86993
644088
156606
177474
246102
99753
20997
36802
1661
148763
103451
97354
644364
59291
423416
15190
61016
63694
42129
20198
28232
194321
67957
839501
2121
54377
177336
192023
6549
165416
30003
661924
101897
60992
110220
94342
123942
692199
23978
145180
71172
24919
253814
251554
29525
21626
3009
28227
131574
12194
234693
63049
65130
1044927
19074
13953
15353
38333
678030
84946
802
92187
126255
62977
3616
663555
844781
20531
689098
157294
77962
7145
249676
57914
2680
486
9129
15378
14371
29593
124318
798665
35380
194341
2843
101477
105477
20610
182651
99312
8886
27649
349194
79508
235838
79399
125081
95398
38262
21136
866081
295011
95848
78521
92840
2172
176831
17215
114803
3225
3498
14415
141854
94289
21810
105906
1149
636205
186563
30627
677039
157061
29592
92016
20276
518634
18462
171137
5171
14043
38296
122785
160540
231131
95740
9061
64121
104325
271846
62370
179154
3802
74713
122473
8229
44750
6088
20418
705495
363294
146934
90998
102551
103557
213833
649250
238550
108908
186383
48652
191065
173014
643664
643185
222648
100799
9026
29610
107277
107962
16260
118552
22022
28148
47763
23596
1480
43442
82441
22440
377429
1044813
105598
20870
110427
359090
21627
93864
32879
179455
33618
312621
163391
27610
72485
72544
37827
30454
58270
208929
175614
143842
20407
951
235326
77
20715
423750
140089
141936
635810
208754
313757
229264
173207
102512
69856
139726
3558
130557
117192
94199
7416
101743
70151
643011
377022
122892
94999
421822
1063133
649266
29664
688920
7885
37494
38393
101807
61397
28489
105988
28052
37031
208386
204341
267381
116509
7116
135400
11987
2520
202969
413702
644878
11601
2353
24590
25305
96928
6321
25732
51828
20689
643088
48368
2555
39852
118586
138369
2528
86340
184066
21345
301524
246164
188555
106101
675746
17678
94145
142722
20273
1048717
179375
647981
656727
50680
8993
1024898
12715
12908
2131
184198
71251
21374
33894
16026
4314
2729
4349
124052
96938
64787
5004
20861
660235
176656
195547
726802
117715
21254
132528
727308
2247
114525
644517
353586
79354
282541
100337
244043
110093
2603
7762
658712
68194
5175
106950
42544
9326
122709
25387
135693
271071
91304
11450
77498
104039
257357
152938
196330
23631
60298
80131
178909
21137
247511
33787
92998
60300
87129
694325
159312
93674
656697
118662
112192
64040
211398
94983
307596
294270
73313
177778
82721
217969
345162
29654
4323
17739
179320
546448
110666
52121
189675
209449
108164
635705
126158
78158
93705
209454
662533
749360
642539
106032
77264
374671
190626
23434
104565
71239
78523
9763
199860
90000
78854
212220
2776
94286
44940
660231
145010
131364
114430
7141
160845
10806
263685
93495
105647
648552
126709
37051
1152
7811
138959
83679
93072
100151
1046263
95357
104095
71289
678701
4563
86908
83929
29449
13517
78463
8054
177254
61922
20512
638364
94953
38046
160416
24522
20185
116525
104231
27372
30360
155830
79992
4236
10402
337864
20168
295921
60068
20586
107702
231066
103921
3008
21779
57690
13036
137513
14408
47067
673961
46300
425760
465959
63878
24501
1865
16723
24442
660026
13187
643587
2349
1724
63964
82465
24402
644827
145787
160819
9192
238061
10485
222761
329078
367705
10788
23007
110858
634
69440
16732
644819
272806
18421
1110376
642
1489
20612
671658
257532
112045
175822
111136
114512
91376
37530
30820
774203
4294
181455
174436
94084
6446
11792
441585
74440
84952
22052
1063070
2280
62365
135023
32235
37262
93281
107092
677793
18174
126426
633891
6474
117595
18863
1039106
22450
1846
185288
221750
93436
30920
126748
25434
93476
42805
74563
155864
668187
28150
202291
65484
729998
101812
9276
642838
104129
14198
4946
20534
122879
243177
93322
106392
681735
166655
92684
19943
97417
3671
106845
262984
133573
78894
157749
98096
680983
9202
207979
453823
18664
23669
25688
737767
4933
60738
408569
1038962
13010
108812
94634
12288
411456
11309
16528
222178
115102
60317
74709
145198
4941
94915
9280
983904
127548
11238
167505
37199
641073
131715
102327
21296
92820
27588
372105
242420
122218
28934
100043
747669
29845
104174
23562
657551
1380
571
23384
3171
37255
651183
33562
24691
71269
94297
15977
92997
21266
27487
638804
1059595
94806
212680
60818
154435
101461
172659
660715
191821
228535
1688
4160
708998
170992
635150
18887
221837
95958
7483
21863
203999
158698
106509
33167
69527
686730
2221
22568
273643
3862
25395
139438
2716
93024
271370
218062
200968
895080
138364
93498
406925
21452
10678
355471
15208
169349
20098
22345
94899
774989
95778
21344
19808
118634
106142
6422
737274
106998
14752
639999
5839
15767
232957
175779
72635
548476
58517
110907
41397
189379
789315
11837
123306
62815
96709
251484
254029
787053
419356
343109
111766
186157
685753
181637
42138
26231
230983
22683
6930
10242
172994
180467
92287
4989
95474
1808
33457
226648
21258
18917
167335
156516
22072
59935
125985
217187
69766
21259
23850
38158
30379
91776
914
904
37661
134010
2943
62755
14178
707
95110
111471
105529
237419
20283
75943
640515
291223
37156
101901
221932
9915
271984
660208
26172
226698
60605
77886
21305
90585
36965
17132
60504
658778
96589
73084
228196
754033
19235
175827
662073
8844
206086
4609
642490
7886
8735
43284
657561
62579
157833
11906
155875
63607
234692
738883
4694
1381
5842
282875
516688
644605
645596
112259
186741
25658
360335
93408
77888
160059
642492
12982
272946
3232
102792
662847
81639
998
14448
178272
80027
324792
219053
106
695298
79689
20031
47120
705950
150582
21682
126287
106700
812
23951
12954
20341
1090693
159118
230202
246407
79635
292119
85879
950752
94691
741791
8713
15500
69793
82472
6052
107314
5939
155184
77875
473703
78273
28179
284422
207237
231364
97119
462249
288617
125216
197874
10967
9883
4121
11568
22692
4811
25724
643337
43369
98099
94136
212371
59187
136179
226816
62843
8117
108543
177390
888
4208
81926
24190
188491
1365
1037702
14737
69879
70732
117232
73230
97358
180771
82113
38381
34696
177707
230964
89732
63432
21048
3537
171835
68309
47523
57924
5546
96891
49236
288857
186012
108319
267345
93760
216820
128806
73050
4957
4240
95327
98231
26887
209318
76595
71304
52239
6139
221
105536
7784
22847
127233
711396
58561
69977
492336
62595
6666
7235
127678
661902
166685
17834
596182
97164
33569
667830
269038
220025
6460
101578
28598
180729
202876
45137
11940
78594
94446
435250
184552
24993
42995
684913
27902
186672
847
767667
72922
62340
943600
1243
48039
278209
95739
5037
195429
399285
104574
134203
70130
7146
234462
115332
126827
402684
214319
27447
77377
20654
81447
78063
1029163
20061
118974
72507
240475
201
643880
324434
78302
157855
2817
94079
20754
403707
264757
1031483
5134
223068
70146
287958
643925
233533
105058
110111
481
133394
210196
30089
1490
178710
48645
42622
393839
235739
1072790
222477
388243
98874
29519
9162
153687
93937
26865
124368
13910
131902
112330
151425
52391
644311
195529
17210
11215
1037914
364761
90002
651721
61559
29040
91370
20335
651012
161498
657598
4193
84425
477339
276644
929
224585
111175
192214
92520
264750
62819
95248
283449
9842
872
20872
59931
1796
95769
273305
104553
658004
94489
181597
187380
63600
10547
118812
972329
20793
133936
29663
106556
209758
197775
2108
11716
922881
308606
62447
646429
106212
2717
7826
637295
706092
21080
323908
124404
643941
77470
20601
649368
420716
59967
167576
131599
112743
22161
887
101035
89002
4921
20712
837082
18876
243945
2584
173315
33561
75464
4188
220678
642538
126139
245293
2466
20568
38747
78009
90751
101519
3808
55402
282856
291185
11908
158572
74690
22816
43696
75082
127850
144174
105157
410494
110013
3360
183935
22976
556
212387
125298
96959
11364
125135
645490
27
42485
20576
269943
130378
75662
234681
1334
1045
101824
643765
60579
1883
184333
3
21631
15223
288933
21974
167226
67902
192019
246619
1048
3904
173371
14914
29225
321
106118
6518
26216
1600
81403
15129
218792
54403
30977
110059
37546
36865
235181
113694
64041
104538
104141
195582
836
307956
1121294
43850
639569
8856
87906
14069
406835
284369
10059
167572
668461
92604
1006931
224670
1013678
21155
47454
17757
33712
102789
642831
30952
17714
22745
910048
164658
1039296
125752
160869
94725
136819
253089
640389
334231
30412
87909
69649
33622
28207
95839
39132
26595
118692
131108
6322
3624
107680
177051
223396
118508
46181
166252
435394
406923
191393
20572
12131
106647
640056
158102
145425
154499
9377
225217
20315
75103
6861
641
658362
96664
305831
74778
51836
8665
6536
644989
495605
167016
645607
520021
63055
218192
9953
21772
391614
177990
8359
37591
187591
2666
51945
106348
72459
256925
216525
96529
30271
335
110583
230016
90479
115761
300346
104454
17256
115234
16598
2241
133383
7896
64029
219813
118794
101533
648315
111520
98006
105677
587114
226289
78186
65510
77319
94504
79440
82042
202261
5772
919
642649
9363
24851
181767
105296
7613
129372
6025
110194
644774
12190
63593
133834
65245
28072
4244
17056
66987
67431
19856
326941
187437
637855
208146
21891
1040965
917025
153584
62393
839
216516
21330
77222
173520
223178
94480
345206
175626
406189
193454
679766
273574
97508
340337
143551
57374
175641
96958
3419
641506
21784
105524
646888
97236
101679
149503
434949
91278
686025
75845
697830
89687
240395
25342
105934
2708
35803
17299
105459
82081
245337
329062
30669
1006519
79404
64061
12074
223660
16235
96081
77989
686984
78236
24588
20229
94715
178535
165534
234763
272522
731970
4842
60362
340810
8781
106581
73191
2702
92855
647562
22853
94603
151064
1163
104702
17252
107254
822
180486
15805
17309
35986
56461
738706
11395
105937
44220
72592
780140
128675
56680
88749
33876
692761
104237
42515
4809
725927
665476
75020
1063308
95768
101794
172998
349201
20660
142315
20645
285823
63605
409103
38392
95981
137817
106009
292486
135701
88559
640324
660526
101798
638840
17857
124428
82167
23097
221756
87761
63968
28223
25248
5459
167217
103036
82092
18938
158323
7132
261422
6009
66365
325250
101526
1064060
79087
139391
73357
105708
25401
84808
22954
2749
18399
182295
643142
20285
20032
1101
95447
67933
644314
133762
194631
70091
35518
133814
222224
84358
3869
32923
4280
17935
62842
36597
58319
668485
684303
114104
58030
186485
108255
2232
2215
6406
82340
63885
69931
214022
104381
14433
179213
657587
12519
76603
76945
12847
109595
108496
65518
167066
170724
103038
109252
59983
3848
435225
97524
24527
116338
212565
151869
20746
37593
748005
1314
155539
677947
642757
95821
24205
17887
111505
69843
430850
9337
655577
168436
13936
78756
167986
204250
147074
60253
19145
77685
37329
30715
21592
175680
193930
395866
2566
9476
272436
90626
1012808
200394
1967
167910
15640
102391
87262
176711
123714
7229
998379
108626
37701
90865
1127
243065
1789
14541
717436
70572
84884
35815
107931
21078
402163
1999
684835
427356
99451
662184
50285
59884
89792
92815
117091
6199
28836
1057061
657325
122854
115990
1187
138963
2810
2278
646670
379056
168775
21008
1026559
205732
434792
20303
3913
14827
5925
95435
157485
643935
133076
21250
8018
166521
29662
176415
91535
208682
138735
187445
178409
20673
26353
181601
223430
7999
1006550
63609
235877
151855
107683
59568
109531
33576
267772
4529
2677
5999
104848
226636
21934
149742
465125
388070
50283
188455
60296
52987
664445
54859
118507
79357
108047
114464
73232
130353
37318
116379
71265
263705
78003
4956
101553
26978
188175
45795
105939
284609
11026
39681
93304
32958
42965
244887
175444
89831
1556
172077
67853
36474
75207
272512
200678
696445
640016
817173
20243
106990
4722
333640
16806
173123
25355
53194
578661
45957
105659
25629
166658
160270
2003
653432
115865
1104
11892
9193
194075
138675
255174
43065
726
672336
132420
18023
4958
388396
94536
106883
645728
1018937
269886
233765
647057
78458
108846
187431
645120
94970
21028
156834
60585
248508
50575
104703
60354
1015038
249286
238054
38347
220622
37247
281923
33275
25775
102788
134887
9343
107369
86800
34117
73373
65461
94430
37394
265499
294253
30186
21124
91296
10036
229792
1024240
30296
27080
7926
124129
71085
705691
5824
25433
18559
867122
171202
719
111297
673215
30705
29596
262093
78476
4847
107920
660479
32751
12535
15626
688796
133133
6086
1968
26319
135809
93326
30809
111876
202258
78670
1010001
22695
644775
175981
22227
104445
101495
20543
10817
211343
260273
493
642480
51655
661372
30686
104956
67979
217941
3549
62878
29412
77317
106595
91236
79272
38531
104056
21234
16172
182868
684433
9818
700737
101727
173986
87961
644577
172974
2711
93734
408826
681126
107239
100800
95572
431250
208886
50561
20605
17230
154833
1655
108185
150141
676140
77966
642515
21813
77333
7674
133350
101528
105831
644567
70059
213850
221379
435717
78113
107898
94210
105530
204234
645567
67730
170561
20183
4141
16115
64053
765755
688257
139596
72323
21221
997900
177872
697376
6054
94511
5027
149306
178807
78353
27760
69182
23273
107255
62096
237300
87275
101705
9284
162600
95030
92030
598655
3740
109975
167902
90848
698103
59617
29440
1036235
397154
63116
106499
77957
3743
133327
1958
238952
37232
60737
77838
154453
142623
12836
80152
115240
650723
3999
111141
126125
26600
170907
5584
23898
106689
138054
409211
770457
21905
685219
94147
535092
108495
66357
6157
97348
139482
29543
91632
138378
649607
193783
83686
2075
101749
310494
230971
649264
103278
643719
20923
115932
226898
151592
77275
9683
23188
20265
188121
442176
177059
104687
104990
140739
109806
215429
1182
147606
143487
147645
227990
2714
31800
692222
674220
268726
63312
678450
271290
77828
108731
189364
104380
6539
684437
105354
739197
2900
991784
8276
10305
82076
11778
105141
148465
319796
184881
646345
118729
106055
18750
133753
118055
16654
127832
22658
104293
2099
1631
131814
89429
32
170101
111490
687793
62522
1010925
921
26053
106356
100918
2695
125768
38357
350122
247430
20374
684307
20734
169952
96941
1026203
6067
169954
730133
108303
30010
105434
12637
27188
25080
1275
57887
13985
5727
205421
104838
93933
110788
92929
686636
219325
6642
175997
31399
338895
29397
183628
264197
665843
145275
9390
2285
13729
80578
647871
237993
647221
246
21302
95982
3221
918666
3423
28018
451779
30343
42398
172535
107289
142367
175751
18679
897068
1104278
24810
110936
105178
142878
223225
30951
202979
294401
85355
848
87441
95533
115008
127275
74507
106985
159304
79406
1004955
108617
45478
163630
20030
63887
20480
137763
84066
60443
339
128791
8481
78865
105570
10060
1043654
101675
12320
135836
751972
400715
143225
92126
27921
637067
649209
37190
661142
4794
1062714
77763
175833
21193
123710
6655
28514
435502
178835
997028
100489
77761
8614
72374
72480
20159
3481
91349
189449
9694
20456
364103
677099
189268
525092
310931
118691
197142
242507
216328
147919
262006
77833
272173
18086
95682
470848
204100
21017
26258
266892
4838
71098
206300
166636
30070
32978
214333
185350
130338
20058
219507
233605
96738
31313
169966
102619
95581
118960
154631
21782
135135
70322
115868
95749
20536
106550
650993
110563
20266
75043
247505
760118
57041
175287
51830
110588
104686
646301
20578
248426
95770
339272
1788
671643
116481
51733
63335
662578
638790
105160
20116
62875
21161
97097
670697
684316
78580
63638
130385
4259
73206
243130
92247
11357
5072
2704
36665
37487
131127
1774
60528
78628
11831
40656
51831
121431
4682
211400
112298
9928
114327
9423
27538
20221
235029
656702
93164
21068
662882
173116
72524
116634
99934
1064491
636572
145009
91265
78975
429934
96243
51780
136081
223036
32881
1845
4229
118853
311258
8047
105137
2809
318531
6758
17956
679657
120187
835
59846
35585
93087
65500
237413
97165
95198
1778
30907
62576
77143
122934
122507
731022
7191
134057
1064790
84245
124859
172958
62127
356
135469
10194
23108
258431
95249
79813
160045
234777
85609
12887
82475
175983
91486
218568
6331
1442
79456
93369
22267
77278
646367
28905
3647
60495
6707
267936
50596
9342
536
96568
179046
177260
75606
267836
245307
20501
106508
64137
661610
75783
1011684
646971
248942
1027595
643002
200632
334213
194813
30934
4800
641825
8839
649135
44585
58622
189524
138063
844
3162
3789
4926
237026
126994
180605
170409
22224
93033
48706
1779
439593
92475
100348
21599
108837
21170
410196
95040
60550
21485
154255
1819
694078
285208
12401
20825
31595
152950
143597
132966
4020
79801
22376
662331
96489
126527
230949
131222
93699
20739
264705
25843
272845
106025
357204
9609
172913
91987
41532
78499
591696
155285
232484
97218
684218
71222
32965
368050
18208
7681
101646
118227
62896
133038
640557
29713
25920
31967
1850
101585
20192
4623
182280
3830
94708
65391
29340
4963
648784
93988
91778
77697
82220
2190
72954
44312
37347
21665
103007
171238
164882
92506
687100
8399
234783
88573
87916
29087
68380
61232
1074122
7973
646949
39450
88958
105217
96021
367837
165530
642983
89677
168111
47409
295945
32690
12622
20358
262090
28938
79980
266664
20611
695911
105873
20417
282332
20170
37314
132279
90897
3482
92197
260264
4733
95209
122935
20803
638894
108562
181951
20106
27952
36967
135351
153914
30130
92037
79934
4384
7963
137089
4935
122531
79592
181113
644890
92367
9404
650153
206535
166167
64668
251315
155689
142379
10882
82153
640399
186778
42981
4034
257637
2669
537
276643
18266
23661
74405
993392
73184
105658
29978
5000
107286
2670
71731
104051
5550
87868
63232
108567
178862
74504
62736
62923
27668
166328
12354
285127
134005
691147
3929
209533
36698
182353
782847
94738
530
83924
17037
211891
9812
106429
16543
170323
661206
57699
15352
90165
20991
373539
100871
77506
273967
993004
51868
20321
138200
172419
128844
86832
133389
167285
662340
88604
454039
85014
50599
435406
119778
31851
32877
30011
28552
122761
155436
125994
104998
7745
20413
92812
27295
211439
21185
6780
680455
142213
231857
16966
89842
98868
671879
162232
117940
677739
592
20420
133921
1007
263741
300565
3025
8740
20511
655566
92249
153725
107726
69050
125371
742261
354501
265291
24407
84350
87085
272830
208627
118580
106217
186696
640047
230982
645620
36480
646714
46937
427157
27568
177215
59331
661366
246036
114720
20853
9339
44084
82636
166011
205629
6754
95145
90632
165603
24757
835195
38636
553195
191706
18683
645634
203971
17145
90810
111331
22788
133375
1755
105987
320997
19620
175599
95618
1672
648365
95358
885548
106895
4702
94161
1021162
22134
21029
54503
5707
228517
165586
71125
2780
6505
8061
1679
188370
229991
390787
44745
11935
5776
241980
78624
73217
13312
12189
31298
77455
5449
96359
222462
8228
41380
176388
68196
95789
62872
4911
71141
21195
138985
202769
181161
664146
204202
220985
79175
95120
71245
5698
137458
18747
105713
101707
646882
957446
84974
115882
131392
104690
131376
101967
21725
169754
217766
28556
177877
106140
646651
64024
375999
25256
768758
740
248033
94720
671840
13746
302610
84576
721910
2356
176196
141879
663745
100507
70018
228972
30983
210697
336822
170081
96980
661234
33713
1102875
30370
101854
46717
168036
17342
67746
33385
122800
104323
145482
20698
95229
656515
106064
205582
224751
681062
143000
638895
671620
190301
705687
186586
105019
20308
15609
2371
106169
153272
126808
129378
37218
21160
85007
91491
4854
107636
97106
644796
213669
90636
110168
233325
80606
4216
218956
595439
94089
77670
215223
95190
97180
36741
11414
6740
133766
93421
2754
43734
213995
1612
686673
94781
127788
77260
94989
78860
695747
60083
6721
129487
94963
96572
270364
33392
124347
219747
21816
138421
1191
183799
46
25906
660541
1982
128805
280276
740488
29976
89432
93365
596761
249561
78200
90522
241812
86823
107253
44029
678363
55959
142361
1096010
164205
178345
74631
30448
36630
4566
269992
82770
6710
129386
104826
15743
9371
5447
280660
658764
101570
245527
119642
176456
187140
69963
33472
172929
36907
117214
219009
991804
358831
92269
150065
186446
98092
11345
113779
92575
721572
59885
91405
1063
95441
27093
660965
352575
160523
171465
118486
101610
117162
27791
1033
94821
247312
72518
24086
2833
68388
91344
175854
237120
181880
12180
312481
138913
214451
9362
64107
81981
646634
140669
78058
21505
139409
30426
114
1002637
240882
8412
5582
641843
53923
17710
2021
57407
114447
23640
181742
107602
174599
586
232135
268997
21209
95776
716395
1624
899
242220
134089
22911
36708
151061
1039047
167981
28576
1119831
596975
282309
7668
177286
115277
202408
208123
2703
1133993
59878
651582
70141
54807
95293
1034182
136596
63269
18472
1181
101440
243460
579
94705
69657
201387
257707
116969
29761
114468
243725
1041808
26668
26485
209871
173019
87996
131580
37358
143658
93747
133059
73108
22964
22845
79276
26002
198032
26679
48598
731847
44903
307542
30173
129390
866
27532
1089732
30180
43687
114984
1052
241661
187474
96060
78436
3120
14602
1979
94246
6568
54787
177243
139509
88822
30234
178527
730
58133
314220
173238
306853
173178
107127
74684
6753
251493
94218
90535
1051652
744460
167819
25630
105521
62856
189881
62524
233865
30295
30067
85054
38382
105112
689455
756487
42074
23269
147411
157024
83889
15507
217073
147551
107829
753669
644898
660456
360690
354248
658218
19347
108046
124908
177428
80678
2110
191225
284
177033
287368
5183
383
230323
67443
251494
183926
463053
108221
661773
50784
8202
93158
105827
660000
95178
3784
37045
189303
30291
93312
25997
162625
306236
167894
87951
93583
210488
24164
646817
694932
37058
9335
102453
11899
145988
127837
658263
88450
74521
238058
44935
20838
21088
117212
287247
94676
247461
40116
159164
179453
289795
21015
639681
398246
919254
161867
28045
118694
5838
151275
27899
132780
19331
661896
1257
11796
7803
78978
21043
29330
312340
1841
15261
118921
105018
12781
116965
19589
115344
660345
1159
176662
11187
210381
7938
107452
164565
4399
40953
111494
66506
104908
126001
33642
71116
792
28097
71007
6349
270794
107076
142971
63960
19270
9388
7708
167694
580133
210626
40751
33694
21965
80238
183542
26380
8813
690068
27332
648519
88080
107058
38298
6487
172936
172990
85927
63800
177237
220452
10419
100095
698971
118346
197742
727733
2658
21445
276682
106239
131027
236705
645598
140202
417927
5495
126610
63745
151709
226692
687
10422
4667
647073
136635
144053
498747
1056359
75621
417558
1014855
78502
186482
69910
38461
91911
36801
28459
67923
713486
1006783
218125
231360
64066
118409
30633
221926
270980
108939
491917
102513
105961
63880
23914
14438
454700
95060
175794
39243
93659
30316
35806
109505
124071
95523
161301
261766
24250
95975
33707
208480
127362
279886
138722
90068
715615
24312
642536
1179
661751
199165
116400
181714
57221
252938
235920
333955
186520
20119
93665
54830
75018
7344
638817
238761
225602
58803
397774
19545
803011
98198
95713
72594
296948
24811
8970
171367
699473
19629
197144
686812
600631
838170
473492
126179
96344
977665
224764
35995
91297
261897
17214
307599
37429
186641
314229
93404
267788
179391
167564
122773
8247
91958
109317
149456
93658
1848
234720
746398
7919
107290
62760
696413
178390
22625
658219
11734
167841
657332
114321
446035
25669
9473
677698
25624
661223
142337
4007
261459
59688
166772
234631
709293
55879
196481
74528
16597
6370
234770
2574
94416
127336
65346
176010
74472
452260
642530
195512
87899
95315
222815
661164
60322
124979
348
228741
10808
635924
154707
111405
171751
5344
174582
180854
37
180260
19133
89313
78537
91302
103425
38464
13846
104699
751973
68125
40096
87524
61015
17414
160527
118816
94109
2420
22908
70751
158080
661923
29971
21849
95148
39
170880
253068
21681
27207
209946
213993
88678
96443
72929
96009
174547
29181
158098
20050
92620
109039
23047
49930
71051
76165
55686
210603
640579
211284
712462
104996
252200
59532
9954
214047
671991
47652
645860
500265
2400
228839
807041
179250
280712
734791
1065019
122687
20761
72525
29176
24514
20856
23572
69824
1023722
11855
272031
159768
80110
19132
141746
71001
160766
44670
683813
97116
3901
81343
68053
175622
33565
649970
81735
196733
38489
1148
12415
108983
79483
155239
643218
135771
76382
62252
63632
102936
83630
91777
39867
282180
2253
90997
20202
94341
240568
115065
143845
147791
643441
208896
175739
63441
79505
457731
256039
92699
178340
17402
20362
37179
640593
110949
645570
194076
61488
4486
183619
42641
1195
7863
655623
4012
672864
10416
661232
72417
167685
877443
9934
87963
1013111
92122
104977
106266
1066190
139147
673420
165546
210477
256562
83125
20782
640384
9368
131659
2238
73045
202543
269501
51446
123828
27577
17713
254926
104555
42719
655767
887195
1894
54561
62528
7675
7385
37363
92582
52321
147899
108351
78177
697710
701576
14750
65008
4154
93428
97284
21881
140047
54488
118778
662510
70334
107027
111507
231358
8795
119588
84377
369224
197576
212029
25769
11919
128758
24839
342068
104479
47510
1044881
80262
70421
7405
175715
53450
164668
649527
281679
105523
42566
20892
27885
271231
69514
649219
883538
8677
172602
829999
216337
267786
39170
900423
1052207
108102
672567
130647
58747
328016
716383
36702
24744
31544
1016
63293
218070
645690
20025
92168
74842
67767
134750
176203
14694
41402
114324
347160
24464
363397
177039
46418
690351
6840
81941
4751
20704
343396
345262
108029
278857
24977
696247
3106
686106
106099
1813
8587
79927
20190
833912
111080
84449
655546
4610
3405
106433
18562
115401
118895
80185
14570
14974
707836
100260
18213
126089
643181
650456
105228
649236
1026233
9121
160560
1374
91393
94853
257001
20690
73345
104384
11895
214288
799296
18302
58670
30097
315567
328731
108887
390702
63858
1151
657036
69823
301908
382332
96970
93074
57761
643229
107817
97975
646846
6429
124144
24052
94870
37074
89760
39198
158509
29955
111402
640008
112239
173193
73303
55095
1095759
926789
29807
157840
2675
902
96011
91923
714495
101946
64036
94268
17229
91323
644785
36700
1032183
2118
28295
178647
24399
16185
20394
97297
59827
73334
640858
741951
94345
228175
136051
486995
107261
97026
49335
78250
36618
104584
50549
171740
17216
679736
18761
658387
1008612
1096141
105996
91410
8595
50503
71136
162472
1333
641519
648717
29793
238260
604306
109545
20959
77325
16945
268281
94303
137738
47091
20799
15678
642728
13006
259884
3908
20087
651719
101604
83080
123311
97360
238123
798419
20033
24671
640319
167799
24515
169700
59227
3996
123483
228424
97043
3625
192339
126978
111473
735308
88835
116732
118641
205592
771469
111736
2237
694116
110325
177632
49258
21388
2059
5511
194830
73351
108411
776847
196297
69967
13330
504291
315876
645116
84807
661675
92319
150695
215841
94162
712433
198500
22477
68909
100358
714046
4622
6201
657377
80233
137860
266876
145944
133905
713655
711460
2124
5035
31314
193049
9905
227701
562732
874
104580
35771
155685
105506
1012164
81959
658519
638922
22724
664411
20718
107257
51416
139
104314
68055
133255
98169
110976
205412
79808
116740
126180
171129
177253
104038
10318
105876
113942
38283
104841
133334
88480
234708
21109
67438
311502
1150
206584
227517
200880
672463
280004
337111
176612
71763
103116
88570
30395
77812
175523
117216
30548
17993
127172
35478
642097
746
86439
23858
93555
20223
96558
64032
8497
81495
65437
77294
40878
340445
257650
212852
393484
122130
79224
20143
33930
225447
149335
93550
176007
30647
354498
32857
234488
455274
93636
850
713475
221251
660175
108552
30417
291710
178702
678985
53423
86826
313799
46287
116469
4633
92148
304446
640826
22550
20796
185947
23769
19266
255430
19923
74880
22087
122889
38412
106524
72915
94800
243378
94776
20227
690487
60081
36675
5172
35439
60578
27019
68011
646480
75798
11588
663281
114026
41231
30348
9366
2599
182187
210797
221116
645628
3476
696581
438972
75058
235348
11293
10838
50559
11280
25271
101888
26073
140617
93166
180909
4190
4237
21118
646656
11125
141437
85373
55763
66401
141392
636798
63682
682120
93710
20411
266758
646139
158390
661099
182158
3479
661449
642718
184700
20281
89752
178263
429720
9099
93923
124901
2230
2734
145673
100819
157614
78676
441510
111882
78888
22524
88210
645633
100160
637333
91966
186689
246391
5390
253858
9844
19416
686811
753667
302887
6105
193025
281346
91959
32685
31584
111482
130299
1038038
171613
293336
162030
95989
184666
4890
66217
60078
20933
22608
108318
100717
1248
878
707786
2562
6672
661341
24707
36934
643024
147833
2844
118808
167608
21055
660523
66016
126085
646346
173372
641852
11608
9497
598873
642547
376
104657
82035
20663
63585
51407
38396
7294
812532
106987
224635
104375
731
95211
471290
95552
95065
213361
5237
7799
166745
32451
186647
184579
16011
111149
142793
151242
14363
160814
235293
2860
4441
1135
77501
212536
209576
1830
83832
98174
101611
4703
175773
2750
29702
20132
141786
271769
303625
11910
695209
60095
82108
160728
141935
311300
94814
43593
95008
38260
20488
41768
107942
44890
101933
118606
212229
4178
642668
235896
199497
35116
151070
95577
31740
43570
20661
107906
16573
141891
92782
4942
94852
2532
13244
643591
38634
78072
21199
508599
4959
167214
244135
104531
30043
20326
24625
222850
79641
30597
70405
28005
349270
109909
95547
656671
38217
105483
190381
249578
28026
80163
82089
92155
104452
214187
1009191
6407
32049
476403
313
20864
358974
639321
4537
574709
82195
139670
26764
8809
82023
192295
140350
5305
17211
270801
21094
272476
228624
1809
20163
69782
20147
657619
3219
123326
105493
96775
71244
647079
468886
11709
25552
1090928
287371
24536
9178
212206
662763
90212
38266
24183
165478
91921
260014
222646
786938
17994
855661
53011
266587
23000
278205
77482
103092
406778
14062
82452
103256
104683
177808
145221
7717
100928
132626
101181
377815
234683
20631
21780
26584
101931
107237
21299
92107
147331
45734
2088
414913
175643
16944
100149
262034
216984
137373
97363
833
31569
287153
274786
112528
63699
6520
158820
665117
5010
107975
90890
26622
769371
4973
694064
483417
95562
3189
1078058
4897
3474
155494
266707
39922
298366
235755
235409
102218
665744
30082
131457
94595
227806
984474
237918
678674
220218
32809
174681
93335
94419
101607
114443
690002
105187
102905
18307
44727
46476
9949
643245
5601
136992
308961
60831
649510
673256
146343
326198
12199
274005
4999
160688
56386
92695
2629
713959
84832
387
33135
207540
21276
146021
1013167
354083
280435
20574
107600
196486
307559
216911
42721
49203
72751
270072
490797
307564
353101
211537
1097739
136716
74878
645643
80592
133807
79143
29602
134388
186553
883683
96099
171090
73222
600147
4571
1057419
107227
60345
247250
62662
63231
175778
972594
39208
3367
110857
77765
117981
34756
151036
638930
6401
21115
43125
160727
132781
287820
30314
291520
14605
122673
84800
2820
96783
301
95176
6314
170273
96354
203047
96704
1735
91261
14707
17920
13584
20771
125026
175415
312491
67983
7336
643182
17606
222843
106812
668941
803
97199
10795
33751
713699
178937
110508
1583
2300
5617
56396
58
105581
132863
107598
17858
2538
97187
330
651193
58730
301209
648375
175738
20218
202996
6397
94798
130008
122887
27814
63560
210617
6932
167922
658358
684289
9067
4728
3467
27184
178583
236628
75753
148695
92999
73215
110103
3438
3729
377951
790701
690122
193021
193016
210113
100270
2519
108546
137110
33621
178553
219895
175991
65501
20971
272498
49077
127155
111534
255340
77661
112579
6974
251985
35418
19888
205993
194052
1339
78042
59865
69780
1014555
26311
426326
44460
646606
167808
133410
106100
308484
314987
92186
202147
680375
2904
108081
21079
109585
101249
60202
1102663
198070
2178
92324
9359
645647
317060
216585
272524
36753
44589
249469
116354
218377
515983
77848
63945
5927
182327
229006
130007
46824
67968
25653
159654
49633
139809
17102
79337
77311
134087
20291
494735
219299
94228
187960
132622
643162
256553
643110
108817
119321
71471
132384
185290
2756
85892
644002
171754
65479
1254
53474
11869
2243
23067
208116
94310
181881
14567
95199
674306
714112
83915
107331
287959
211924
213411
94047
90945
228728
59602
307598
180609
1070
120244
8043
182764
178501
35565
3574
76349
95634
1112
21836
27339
86003
219566
97309
742144
1071
4395
118596
92503
4786
179076
21054
740743
91402
25496
659626
87860
12951
3959
5103
151080
104582
92752
108524
647301
8508
164681
35594
19731
278222
87204
30120
20034
3803
146551
177068
242918
37409
101795
114343
21004
1104942
104350
387173
5960
39959
37686
768258
352716
926
129912
77385
45391
167944
74841
241451
637616
20333
24831
190383
305
311
80658
24878
63370
138579
70096
29989
27495
93309
3923
17303
77889
61629
18013
794582
669033
18514
666637
22798
37335
6893
190445
1384
14504
22941
10705
219863
178537
126302
37134
183403
97156
89822
248900
1455
21044
100119
662006
85658
14092
59608
29603
113860
6662
28559
72677
310938
251519
23472
79800
707803
15646
789825
5798
102661
4091
126724
566846
112155
152921
176636
33605
6455
130827
863057
2622
103441
659991
40357
2774
4443
116955
417855
111330
82374
15083
663503
4553
3810
101774
93692
115986
175648
1048343
193175
131401
13157
188361
242120
21989
77876
270806
155828
40843
242579
269458
188399
397386
205215
641275
57044
30192
18577
78604
286569
22364
21014
74770
94528
167679
640556
87430
3167
11959
1030950
1023448
69794
273434
37293
20760
20945
640372
184369
1156
167595
223415
274906
77981
661165
7193
21156
94686
39045
94840
6692
176939
198695
100165
9935
221747
228409
111076
20010
57809
1032280
155520
271631
236182
93803
228820
393262
425823
52863
102394
71169
638038
364401
238888
93359
74538
136727
178741
48448
517341
96271
12521
643771
175071
76339
93856
222864
174638
22361
108490
123764
303908
100325
131505
4009
41717
28901
17821
377962
196371
240396
110389
18420
38104
135700
91257
141985
1048329
92207
8468
65702
642662
23641
9872
24413
90515
21245
60012
104311
122210
241153
22321
20135
181390
2085
16421
111753
606816
440380
1780
639234
14312
72542
234732
114909
645064
177308
133962
222240
192732
8255
53177
97228
881
4511
294915
76615
232953
130192
29997
97108
167784
108911
230012
338913
693873
205044
170162
90679
125652
48445
276555
649759
134033
104606
84829
1004461
158754
78486
33080
899331
145655
7945
679529
46060
37267
398546
31651
102915
47552
4282
663029
108516
69306
58552
15976
71885
254400
701578
2358
52316
65025
18798
5951
18918
4947
89071
130363
75302
143308
47566
59764
20397
98383
5860
202940
6720
20891
158193
38463
660539
95575
687584
640507
104517
1132558
66372
38899
4268
662515
92416
96404
1066844
11205
91970
36524
1035871
372927
194738
85921
30769
253984
220720
136038
74870
102606
38324
55276
678667
84845
172985
179773
60034
8252
48360
661994
3811
609633
907917
81383
26958
751113
302740
110860
57889
102879
292525
175768
105097
198555
178450
107959
415588
70135
25049
29292
118658
219265
26130
96692
115875
142797
3851
109641
108462
78359
213334
212041
30843
97215
99819
234158
8182
82126
134973
6108
94417
37344
638634
2763
86355
131133
865
700066
33900
644367
21289
217727
178513
756725
23907
216136
21942
112161
177219
176984
237529
176702
684545
97507
28129
21573
125210
81757
4742
186676
122669
62889
5049
1060667
161808
309509
276674
133417
7028
206018
170805
31650
1494
267789
101443
49587
187969
1642
222516
108431
75052
4805
5139
70953
145182
95436
20055
35711
39224
303463
5694
234507
90905
285936
4548
79210
197498
740491
174451
82306
10458
27976
30364
60431
3487
131235
714019
8426
574037
25945
677789
21056
180758
5756
140833
2685
30126
637272
291859
23132
74715
217505
120359
677602
7833
103078
46232
4744
116872
228058
180393
96444
640822
189343
93497
66715
110305
88410
20038
222865
137218
94366
1681
1031927
9849
39166
116468
243404
93427
30200
136460
205232
171707
49683
640862
8893
11087
643827
510517
103099
24761
643442
645610
100486
92796
2768
62312
208419
30392
32909
57416
250150
104258
72422
687801
105747
649362
20948
1185
158916
11509
62254
23840
22541
178185
7276
90777
179176
91537
88190
96064
645583
5497
692634
4320
410433
129613
90582
216
59484
10297
78786
9027
158872
97127
8517
1114361
124065
64091
191919
20692
8438
159794
662589
214989
116377
389451
453275
292789
29238
304979
20486
686466
663549
134069
115873
69869
18858
21280
82391
713422
171048
220916
675452
146335
105386
101515
645727
64023
641381
17670
683264
92795
229401
117036
93299
1886
167626
172614
96640
1284
1079622
38387
79738
25159
93783
292706
101952
141307
477206
640936
176936
700
122732
623
687498
94317
130970
19890
72814
93532
42940
214373
93714
101914
131799
65190
25166
24056
125400
46483
217121
116150
88081
197879
86320
104236
640300
62683
8389
178876
62641
285298
234956
660216
1018
129319
93842
91915
405971
968173
98214
118772
802056
698101
118554
1114031
91274
6585
64401
64117
233413
59646
177042
644432
33043
328334
38253
661652
410407
194102
75339
1015292
204230
809616
105212
114445
640547
212500
213878
677713
1087
17180
3319
102395
691151
101650
1997
82025
12472
77508
241313
116519
758957
5059
65929
643183
340728
49961
38854
143509
91760
677982
294867
137506
269906
293474
117144
107271
225574
61905
135674
277744
130547
97140
160495
50909
167612
20231
3511
242106
21614
196662
172204
4968
292199
639434
1111293
96857
94312
233469
11356
160204
158794
665215
30218
1750
638848
112722
62602
649534
29193
230993
14569
646267
92031
8788
53788
208620
108128
84076
218240
145427
382335
825828
205212
6448
64101
646332
4775
14203
29439
97009
703218
85048
638603
676904
122876
144294
90502
284825
4407
95801
184995
213206
79245
37201
3317
312679
660221
79880
155476
83549
226689
6381
59485
76551
73454
75664
19995
53564
744
108830
713047
263644
372924
63319
20466
63498
72326
55594
94048
660936
20993
70883
189495
661409
20982
190320
10952
177654
702410
121553
223576
93839
31364
1028353
6302
85426
676506
640332
219035
60123
131610
54016
141389
89841
104424
2277
131374
1915
91495
25053
118320
20524
20762
62689
84746
65874
122167
22677
10009
70696
33623
1068147
122954
122923
137491
662025
30052
14122
234667
63893
8919
119724
97376
122495
92355
322922
92618
711992
169756
6163
60423
6555
5558
211515
20766
175125
78652
573
69825
534115
537768
2699
25319
250201
158964
11355
29772
692911
75490
204468
93286
142290
112237
30329
94823
26146
65524
662408
4902
91235
100277
3211
236582
197496
3807
95108
57844
46074
21126
66566
108623
83399
20088
138401
105766
8327
429902
107541
305258
385721
153699
122872
155431
638628
143890
87781
89277
180583
15562
36711
10496
61315
101918
40015
3759
111012
1066411
25332
43879
60708
132531
9353
4063
4555
103907
81489
137363
643499
96649
644531
4928
809452
21239
20130
38400
408572
107036
208564
92552
175832
3420
126123
7881
72550
162760
17890
661612
30541
896938
59979
333166
151581
171249
9790
181162
43132
12933
59280
690391
46782
146937
127792
258222
90342
126899
238049
179080
541723
77254
18220
91360
154791
78647
118870
174667
237185
38368
93892
123
62580
88471
3884
4491
654239
1
30443
100058
20046
266881
143798
50579
640254
164357
29562
966
21108
173059
4122
897328
635519
478565
288850
191648
208971
211108
220669
21494
187157
47613
216109
126608
71349
1522
172169
83895
2433
92822
88612
18948
314096
91372
40790
43558
176930
150064
110672
92801
373537
3056
65445
6371
103969
4729
35509
357003
171321
706551
211219
95270
222367
90498
41561
193055
289684
145235
2647
181177
78122
3128
391646
30958
64567
79263
118673
33579
46291
96241
192303
24271
20203
70975
24248
10424
124057
362852
19407
19984
357976
276953
62413
117888
106945
9777
1169
46073
107848
106090
5500
102942
90087
114387
165464
30805
210203
35360
227
26201
66009
23271
303339
771683
88682
205673
401858
201469
1580
21502
647023
106731
5934
84603
89800
664097
70352
44031
230589
82121
5734
191649
427502
6722
267775
38472
29343
643816
98213
28651
722
180024
90894
21212
94374
216801
96560
95014
106315
175713
198841
9874
715131
100781
38173
108596
104407
696210
141919
126459
20111
110517
237331
60602
709175
56017
79195
14025
267168
224138
592796
23111
93362
157135
20985
10606
63916
79293
37595
354483
37914
39965
56141
146401
398991
75097
268336
448034
175750
1037083
1120518
191124
2159
156587
5674
105262
8461
4732
32888
14352
1020704
4919
37455
24427
175593
20021
281379
33936
131332
19403
269998
39554
776656
3057
673641
807535
533626
134088
882596
77724
30568
1032923
4718
71248
151214
662531
879899
91968
40844
105733
684221
18469
20557
5203
685092
689647
354220
86274
40431
108301
100745
149339
2417
249097
77030
115888
79473
37353
30262
64052
71167
151642
86671
398968
11095
236026
4463
183784
110779
54416
4723
285050
659801
96139
101777
22202
172969
93238
451692
104472
89622
135628
50487
209251
1039398
101820
151072
118290
823003
38344
4816
201808
35921
643560
140678
21315
104201
214503
54113
3694
8941
108526
1128725
102767
241
11856
244962
196412
222540
158161
100359
20827
642676
664091
1087816
21762
231229
91268
125688
203438
30007
7561
44427
389
1108379
95927
9804
3650
8298
86798
30149
20836
8416
11849
131454
32479
91125
167833
97235
104700
7735
735998
20339
46192
68024
84412
706630
140029
9104
62833
32340
11466
172982
2752
223788
916468
159780
30244
229810
176271
326356
687158
20096
20940
238395
133944
89465
174197
210144
9391
33627
160852
259352
125472
165631
62915
91382
179054
104320
109590
4578
3397
675427
2632
81524
224813
353712
266505
92236
58203
196025
703645
93096
87409
214520
91447
271727
697112
63848
20325
19722
236533
11791
694026
203836
601246
25754
16994
102896
219898
5995
18333
162637
337884
110697
117128
44005
110263
112209
265289
49493
178584
60398
37306
17293
37533
161081
97099
680296
321736
33577
77295
94674
73355
94242
106956
163294
80079
43467
244082
408834
22146
648308
687671
4954
91636
95866
165799
140630
266517
4124
170077
158907
11676
20365
8934
133853
60676
20434
178550
212051
122180
354203
26841
134106
672246
165946
94633
75033
116
159767
33632
1867
662640
95304
17826
8361
234464
324281
74704
118871
182226
84593
27991
657919
27323
116456
2827
38261
20353
715909
191118
3911
10175
63646
645661
69391
78581
8476
88944
210922
174538
692953
108201
91503
153142
103059
208543
706593
318704
137431
22821
42759
60400
18830
119021
80797
61716
124310
25424
643577
232781
177057
3656
642840
707956
132935
96175
72532
177460
345883
21268
316738
96146
354308
714710
187438
87663
34027
154514
126291
18363
93724
22614
95814
77764
6388
304666
63543
647825
643184
237861
644387
12829
88589
116678
737852
75046
98193
3450
3679
117505
166746
89181
1247
78951
96918
128537
184292
78582
7651
1071508
114527
731787
96678
41917
235458
118787
38428
31181
124787
186749
60341
415425
20732
98147
3548
118196
158051
153558
181718
66970
72491
66529
178634
51062
94227
691925
639869
105655
991893
187447
93632
413708
101448
646652
176609
122929
16779
138501
94710
10329
242776
20750
1023466
291701
436531
678721
28491
74575
69830
60251
1853
192162
958
130290
649130
106435
40121
63357
94714
86581
113647
23676
20370
17736
69052
25403
107392
2208
212421
38322
640017
641837
174227
15630
155307
6269
11174
20306
164517
7962
247752
20013
141933
210675
18273
104012
236538
24016
95
92914
104005
210012
85274
100084
58978
646669
4859
340882
63481
5866
64465
63187
38360
15360
105645
82131
15328
78595
27967
439066
104563
21936
18309
97094
44046
47900
3973
215755
89593
9930
176263
85748
10984
139469
48559
1690
58778
142189
631101
107923
9995
2394
250248
33559
92283
418952
23276
222695
17879
138291
94834
101575
134848
245233
171502
57948
151258
6430
20828
1426
2841
45736
104116
5753
39631
44766
655871
169735
76938
154724
22460
311481
150935
22486
679482
90886
73141
661532
194880
691522
410394
13049
60477
2145
100457
64093
788157
93561
261464
115304
94461
20442
30001
84421
89587
18569
836570
130141
116600
658751
9552
94631
100926
202993
75063
12976
29082
186459
282871
4422
57261
40403
358934
169107
60921
642509
23816
793637
64579
90942
11944
4903
5430
12293
644345
194888
103212
20984
208295
103871
9006
94198
4913
173343
169718
2134
29217
280206
189366
20921
659761
261640
84966
658117
1064136
94201
900280
85524
75007
310411
93945
42639
91586
22180
124711
20313
192714
66439
167738
340401
17842
23082
23159
83304
3011
32992
11942
649283
14413
78741
47916
21560
232773
264833
64046
93366
63198
288001
115341
80114
26767
31044
81980
20375
101622
649204
230994
24198
642768
91365
7690
82670
105749
436848
147408
21916
20780
208943
3936
59853
668169
189354
21005
406
203852
170068
140612
331246
1067230
199490
102545
234652
106298
1667
37534
135257
649513
7861
1709
100468
115897
15131
188318
99035
73448
815734
46648
75006
647783
24054
101773
232217
96935
132933
256538
664531
71211
19023
117359
155432
662064
89745
18054
607
271310
727794
92494
94524
689813
157211
202413
74508
88677
37600
59963
228813
154298
226690
3555
5828
178526
100355
71914
654864
33860
101482
141876
187166
656651
95835
190216
6675
3217
975252
123782
215045
122104
483869
240741
484951
8943
110371
6622
54091
176046
3063
644373
67729
175189
24002
170114
621245
25179
11999
176187
598726
23517
251891
85343
33898
90542
64042
231142
645172
63495
37277
29565
27044
23193
222375
15182
658354
30269
9416
185436
740455
215381
216444
110691
143654
100931
42274
99798
77241
10668
183469
265044
5868
207125
31275
90534
3220
237254
96
79267
354387
145006
391
155498
183376
26810
1063054
188864
606760
39137
4324
402225
20647
95993
101971
320560
6382
653469
3002
104196
72202
20426
735382
95175
63819
393269
104830
36805
146945
38453
81283
102762
203059
86334
133982
3404
12941
17825
525043
11751
884241
111532
117549
168229
38098
242760
4351
167284
2153
666853
3832
62766
113795
101544
54131
2501
728738
52817
66495
118843
81936
681379
37275
5579
99750
127317
311101
21205
94348
8522
645526
87880
10002
93419
154414
227993
653253
431558
639977
8000
20200
227859
37068
80298
26102
743518
97047
295850
1557
94049
203869
661399
1829
172747
17035
3506
6458
1005038
133849
21041
219915
63681
154618
37649
58006
96977
193008
104040
108658
21275
125891
131411
178614
11830
51652
96483
14231
6191
16576
90870
100063
643505
226818
765567
677035
150510
246812
158651
95159
389415
643084
138991
87386
211618
1775
11900
88588
133563
130077
37222
50956
27130
69890
37939
365266
93687
63715
104412
95657
3941
677782
148245
330120
30159
677881
390978
177276
20219
221516
696631
213948
32050
497915
137058
766810
93571
89326
175624
222436
160678
357343
244095
672104
222724
6815
3630
43301
201961
97334
133118
6984
353104
3064
182928
357931
79409
455381
228709
2855
234640
77338
20498
108491
81467
133130
59972
642537
87945
172173
251574
131365
30134
21472
18108
406225
4458
104705
37202
112650
59834
8107
156
53303
37640
272434
147352
211401
582149
220044
28353
341354
6457
269289
642877
176640
106747
37522
92076
85972
33831
40828
30137
36755
252173
660251
992178
4303
201379
2105
1092335
301438
207313
20342
292635
60945
21329
112235
337820
126127
107892
122688
662014
640385
283072
104778
447
145650
76957
266810
65877
232523
32396
95826
90070
208689
43210
125297
20180
7080
10573
94334
48732
206945
8906
162424
72409
87854
247931
93301
96805
30629
355575
28942
63712
108461
491890
174839
17266
51282
91000
162035
10534
20357
397394
102787
819
89774
106347
644950
101796
694961
39489
187310
60553
1063987
77336
278258
145706
21620
101215
1017159
133841
16940
84988
92722
173032
114332
101566
656631
664918
21065
44723
307889
12745
170779
5630
272279
1244
87900
25930
645621
68241
8136
95942
198241
20736
129280
270776
21575
20398
137372
70243
11811
9286
200324
680651
124625
161439
741230
26107
413179
66338
191650
20589
231245
1023269
138986
74334
46720
644292
179239
51366
230357
93887
91247
15745
191994
43386
27305
89111
518
154700
84099
352181
948460
23904
4086
30433
65981
92078
181876
54079
63847
271650
53499
82054
21449
678888
6497
643850
114452
35656
282488
210089
24965
278203
63310
93361
684548
662172
126911
173176
218534
141995
327334
101028
1010199
30719
678165
692625
28032
200416
9932
178644
84589
1050376
243666
178384
21117
58701
26666
639847
178213
245807
113703
687298
128622
658214
790606
292035
748585
5792
77444
227978
78014
226853
31299
108398
227306
106532
242614
15578
103155
19881
508727
89469
519652
154266
191580
92534
662094
695597
644008
37969
20630
73244
33111
53294
286843
4785
513169
170865
457443
204754
657601
149116
649529
401
42749
74598
1887
108441
201439
8256
150794
137928
64982
138729
749451
64345
276944
103231
11484
102575
215254
20720
174560
11853
126833
35785
213965
11816
125828
468845
63347
134120
179758
740137
37194
12676
221169
54527
49452
660793
206548
3837
3277
96067
308710
59902
676940
22079
410380
96562
32553
19832
749123
90932
70088
294753
20516
11844
338885
785396
188802
3139
211635
57076
189348
24064
646688
24566
147759
23013
99484
644735
706004
53653
20270
21100
677689
284046
122784
96166
660234
182162
154530
62808
465039
268090
97352
2407
