100
474
287
266
239
14
27
196
639
705
606
80
124
482
221
9994
363
99
326
131
634
525
66
624
267
88
599
15
328
1
1162
559
1869
553
382
1292
274
200
4824
128
159
592
210
563
251
1256
359
562
246
457
635
4
192
230
26
1954
1175
608
105
535
236
265
156
646
1765
412
1645
512
140
709
8899
60
10812
10813
1689
111
247
2273
11426
3683
11402
11427
11425
11403
11404
11428
11429
11413
168
11405
11415
37
515
11416
11411
11410
11409
11417
11412
11418
11419
11420
1059
11408
11407
11414
11421
661
11423
11424
11406
11422
307
134
157
2119
9
6561
1060
3146
3137
1169
41
682
4041
1692
133
19
885
6675
2250
8
1587
316
1405
6681
989
6086
129
5370
613
205
12
415
3209
4804
6122
638
145
1890
1449
649
354
1775
288
629
48
547
2940
76
310
1156
1589
487
593
612
3641
417
408
2926
2803
4900
1032
866
950
875
329
1520
349
828
566
4252
1159
777
752
261
744
741
1987
2071
7077
28
110
10
122
7854
86
56
3399
238
793
23
784
79
1044
1738
1257
1521
1290
627
332
36
1492
9274
9275
610
9276
9277
9282
9273
9272
9271
2747
2703
507
2409
9270
2244
255
9284
6072
9278
1528
2314
9279
9280
268
9281
9283
1103
2633
9269
3163
2840
1038
9262
9264
9261
4280
953
9265
9266
2806
1955
9263
9267
9268
6801
1635
5389
887
498
5629
1025
3028
3651
2019
1434
545
1394
503
2017
637
2954
981
7438
135
609
883
155
1312
8450
3597
258
74
1655
3792
1652
240
6583
6573
750
6477
2525
626
2067
765
572
985
4141
539
5892
6018
194
1827
1690
85
103
5335
5572
2859
2681
401
2377
1731
312
884
396
4266
13257
2832
13249
6638
13247
1188
13245
13244
546
13243
13242
571
1599
590
3320
632
6891
721
13248
13250
3429
13251
2716
75
799
13262
13261
13260
13259
13258
1379
13256
13255
13254
13253
72
13252
13246
2199
2595
118
234
5000
260
151
150
163
625
6089
6009
1547
5682
249
2247
2625
92
4800
8400
2900
7860
263
5651
3246
361
805
153
442
6684
622
51
642
43
653
2086
8147
2094
575
209
2461
3677
3864
556
2008
4133
190
3211
2730
226
4854
7225
5
944
3736
5893
7851
3978
5363
7857
242
1218
4545
607
193
7863
1209
7855
3779
5020
7852
9568
3518
440
8744
1784
6797
7859
7848
595
4158
4579
800
7861
2283
7858
2816
2548
422
2075
7862
839
367
754
460
315
511
2161
3498
227
7856
7853
224
2117
1967
718
7850
222
7849
68
1466
3770
5455
4263
1370
1515
2927
486
2389
9365
1485
5486
773
231
521
5007
2182
6021
945
2829
1960
21
954
4696
2133
8507
67
1663
393
794
586
1238
1943
1793
