100
474
287
266
239
14
27
196
639
705
606
80
124
482
221
9994
363
99
326
131
634
525
66
624
267
88
599
15
328
1
1162
559
1869
553
382
1292
274
200
4824
128
159
592
210
563
251
1256
359
562
246
457
635
4
192
230
26
1954
1175
608
105
535
236
265
156
646
1765
412
1645
512
140
709
8899
60
10812
10813
1689
111
247
2273
11426
3683
11402
11427
11425
11403
11404
11428
11429
11413
168
11405
11415
37
515
11416
11411
11410
11409
11417
11412
11418
11419
11420
1059
11408
11407
11414
11421
661
11423
11424
11406
11422
307
134
157
2119
9
6561
1060
3146
3137
1169
41
682
4041
1692
133
19
885
6675
2250
8
1587
316
1405
6681
989
6086
129
5370
613
205
12
415
3209
4804
6122
638
145
1890
1449
649
354
1775
288
629
48
547
2940
76
310
1156
1589
487
593
612
3641
417
408
2926
2803
4900
1032
866
950
875
329
1520
349
828
566
4252
1159
777
752
261
744
741
1987
2071
7077
28
110
10
122
7854
86
56
3399
238
793
23
784
79
1044
1738
1257
1521
1290
627
332
36
1492
9274
9275
610
9276
9277
9282
9273
9272
9271
2747
2703
507
2409
9270
2244
255
9284
6072
9278
1528
2314
9279
9280
268
9281
9283
1103
2633
9269
3163
2840
1038
9262
9264
9261
4280
953
9265
9266
2806
1955
9263
9267
9268
6801
1635
5389
887
498
5629
1025
3028
3651
2019
1434
545
1394
503
2017
637
2954
981
7438
135
609
883
155
1312
8450
3597
258
74
1655
3792
1652
240
6583
6573
750
6477
2525
626
2067
765
572
985
4141
539
5892
6018
194
1827
1690
85
103
5335
5572
2859
2681
401
2377
1731
312
884
396
4266
13257
2832
13249
6638
13247
1188
13245
13244
546
13243
13242
571
1599
590
3320
632
6891
721
13248
13250
3429
13251
2716
75
799
13262
13261
13260
13259
13258
1379
13256
13255
13254
13253
72
13252
13246
2199
2595
118
234
5000
260
151
150
163
625
6089
6009
1547
5682
249
2247
2625
92
4800
8400
2900
7860
263
5651
3246
361
805
153
442
6684
622
51
642
43
653
2086
8147
2094
575
209
2461
3677
3864
556
2008
4133
190
3211
2730
226
4854
7225
5
944
3736
5893
7851
3978
5363
7857
242
1218
4545
607
193
7863
1209
7855
3779
5020
7852
9568
3518
440
8744
1784
6797
7859
7848
595
4158
4579
800
7861
2283
7858
2816
2548
422
2075
7862
839
367
754
460
315
511
2161
3498
227
7856
7853
224
2117
1967
718
7850
222
7849
68
1466
3770
5455
4263
1370
1515
2927
486
2389
9365
1485
5486
773
231
521
5007
2182
6021
945
2829
1960
21
954
4696
2133
8507
67
1663
393
794
586
1238
1943
1793
9716
8991
2505
7295
2153
423
1171
2259
1316
437
77
724
5812
7019
1221
1724
636
2602
850
834
117
1870
1617
4156
1759
1429
941
861
10084
1537
7097
335
1027
1327
688
245
1597
426
1683
739
116
517
7951
370
1758
9964
3462
775
297
5367
4181
760
2621
136
3673
6754
1423
11139
6113
471
2015
3129
2183
1392
1957
1115
346
6494
740
8745
5922
6271
4582
2002
90
10106
87
4585
657
383
10105
2550
305
2795
2496
409
797
220
57
8536
536
42
1098
7417
597
3696
1153
3906
4426
5912
5664
3791
1146
804
6571
695
788
2375
295
4469
7597
330
742
6132
11119
3014
2331
10062
2614
44
2644
514
4920
186
1193
1094
2799
526
736
9908
3847
1757
7940
5901
4302
269
308
1102
1728
1078
991
1569
802
20
7226
1545
4586
272
419
174
4151
791
6680
582
2077
5098
3735
89
1594
2845
4048
480
2069
237
1782
3778
2080
8630
10098
444
108
78
8874
602
2087
130
659
658
61
1658
555
207
152
2011
2931
63
650
2544
39
2033
1390
604
7962
195
8035
6691
142
38
3656
296
403
826
375
381
262
3482
306
259
120
835
121
5813
2237
303
12073
173
1941
827
4457
1946
11238
322
7104
4085
1755
890
6542
7355
8210
6836
1282
8293
7369
4319
3253
842
1525
8267
2878
4518
2178
5539
2798
725
1980
7070
513
492
485
3682
31
7159
3041
5553
47
8372
3492
244
7333
1570
717
1842
6142
1074
1764
4701
1953
3069
3530
4284
6482
9634
9859
3094
1067
1640
1049
2800
6174
768
651
7109
2597
4875
2462
4292
758
817
4290
32
2599
4878
747
1930
1966
3908
278
1198
154
1241
4520
2141
1546
2297
1277
8864
5176
62
341
11134
299
331
273
2652
83
11137
8867
2177
6452
10319
1516
1551
1514
2315
557
241
1179
6123
214
8529
6330
8652
1472
4912
1297
4578
3827
3283
5554
3319
4609
1539
1530
1202
1473
1506
3789
11078
5999
5033
523
3760
112
3315
1524
235
6334
6067
2724
2635
7054
1852
6807
4519
481
3172
753
3159
879
3157
757
6102
858
3553
7267
2061
1522
6182
847
3026
8944
1263
809
1730
4458
1046
1045
6024
9775
2847
1037
4444
416
4316
1413
4152
876
1354
10311
3036
871
1676
8330
1944
2963
6699
2305
3670
421
176
4425
340
509
54
143
311
6917
5093
1656
98
2114
605
690
201
548
2005
1657
3123
1320
1610
1361
2454
11262
1488
4047
3914
4913
3344
9001
2362
654
570
990
5772
5540
107
4228
9494
218
3
3354
6133
1465
283
1768
6698
46
3193
52
284
3127
9480
4784
9963
1189
972
1338
8500
277
6674
1810
3533
3675
9220
988
11974
1877
9772
1888
833
982
1776
1314
94
7114
4683
5996
9774
4285
8008
1783
1529
5003
275
4305
290
4309
3431
3753
1851
4264
1300
9364
6808
5607
7351
158
160
1843
1828
9576
3524
1756
9771
5314
6765
5997
3266
7299
9081
6011
958
104
1795
1313
1519
1868
5896
5263
862
1740
2517
8297
5594
880
9370
939
938
336
5060
4944
5004
232
30
2782
11118
700
696
1208
6690
5117
9746
6369
7761
2013
8169
2407
770
8760
1178
1572
10234
3566
10173
749
8689
2706
3309
1665
4896
5095
3214
2738
524
722
723
6693
7938
2417
3684
9679
2786
8376
2123
2784
502
4523
6876
1969
2209
772
4975
5231
149
2076
6270
10197
11098
3647
2827
807
2828
6580
254
167
7237
815
7240
5662
631
3027
6068
12591
5118
786
6714
11379
8887
1378
3474
9002
3870
7926
204
5450
6683
4045
1391
8150
1596
4788
6137
1771
1634
2976
5287
1494
2932
7203
1637
8856
1166
7101
11340
1495
1343
1672
1302
3079
9043
6095
1063
6165
6169
5341
2905
1458
5948
4150
7231
1736
1242
7082
1023
6040
1266
7243
1035
4799
6071
3488
7166
1296
1018
6057
1435
3433
4083
4827
10773
1033
3016
4693
3506
8987
1675
4798
1411
7112
1210
1212
5076
5346
1286
1017
4039
687
4432
4996
6725
8256
2150
2038
4976
435
2820
3403
436
11024
439
667
2364
6481
7588
6352
5828
2835
420
115
1912
114
3213
3846
4392
2243
11010
8778
6464
2688
8007
2773
6659
164
12469
2785
9345
2632
2167
177
684
465
737
6396
285
8387
171
6265
459
751
6483
2804
4353
759
494
12468
8346
5801
7779
292
8399
5774
447
2490
298
2850
10644
8574
3196
3198
1830
9334
3197
1841
9379
2294
578
3422
357
40
360
365
3948
5213
10071
621
2091
969
7835
6347
585
3119
6547
942
33
601
4299
3777
5866
2302
7663
7841
3423
12184
544
71
2274
1855
5661
6512
225
2619
5454
863
3940
2528
2677
2056
4958
2572
4576
2388
554
3040
6923
2121
12503
1318
3852
4387
3359
1591
970
1186
488
558
1174
12587
11120
3051
4919
6641
3836
271
2728
1195
531
5712
11358
8255
574
3837
2100
4203
974
3632
2374
6557
13326
2341
2678
7145
386
6987
8302
4446
1295
3786
5161
2656
2673
2333
2290
1498
1268
2970
9378
3254
1523
4164
5461
9781
3614
11864
11394
3775
5624
325
13325
2246
1478
293
468
3039
5967
9744
9745
5971
1317
6947
1215
1219
6101
2643
9804
9752
8512
1240
1222
4559
432
4471
5591
2215
11889
5593
1549
5600
1496
2231
2345
2696
5745
3286
4911
10122
1052
7098
5001
4522
814
1043
9650
2526
2839
5235
1036
95
10104
7252
1698
5825
1445
4999
2493
1691
5124
4250
10142
1947
1948
5097
3077
12764
3076
8395
3072
7254
844
10155
9851
1005
911
8024
3436
4860
5360
1421
1024
1769
8195
1773
3120
1410
9600
4649
4272
10761
3098
895
1854
2540
877
7359
5313
11649
6235
11237
3939
6454
4128
9866
170
3147
1671
2616
2018
2441
5487
1641
1639
8740
8502
1633
652
648
1127
1133
12177
6894
5550
683
7201
4907
10414
11035
2062
2064
6661
13814
1609
9954
8862
257
11350
7956
3066
10575
2601
9122
4982
4030
713
1664
1988
716
7758
1662
6881
1406
3913
8164
7465
6687
5623
7724
2408
10413
8618
9907
8921
1425
5564
2478
9877
4988
8548
12006
8553
5563
12021
2400
7659
7088
2536
1464
5601
5599
5597
5091
2996
2501
2630
2518
11460
2642
7809
2500
5995
10440
7091
4979
7810
4089
10422
8608
10567
2497
10752
12218
10523
3478
2725
3480
5415
8761
12775
3507
4882
5806
5808
8767
3931
8838
1697
1700
10128
4876
5080
2833
1684
10148
1677
1661
5414
5413
1653
5412
5411
4825
3907
11691
3909
2928
5951
7984
1971
1963
2915
11563
5936
4845
7356
8471
5358
3952
7343
1824
10070
1746
5069
11618
7326
7304
7288
7296
7268
1743
7391
12873
1887
1886
7370
1879
12871
12872
5925
3947
12874
12875
12876
12877
12878
12879
5081
5416
2320
1632
2961
7594
12432
7590
8885
1556
2210
2707
8675
2203
1584
12464
12465
2952
12466
5449
10321
2234
2280
11857
3780
10738
2293
8642
2285
2276
5680
7139
13339
3788
1540
2679
2680
12467
10298
2720
8728
5960
8506
4038
5417
2050
1620
7200
8863
8733
2042
2938
4902
1626
8739
4046
7185
2185
7571
13264
2176
12496
12497
12498
2173
2170
3877
2154
2132
7536
2105
8509
2090
8131
12010
762
286
343
10930
4627
9035
8283
5136
8438
5105
6563
1232
388
6565
5140
11088
10910
411
6097
4595
4424
4423
3176
8138
4422
4421
3178
776
8228
6081
6353
9548
3271
11222
9204
1039
9651
6726
806
1048
302
4635
9104
9658
11389
1138
1264
10852
3363
785
6070
6250
4630
6981
778
707
438
8264
542
530
5221
5220
660
656
6297
4715
9003
538
6671
4374
551
4393
11155
5217
3195
564
603
1148
1147
4383
1145
587
3060
528
5211
4420
13870
4419
4418
4612
4417
454
4416
3405
13873
13872
13871
3389
13869
1117
680
9736
8260
9157
4608
6138
499
1192
500
1190
3397
3419
323
920
125
1339
1387
4548
6784
888
881
219
874
873
1345
3010
6805
6366
4157
3282
6456
84
3009
8207
1377
952
189
5253
4654
4273
6479
4495
4499
927
11011
147
7048
7055
144
3126
10769
8347
9578
6802
915
256
169
3279
4474
9559
64
25
6834
6244
1304
4658
966
9601
987
959
4473
9258
13630
5239
3278
13631
7022
678
2066
3425
2078
655
679
5879
10629
676
2012
1781
4385
9602
677
673
2020
675
4901
9594
2040
1794
8503
957
12986
5366
3892
7486
8238
4377
8038
672
11598
2765
10042
940
11612
937
936
3121
674
5368
5394
3540
8768
6720
14169
845
6744
789
10137
787
10643
6745
6746
6252
8225
7368
11233
10136
10134
12805
7406
1880
10133
10131
6723
1881
7992
7397
5233
14189
10660
1894
1904
4331
854
3132
1950
720
2006
3541
2872
706
6225
11624
3179
4859
8205
5844
4614
1984
10873
5380
3912
872
5384
733
3915
908
735
738
2802
3949
4307
14293
3552
5308
771
12760
596
12510
9473
10946
2390
10406
7727
3280
4481
4482
2624
2623
5555
14920
3208
14921
10542
6515
223
9326
215
3644
8605
3707
11921
8621
2385
3640
4962
11890
3746
12260
12259
12258
12257
12256
12255
12254
294
2640
12245
12244
5472
11911
2371
10549
7720
2430
12162
11023
4525
127
5173
101
82
2527
73
6455
8570
10520
12049
10519
10518
3324
29
22
8329
2552
12015
2557
2504
15059
199
15058
8348
7755
2447
2448
8344
11013
10960
6492
2598
7775
6487
2485
12117
7780
9306
141
139
11979
12091
4470
8628
3361
534
2143
519
3584
491
8688
5906
7563
6626
9149
12502
4606
8682
3390
4931
2188
4410
10299
7935
2194
533
2137
7579
9467
4386
584
8377
3872
580
2106
6288
2112
2113
12571
10619
11769
11138
4924
4388
2744
10618
2127
10616
2195
10903
2350
11856
342
5633
7655
6544
334
9363
2324
4560
4467
3618
6349
324
7897
7896
11881
319
3752
317
11051
345
347
6305
7639
3814
5690
3603
431
7591
2227
2229
2233
6329
3798
4435
11096
3795
9180
7620
389
2281
2282
5645
971
1407
3117
4716
7207
8857
5113
3499
9960
9959
6902
9709
5351
4719
9714
1184
1194
1196
11363
6106
11369
6100
13277
13278
6958
7172
8881
1223
1568
7165
1555
1134
8855
10814
8154
7253
1031
6841
1047
5946
4254
