657449
1239
3424
26084
102903
3491
179149
662634
1071
883
38384
928
69931
1210
362
645916
646628
268336
1036
1190
18858
516
13024
3162
3523
35660
403
280435
661610
684215
108623
1489
105
106354
642861
643719
155431
722
3101
115240
18172
2525
642490
805
646255
27543
1845
196
357530
657357
75543
807
110104
20024
2844
479
108601
20363
21
94026
20011
1226
672244
72399
1244
642536
1011428
47763
687
27803
2686
482708
167
27836
22014
71075
646367
660238
340
645693
2538
1243
636736
636156
93539
4935
1490
831
642539
33
825
684219
1574
1182
645647
697830
209
1273
1258
3
122395
1001507
46
695405
105477
676602
3306
3099
23840
1368
86340
880
44005
3948
11879
694116
44012
114445
3482
772
2632
27019
1069
110194
5995
686673
17342
8745
103
645702
1024
701
21137
1431
115673
24739
4221
802
383
71153
21472
106990
1450
616
4718
27801
1185
27814
4735
181087
2661
20921
4897
642838
21170
104196
647829
94297
37057
1077021
1983
758957
4889
29149
638610
222724
4955
310
642478
104136
108611
644577
661664
31842
642613
640858
643250
1703
646289
6510
4986
22033
1032183
732815
375
991906
649283
1097739
661391
939
17845
1985
8874
78730
77838
1181
8423
30951
660328
660639
