657449
1239
5205
6400
3424
26084
102903
642782
3491
729
469
21159
24732
179149
662634
1071
883
1587
29772
38384
928
69931
1210
362
89639
18938
645916
646628
8256
268336
3008
91958
1036
210612
1190
18858
20234
516
13024
14702
77260
665749
2759
3162
3523
889
275
160789
35660
403
280435
661610
684215
648298
108623
2708
19462
866
94059
1489
105
106354
23129
642861
643719
27976
1259
2344
155431
722
3899
3101
801
115240
4541
18172
2525
642490
8879
515983
805
742
646255
650456
27543
1845
122825
15143
196
37027
37063
1009453
21080
3219
2810
357530
657357
254926
3371
75543
36072
132538
807
26352
62875
18105
185311
110104
20024
1013167
78636
2844
2282
9734
27203
479
108601
131027
20363
137363
21
94026
692623
758404
20011
3477
1226
3665
77110
672244
154085
881
110697
18763
518634
72399
104540
1244
642536
17270
2423
4562
69888
4049
1011428
3446
47763
687
280986
27803
2686
850
642877
6518
1168
482708
4904
3168
38409
9344
41561
732340
167
2822
1232
27836
104683
71119
22014
71075
373537
646367
2316
2782
4814
660238
340
8607
1179
802056
37398
131024
6269
2982
645693
640017
114387
1007994
700
1048329
12825
2422
702853
60085
2538
1243
636736
1118
109988
6267
1311
5693
636156
8335
93539
4935
3941
672652
1490
28179
4613
3600
831
25715
642539
662159
69853
11905
2953
8809
919
33
698535
170155
825
298366
1271
684219
18571
1574
1182
77327
645647
17685
697830
209
17404
77607
2286
1273
75044
5234
75183
1258
4942
79641
3112
3
79927
122395
7827
678165
112201
62833
17263
1001507
46
4220
8969
80175
406
4418
13567
38337
695405
105477
57914
838
13737
644920
20323
956
17283
676602
3306
162026
123842
951
280407
1708
3695
153277
8000
1910
3739
3099
649853
23840
1368
86340
116
29769
880
44005
679090
676429
295011
4958
3948
282823
1246
11879
510
105327
694116
106347
44012
2249
114445
3482
772
649123
4293
14777
77295
2632
47454
19951
679657
25520
27019
4443
1069
69856
634
110194
5394
5995
20256
686673
2732
402216
1041
95895
661399
101920
17342
21709
527
1242
947
78451
643183
8745
3119
278192
20572
33541
714304
103
3220
376276
24198
645702
661951
96886
231216
1024
701
6331
96350
107408
5455
104181
21660
21137
71
1431
115673
3231
10843
42412
513
902
27792
24739
88985
20720
2026
21112
66013
4221
43
2420
355471
684216
491
21029
203
116989
62632
802
57936
184333
64787
383
649209
71153
92745
637262
4852
21065
31427
3061
70137
1023
5129
21472
10598
106990
454
213776
665215
77321
651485
20049
1450
2548
1704
84193
649232
642509
194880
5463
622419
616
221169
4718
2724
15152
810
27801
20933
77
7784
401876
1185
27814
643172
664092
20789
2673
14569
4735
2251
181087
15691
37201
63544
101817
8476
17258
2661
5594
20921
20592
104534
86430
4398
4897
642838
646129
887
702943
648308
3405
21170
104196
228175
717
717436
1384
647829
122761
17391
6429
33741
21017
645583
7708
94297
8591
37057
21312
1077021
718
1983
758957
11919
37314
93930
455314
4889
29149
1999
638610
1041808
269348
9291
60392
20817
744
222724
374671
4955
7621
690002
18841
886
195547
726
310
8386
1012
6462
847
133185
3803
642478
104136
643161
3403
778686
1021638
168057
656668
407839
348
645456
11931
8682
1592
104543
649240
905
3727
8834
107977
1059
44004
8791
701424
79689
18854
108611
1160
644577
4383
661664
59846
155186
874
31842
6459
6139
38017
93945
3511
646046
248
1007
642613
679347
1018
2134
108785
2710
208974
4696
640858
5860
79243
43513
18819
23631
643250
186778
252958
196483
638922
1703
11809
4303
29504
83377
123
9378
646289
24061
3973
21604
91961
1600
88732
123828
18619
643162
6510
4235
5048
4082
4986
21351
22033
22892
20726
305336
31453
1032183
95
20422
95010
8705
103001
1041416
822
10007
38282
63055
366
714928
1096010
690
60955
638634
1499
732815
658204
4028
6404
100127
2245
10284
179192
9024
289368
652673
375
646193
396761
1044927
991906
6440
649283
90607
644543
96945
21627
18117
24616
645172
1267
93567
3009
702852
4946
710
1073128
20429
5698
151914
1819
2244
103453
11813
104320
11914
22551
4259
862
2363
1097739
646812
927
665214
643181
28232
30952
28514
637333
151639
3360
1294
25933
16260
661391
117224
939
4820
991775
247255
10071
10004
19999
85052
3221
279476
1107700
37334
3802
17
17845
689971
1015038
741544
18147
277758
800
1985
23462
4856
305845
14812
1958
4657
646
188807
2775
8874
222602
24803
160264
59613
21783
51841
673641
966
680246
3471
18674
77316
70818
107600
153647
998605
821
78730
57889
103824
77838
719
33623
9883
104236
1181
7356
3882
51827
643035
23007
4848
644398
777229
16172
1767
8423
130557
22457
827
789
18028
206548
4733
13600
30951
21499
660328
15365
8548
129268
280252
123220
638614
642549
153914
3155
36553
6780
136261
1025810
2242
4018
5423
643420
88672
1033692
678108
707
63622
642464
3848
2213
1019953
9038
3796
303713
10634
25524
6778
607
713685
3015
63543
4555
642738
4351
3480
529
2900
63993
1974
640636
11884
20758
1187
176953
16346
4141
813
5425
9192
425796
79232
21408
1649
106143
6395
4963
837082
643213
324281
7606
36712
3604
21100
5273
674081
640292
28513
740743
1015992
694765
199860
8640
1090958
124360
325243
100173
648375
435225
663503
37339
60083
2076
11816
645727
646745
873
70548
36313
44
123093
9051
17275
5042
68027
46679
51616
373833
29500
644036
20866
660639
4781
27647
232346
2114
676936
105386
20415
3908
7005
642492
727861
5987
1305
192412
8938
3457
1029195
87959
83889
62518
9840
727690
660793
58097
79558
687801
3461
137052
71060
26414
25157
5800
138054
1086053
4456
1257
61716
660072
3085
657448
660236
727200
676883
713699
1112
885857
28964
1218
191444
10419
7682
37188
743910
706780
3438
786938
1528
1070001
4234
61905
1052212
4174
643151
3959
24042
45154
2820
62824
6328
1922
7883
17148
1063
649411
98174
2993
131599
47804
87093
28535
11988
160560
112129
665596
3500
133095
907982
341613
73259
229031
480
71138
1411
44142
460539
660523
90046
10967
153926
1251
3034
643177
839501
3211
655623
354470
593582
62760
21249
1068955
451731
649255
23904
114385
26921
123978
27463
228945
649251
4139
1026495
3335
