683352
249069
657449
20071
1239
5205
6400
3424
26084
102903
642782
3491
729
469
21159
62903
24732
179149
662634
4185
1071
71885
30395
883
1587
29772
38384
928
69931
1210
693282
362
89639
2774
18938
9954
1039106
645916
66332
646628
8256
21306
268336
3008
91958
47794
1036
210612
126853
1190
122800
18858
20234
112773
516
8856
143923
2834
672567
2973
62726
3433
20754
24977
13024
2234
21289
14702
96241
20795
25845
77260
1013584
82325
665749
2759
694932
126137
3162
2720
3523
889
275
160789
35660
403
280435
20586
661610
833
20081
30851
657377
684215
55023
648298
108623
5135
574709
658459
2708
19462
866
94059
1489
751972
2711
11356
105
884
106354
23129
642861
3673
643719
27976
1259
2559
642550
2344
155431
18613
230052
60312
722
3899
106976
38585
3101
801
115240
4541
18172
5872
678999
2525
642490
8879
9239
3916
515983
805
642
742
37255
646255
650456
27543
12892
6210
567635
1845
2608
122825
15143
97346
37300
196
4
37027
37063
1009453
69794
21080
4821
3219
2810
357530
657357
254926
3371
75543
36072
71084
132538
20278
807
26352
649243
62875
18105
663582
185311
156906
110104
20024
96926
1013167
20964
78636
2844
2282
9734
27203
479
16013
108601
79719
131027
108617
20363
137363
1034426
21
94026
7200
6375
692623
758404
11303
20011
3477
1226
3665
72639
77110
950752
3138
672244
2962
154085
881
110697
18763
518634
72399
521930
104540
1244
4892
38374
75799
9849
24420
642536
102936
20813
17270
907
2423
107678
4562
69888
4921
9286
4049
1011428
3446
1011763
9405
20836
47763
27004
687
166594
280986
1886
642667
2846
27803
11866
2686
850
30363
4435
660234
96750
642877
6518
18792
1168
482708
4904
3168
312265
38409
9344
41561
732340
997937
4767
128675
167
2822
1232
27836
20988
104683
20306
468845
71119
10549
22014
71075
234692
20753
3750
373537
96186
646367
2316
2782
4814
20868
660238
3683
6475
1808
340
4751
8607
1203
1179
802056
30212
37398
131024
22367
6269
2982
645693
640017
1860
114387
91268
1007994
700
725875
1048329
51821
24033
57500
12825
2422
5203
702853
343346
60085
122853
2538
46218
23127
643385
30295
1243
636736
1118
104149
846
109988
6267
159927
223576
1311
106984
5693
636156
8335
93539
4935
3941
33783
643279
672652
1490
728998
153702
52758
989
3589
28179
4613
3600
831
25715
1289
1707
27171
87942
21341
642539
8291
662159
69853
11905
20876
2953
4241
8809
129912
43743
32877
919
33
93
60540
698535
37661
170155
825
298366
1271
20635
684219
112235
18571
1574
10418
1182
639961
77327
645647
17685
697830
209
124592
30374
17404
77607
85327
2286
1273
70661
75044
1507
5234
75183
1258
4942
79641
3112
131799
3
643569
219236
28559
79927
122395
7827
4991
677561
1265
2378
74227
678165
112201
794063
62833
167980
4244
17263
104127
1001507
46
88678
4220
480825
9061
8969
80175
406
4418
13567
38337
162035
1224
640016
104537
695405
24395
105477
59369
57914
838
862133
13737
644920
20323
9357
956
108796
197779
17283
676602
3306
69320
104582
162026
123842
951
638817
6425
280407
1708
3695
11479
4406
153277
8000
311
3048
1910
9348
3739
106983
94914
3099
86295
1070
649853
23840
1368
86340
116
29769
7376
880
186239
102389
44005
679090
676429
295011
4958
25683
3948
282823
1246
113768
11879
510
105327
226946
694116
106347
218037
642689
44012
2249
114445
3482
1967
772
649123
4293
65170
92011
79813
14777
285863
683618
542
77295
2632
643702
47454
17416
19951
679657
104131
25520
27019
4443
1069
35290
69856
634
110194
24456
5394
108439
10049
5995
20256
686673
77319
360505
2732
402216
23796
856803
1041
95895
486880
661399
101920
17342
21709
27053
527
1242
649455
646083
947
656342
78451
643183
75567
8745
645121
3119
705
278192
1252
7840
20572
33541
714304
103
126287
101442
341247
2425
3220
20201
3533
376276
24198
73236
122057
645702
661951
61867
790701
96886
635830
114349
101639
38308
231216
1024
35016
701
653253
4301
1354
37277
6331
96350
107408
5455
10031
214319
104181
20867
2197
21660
646130
21137
71
1431
115673
60362
1084106
6939
108563
20087
27682
3231
21916
106933
10843
42412
513
179121
902
27792
97297
122974
8924
1060667
14250
748795
229264
62842
24739
2301
2049
88985
271961
84977
35896
3583
20720
675
2026
21112
66013
251218
104690
640862
93269
94524
4221
7918
8617
2507
162223
43
2420
355471
684216
491
21029
203
116989
3564
713388
102606
77474
6533
9027
62632
802
57936
4112
27538
172933
62571
662416
184333
64787
383
649209
257654
29974
3976
104698
71153
30444
176637
93296
59983
92745
296
637262
20455
20829
4229
226625
4852
21065
143842
31427
649092
3061
9162
70137
62629
1834
1023
5129
21472
20663
10598
106990
454
4368
9402
20145
3516
213776
665215
77321
1078
5156
229006
18679
33826
651485
20049
279498
1450
2548
20508
60982
1704
195579
748616
84193
96710
10826
649232
46868
107684
69807
642509
194880
21549
5037
5463
622419
616
20799
125688
78582
164636
221169
20216
104132
889125
4718
83626
94739
196614
32575
20558
2724
75027
49800
15152
810
27801
20933
77
20457
77252
123134
2693
7784
401876
1185
74738
21430
27814
84174
643172
94924
1837
22745
664092
645505
20789
640363
2673
104696
37403
645631
14569
4735
2251
678168
181087
15691
3675
33129
636782
132779
12366
37201
20654
63544
20551
95611
71218
72485
101817
63138
33787
11945
8476
15585
21329
90522
78640
17258
17709
6659
3971
2661
1657
773117
5594
37012
32110
20921
20592
166763
104534
181147
86430
4398
91446
87522
384
4897
101094
63481
642838
19996
28925
12926
646129
110087
75026
887
313757
640379
32
167815
702943
6473
11916
2898
202026
648308
3405
20137
172077
6722
21170
104196
228175
4910
717
717436
807472
12114
1015239
4463
1384
647829
11869
96729
90212
122761
57761
17391
6429
84449
388243
33741
21017
78273
645583
2131
7708
94297
24554
110664
4730
61023
661448
323006
8591
20327
7961
6676
114327
37057
21312
14415
26666
642499
1077021
718
4979
1983
27109
758957
20999
96567
37353
25256
21957
11919
37314
93930
375774
287783
642501
712124
455314
12094
126107
26856
4889
29149
1999
638610
1041808
269348
4347
37315
192965
80042
74868
37344
12684
9291
60392
20817
744
222724
13771
6460
20494
374671
77330
699925
4955
138511
7621
6018
4945
690002
18841
886
195547
20902
701577
160788
726
310
8386
105014
106959
4908
89585
4459
1012
104533
69813
6462
847
11822
5175
133185
297710
649214
1063987
711483
3803
3903
87758
18208
107485
33876
642478
58922
59979
1088
114984
37290
104136
643161
3403
778686
641848
600631
83080
62828
3408
1021638
328122
168057
656668
407839
865
640364
348
645456
11931
6536
24184
94578
7166
20345
8682
1592
63923
104543
649240
905
3727
8834
107977
108464
1059
44004
61517
80078
8791
701424
79689
620268
20055
114470
60132
18854
20507
13696
108611
4630
108221
194460
1160
644577
4383
661664
1063070
20483
59846
77342
22467
10009
155186
324178
94664
1316
874
31842
6459
90542
6139
38017
984474
37961
914
22573
93945
776847
3511
646046
248
6594
1007
78757
3459
88797
20092
642613
679347
24064
1018
90811
2134
108785
2710
105821
9895
4790
5701
21237
241
208974
85658
706
37068
58489
4696
660325
640858
5860
43019
4905
105791
20928
661421
4773
93528
79243
126133
3883
43513
7915
6779
92796
18819
657919
23631
3996
7878
11350
20252
643250
3537
657640
54813
11837
88005
186778
687671
4965
714495
339141
252958
1709
100881
949002
1063971
69812
96360
196483
638922
21599
3708
1703
11809
19033
4303
4728
2161
11009
29504
290
36711
21655
30648
83377
1269
661996
59970
11849
123
108463
9378
3478
96919
2809
646289
66342
15895
17825
37250
24061
3973
21604
91961
644567
3551
63838
1600
667483
88732
640628
190657
33860
123828
18619
94199
9358
1167
643162
196559
125849
6510
622595
4235
3217
15151
145259
20603
5048
77338
4082
4986
2462
18054
4843
6287
5702
21351
88709
89985
4248
20076
22033
231819
126608
37352
22892
20580
7886
20726
122763
305336
481204
31453
1032183
11870
95
155865
4305
20422
95109
95010
8705
103001
1041416
188936
8480
822
672637
10007
38282
63055
366
714928
1014555
4860
78446
20231
91995
306892
28206
21685
1096010
690
60443
248393
60955
638634
7577
1499
732815
293716
23472
4501
12950
693176
658204
85054
14029
288
50223
20432
746834
4028
7789
6404
26334
9383
447
100127
2245
133563
10284
197040
179192
93857
36654
9024
114465
60913
112301
113679
67667
289368
652673
375
646193
103913
77217
396761
1044927
991906
6457
72524
439593
4759
732816
8368
141746
158754
6440
649283
662189
4777
75228
90607
379920
644543
96945
21627
60317
679387
646231
643765
18117
727988
16235
6067
79272
1008
37670
101695
1040337
174682
3769
1249
24616
645172
132891
62638
116948
21343
642672
1008561
3677
20518
1267
1006489
23947
93567
646419
3009
702852
856991
1885
4946
63471
164517
3790
1008964
124310
710
29280
71067
1073128
20429
367947
5698
4787
151914
1819
21081
730472
2244
8839
47409
781521
103453
25097
11813
137982
55879
200306
1124
639471
20052
2227
2105
660553
696115
803
199208
104320
11914
77336
143837
94185
6576
22551
17927
183729
11900
1156
681378
4314
47555
1750
4259
96561
217121
267663
20713
82142
862
71634
2363
102395
754282
917613
104031
1097739
216645
646812
675847
1066251
927
642664
79635
20780
90888
49687
3450
205673
1018746
665214
122900
643181
28232
991893
4833
104133
144624
30952
28514
123040
518
62850
6674
20538
637333
151639
415700
337884
4741
3360
5451
1294
25933
957446
24372
16260
105934
661391
9258
1319
95945
1066844
117224
939
4820
18783
131859
88912
3005
991775
5925
1228
160751
1171
4488
247255
10071
70413
216122
689813
20687
21013
954
77352
164829
11286
515150
10004
73213
68175
20033
23133
19999
85052
3221
24536
728304
279476
9742
17267
880810
69791
2087
17716
20189
9304
177006
1107700
69786
661070
37334
6721
789695
20232
8724
48598
1612
21020
3802
26479
701317
19297
17
11806
17845
689971
1015038
4847
37132
741544
661924
170957
24775
28148
27038
198858
18147
40403
643560
63513
277758
20157
23506
773168
800
88978
1813
1985
23462
662527
4856
193227
100270
1261
305845
14812
71251
60204
12579
20672
62826
183844
22888
640047
240396
1958
280059
4657
107928
20394
3473
5035
642480
27644
646
84856
643088
274921
29697
188807
2775
7028
8874
222602
774646
24803
566331
160264
59613
643278
13449
21783
640928
51841
63585
133389
673641
966
680246
3471
18674
6651
87627
677039
912
77316
47112
241905
70818
16255
71204
107600
692167
78577
90589
153647
75076
998605
335
252825
7487
60452
647754
821
50592
884241
1176
9021
66016
78730
57889
20912
278207
103824
77838
107902
3842
1089811
995816
719
33623
2557
9883
1351
926
26391
30862
734024
124730
11963
307548
158196
104236
4196
10072
36802
1181
63092
90
1822
7999
75025
7356
27259
649264
3882
8122
92128
21513
51827
643035
660230
23007
713825
127697
5138
740
4012
86182
3172
30131
101902
10621
75008
264236
33825
245019
191415
644647
63819
11955
4848
644398
77294
14541
777229
89951
18088
1006931
16172
77340
354894
1068
20227
715909
219819
19074
1767
95848
4239
809
20199
637244
8423
3493
77320
130557
22457
7023
63025
91298
8514
160814
85568
827
18436
111467
789
18028
657450
37355
206548
4733
13600
60611
20159
122896
30951
219028
21499
660328
1850
15365
28491
139
646621
33772
451
8548
137766
660571
129268
142963
59608
4188
104039
163440
673035
280252
71141
3452
6761
54836
343060
6235
30776
17855
665744
649311
535092
79778
17737
3606
1009191
123220
2444
134129
20898
108603
638614
101482
649132
715780
642549
82058
137008
1013878
91942
97109
21940
431932
321176
11877
19875
153914
5109
1461
197770
649310
49647
23154
29590
2825
3155
41397
5148
33467
36553
37781
6472
23429
9531
6780
37363
897666
136261
643591
23187
1025810
100171
7887
18823
3974
107558
694961
5093
2242
4018
1847
686692
21033
916468
23596
5423
18481
30788
643420
88672
62853
1033692
8213
18302
678108
825828
1030085
707
17874
12258
4739
710072
872609
95432
41815
191951
63622
220754
26639
681379
1530
66341
130877
1009462
9011
829
103015
93511
642464
125304
173183
74438
71240
442153
3848
2213
234784
19572
1019953
108118
20643
93182
75060
9038
642571
3796
28072
696875
434141
1007584
94983
798104
644766
70141
22210
644688
303713
10634
25524
698537
6778
132645
5139
66500
72650
21187
112330
94579
607
131002
20349
84144
713685
3015
660345
711939
738883
685773
63543
4555
646687
642738
715155
4351
2095
3480
216238
232018
529
31028
643146
325182
1899
971063
17119
2900
21781
101624
9552
63993
9394
16115
5630
1974
640636
16889
4980
8934
736282
16948
8186
20166
182588
12194
62873
696509
67980
159312
322222
11884
4318
36085
20758
112392
101951
653564
84808
4724
22104
7347
706630
6424
7863
203823
17399
2122
43410
21039
4800
8394
882596
62843
27320
211400
20874
156802
30256
101883
104697
1187
176953
57431
16346
4141
640579
608286
20659
100958
370284
103426
101600
57407
813
23698
4177
94401
91861
2046
135193
3402
51268
26335
663549
8898
108477
327748
645596
644878
336787
638632
3728
102341
93074
162635
643337
5425
3999
37908
24048
44521
673305
60211
17955
9192
11778
486959
425796
771180
25114
79232
21408
38362
764160
1649
21275
107492
688098
102873
63528
92974
837753
81680
25945
106143
6395
95825
4079
84737
839
7925
4963
853448
69875
837082
192714
1085146
643213
188544
101721
50993
324281
643341
7606
36712
643474
95734
96225
178274
339302
314220
173193
3604
7790
45391
660164
21466
566049
61491
36885
21100
71091
26622
644898
649184
1003560
21076
5549
5273
94140
20458
21001
110046
23734
23933
21823
10496
24190
82
674081
640292
644827
60203
28513
11238
84350
101267
110048
8141
23654
740743
661957
684221
3399
676110
90162
644786
12704
1015992
61882
694765
122673
9147
74097
184314
23141
1016
686811
199860
8640
22746
86185
426101
96698
19988
17238
1090958
850782
233765
124360
202152
645688
9935
30126
693224
125048
643335
325243
3394
1119831
107882
100173
854329
31038
663745
648375
435225
9321
663503
37339
653432
60083
58419
831136
2076
22088
11816
645629
6466
676940
305901
3503
138992
131393
645727
15640
31287
27760
28945
587114
63507
646745
635299
9070
5462
200394
42
726585
159537
3813
787702
1071100
18420
47543
873
70548
938820
20803
36313
643985
44
70233
4020
123093
101699
8108
192967
3215
2194
287958
264705
227079
301293
30629
30669
9051
445
17275
468956
129613
647070
5042
68027
46679
635519
649137
86177
27849
51616
373833
29500
197843
3370
644036
66421
20866
660639
10111
18123
37967
732826
214187
30809
4781
194
1247
11793
4902
1908
314595
97099
642768
6754
69833
408040
129497
96342
27647
175523
2166
28026
96
3568
232346
784912
220916
4421
3921
3437
60473
89755
2114
20180
676936
105386
140471
31475
4326
300534
20595
62127
20415
107924
62662
391474
645694
32542
962
345704
508599
3908
640372
227895
126444
20638
18047
60426
4110
126291
110904
1014206
7005
71178
455381
122843
20012
3046
25460
961845
2240
5160
18244
1079206
27774
759687
642492
118297
4949
727861
715615
6381
5987
92098
235458
71131
71221
1305
33164
4144
9206
192412
74582
409121
642547
8938
75020
2013
639
320049
3457
131825
9377
124214
1029195
146021
735981
1773
107273
304446
60179
6898
87959
4798
696592
17993
166181
995708
1037083
600762
63668
20534
64117
29402
49662
10242
4081
1631
29685
9356
118479
71602
61120
129372
662437
9382
1925
83889
62518
125383
165989
396
1001209
36755
36267
38352
1069947
4062
66565
130338
9840
70081
29447
26850
727690
11484
49955
7895
18878
1841
660793
87996
58097
132935
71166
74794
213003
270679
11921
4838
41696
71092
457731
27985
3578
30303
20484
60456
643002
79558
36580
687801
3461
30250
137052
660216
93965
1018614
410196
71060
47549
146279
21070
99665
104125
178233
411640
930507
127172
22223
97260
737274
21646
155423
3359
513204
974632
9804
26414
76785
1012808
761578
647994
25157
36750
5800
20989
62522
95860
28908
17152
20880
20041
22027
138054
26164
131885
18972
1086053
94844
113629
4456
6216
160769
20048
1257
347330
23418
89748
61716
47488
20843
2058
4075
138401
457697
71121
660072
206
3085
686421
145706
657448
660236
131135
13846
169523
135771
681946
176640
727200
737534
663311
60322
1063520
7985
4799
90562
1374
33472
660570
2118
654900
14297
21447
71179
61712
676883
50561
13417
4212
89950
962893
217261
1061557
122405
111353
713699
1112
7459
885857
139227
4102
13503
230682
766884
1121294
112147
950593
59941
28964
303799
39062
65
477206
1218
699729
820997
69798
191444
97284
3458
17127
649217
1064327
765202
642671
114447
8644
61519
20881
96424
166328
63870
70751
46195
10419
219035
63181
290288
114468
312340
681735
184155
7682
85657
661987
15763
62584
119778
20529
127056
3414
749451
734445
2126
727828
23044
37188
743910
4834
77276
176681
17317
93764
60649
4323
22471
706780
5734
18176
671019
81986
203053
20129
680045
874122
78647
3025
110370
3438
96594
275744
653473
38301
672473
731312
152094
3506
4776
786938
179134
4272
55802
1528
731412
1070001
96268
90863
67849
4234
49750
21004
61905
107760
21935
637039
37598
3071
142358
82306
1052212
305515
111389
47878
175130
75179
4174
17292
635150
827910
174944
2208
8952
71127
111634
11886
175786
697819
19821
494735
39160
644353
51832
60900
643151
3959
713047
60341
4653
122688
227195
102374
177213
5134
270355
16515
745633
24042
62517
3602
278859
27329
97309
59834
6345
160697
69460
135351
708998
31339
664531
291185
406019
610026
18894
621245
884110
45154
71093
170441
658706
6511
165799
1041717
935515
2820
71173
21821
214058
203999
665179
748086
112737
639371
1101045
37374
35682
67
1202
656631
561748
427157
37952
62824
62921
6328
73244
331246
90165
698119
1087068
1922
221749
44751
176831
20325
175794
19270
31965
71095
24164
32881
92262
36597
212536
2031
130974
7712
672864
4667
36670
546251
1188
192010
37306
23035
715450
125371
158901
75606
21147
1038170
7883
3508
17148
65857
104171
754127
9429
199358
278203
176578
406141
72488
639677
307299
84014
1063
77459
866081
30260
144298
3230
10236
59688
78639
1074
14523
301045
649411
327925
3139
667113
642453
633923
21321
907684
615181
307599
98174
2993
23869
18552
131599
587389
537
19560
430547
8571
3225
177161
648635
91941
5464
24434
21015
426134
27358
5690
82721
21347
994762
47804
1010
170114
644645
2855
232413
226799
67964
215755
4320
1032280
51892
419499
943051
11321
87093
64754
649204
194440
795
390
19923
269998
311519
145655
28535
234956
11988
160560
60229
86324
100924
759077
807041
112129
747781
157176
29761
1887
101677
60368
177101
665596
37130
3500
615353
553603
5570
185912
101669
206271
1275
63736
212420
172002
328
28959
25709
18364
690388
272086
69863
49493
63878
699491
18795
126125
20021
508339
52260
88480
90873
66217
93977
74308
133095
726228
28137
907982
413562
1064
341613
22816
5803
231050
637220
1023269
9362
865470
22705
21211
635970
672370
27881
124112
7418
73259
20069
182324
26213
699563
1890
3207
22460
49933
465125
9411
601246
229031
4311
2037
799296
122891
711199
80289
863057
145542
1082937
314873
29439
153
16531
3862
705155
642753
204415
130669
22669
2815
8665
63030
122759
91447
202408
992730
480
263104
291544
57911
339697
3744
24555
345162
98193
30225
804688
81981
62744
1112790
9790
442642
71138
33626
3227
104541
60606
189343
1661
177336
18371
95813
68307
983046
514
1227
99166
22657
60585
14602
528218
17725
217187
3066
806528
1159
9366
1411
681268
90087
35738
331851
222240
703961
671879
19888
223178
8117
44142
137316
51062
213325
336215
89468
3647
3024
460539
3197
649273
660523
768258
4384
6751
1018765
4312
69799
71488
59838
180680
657619
328166
643467
151258
90046
647981
371165
60551
268090
616053
5563
85490
136992
960026
130378
8131
445263
68315
10967
22463
712162
811479
22658
153926
659383
1251
729382
108983
3581
409552
128702
700175
733136
26216
187595
95941
814940
33688
781832
4915
662172
131148
102610
341980
54830
87810
673350
262984
101921
635672
344033
1
14147
3420
48360
176456
367127
318695
714496
968674
13414
73108
646634
869219
17750
72512
315154
943243
62610
29664
5130
23528
478524
650993
3034
204250
29543
1122918
4791
60309
36433
21252
2174
1034251
3106
68255
22107
10605
1122545
393687
200191
5869
175669
689829
108541
77240
130248
11395
5072
643177
979548
73279
90845
80282
6349
8941
839501
38675
88965
692138
20125
3211
7294
529808
6130
20059
79695
74031
133824
60528
4409
131826
203901
7689
5133
1081297
4993
149631
186756
223033
62890
274637
715136
125034
679529
219747
262190
645626
11796
186704
9161
125251
22486
88586
108113
655623
9740
354470
593582
301607
8209
21697
690122
498917
56348
62760
3935
169753
231489
75069
21249
60423
1104765
21754
18148
21868
94184
1068955
1004461
709
1076285
69844
923232
4926
58778
202176
8319
113758
451731
365710
78576
977507
265154
426874
1796
1013642
445305
736092
8956
908778
662194
4772
693784
217323
1022883
1117955
21226
81540
71098
5204
643374
130997
740991
5960
649255
649250
3481
60493
223430
202006
121953
657503
644120
503156
23904
7970
156605
395379
6675
1642
685972
8701
217667
118294
167008
196459
1030432
1843
687238
10039
143890
656065
642504
740137
229792
13697
161227
118230
773752
752616
130984
100280
68124
114385
1715
124665
28966
4987
6815
5905
356926
710975
87950
865853
26921
35765
108206
92906
29810
24839
939679
129280
89888
430850
219651
123978
684656
772097
101719
27463
108561
24811
16020
648347
57751
228945
37037
649251
9077
774989
29732
6932
21120
669066
269839
677124
85743
644311
492502
159303
100414
2850
666953
4139
747389
645507
1072137
88585
191423
13691
983151
855661
734791
57840
21706
52578
186794
102261
207792
216445
17762
154907
127652
176101
598549
17299
11413
733870
1026495
5572
352209
149304
2701
667551
166147
33849
1117936
649215
36474
9177
644348
4004
240470
1065019
7737
194709
206141
9088
1539
200920
513169
301876
6312
117939
743481
59836
187293
63911
775
1087816
667330
123248
489992
5838
85148
26948
853015
92621
175315
20185
541723
3505
275050
294645
736804
2107
9255
116888
18943
5500
24585
891277
323859
4788
353209
801695
19144
568447
114443
640774
649266
707836
222550
20808
3946
1000950
656639
65594
3335
31199
641485
163630
47472
20351
10874
542293
177584
62739
301524
3497
1032923
3156
38442
754897
685055
855428
132759
1079896
78613
137483
6194
192249
470198
678827
680646
35814
161439
1119714
1526
3152
713655
37305
664741
795991
342060
91404
3154
404396
3807
725945
60455
663849
59647
23022
122845
327793
83213
39827
64315
28904
12240
790999
242978
71018
549509
90679
3429
29662
