683352
657449
1239
5205
6400
3424
26084
102903
642782
3491
729
469
21159
24732
179149
662634
4185
1071
883
1587
29772
38384
928
69931
1210
362
89639
2774
18938
9954
1039106
645916
66332
646628
8256
268336
3008
91958
1036
210612
1190
122800
18858
20234
516
143923
2834
672567
62726
3433
20754
13024
2234
14702
20795
25845
77260
665749
2759
694932
3162
2720
3523
889
275
160789
35660
403
280435
20586
661610
833
20081
684215
648298
108623
5135
574709
658459
2708
19462
866
94059
1489
751972
11356
105
106354
23129
642861
3673
643719
27976
1259
2559
2344
155431
230052
722
3899
106976
3101
801
115240
4541
18172
5872
2525
642490
8879
3916
515983
805
742
646255
650456
27543
6210
1845
2608
122825
15143
97346
196
4
37027
37063
1009453
69794
21080
3219
2810
357530
657357
254926
3371
75543
36072
132538
807
26352
649243
62875
18105
663582
185311
110104
20024
1013167
20964
78636
2844
2282
9734
27203
479
16013
108601
79719
131027
108617
20363
137363
1034426
21
94026
6375
692623
758404
11303
20011
3477
1226
3665
72639
77110
672244
2962
154085
881
110697
18763
518634
72399
104540
1244
75799
642536
102936
17270
907
2423
107678
4562
69888
4921
4049
1011428
3446
1011763
47763
27004
687
166594
280986
642667
2846
27803
11866
2686
850
660234
642877
6518
18792
1168
482708
4904
3168
38409
9344
41561
732340
167
2822
1232
27836
20988
104683
20306
71119
10549
22014
71075
234692
3750
373537
646367
2316
2782
4814
20868
660238
3683
6475
1808
340
8607
1203
1179
802056
37398
131024
22367
6269
2982
645693
640017
1860
114387
1007994
700
1048329
51821
12825
2422
5203
702853
343346
60085
2538
1243
636736
1118
846
109988
6267
1311
5693
636156
8335
93539
4935
3941
33783
672652
1490
728998
153702
3589
28179
4613
3600
831
25715
1707
21341
642539
662159
69853
11905
2953
8809
919
33
93
698535
37661
170155
825
298366
1271
20635
684219
112235
18571
1574
1182
77327
645647
17685
697830
209
124592
30374
17404
77607
85327
2286
1273
70661
75044
5234
75183
1258
4942
79641
3112
131799
3
643569
28559
79927
122395
7827
677561
1265
678165
112201
62833
167980
4244
17263
1001507
46
88678
4220
480825
9061
8969
80175
406
4418
13567
38337
162035
1224
695405
24395
105477
59369
57914
838
13737
644920
20323
9357
956
108796
17283
676602
3306
69320
104582
162026
123842
951
638817
6425
280407
1708
3695
11479
4406
153277
8000
311
3048
1910
3739
106983
94914
3099
649853
23840
1368
86340
116
29769
880
44005
679090
676429
295011
4958
25683
3948
282823
1246
11879
510
105327
226946
694116
106347
642689
44012
2249
114445
3482
772
649123
4293
65170
92011
14777
77295
2632
643702
47454
17416
19951
679657
104131
25520
27019
4443
1069
35290
69856
634
110194
5394
5995
20256
686673
77319
2732
402216
1041
95895
661399
101920
17342
21709
527
1242
649455
947
78451
643183
75567
8745
3119
705
278192
1252
20572
33541
714304
103
2425
3220
3533
376276
24198
73236
122057
645702
661951
61867
96886
114349
231216
1024
701
4301
37277
6331
96350
107408
5455
10031
214319
104181
20867
21660
21137
71
1431
115673
60362
20087
27682
3231
21916
106933
10843
42412
513
902
27792
97297
8924
14250
62842
24739
88985
35896
20720
2026
21112
66013
4221
2507
162223
43
2420
355471
684216
491
21029
203
116989
3564
102606
9027
62632
802
57936
662416
184333
64787
383
649209
104698
71153
30444
176637
92745
637262
20455
20829
226625
4852
21065
143842
31427
3061
70137
62629
1834
1023
5129
21472
10598
106990
454
20145
213776
665215
77321
1078
18679
651485
20049
279498
1450
2548
60982
1704
195579
84193
649232
46868
69807
642509
194880
5037
5463
622419
616
20799
78582
221169
104132
4718
83626
2724
15152
810
27801
20933
77
20457
7784
401876
1185
21430
27814
643172
664092
645505
20789
640363
2673
37403
14569
4735
2251
678168
181087
15691
33129
636782
12366
37201
63544
20551
72485
101817
33787
8476
21329
78640
17258
6659
3971
2661
1657
5594
20921
20592
104534
86430
4398
4897
63481
642838
646129
75026
887
702943
11916
202026
648308
3405
6722
21170
104196
228175
4910
717
717436
807472
12114
1384
647829
90212
122761
17391
6429
388243
33741
21017
78273
645583
2131
7708
94297
4730
661448
8591
7961
37057
21312
642499
1077021
718
4979
1983
758957
20999
37353
25256
21957
11919
37314
93930
455314
12094
126107
26856
4889
29149
1999
638610
1041808
269348
4347
9291
60392
20817
744
222724
13771
20494
374671
4955
7621
4945
690002
18841
886
195547
726
310
8386
105014
4908
89585
4459
1012
104533
6462
847
133185
3803
87758
18208
33876
642478
59979
1088
37290
104136
643161
3403
778686
600631
83080
3408
1021638
168057
656668
407839
865
640364
348
645456
11931
24184
7166
8682
1592
104543
649240
905
3727
8834
107977
1059
44004
8791
701424
79689
18854
20507
13696
108611
4630
1160
644577
4383
661664
20483
59846
77342
22467
10009
155186
1316
874
31842
6459
90542
6139
38017
93945
3511
646046
248
6594
1007
20092
642613
679347
1018
90811
2134
108785
2710
5701
21237
241
208974
85658
706
4696
640858
5860
4905
20928
4773
93528
79243
126133
3883
43513
7915
18819
23631
7878
11350
20252
643250
3537
186778
714495
252958
1709
1063971
196483
638922
1703
11809
4303
4728
2161
11009
29504
83377
1269
11849
123
108463
9378
3478
96919
2809
646289
15895
37250
24061
3973
21604
91961
644567
3551
1600
667483
88732
190657
123828
18619
94199
643162
125849
6510
622595
4235
5048
77338
4082
4986
2462
4843
5702
21351
88709
89985
4248
22033
231819
37352
22892
20580
20726
305336
31453
1032183
11870
95
4305
20422
95010
8705
103001
1041416
188936
8480
822
672637
10007
38282
63055
366
714928
4860
20231
91995
28206
21685
1096010
690
248393
60955
638634
7577
1499
732815
293716
23472
658204
14029
4028
6404
26334
447
100127
2245
133563
10284
179192
93857
9024
112301
113679
289368
652673
375
646193
103913
77217
396761
1044927
991906
4759
141746
6440
649283
662189
4777
75228
90607
379920
644543
96945
21627
60317
643765
18117
37670
101695
3769
24616
645172
132891
116948
642672
1008561
3677
1267
23947
93567
3009
702852
4946
3790
710
29280
1073128
20429
5698
151914
1819
730472
2244
8839
47409
781521
103453
11813
200306
1124
639471
2227
2105
660553
696115
803
199208
104320
11914
94185
22551
1156
681378
47555
4259
82142
862
2363
102395
1097739
646812
927
79635
20780
90888
205673
665214
122900
643181
28232
991893
4833
104133
144624
30952
28514
123040
62850
6674
20538
637333
151639
3360
1294
25933
16260
661391
9258
95945
1066844
117224
939
4820
18783
131859
3005
991775
247255
10071
216122
689813
954
77352
164829
11286
10004
23133
19999
85052
3221
24536
728304
279476
9742
17267
20189
1107700
661070
37334
6721
48598
3802
701317
17
11806
17845
689971
1015038
741544
27038
198858
18147
40403
277758
20157
800
1985
23462
4856
193227
100270
1261
305845
14812
60204
20672
62826
240396
1958
4657
20394
646
188807
2775
7028
8874
222602
24803
160264
59613
13449
21783
51841
63585
133389
673641
966
680246
3471
18674
87627
77316
47112
241905
70818
16255
107600
90589
153647
998605
252825
7487
60452
821
884241
78730
57889
20912
103824
77838
107902
3842
1089811
995816
719
33623
9883
1351
926
26391
124730
11963
307548
104236
1181
90
7999
7356
3882
21513
51827
643035
23007
713825
5138
86182
30131
10621
33825
245019
644647
63819
11955
4848
644398
77294
777229
18088
16172
1068
20227
715909
19074
1767
95848
4239
20199
8423
130557
22457
7023
827
18436
789
18028
37355
206548
4733
13600
60611
30951
21499
660328
1850
15365
28491
139
33772
451
8548
137766
129268
142963
59608
4188
163440
280252
71141
665744
649311
535092
17737
123220
638614
101482
715780
642549
82058
91942
19875
153914
5109
197770
649310
49647
23154
3155
41397
36553
6780
37363
136261
643591
1025810
18823
3974
694961
5093
2242
4018
686692
21033
5423
30788
643420
88672
62853
1033692
678108
825828
707
17874
710072
41815
63622
26639
1530
103015
642464
125304
173183
3848
2213
234784
19572
1019953
9038
3796
70141
303713
10634
25524
698537
6778
5139
66500
72650
112330
607
20349
713685
3015
63543
4555
642738
715155
4351
3480
529
2900
9552
63993
1974
640636
4980
182588
12194
67980
11884
20758
4724
22104
7347
6424
2122
43410
62843
211400
156802
101883
1187
176953
16346
4141
100958
370284
103426
813
2046
135193
3402
51268
8898
644878
638632
3728
5425
3999
44521
673305
60211
17955
9192
11778
486959
425796
771180
79232
21408
1649
63528
106143
6395
7925
4963
69875
837082
643213
324281
7606
36712
95734
96225
339302
3604
21466
61491
21100
71091
649184
1003560
5273
21001
23933
10496
674081
640292
60203
28513
11238
110048
740743
661957
684221
3399
676110
90162
1015992
694765
9147
199860
8640
22746
96698
17238
1090958
124360
30126
643335
325243
3394
1119831
107882
100173
31038
648375
435225
663503
37339
60083
58419
2076
22088
11816
676940
3503
138992
645727
27760
587114
63507
646745
5462
200394
3813
787702
47543
873
70548
36313
643985
44
123093
9051
17275
468956
5042
68027
46679
27849
51616
373833
29500
197843
644036
20866
660639
10111
18123
4781
97099
642768
69833
129497
27647
175523
232346
784912
220916
4421
3921
89755
2114
676936
105386
20415
62662
391474
32542
962
345704
3908
227895
18047
126291
1014206
7005
71178
455381
3046
25460
2240
1079206
27774
642492
727861
715615
6381
5987
71131
71221
1305
33164
192412
74582
8938
75020
639
320049
3457
131825
9377
1029195
146021
6898
87959
696592
17993
995708
1037083
63668
9356
118479
129372
83889
62518
125383
165989
9840
70081
727690
11484
18878
1841
660793
58097
74794
3578
20484
79558
687801
3461
137052
660216
93965
1018614
410196
71060
178233
127172
97260
737274
155423
513204
26414
76785
25157
36750
5800
62522
28908
20041
138054
18972
1086053
4456
6216
1257
89748
61716
660072
3085
657448
660236
131135
135771
681946
727200
4799
21447
676883
50561
962893
111353
713699
1112
885857
139227
112147
950593
59941
28964
1218
191444
3458
166328
46195
10419
219035
7682
3414
2126
23044
37188
743910
706780
81986
20129
680045
3025
3438
672473
4776
786938
4272
1528
1070001
4234
21004
61905
107760
21935
142358
82306
1052212
305515
111389
75179
4174
17292
174944
111634
697819
60900
643151
3959
60341
4653
16515
24042
62517
160697
31339
664531
621245
45154
71093
170441
658706
1041717
2820
67
37952
62824
6328
73244
698119
1922
221749
44751
20325
175794
31965
92262
130974
7712
4667
36670
192010
37306
21147
7883
3508
17148
104171
9429
278203
406141
639677
1063
144298
3230
10236
59688
649411
633923
98174
2993
131599
430547
8571
24434
426134
27358
47804
170114
4320
87093
649204
19923
145655
28535
234956
11988
160560
759077
112129
157176
1887
60368
665596
3500
1275
63736
212420
172002
328
25709
690388
272086
69863
63878
699491
88480
90873
133095
907982
413562
1064
341613
22816
1023269
865470
635970
672370
124112
73259
26213
699563
49933
465125
229031
2037
799296
711199
80289
3862
63030
480
291544
3744
1112790
71138
33626
3227
60606
1661
177336
18371
22657
14602
528218
17725
1159
1411
681268
35738
44142
460539
660523
4384
6751
1018765
69799
59838
180680
657619
328166
90046
371165
5563
85490
130378
8131
10967
811479
22658
153926
1251
409552
700175
814940
102610
344033
48360
714496
646634
315154
29664
650993
3034
2174
393687
5869
175669
77240
11395
643177
6349
8941
839501
38675
20125
3211
6130
20059
715136
125034
262190
125251
22486
655623
354470
593582
8209
62760
3935
169753
231489
21249
60423
1068955
709
923232
58778
202176
451731
426874
736092
8956
1022883
21226
71098
5204
649255
649250
223430
121953
644120
23904
167008
10039
656065
740137
13697
773752
752616
114385
4987
865853
26921
29810
24839
939679
129280
430850
123978
27463
228945
649251
9077
85743
666953
4139
57840
154907
176101
17299
1026495
5572
667551
33849
736804
2107
891277
353209
801695
649266
222550
3335
31199
163630
542293
62739
301524
78613
192249
713655
342060
3154
3807
663849
327793
83213
71018
3429
