6814
13157
5367
3606
6446
10135
9396
6578
18955
5344
28310
13581
28122
2274
2420
45207
15692
35644
8862
7484
11164
8854
89305
32481
15824
18415
2152
28664
2512
5679
5175
4061
66089
16657
1906
55969
1267
5287
4085
50428
24903
2909
2423
504
50233
14999
9774
40598
4407
26331
40339
4812
57230
61255
4744
3293
2038
33872
844
1892
19100
17285
6858
2394
50012
44799
12965
17087
46226
11496
10709
33103
7986
22804
348
2943
10125
3031
1895
36571
32925
7046
95528
20313
2137
90506
27834
157503
1432
4533
21509
13831
5558
64248
19849
34269
24566
83461
37256
2755
9929
9473
14829
27094
43104
16981
2860
15459
21483
2418
21800
4036
23886
6076
41560
39123
10005
10927
3527
69109
7762
13388
2050
17066
24539
26174
4666
9033
22587
5331
4395
54022
8783
6854
44387
44643
13879
24868
19719
14752
9259
5559
22552
50330
2889
41530
12699
26938
3309
56286
