6814
13157
5367
3606
6446
10135
9396
6578
18955
5344
28310
13581
28122
2274
2420
45207
15692
35644
8862
7484
11164
8854
89305
32481
15824
18415
2152
28664
2512
5679
5175
4061
66089
16657
1906
55969
1267
5287
4085
50428
24903
2909
2423
504
50233
14999
9774
40598
4407
26331
40339
4812
57230
61255
4744
3293
2038
33872
844
1892
19100
17285
6858
2394
50012
44799
12965
17087
46226
11496
10709
33103
7986
22804
348
2943
10125
3031
1895
36571
32925
7046
95528
20313
2137
90506
27834
157503
1432
4533
21509
13831
5558
64248
19849
34269
24566
83461
37256
2755
