40667
13315
3583
22842
38784
25483
5577
26671
6524
108680
6814
57056
13157
5367
25405
3606
79920
6446
62123
12118
10135
51986
33872
29195
43814
1491
34623
40126
54329
16679
9396
71635
122475
34792
5175
61291
6578
1632
18955
5344
54022
28310
65883
65947
13481
48239
77307
65882
13581
41170
3551
16228
37971
6437
1747
13694
28122
15829
24010
15219
40057
59288
2274
2420
37134
669
45207
40702
44290
16304
15692
11331
25514
132206
1432
20124
54206
6096
35644
11330
13256
8862
22674
17388
2952
52720
129703
6878
4395
45219
4553
17296
7484
3872
111831
11164
3995
66370
8854
45141
5269
8721
20522
12845
53492
41932
89305
32481
15824
7046
13206
18415
46389
22442
81440
27476
2152
93129
13997
28664
2512
5679
55987
13027
4061
12471
2137
28900
13638
66089
16657
22587
1906
55969
20331
2190
1267
31013
29839
30923
7310
46329
10770
5287
8030
1123
73748
142828
5433
15694
83822
4085
57405
4103
14402
10005
2908
9301
37301
22594
34409
4202
61250
32168
50428
31144
67767
24903
38747
2909
44730
22523
38717
1254
2423
12887
43251
90334
55437
504
13703
5295
28101
50233
14999
25167
9774
1391
27676
2780
31314
40598
2642
12085
4407
25077
13757
15303
40935
21336
13644
39317
10584
37041
26331
69327
7971
59296
66506
71597
34405
65272
5553
14165
40339
7916
65902
2807
18840
20063
4812
32505
57230
18686
25945
61255
7539
4744
3297
17012
3293
59703
2038
35007
47340
41008
76816
28859
10900
96731
30418
27653
17203
42221
7624
20355
8280
4704
41753
12131
844
1892
16988
6469
19100
17285
53986
3313
55003
6858
46184
10399
50855
47763
22100
10525
73715
43964
112606
10648
64209
17966
3175
14524
2394
10437
26244
50012
40879
60044
5656
663
44799
63505
10013
56476
12965
914
26828
17087
11942
4894
76706
19425
115093
46226
61307
13662
11496
102328
53442
21290
24939
8982
10784
10709
24628
33103
28835
2678
7986
24959
22804
25798
11061
28947
64956
11510
28978
13697
18355
4042
348
2943
85057
10125
3031
58790
22802
24424
38079
31070
1895
53063
33789
36571
17620
54903
2832
46787
96419
6305
32925
53556
37336
32491
95528
9473
27972
2327
182
12909
4952
56211
42068
1033
20313
19729
38067
9305
2521
22871
68610
28968
2707
22844
10827
82170
90506
4863
19330
27834
13976
24524
43232
9674
59835
21255
11822
64309
84559
27094
24541
77388
157503
25474
25151
6793
4558
4533
26398
32264
66971
11378
4402
639
23361
8432
18407
21509
3266
19210
39919
47044
13831
5558
11385
9102
19029
13544
15188
9456
8884
64248
9634
58959
19849
34269
24566
63208
54834
15013
27872
83461
37256
2755
1312
70760
17443
11017
14719
99428
1263
26574
18165
10562
2050
9929
102090
9036
3059
2239
9283
18969
17984
13237
25991
61018
34456
4186
7708
14829
5542
16499
12829
10008
16393
28744
44686
40194
94971
15652
37700
56576
43104
42506
16981
21992
70555
13671
73943
2860
15459
51402
20342
22536
4958
21483
2418
21800
9780
28741
4036
10720
23886
7377
76699
29793
1212
38778
124482
19392
27660
16724
707
6271
2343
43795
56050
7178
76810
55825
35324
5881
6076
42675
41560
4735
124464
53671
21776
39123
52175
94812
8282
38712
45210
17486
42757
124847
30859
3776
24474
6283
32096
34826
38729
113643
10927
21194
15236
30522
6266
1092
41286
46459
8614
38671
43585
39626
20317
3527
100882
69109
14763
13451
5297
46287
8348
11355
99180
72927
40797
125361
62577
37523
28697
7762
62188
23148
65803
92347
31261
30033
7950
182568
2432
19904
32118
13276
37425
18409
13388
51071
48666
36417
85860
17202
58768
12718
31266
41749
17066
24539
26174
34198
20640
31140
9653
40889
98195
41519
46345
39107
47391
20397
4666
14922
46091
25353
84734
7084
29129
9329
6751
4936
9033
5331
32292
14196
24164
14361
47598
8783
38125
13557
8529
39930
14483
13025
9494
70659
8371
14808
5863
49070
95093
12851
7735
49097
4203
34203
47141
47881
36856
81705
5509
49462
47045
11852
19194
23442
20938
59283
4049
84136
95681
26234
4261
29357
2476
6854
44387
44643
36060
83797
13879
71101
56562
49245
24868
26237
57432
16975
65141
2081
17914
77611
4110
42555
98987
50800
2899
47542
13881
32799
7975
19719
16433
37636
36445
26168
212332
14752
45827
21343
40261
7369
6830
9259
2632
5559
31301
77828
4579
73114
64914
14585
66374
10231
22552
5838
1564
2628
50330
2889
31150
41530
23676
12699
26729
60322
47756
26938
25072
3309
53470
173556
9837
56286
42871
15651
38370
72675
71626
38014
1
26160
3634
22872
36411
117109
14331
5528
75036
87555
1426
70673
70487
12646
15686
37391
2916
43108
10366
62996
34692
50131
930
800
33882
7934
24437
56957
60873
19360
6880
71428
24965
73597
46968
30475
29111
15577
35698
10032
10511
9372
5137
13572
16766
52679
33915
3443
79152
8878
160139
4359
13277
3475
3007
31754
50430
12323
111300
30786
22348
9818
4130
82306
17579
42330
15717
18380
59653
28303
43905
26188
40636
39430
