81987
1152786
232310
123201
185098
323189
1000354
1012956
167051
989053
42934
1000965
16511
608639
1005229
309448
95253
43872
99766
9948
2079668
604764
1051878
1110491
728134
1347584
1005035
1055838
1003384
347884
1364278
45068
2178565
1064675
47757
44151
94879
1408282
1053491
157531
1432780
915275
119420
39583
45453
43714
42435
41327
84005
520121
998072
1062241
153940
2039694
1102131
123972
195692
90110
1331422
468519
1006289
1882226
246286
453058
1132467
116446
45609
1359945
44222
1018632
1043088
60268
50115
1022443
45645
154970
1002233
989323
1118631
42424
220946
43410
83506
128062
1391598
526330
42779
1946
1340336
66637
58112
92524
14561
1008580
455423
988087
195482
81568
95099
95107
94859
43338
166359
508579
1083066
93308
1091847
2169636
1040794
1307
969325
103716
1061965
865992
46413
12858
57564
1200674
353981
740083
118805
46270
347510
295721
976510
142977
168529
142971
71590
142145
204109
11045
42602
442286
1038294
1002628
2164164
125214
225235
1002910
1541989
1040117
1002389
115019
249700
93423
2153973
200783
103200
368659
165259
43070
1233071
40938
1010384
56201
157267
1220829
95159
305955
93984
23495
276297
1005264
185824
292332
2166662
466066
384382
465922
64488
1097282
457502
59661
2646301
480273
1156514
90728
464936
436552
77271
72003
72564
1021984
268277
2164357
44875
1070555
1330287
80004
352749
6488
355650
448331
19886
373015
93403
34402
224332
12175
476100
134082
90101
98041
92611
81245
97171
53694
105287
149613
1211649
1009437
1090758
45623
30373
369076
695343
1015688
471923
483600
112890
1002057
998546
1038096
121325
457689
71433
457503
1076988
149634
44202
55835
1005421
76841
472052
39565
57495
74350
265533
2358530
129924
1305295
212246
373089
94822
1238637
195898
2094
195962
16610
356159
1012061
1032054
199382
81626
1094851
1903725
731343
16714
173108
307496
1012560
1101624
30295
94848
22090
1021212
239050
513599
1184608
119403
1012753
1525459
1009217
1885285
1022936
2672275
1184369
43015
33670
280183
1054031
1132466
421178
152247
391912
1326305
75804
96238
223956
92134
69869
999439
31277
1019251
45627
110202
43485
42506
242137
930005
1010727
1023436
65103
187630
82664
226432
74945
1890922
1064960
275307
93519
988198
293414
43204
999185
2675894
1882237
349241
970034
1146580
43640
3432
250114
44159
592196
121850
236919
592306
57593
185364
335612
249572
136525
43226
1384333
1016571
1087122
683183
79857
2471394
116841
1002424
1112718
2164348
477694
562998
1021510
126582
42876
31687
22410
234891
54
1010741
83417
351325
1051906
122146
88329
1464336
38964
999162
998115
1037976
991440
1277708
991763
359987
1261493
729885
1086272
16811
1116274
62181
306894
694151
990520
43307
77945
987468
704049
82696
227919
262432
1218044
1004918
141444
1915276
1044496
42391
1016136
1018924
124995
2296898
116494
146232
909337
1001222
734926
55920
42443
112888
6414
57329
68407
43180
301
1002162
728279
1026730
1243234
30155
89099
1005046
2211
59350
67428
1006621
23461
84076
1151655
146362
1044429
1154467
125
697588
1000867
55754
42297
259537
36623
1055605
1441183
1963484
59375
43496
249354
18820
166624
365516
1055084
5479
1052567
1155490
987719
614703
997880
65173
160820
40977
1022445
1191396
190581
42224
358336
44071
497391
41416
353232
471134
1986514
989391
60338
194562
224369
8194
42798
1185906
748388
42735
43327
1025848
1054035
4684
1576489
353826
364854
1994884
42519
55894
363112
42354
24262
1008376
119327
86907
1033113
83039
183130
95132
85942
1009311
35308
146107
54139
131771
108855
1009025
133956
1053686
1049159
1025678
224544
43648
44021
7133
90491
43723
43425
1073319
1283677
987892
26146
297558
40696
361573
2166771
243248
464921
254993
54887
982794
1006627
111295
991067
1012237
1150805
75103
364085
149662
695429
79782
995441
44969
1275882
362968
44947
1095950
30281
1010909
90210
998276
359520
1002063
577281
231539
43972
94871
992636
1390455
42299
34955
348045
94906
999677
44273
1118724
105964
998907
1181084
42549
48080
57435
1974185
358309
1821204
1011062
42577
43692
1055476
95184
2350947
55684
7063
364630
75244
81565
987774
991749
68305
28632
42659
995946
35548
54844
261577
43659
1231826
989260
1012986
82227
349121
1033275
115512
1024254
456830
1240
42981
992391
411886
1042689
359908
307507
1022777
22069
43780
250284
350969
308682
1090338
208963
91436
1000394
1277929
32618
42520
133835
43542
42383
2633418
1012796
354150
80543
1040071
448296
1598420
43650
79890
44244
1080600
1037767
221223
119575
43502
44921
154904
1068703
83872
17826
1109389
1133744
1008089
43320
362510
694133
1192647
307183
22809
200423
1002415
78699
43863
392097
1084173
989221
49528
1186984
508572
207941
1111506
1047897
69646
1004932
1025437
1965969
297578
22138
1549793
89044
266403
44263
369468
1029330
1003695
91461
44023
164323
43572
1961307
478162
42480
74747
21482
1041084
80482
1008233
43875
357189
1162226
25683
1004923
150847
547074
82480
173433
43883
648135
40942
28569
82241
94157
1003136
1007054
516718
1063328
1012798
22747
354165
70148
49794
42309
344052
1013063
1365647
446792
992142
497362
565897
1095250
85692
83595
92377
42800
51336
186067
43416
246718
1028317
9679
42922
276668
1019499
15737
8787
989392
55805
1365653
86990
131666
15784
443878
43220
56786
359844
1012013
83668
324
1066043
104324
21607
1023069
93538
2463528
42306
870758
70409
3951
1108486
94953
162684
992279
1014931
1083811
168836
135347
119457
731167
249221
42952
40933
96037
1011488
40098
67843
539949
1005316
249376
695392
141858
1006256
1144894
349732
53686
41125
147469
116316
421356
75808
35288
107010
44078
42315
27200
24707
42183
2121169
16417
373104
361461
