42435
195482
991440
44071
8194
55894
42549
989260
42383
989221
497362
1210444
358774
43952
999538
46375
44048
42964
248955
94826
44213
43918
42629
195578
991953
361452
987460
42445
42572
42380
4636
43898
248133
43000
1180596
42495
42927
65760
43255
46276
43734
44080
42712
67680
461288
43999
75077
992486
42589
82474
43542
307337
1398287
1007088
42823
42607
43256
43715
43587
42234
1011056
1133712
42164
446416
42976
43462
1070356
533908
42235
42808
42698
1007408
42290
42609
471747
1013011
43030
42910
249594
1089100
42949
43203
42506
1025328
43993
42395
43476
43874
1108539
