989053
1000965
1364278
42435
84005
998072
153940
453058
43410
195482
81568
93308
249700
40938
93984
23495
90728
72003
44875
476100
149613
483600
55835
472052
1903725
1012560
42506
65103
1002424
991440
42391
909337
6414
1026730
1243234
1006621
23461
1000867
43496
997880
65173
44071
989391
8194
55894
43648
1010909
992636
94906
42549
43692
95184
75244
68305
989260
307507
43780
1090338
91436
43542
42383
44244
43502
1109389
200423
989221
91461
74747
1012798
70148
497362
1095250
85692
83595
43416
359844
42315
1198914
1517411
71841
461777
1018131
733669
1029644
43533
1210444
195555
81546
358774
22281
69055
1000167
43952
991658
999538
1007009
990878
77921
46375
1153410
74947
1006007
95035
1009661
44048
42235
12313
42964
103938
43462
354030
78756
202171
248955
1006492
39579
94826
71452
42425
533782
44213
43747
69893
43909
65102
1001370
43918
42629
371988
1002815
43162
69725
195578
1014791
248962
991953
108907
65141
361452
58487
445918
1004011
1021698
1083502
987460
360607
247897
42445
1069530
74457
43794
43609
54816
42572
87847
248135
81796
1002524
42710
65169
1081894
45471
95002
43711
42380
57001
43278
42381
1033256
133583
1043068
4636
43059
41084
1061459
1026210
42596
149614
11076
43898
474771
1037505
43636
59907
69887
248133
127951
42909
82458
77774
3267
1011239
357737
1231651
112088
1006550
354400
55730
43000
991899
43959
1180596
4034
42495
42927
454950
23413
472016
999439
1099979
1019212
154847
83405
1012789
1007176
1183656
1068723
1092974
42143
43522
359976
65760
43255
43389
46276
991830
1081388
114024
476490
43734
534181
189551
1012821
41091
4856
695373
11119
476293
46371
44080
1003134
267185
43272
57588
43196
361374
893016
95123
42712
82390
249418
42711
67680
999848
43251
43773
81100
43488
48074
337257
43785
1004126
95217
1005039
42931
991461
43247
65196
1009338
990515
73574
497125
313839
1391902
65234
461288
1003395
43999
75077
1220394
1292290
992486
42179
43368
1166666
1001160
83720
42514
289654
1006597
186049
42589
82474
460679
1907177
462853
49218
73310
43938
1232200
1128788
641649
999644
1011581
57442
85605
80704
307337
99168
1002775
43516
361779
45667
44724
133502
28170
471624
449614
704033
94752
999592
75544
84041
10851
43304
46459
989213
1398287
80147
1006011
42200
1000872
1007088
363542
1171695
994500
42823
41016
42607
94923
43148
362073
226017
12457
1070794
364755
42916
1097043
2667
43256
1075017
44272
42969
1023955
992895
42562
42308
71700
43715
1164854
1017842
43587
43461
21179
1022599
1503602
78018
43419
94916
42234
1097005
361555
1019428
999409
95210
44201
998339
1011056
1133712
57344
95290
42164
446416
42976
57589
1512903
23456
55758
42324
215624
87673
83601
1070356
533908
296081
42565
125281
8717
83642
42808
80437
42698
1007408
131534
1065760
149616
42290
998122
115665
42609
471747
991760
995437
97835
150493
25441
1179961
95012
807067
1013011
17050
23515
13999
1438673
1004092
43030
95091
42910
44207
42648
42251
926281
116496
42196
691
1004686
249594
85758
749229
993912
34403
69871
43850
44059
103772
1089100
365832
99433
42949
83495
995314
44951
998488
1021060
359165
43203
1011105
1012803
72015
46150
63475
43897
117521
181189
1002209
83432
321098
42793
55841
1025328
43993
42395
43293
43476
49456
12973
57298
149480
108923
1004650
85744
81132
103458
487149
83540
43874
44717
1108539
346872
307359
43423
