142
166
429
230
422
345
206
527
282
159
70
134
442
240
172
192
229
435
345
183
225
231
305
143
260
257
295
494
152
162
207
275
358
134
166
389
410
154
272
120
108
351
354
247
192
344
207
128
296
461
227
367
408
270
87
148
105
392
368
517
345
292
145
184
67
364
190
378
290
217
161
167
337
320
209
245
128
100
205
294
343
211
160
300
221
400
62
296
267
133
319
125
285
208
190
184
143
190
197
209
230
370
194
155
307
333
436
245
522
216
390
127
158
352
321
264
117
299
213
86
344
202
93
290
349
234
157
285
407
255
326
269
218
129
351
254
194
146
227
322
120
444
115
40
97
169
288
104
279
140
323
281
192
249
139
121
350
507
262
188
236
373
138
171
366
315
470
210
383
65
203
187
80
172
275
347
411
256
90
126
433
141
187
121
247
106
170
280
277
183
211
122
220
351
321
404
371
430
344
124
248
338
267
136
195
338
349
303
83
264
232
274
159
134
47
345
229
163
259
422
57
364
333
60
324
230
186
261
355
170
321
246
124
149
314
441
144
166
366
271
280
165
123
523
274
206
163
302
485
431
204
445
371
130
272
222
248
337
311
255
191
189
234
149
144
93
369
132
202
382
323
398
368
280
252
342
403
384
289
168
153
259
218
265
242
455
51
108
351
312
159
320
66
305
334
317
549
366
279
221
156
81
298
139
115
184
446
220
289
229
252
282
122
234
342
451
353
361
45
266
120
52
297
186
260
268
272
287
353
59
316
258
420
92
293
209
196
312
102
267
427
305
179
266
295
302
463
146
244
259
175
284
165
129
144
130
178
191
86
186
287
143
522
325
342
115
222
481
265
407
397
159
314
322
324
93
333
47
273
387
253
164
413
267
254
422
250
311
373
70
365
360
205
194
279
310
191
163
100
123
382
515
257
287
287
148
381
236
261
352
210
86
274
189
77
313
242
156
27
154
268
335
306
377
330
248
493
176
325
496
369
94
399
459
203
196
252
177
288
322
90
310
160
383
255
272
444
230
122
232
130
51
209
252
327
88
280
409
219
399
309
386
503
244
160
303
282
142
569
363
281
155
577
130
136
386
397
288
79
256
175
383
485
347
330
351
168
113
220
225
99
347
228
254
592
164
374
181
186
94
125
153
284
440
240
254
202
395
482
317
608
288
109
68
143
244
176
102
347
267
263
259
461
250
125
157
191
203
310
280
145
233
244
210
119
236
134
108
163
139
323
132
58
316
266
168
204
313
324
168
120
307
461
188
235
314
171
215
854
189
192
271
259
46
344
187
127
98
326
289
171
104
146
190
308
173
250
144
289
133
243
185
113
56
330
305
201
269
99
484
391
197
279
256
154
257
158
113
454
239
191
147
227
154
569
194
428
189
379
87
187
219
443
85
62
145
308
231
202
372
422
309
207
205
264
238
121
288
286
316
355
248
362
69
208
217
146
200
486
166
425
256
297
337
160
327
211
170
438
332
261
184
156
189
387
113
155
381
444
356
143
201
311
291
215
280
309
167
341
356
357
295
112
335
213
159
463
86
181
327
237
141
314
136
353
263
100
72
270
345
195
269
138
382
429
133
255
341
484
313
149
98
235
307
242
204
329
255
288
120
609
156
346
423
330
168
338
205
122
471
236
355
253
454
70
332
192
349
459
354
400
64
408
53
269
425
196
190
199
190
144
204
197
386
158
253
414
220
380
397
146
354
233
422
148
219
88
201
168
56
163
366
36
160
162
238
120
294
371
113
174
340
342
135
243
242
293
512
280
276
402
656
442
185
436
260
352
120
254
258
365
233
350
124
166
326
80
90
192
269
220
187
161
454
208
318
361
141
227
317
186
305
333
134
133
124
130
141
181
236
475
218
80
414
267
348
193
176
51
147
129
262
224
428
427
178
509
285
378
221
362
571
109
345
446
143
102
278
244
217
143
187
479
290
221
423
451
490
372
230
211
328
290
289
396
174
232
474
160
147
353
245
414
234
79
213
206
399
475
481
214
266
140
364
335
217
334
145
324
221
165
252
108
362
115
425
188
297
135
371
461
220
221
460
403
444
175
345
355
345
76
160
321
104
194
308
465
165
194
246
67
283
140
364
290
239
297
244
182
300
237
238
411
66
381
274
215
178
374
142
336
173
202
323
242
222
195
71
333
350
335
117
414
283
232
392
415
199
236
409
403
251
128
305
239
273
110
270
144
127
367
290
435
337
153
363
189
69
99
366
251
232
93
316
304
181
323
356
125
233
224
187
435
255
273
499
98
129
360
172
161
234
269
469
424
137
288
204
213
532
340
216
424
336
197
297
256
131
267
52
306
63
145
372
135
211
184
118
142
101
265
195
118
489
184
128
134
287
287
431
213
147
79
210
136
287
222
133
351
492
491
392
330
469
182
178
266
544
316
438
146
208
125
92
195
161
212
304
366
214
182
539
140
303
398
370
211
162
286
261
250
175
172
307
265
190
126
54
116
120
74
111
227
352
430
113
344
526
175
136
149
301
212
109
221
464
298
243
261
278
449
537
209
112
217
99
201
336
121
203
217
341
139
210
421
252
398
403
151
464
160
363
287
504
156
91
157
299
193
244
141
194
181
514
349
503
458
339
337
155
86
390
197
362
443
275
135
297
362
168
198
402
258
95
291
315
154
128
167
196
224
263
426
258
147
89
270
174
218
128
294
214
157
138
277
171
106
103
50
274
77
58
218
82
328
396
326
468
226
296
416
293
156
137
216
108
403
117
342
110
302
376
245
355
155
430
184
205
374
257
264
96
383
134
115
110
208
245
255
231
278
253
235
453
437
330
205
107
411
409
111
173
246
233
223
337
78
102
219
229
250
99
479
482
131
329
207
97
140
427
396
165
193
336
308
219
312
176
325
330
158
429
90
198
154
207
130
96
148
351
160
107
408
400
153
197
81
73
248
115
117
416
143
100
365
274
232
119
384
135
119
216
289
60
134
281
150
288
343
249
149
328
320
462
120
160
172
408
297
375
279
140
155
338
181
265
329
81
305
297
173
506
157
316
593
458
178
173
100
405
258
513
66
290
175
153
122
153
102
270
497
277
212
175
102
366
462
117
413
456
65
137
120
254
312
98
319
417
496
214
123
556
65
105
276
221
156
392
526
293
325
350
175
142
185
242
209
116
243
93
148
187
179
100
92
264
297
156
184
366
331
247
180
122
150
385
170
515
262
384
283
337
390
304
72
317
456
218
330
393
432
147
190
253
174
200
203
92
258
157
88
59
285
320
337
286
269
152
276
149
215
255
149
196
408
320
121
183
342
152
308
332
167
67
517
187
344
133
445
314
189
448
132
188
187
281
562
301
64
98
179
333
103
118
213
258
488
406
131
199
535
276
360
186
269
259
274
380
564
265
176
113
336
281
100
232
228
428
185
189
374
324
347
196
371
148
404
431
77
484
140
109
90
124
90
442
110
329
260
282
181
295
300
209
36
182
388
270
134
439
322
122
181
175
293
364
286
198
299
164
203
459
593
266
218
389
139
126
324
240
281
301
126
330
203
228
140
212
133
148
256
53
309
127
427
286
154
144
201
409
123
375
139
323
257
189
207
205
325
101
309
126
128
293
314
453
425
122
338
189
172
371
388
116
157
190
109
157
220
436
294
173
276
166
297
177
296
281
194
372
275
267
459
332
139
287
247
216
211
229
217
340
222
122
281
149
200
414
297
130
309
183
188
150
383
89
41
343
246
357
207
91
207
124
199
437
388
213
405
129
197
385
150
156
241
250
198
356
221
172
348
217
497
145
331
231
337
475
248
134
145
155
122
264
204
153
163
304
250
227
196
381
179
232
245
353
501
367
316
100
212
176
357
108
405
403
239
170
89
370
334
293
438
154
268
309
466
154
239
195
403
467
239
109
189
168
147
281
202
146
384
242
217
130
205
278
189
286
169
122
84
165
292
164
151
247
453
188
492
147
371
302
149
54
288
385
408
220
227
170
211
113
371
280
320
184
69
359
250
280
276
303
185
463
207
185
300
371
184
168
249
235
121
385
382
262
183
222
337
424
116
219
298
148
116
361
307
230
275
232
306
339
346
67
146
292
213
158
203
138
394
147
355
490
206
138
359
178
96
72
262
168
469
170
128
260
142
296
126
184
418
71
234
133
146
289
139
274
469
162
258
383
169
417
312
338
161
101
54
335
337
108
329
145
110
70
132
311
454
253
341
497
448
93
170
326
134
255
189
147
359
218
341
410
133
200
211
160
252
289
385
294
146
226
176
530
180
370
217
221
335
249
271
201
233
193
175
372
186
196
108
163
452
255
341
268
287
110
148
195
333
107
420
81
239
181
73
46
207
171
182
125
277
146
311
483
197
129
445
163
180
500
442
143
224
137
218
182
82
283
134
239
402
349
505
393
344
159
77
162
107
286
150
130
267
81
46
301
205
118
291
210
266
256
179
165
360
145
263
161
466
278
515
148
350
129
109
181
298
423
267
123
111
419
53
238
339
283
164
363
170
366
98
206
352
289
241
191
361
214
166
259
390
163
111
149
184
50
261
55
40
63
34
74
86
150
95
188
50
58
44
52
47
195
63
82
175
152
52
64
85
115
34
49
34
101
87
165
69
78
107
79
98
68
64
81
171
113
118
87
66
31
53
195
98
36
111
105
91
298
65
77
155
108
137
211
66
99
158
141
149
70
160
64
89
97
217
55
49
61
72
121
65
35
57
117
168
31
85
75
198
121
47
51
106
75
163
91
114
65
86
106
69
48
15
55
50
80
124
60
98
65
181
44
68
71
74
124
95
124
130
35
194
82
97
86
85
153
66
114
122
50
94
203
67
130
99
85
86
60
83
67
155
109
59
129
70
156
85
167
100
179
188
74
99
120
52
134
137
138
75
24
48
66
31
150
76
74
66
134
108
149
72
133
50
66
102
122
108
49
138
95
123
46
78
71
103
161
151
56
50
149
70
46
51
140
101
90
118
93
85
158
112
92
23
120
40
43
109
68
69
116
98
128
148
23
77
77
82
173
81
170
92
144
66
123
238
133
164
142
87
68
155
71
85
108
82
149
140
153
74
36
134
95
100
127
40
85
96
67
29
170
100
151
117
70
81
67
143
119
106
43
94
87
193
211
72
76
205
66
89
48
165
143
113
84
64
83
96
87
170
139
95
88
83
73
33
144
72
55
75
167
120
145
147
65
55
157
86
61
188
102
193
124
71
62
265
139
113
112
90
133
92
59
88
55
161
102
61
55
142
93
39
113
115
90
93
86
150
160
87
91
116
98
84
93
89
83
73
69
83
59
95
57
31
58
75
81
80
38
61
99
130
117
72
116
84
86
158
83
166
74
38
170
30
111
104
58
109
153
89
67
152
85
118
60
39
130
145
136
142
36
79
138
99
141
104
93
78
93
75
87
227
100
137
175
138
123
57
64
84
186
111
133
72
79
63
136
66
130
121
76
132
82
67
74
104
76
94
83
86
61
162
98
55
96
99
188
60
79
68
93
65
97
106
37
104
248
113
63
94
80
128
91
84
90
132
102
144
71
136
68
85
90
89
112
90
138
67
149
77
79
21
66
187
90
112
115
120
118
69
72
159
109
30
41
88
62
40
96
141
123
58
74
63
113
11
151
128
64
53
28
80
99
120
133
96
114
35
93
42
88
101
48
153
71
152
77
33
237
65
98
178
91
54
48
92
83
58
69
88
98
78
84
104
35
55
21
101
108
105
76
78
116
78
113
193
96
86
138
87
97
60
125
87
138
184
65
94
113
144
91
132
112
205
138
273
109
185
112
81
43
68
70
118
61
71
73
30
65
95
80
123
135
65
97
80
97
117
97
44
94
91
162
140
66
150
219
46
78
52
132
109
33
78
63
84
32
57
156
120
96
110
51
178
91
60
222
75
46
126
37
61
94
77
72
75
89
56
79
127
103
85
145
166
136
147
134
153
83
166
98
146
95
117
70
71
18
99
165
95
127
181
167
88
138
71
69
64
67
75
27
75
132
94
33
46
56
39
51
52
43
89
105
53
95
104
117
112
92
74
144
97
139
75
123
42
126
69
114
53
74
44
82
104
103
69
62
44
196
142
81
86
45
64
86
127
124
89
89
93
44
60
27
150
84
131
110
83
32
56
149
178
80
108
87
91
107
97
53
135
83
81
76
205
147
43
84
93
120
139
51
82
91
68
146
127
118
76
66
62
70
32
170
62
139
51
77
157
59
122
101
112
46
118
44
86
57
54
58
73
110
143
41
64
71
184
197
155
62
158
85
135
24
57
105
141
170
154
189
110
88
62
69
109
171
84
98
96
111
155
149
47
180
120
206
93
111
77
105
79
68
116
121
78
29
143
92
89
103
62
111
29
94
70
74
155
156
151
72
150
61
195
117
169
63
145
188
82
98
123
129
122
91
36
86
73
71
102
110
123
115
90
150
128
175
97
68
63
107
104
96
70
142
116
115
52
72
57
94
104
60
93
79
69
192
71
51
90
69
74
77
83
122
64
100
71
52
56
67
120
75
35
106
131
69
68
54
65
107
89
177
101
86
75
123
197
56
74
92
157
142
57
15
97
65
131
105
28
154
161
92
213
78
173
128
184
68
100
55
152
88
50
48
135
48
69
97
130
75
72
58
86
102
56
157
93
109
63
96
169
43
64
94
104
118
107
40
131
89
113
131
32
75
149
93
184
116
92
59
15
59
51
87
80
60
129
87
76
65
74
169
105
122
181
104
95
101
74
72
55
117
98
84
65
86
70
103
166
25
117
63
115
82
50
61
98
99
92
94
120
116
138
67
114
168
98
33
41
82
8200
8171
8323
8088
8336
8485
8313
8412
8338
8268
8314
8270
8237
8112
8204
8194
8256
8353
8165
8366
8352
8388
8160
8217
8397
8197
8173
8341
8097
7776
8127
8106
8210
7947
8294
8337
8256
8365
8211
8174
8159
8060
8375
8309
8324
7884
8146
8146
8176
8129
8270
8294
8123
8128
7986
7961
8182
8295
8150
8232
8327
8293
8273
8237
8348
8277
8192
8207
8386
8460
8367
8098
8108
8236
8035
8162
8262
8298
8330
8411
8134
8075
8067
8309
8109
8212
8160
8373
8278
8455
8154
8330
8275
7885
8242
8351
8318
8223
8489
7891
8031
8216
8163
8234
8440
8445
8171
8123
8381
8290
8209
8143
8396
8123
8154
8330
8071
8151
8202
8154
8209
8479
8348
8385
8189
8258
8375
8179
8328
8366
8228
8277
8266
8342
8297
8402
8178
8182
8383
8251
8177
8287
8212
8218
8362
8506
8422
8423
8428
8233
8287
8137
8140
8181
8343
8087
8253
8325
8231
8138
8226
8020
8142
8102
8069
8295
8277
8232
8163
8020
8316
8058
8196
8293
8440
8091
8487
8162
8249
8286
8020
7926
8222
8238
8180
8354
8287
7957
8142
8229
8218
8163
8170
8315
8194
8062
8109
8297
8321
8154
8289
8456
8127
8357
8132
8505
8051
8437
8294
8240
8195
8187
8260
8197
8364
8250
8097
7960
8123
7908
8400
7973
8176
8365
8115
8089
8532
8239
8232
8414
8416
8241
8363
8428
8188
8091
8520
8366
8151
8223
8244
8445
7950
8027
8138
8283
8328
8265
8210
8374
8086
8123
8242
8298
8182
8192
8045
8045
8033
8413
8198
8144
8354
8094
8179
8303
8300
8202
8350
8498
7972
8304
8133
8190
8297
8166
8211
8279
8199
8221
8041
8145
8352
8311
8436
8170
8211
8110
8509
8290
8339
8269
8241
8344
8231
8134
8356
8273
8244
8206
8340
8305
7847
8056
8310
8208
8352
8344
8208
8340
8471
8298
8158
8081
8170
8265
8219
8242
8190
8275
8222
8099
8332
8091
8198
8159
8368
8271
8160
8345
8290
8219
8097
8313
8058
8375
7898
8359
8206
8408
8200
8094
8031
8236
8143
8355
8251
8484
8235
8378
8379
8282
8330
8464
8156
8235
8520
8069
8072
8134
8259
8259
8319
8129
8307
8444
8005
8200
8116
8366
8146
8034
8209
8407
8146
8331
8177
8145
8244
7995
7958
8497
8171
8032
8193
8183
8411
8223
8334
7936
7831
8050
8278
8107
8111
8328
8052
7990
8172
8169
8277
8094
8335
8343
8269
8208
8172
8466
8168
8292
8250
7876
8387
8413
8192
8395
8332
7928
8319
8100
8126
8191
8488
8051
8409
8340
8210
8074
8101
8079
8240
8100
8341
8258
8515
8102
8409
8311
7957
8094
8110
8124
8151
8295
8241
8322
8354
8301
8156
8191
8160
8179
8242
8089
8208
8188
8292
8220
8514
8406
8256
8452
8152
8228
8360
8215
7937
8396
8540
8332
8083
8199
8285
8343
8298
7748
8244
8006
8358
8289
8336
8124
8247
8275
8236
8237
8295
8177
8008
8126
8201
8074
8129
8141
8253
8245
7983
8105
8107
7887
8490
8121
8264
8338
8480
8048
8282
8237
8273
8027
8361
8141
8019
8324
8354
8048
8027
8268
8428
8393
8106
8087
8077
8343
8076
7992
8120
8606
8220
8362
8096
8238
8261
8136
8324
8224
8283
8329
8383
8339
8380
8158
8138
8051
8135
8281
8141
8196
8212
8162
8306
8311
8115
8164
8031
8276
8228
8093
8436
8169
8483
8238
8352
8303
8140
8096
8241
8034
8246
8230
8288
8122
8203
8251
8238
8281
8101
8168
8286
8041
8396
8356
8295
8089
8294
7989
8096
8100
8199
8124
8366
8266
8268
8382
8186
8262
8413
8055
7874
8221
8028
8239
8288
8058
8397
8243
8363
8208
8185
8013
8183
8341
8159
8482
8097
8219
8367
8316
8345
8138
8302
8444
8272
8303
8028
7975
8104
8385
8031
8232
8312
8356
8317
8122
8202
8066
8020
8210
8124
8172
8085
8238
8383
7877
8104
8390
8221
8065
8180
8326
8152
8206
8202
8276
8275
8109
8249
8371
8392
8397
8287
8338
8123
8120
8503
8252
8117
8188
8121
8212
8305
8320
8050
8389
8444
8261
8366
8233
8313
8291
8272
8349
7992
8128
8171
8301
8206
8303
8382
8269
8350
8125
8457
8475
8094
8270
8132
8311
7813
8123
8302
8435
8225
8238
7987
8187
8358
8159
8261
8364
8298
8084
8159
8243
7939
8217
8294
8180
8188
8275
8216
8035
8428
8148
8306
8203
8031
8026
8186
8288
8347
8254
8149
7942
8156
8125
8059
8344
8135
8280
8201
8506
7981
8298
8329
7929
8262
8178
8136
8177
8264
8164
8219
8325
8127
8239
8261
8425
8212
8032
8332
8000
8469
8160
8090
8324
8117
8087
8152
8367
8344
8303
8231
8415
8209
8120
8362
8112
7977
8172
7900
8153
8353
8282
8215
8208
8317
8043
8307
8362
8367
8004
8254
8093
8533
8265
8330
8247
8254
8162
8192
7990
8323
8060
8327
8164
8280
8235
8231
8176
8308
8162
8306
8303
8229
8225
8197
8489
8206
8078
7978
8090
8272
8348
8324
8261
8123
8201
8149
8105
8031
8081
8262
8172
8404
8229
8227
8226
8302
8155
8177
8100
8193
8440
8316
8343
8123
8327
8140
8244
8326
8215
8564
8325
8190
8223
8184
8205
8208
8320
8341
8435
8218
8349
8247
8020
8297
8235
8009
8218
8225
8266
8211
8182
8195
8217
8367
8356
8197
8299
8128
8190
8205
8397
7937
8119
8357
8324
8347
8434
8308
8233
8130
8333
8276
8152
8231
8373
8127
8411
8210
8274
8246
8160
8258
8210
8268
8194
8266
8296
8083
8130
8248
8141
8319
8296
8142
8018
8114
8277
8186
8209
8293
8089
8339
8239
8141
8352
8133
8382
8243
8096
8090
8099
8391
8370
8183
8282
7884
8243
8270
8512
8140
8398
8076
8274
8233
8191
8212
8234
8304
8000
8107
8137
8295
8284
8157
8238
8196
8078
8267
7876
8158
8198
8179
8283
8323
8067
8435
8086
8436
8361
8129
8363
8355
8172
8243
8045
8221
8196
8246
8189
8195
8274
8058
8293
7919
8127
8134
8400
8262
8199
8306
8497
8457
8302
8401
8048
8270
8204
