2249
2114
2231
2258
2270
2273
2180
2360
2281
2228
2343
2233
2255
2139
2359
2232
2243
2110
2321
2219
2290
2227
2230
2306
2197
2261
2290
2266
2153
2221
2245
2318
2369
2319
2231
2239
2235
2137
2222
2304
2205
2290
2348
2367
2135
2242
2200
2114
2293
2084
2235
2366
2259
2254
2250
2169
2324
2287
2296
2227
2246
2138
2193
2292
2301
2300
2209
2226
2342
2239
2367
2439
2343
2259
2284
2321
2288
2275
2379
2242
2276
2213
2390
2309
2278
2147
2402
2271
2217
2205
2261
2226
2387
2168
2281
2192
2264
2329
2327
2311
2310
2197
2269
2167
2147
2374
2162
2219
2200
2266
2355
2282
2175
2290
2161
2237
2320
2261
2283
2286
2230
2161
2274
2275
2209
2236
2139
2222
2042
2128
2198
2295
2277
2235
2251
2276
2227
2313
2271
2132
2287
2192
2248
2250
2202
2191
2199
2329
2190
2149
2240
2357
2176
2204
2133
2185
2339
2235
2284
2291
2316
2328
2237
2214
2368
2262
2293
2247
2150
2309
2227
2245
2243
2550
2300
2267
2187
2073
2266
2207
2184
2262
2226
2183
2050
2271
2306
2233
2294
2235
2264
2284
2245
2198
2184
2327
2238
2155
2318
2215
2371
2203
2180
2353
2101
2249
2233
2370
2208
2174
2306
2448
2194
2258
2232
2158
2229
2178
2256
2172
2221
2315
2209
2301
2170
2213
2276
2216
2202
2253
2182
2336
2242
2226
2261
2304
2307
2326
2219
2266
2317
2409
2159
2234
2287
2189
2267
2395
2257
2314
2275
2254
2395
2242
2342
2235
2210
2247
2274
2420
2280
2203
2271
2218
2323
2220
2173
2300
2201
2199
2266
2163
2255
2113
2290
2256
2319
2233
2336
2223
2237
2258
2188
2289
2258
2354
2313
2303
2274
2326
2358
2297
2231
2307
2267
2281
2249
2225
2308
2375
2169
2254
2239
2421
2195
2262
2103
2173
2108
2219
2344
2280
2230
2151
2240
2410
2157
2323
2242
2280
2243
2309
2317
2143
2315
2207
2349
2319
2386
2350
2228
2323
2313
2242
2268
2251
2286
2149
2208
2180
2317
2192
2197
2129
2386
2202
2357
2408
2266
2349
2263
2229
2242
2307
2266
2174
2374
2150
2208
2217
2219
2348
2305
2173
2169
2155
2094
2257
2151
2181
2276
2236
2282
2175
2184
2288
2235
2207
2234
2185
2262
2332
2228
2249
2326
2209
2205
2152
2242
2284
2224
2294
2251
2268
2202
2286
2303
2278
2296
2342
2279
2165
2273
2291
2323
2298
2327
2364
2100
2309
2199
2226
2176
2180
2261
2265
2212
2145
2201
2159
2249
2247
2220
2270
2198
2284
2199
2313
2163
2253
2361
2226
2214
2350
2105
2261
2242
2161
2298
2246
2209
2339
2263
2237
2191
2262
2242
2060
2331
2226
2168
2223
2248
2291
2404
2112
2228
2299
2233
2258
2220
2314
2308
2231
2256
2260
2274
2130
2222
2248
2171
2208
2229
2198
2307
2250
2311
2315
2303
2199
2358
2396
2261
2365
2288
2370
2267
2081
2325
2294
2323
2171
2246
2313
2274
2238
2252
2204
2262
2176
2211
2342
2243
2264
2221
2255
2313
2254
2264
2295
2246
2226
2162
2280
2270
2385
2271
2326
2354
2284
2312
2374
2256
2263
2098
2344
2245
2157
2340
2413
2287
2137
2176
2232
2259
2357
2248
2212
2318
2264
2289
2313
2239
2302
2236
2271
2215
2236
2162
2256
2253
2199
2322
2211
2247
2379
2264
2311
2303
2314
2155
2150
2076
2251
2315
2216
2390
2258
2158
2264
2238
2173
2209
2065
2182
2282
2240
2168
2291
2164
2057
2171
2275
2183
2184
2207
2211
2179
2231
2267
2292
2345
2255
2292
2218
2238
2116
2251
2131
2151
2250
2338
2284
2261
2243
2265
2135
2200
2229
2143
2250
2274
2105
2241
2321
2281
2347
2271
2260
2272
2246
2312
2265
2190
2252
2308
2256
2166
2201
2169
2255
2406
2333
2204
2404
2163
2236
2196
2317
2228
2260
2303
2416
2144
2253
2167
2383
2250
2251
2233
2262
2398
2245
2341
2034
2227
2248
2275
2261
2167
2201
2107
2198
2310
2250
2146
2247
2145
2274
2268
2292
2342
2281
2150
2259
2337
2321
2251
2416
2346
2293
2343
2293
2181
2048
2212
2193
2217
2303
2150
2386
2151
2314
2213
2225
2343
2378
2047
2226
2233
2308
2156
2224
2351
2189
2173
2211
2247
2304
2260
2276
2347
2244
2243
2203
2266
2391
2181
2325
2324
2193
2290
2119
2356
2337
2271
2251
2236
2261
2199
2161
2264
2213
2291
2325
2381
2178
2184
2222
2243
2456
2137
2261
2256
2282
2107
2206
2233
2048
2302
2252
2188
2320
2342
2217
2295
2214
2292
2288
2160
2154
2245
2385
2075
2278
2224
2184
2229
2135
2198
2349
2334
2290
2174
2349
2316
2175
2199
2240
2239
2389
2270
2251
2407
2199
2256
2360
2336
2248
2344
2318
2315
2265
2270
2127
2260
2282
2210
2299
2170
2231
2263
2210
2249
2213
2258
2193
2262
2299
2226
2319
2403
2238
2282
2132
2211
2271
2371
2106
2302
2290
2195
2275
2366
2270
2346
2319
2182
2313
2318
2423
2366
2255
2094
2360
2205
2366
2186
2345
2316
2220
2311
2311
2254
2231
2309
2358
2312
2130
2172
2053
2408
2236
2210
2296
2149
2176
2384
2371
2226
2155
2125
2156
2360
2252
2200
2292
2256
2251
2175
2229
2204
2317
2094
2208
2178
2157
2291
2258
2171
2175
2214
2164
2233
2354
2351
2299
2187
2210
2391
2173
2257
2191
2192
2280
2315
2248
2241
2390
2311
2166
2323
2277
2191
2391
2144
2167
2221
2325
2219
2213
2379
2295
2276
2276
2211
2160
2226
2263
2209
2306
2400
2238
2250
2192
2160
2184
2181
2087
2227
2301
2310
2295
2341
2253
2209
2213
2189
2269
2138
2284
2205
2217
2133
2227
2266
2253
2330
2193
2226
2256
2285
2267
2177
2211
2355
2268
2281
2129
2248
2376
2127
2196
2273
2275
2238
2090
2346
2336
2337
2189
2143
2205
2201
2197
2210
2220
2164
2219
2185
2290
2244
2245
2245
2215
2319
2269
2325
2225
2187
2227
2293
2214
2169
2334
2206
2338
2317
2309
2216
2304
2235
2187
2143
2246
2355
2301
2135
2273
2179
2326
2301
2225
2304
2301
2270
2237
2353
2254
2175
2355
2196
2255
2217
2362
2215
2337
2131
2025
2265
2284
2115
2125
2308
2155
2369
2257
2368
2228
2299
2203
2318
2217
2263
2335
2230
2181
2035
2387
2371
2161
2239
2264
2242
2253
2330
2258
2317
2305
2210
2269
2271
2329
2171
2234
2026
2315
2276
2246
2373
2100
2291
2160
2277
2227
2098
2240
2182
2297
2213
2387
2362
2171
2211
2370
2245
2357
2104
2264
2279
2318
2245
2266
2195
2168
2157
2219
2187
2208
2225
2261
2196
2317
2184
2318
2190
2270
2255
2313
2235
2227
2252
2335
2283
2294
2164
2205
2244
2186
2318
2170
2218
2372
2331
2252
2286
2192
2397
2071
2242
2353
2306
2161
2451
2302
2201
2261
2357
2261
2297
2302
2258
2270
2359
2222
2195
2233
2395
2216
2305
2280
2222
2264
2252
2285
2203
2236
2146
2291
2222
2393
2335
2318
2309
2276
2242
2159
2192
2212
2249
2162
2174
2214
2210
2188
2332
2239
2191
2274
2270
2299
2285
2215
2211
2293
2292
2267
2258
2152
2340
2237
2251
2280
2238
2144
2230
2172
2256
2262
2333
2409
2267
2249
2305
2204
2202
2194
2239
2343
2362
2188
2241
2335
2294
2240
2158
2365
2361
2255
2092
2158
2280
2175
2106
2170
2252
2389
2067
2250
2130
2142
2241
2303
2132
2248
2289
2295
2241
2146
2427
2249
2272
2296
2351
2224
2327
2056
2285
2264
2224
2219
2190
2388
2304
2207
2234
2181
2223
2204
2138
2255
2244
2304
2242
2373
2305
2227
2295
2245
2175
2190
2345
2354
2244
2228
2255
2321
2291
2277
2347
2296
2219
2167
2281
2253
2218
2358
2255
2198
2253
2276
2162
2282
2255
2208
2191
2271
2191
2348
2080
2239
2260
2285
2302
2191
2285
2298
2330
2244
2330
2370
2218
2384
2310
2322
2265
2296
2289
2138
2313
2197
2223
2139
2326
2312
2197
2240
2218
2371
2263
2304
2326
2220
2271
2272
2249
2344
2299
2295
2266
2344
2293
2314
2149
2323
2174
2208
2357
2286
2241
2190
2399
2304
2210
2249
2222
2334
2380
2301
2323
2243
2404
2283
2287
2342
2088
2226
2220
2331
2380
2329
2299
2131
2200
2198
2130
2197
2249
2359
2281
2219
2245
2168
2365
2305
2307
2161
2334
2151
2213
2220
2195
2162
2075
2257
2276
2127
2196
2288
2291
2030
2205
2211
2311
2137
2381
2313
2102
2257
2171
2299
2237
2227
2263
2319
2316
2226
2171
2167
2316
2182
2125
2229
2273
2169
2210
2242
2250
2251
2080
2219
2276
2161
2148
2304
2159
2203
2214
2203
2145
2080
2139
2212
2169
2182
2181
2139
2363
2284
2132
2224
2260
2229
2226
2257
2239
2173
2255
2276
2278
2270
2222
2330
2237
2246
2212
2325
2287
2265
2299
2235
2202
2304
2117
2162
2294
2374
2326
2078
2326
2153
2280
2249
2200
2271
2295
2268
2196
2233
2326
2239
2268
2153
2202
2203
2289
2427
2093
2273
2113
2315
2321
2342
2243
2322
2197
2231
2218
2290
2358
2416
2201
2322
2368
2151
2199
2156
2218
2269
2268
2333
2287
2225
2197
2256
2197
2331
2320
2204
2281
2256
2239
2231
2255
2234
2329
2186
2305
2403
2248
2238
2118
2311
2330
2340
2277
2363
2362
2201
2289
2210
2294
2246
2340
2378
2309
2306
2235
2208
2297
2320
2161
2197
2404
2226
2183
2256
2306
2091
2296
2186
2377
2288
2368
2185
2319
2301
2149
2294
2217
2269
2056
2212
2291
2286
2169
2412
2356
2293
2263
2098
2338
2106
2146
2303
2265
2253
2230
2340
2263
2314
2147
2256
2232
2332
2061
2307
2253
2049
2280
2208
2326
2319
2318
2230
2304
2378
2269
2276
2264
2264
2222
2213
2149
2248
2426
2108
2320
2135
2313
2311
2324
2214
2162
2256
2273
2270
2303
2036
2160
2179
2229
2093
2353
2231
2235
2260
2312
2288
2142
2401
2243
2161
2327
2310
2343
2208
2230
2212
2174
2179
2240
2152
2282
2220
2276
2298
2291
2121
2151
2141
2231
2203
2338
2224
2100
2253
2307
2302
2223
2367
2293
2358
2257
2273
2368
2266
2282
2257
2241
2261
2219
2218
2155
2271
2331
2206
2239
2292
2152
2271
2270
2481
2229
2234
2373
2115
2295
2224
2302
2318
2338
2250
2270
2236
2361
2371
2200
2172
2235
2260
2304
2395
2283
2241
2261
2294
2251
2359
2179
2247
2349
2238
2314
2293
2294
2244
2208
2212
2209
2061
2183
2290
2270
2291
2227
2285
2255
2237
2228
2410
2321
2291
2327
2276
2168
2238
2137
2304
2255
2268
2383
2295
2240
2072
2307
2375
2280
2077
2209
2249
2247
2243
2249
2198
2366
2255
2256
2274
2338
2183
2212
2244
2228
2261
2236
2227
2316
2226
2225
2339
2220
2216
2183
2241
2249
2312
2132
2261
2215
2293
2259
2280
2316
2177
2282
2170
2244
2288
2099
2353
2271
2236
2296
2315
2161
2244
2227
2207
2265
2225
2166
2319
2259
2292
2184
2294
2318
2226
2273
2264
2269
2177
2285
2137
2330
2378
2370
2215
2238
2332
2276
2373
2035
2392
2290
2195
2295
2277
2207
2374
2197
2257
2235
2251
2291
2263
2214
2280
2401
2379
2266
2271
2405
2118
2266
2151
2184
2066
2306
2344
2129
2278
2292
2280
2211
2336
2263
2363
2261
2258
2217
2213
2237
2228
2267
2319
2325
2169
2240
2271
2177
2137
2244
2327
2318
2291
2295
2357
2167
2244
2345
2280
2335
2349
2230
2262
2166
2319
2249
2287
2208
2216
2215
2396
2179
2318
2253
2243
2320
2197
2286
2198
2391
2361
2207
2256
2270
2213
2262
2286
2297
2283
2194
2292
2245
2254
2318
2202
2310
2235
2255
2119
2247
2348
2143
2199
2257
2323
2263
2295
2197
2349
2171
2410
2261
2410
2249
2287
2226
2221
2346
2227
2067
2321
2292
2226
2328
2355
2281
2355
2312
2301
2232
2271
2267
2204
2191
2194
2245
2227
2235
2253
2194
2209
2267
2158
2220
2210
2429
2342
2180
2416
2399
2110
2199
2248
2236
2390
2103
2230
2252
2277
2253
2184
2265
2271
2275
2199
2150
2284
2267
2242
2190
2269
2300
2208
2308
2222
2203
2167
2316
2268
2210
2179
2345
2337
2370
2246
2283
2203
2298
2339
2265
2189
2150
2284
2177
2216
2280
2336
2250
2193
2266
2149
2248
2346
2145
2120
2137
2233
2357
2318
2338
2148
2324
2234
2368
2190
2267
2353
2365
2355
2137
2270
2274
2226
2285
2149
2269
2271
2227
2263
2291
2252
2189
2184
2159
2306
2248
2223
2411
2336
2284
2141
2249
2143
2296
2238
2248
2142
2288
2247
2328
2210
2246
2308
2351
2379
2293
2236
2366
2267
2226
2237
2227
2217
2208
2098
2285
2241
2336
2285
2376
2202
2298
2256
2259
2143
2266
2228
2319
2426
2279
2169
2242
2238
2300
2253
2218
2230
2275
2140
2184
2316
2250
2303
2331
2291
2303
2287
2346
2245
2261
2371
2385
2179
2206
2300
2240
2275
2297
2231
2284
2179
2213
2223
2272
2265
2259
2269
2340
2215
2265
2287
2299
2270
2338
2369
2241
2214
2352
2222
2287
2328
2305
2200
2357
2291
2147
2314
2300
2261
2215
2292
2271
2290
2229
2384
2180
2257
2371
2285
2183
2165
2244
2197
2273
2148
2232
2353
2335
2186
2232
2279
2231
2314
2357
2248
2310
2111
2203
2314
2450
2233
2433
2311
2334
2159
2283
2290
2176
2456
2348
2249
2313
2343
2270
2263
2332
2315
2248
2300
2219
2380
2246
2295
2153
2190
2330
2263
2319
2250
2090
2256
2218
2157
2188
2336
2295
2315
2277
2332
2340
2289
2343
2242
2229
2261
2206
2225
2258
2359
2205
2194
2252
2222
2176
2221
2025
2243
2241
2303
2360
2139
2290
2103
2115
2044
2264
2181
2255
2126
2279
2259
2276
2327
2238
2293
2204
2283
2256
2372
2301
2332
2332
2327
2358
2247
2247
2250
2330
2228
2354
2150
2231
2149
2266
2210
2157
2177
2228
2274
2178
2188
2387
2060
2274
2110
2267
2182
2286
2203
2183
2273
2315
2365
2189
2052
2328
2206
2213
2257
2248
2293
2265
2211
2279
2180
2245
2263
2294
2232
2253
2171
2158
2292
2334
2221
2226
2170
2201
2152
2315
2269
2355
2321
2331
2319
2318
2287
2398
2306
2189
2200
2316
2347
2285
2212
2326
2209
2221
2232
2298
2307
2352
2358
2302
2105
2298
2332
2212
2136
2221
2198
2307
2324
2101
2315
2173
2248
2122
2327
2308
2163
2205
2235
2252
2316
2271
2232
2279
2166
2311
2300
2323
2216
2215
2237
2231
2194
2238
2328
2302
2160
2231
2168
2307
2122
2298
2208
2284
2145
2307
2052
2419
2194
2288
2252
2112
2070
2371
2204
2104
2140
2322
2262
2350
2356
2163
2225
2171
2297
2192
2265
2228
2261
2300
2148
2295
2262
2197
2232
2259
2316
2162
2293
2366
2224
2285
2231
2239
2083
2231
2275
2171
2293
2173
2298
2266
2248
2257
2200
2218
2228
2296
2262
2270
2292
2204
2288
2308
2190
2281
2187
2158
2129
2234
2242
2182
2239
2278
2283
2195
2244
2302
2224
2170
2206
2142
2226
2182
2310
2323
2166
2134
2341
2256
2290
2337
2175
2195
2312
2264
2177
2419
2302
2244
2246
2118
2229
2156
2168
2128
2247
2260
2260
2342
2277
2089
2343
2188
2365
2132
2235
2293
2260
2297
2213
2234
2191
2223
2243
2391
2300
2240
2204
2197
2235
2190
2245
2313
2273
2216
2137
2329
2318
2304
2298
2261
2139
2338
2268
2134
2264
2223
2262
2199
2288
2038
2219
2148
2199
2119
2142
2276
2294
2246
2314
2187
2250
2297
2318
2159
2213
2238
2201
2204
2281
2363
2197
2292
2177
2196
2200
2247
2145
2278
2228
2231
2223
2226
2262
2338
2111
2207
2245
2223
2238
2224
2237
2393
2208
2122
2214
2285
2275
2331
2177
2155
2348
2267
2211
2315
2339
2311
2250
2203
2111
2354
2106
2389
2255
2153
2312
2302
2279
2136
2357
2176
2287
2225
2245
2191
2384
2233
2215
2212
2175
2381
2300
2236
2264
2236
2286
2206
2079
2246
2169
2309
2180
2171
2201
2210
2128
2346
2350
2263
2351
2293
2408
2241
2435
2342
2140
2289
2269
2213
2210
2194
2363
2167
2269
2325
2291
2279
2159
2216
2282
2284
2130
2240
2342
2243
2155
2130
2275
2172
2309
2149
2141
2198
2150
2284
2285
2337
2301
2307
2275
2251
2297
2274
2248
2238
2365
2350
2316
2309
2321
2162
2284
2265
2293
2185
2238
2290
2272
2326
2176
2406
2263
2313
2208
2297
2323
2072
2240
2344
2230
2310
2242
2334
2207
2362
2300
2125
2139
2459
2256
2181
2309
2227
2348
2319
2185
2363
2298
2309
2270
2282
2150
2142
2292
2059
2275
2281
2359
2191
2246
2202
2238
2255
2284
2280
2115
2200
2211
2313
2148
2142
2217
2244
2277
2247
2238
2301
2210
2273
2197
2307
2212
2272
2229
2212
2293
2051
2232
2225
2247
2291
2284
2234
2064
2272
2201
2301
2264
2300
2260
2331
2283
2295
2290
2273
2276
2243
2307
2290
2226
2249
2249
2240
2232
2165
2276
2228
2211
2342
2266
2266
2156
2362
2236
2188
2256
2029
2121
2341
2358
2164
2280
2357
2242
2208
2281
2132
2091
2298
2354
2169
2301
2278
2338
2345
2308
2199
2264
2254
2166
2215
2290
2077
2210
2308
2288
2265
2235
2235
2249
2293
2190
2156
2183
2272
2216
2235
2153
2196
2314
2233
2308
2347
2269
2233
2209
2213
2202
2048
2246
2254
2265
2409
2290
2010
2359
2127
2167
2250
2220
2159
2315
2136
2187
2092
2293
2331
2299
2295
2201
2327
2346
2204
2273
2221
2277
2270
2183
2252
2216
2209
2296
2247
2182
2335
2309
2242
2238
2276
2294
2315
2252
2249
2241
2147
2268
2255
2265
2287
2232
2297
2278
2236
2278
2100
2166
2199
2256
2245
2267
2243
2256
2273
2290
2272
2280
2267
2250
2165
2238
2356
2365
2303
2294
2372
2208
2168
2230
2194
2185
2351
2249
2212
2132
2250
2217
2253
2215
2221
2331
2250
2162
2155
2258
2310
2331
2309
2140
2346
2136
2304
2265
2392
2350
2259
2333
2245
2291
2225
2073
2330
2334
2328
2302
2317
2260
2271
2282
2201
2279
2351
2252
2247
2222
2280
2254
2169
2252
2217
2295
2257
2306
2257
2282
2146
2263
2194
2280
2246
2355
2270
2284
2149
2260
2242
2236
2233
2082
2229
2180
2282
2068
2239
2094
2174
2177
2104
2230
2245
2271
2215
2311
2286
2295
2364
2179
2391
2320
2299
2286
2273
2204
2380
2161
2209
2150
2148
2257
2303
2362
2193
2205
2276
2146
2321
2316
2268
2226
2216
2174
2376
2218
2066
2300
2258
2320
2217
2267
2130
2245
2212
2221
2377
2236
2314
2271
2314
2151
2384
2205
2237
2170
2334
2183
2250
2216
2134
2210
2264
2193
2204
2213
2190
2231
2320
2242
2321
2187
2205
2217
2279
2146
2332
2239
2278
2228
2258
2290
2243
2234
2316
2287
2296
2250
2212
2259
2160
2162
2097
2216
2265
2242
2324
2050
2306
2243
2307
2244
2243
2224
2253
2305
2320
2139
2294
2154
2212
2245
2269
2240
2282
2221
2304
2232
2284
2199
2179
2413
2283
2143
2402
2150
2264
2253
2394
2200
2283
2257
2278
2281
2147
2217
2208
2279
2187
2220
2200
2335
2265
2324
2340
2274
2279
2139
2448
2282
2272
2176
2381
2142
2138
2293
2390
2389
2287
2294
2160
2181
2337
2145
2223
2230
2233
2174
2320
2323
2319
2206
2308
2297
2158
2329
2275
2237
2184
2188
2295
2197
2170
2195
2195
2325
2244
2240
2244
2312
2300
2074
2333
2335
2240
2326
2163
2229
2253
2248
2237
2121
2298
2231
2358
2310
2315
2162
2328
2301
2284
2259
2311
2202
2270
2258
2162
2244
2145
2238
2235
2245
2168
2257
2201
2223
2169
2198
2227
2198
2302
2275
2290
2372
2312
2284
2309
2254
2107
2328
2203
2175
2304
2259
2191
2174
2157
2241
2318
2251
2322
2206
2293
2284
2310
2171
2277
2139
2105
2232
2168
2193
2424
2177
2370
2283
2215
2235
2231
2252
2300
2153
2355
2272
2150
2223
2288
2227
2285
2236
2305
2255
2190
2239
2322
2304
2254
2350
2284
2195
2208
2244
2278
2272
2390
2096
2232
2233
2349
2297
2354
2106
2240
2263
2235
2239
2227
2329
2249
2247
2291
2248
2227
2333
2235
2186
2219
2349
2390
2218
2291
2385
2290
2199
2180
2398
2367
2239
2204
2212
2164
2356
2175
2150
2193
2335
2261
2284
2192
2225
2331
2203
2260
2307
2340
2398
2222
2355
2256
2184
2261
2234
2164
2361
2324
2257
2172
2263
2329
2218
2207
2266
2332
2289
2289
2268
2254
2255
2258
2293
2250
2195
2370
2217
2364
2199
2171
2276
2190
2300
2315
2270
2303
2287
2201
2219
2314
2376
2216
2241
2300
2179
2232
2298
2370
2128
2264
2223
2178
2238
2267
2252
2213
2207
2190
2361
2286
2271
2256
2273
2158
2369
1993
2146
2241
2342
2090
2257
2238
2194
2299
2250
2274
2239
2281
2255
2178
2217
2233
2197
2263
2321
2279
2146
2299
2172
2173
2208
2253
2325
2267
2208
2268
2234
2230
2164
2235
2324
2351
2213
2174
2172
2296
2352
2222
2332
2333
2233
2087
2227
2273
2286
2281
2135
2111
2282
2176
2377
2161
2102
2283
2292
2181
2197
2219
2277
2345
2307
2301
2243
2334
2325
2340
2244
2377
2297
2308
2277
2258
2092
2238
2171
2275
2188
2212
2251
2406
2272
2299
2252
2269
2248
2104
2122
2320
2274
2290
2259
2206
2288
2292
2230
2221
2203
2300
2243
2237
2125
2190
2242
2194
2206
2316
2271
2304
2182
2151
2356
2222
2336
2185
2239
2270
2145
2243
2375
2333
2193
2199
2189
2257
2242
2241
2210
2322
2186
2245
2142
2313
2198
2257
2217
2248
2294
2210
2211
2203
2130
2330
2225
2227
2272
2313
2333
2183
2175
2284
2271
2149
2177
2293
2315
2342
2258
2231
2346
2304
2291
2260
2238
2342
2290
2112
2081
2227
2209
2295
2280
2049
2299
2252
2170
2216
2164
2319
2288
2182
2255
2214
2195
2244
2190
2100
2237
2206
2253
2127
2322
2291
2252
2217
2264
2325
2214
2199
2153
2189
2244
2110
2238
2331
2312
2325
2348
2201
2145
2219
2079
2225
2146
2325
2207
2233
2252
2287
2250
2149
2220
2285
2344
2288
2204
2375
2323
2361
2185
2195
2233
2255
2392
2292
2347
2276
2178
2428
2328
2346
2360
2384
2292
2252
2319
2215
2318
2228
2211
2172
2215
2261
2236
2309
2341
2188
2456
2206
2237
2267
2191
2201
2192
2391
2372
2270
2225
2239
2167
2211
2307
2164
2219
2111
2395
2314
2074
2210
2227
2119
2265
2308
2220
2364
2130
2273
2086
2240
2200
2288
2332
2164
2057
2107
2191
2175
2326
2289
2191
2412
2223
2292
2318
2267
2262
2318
2243
2117
2295
2401
2265
2242
2255
2351
2259
2257
2307
2324
2308
2227
2373
2284
2145
2283
2140
2235
2270
2154
2275
2351
2225
2099
2125
2213
2176
2213
2237
2349
2226
2290
2335
2191
2198
2234
2258
2073
2275
2186
2244
2385
2378
2299
2178
2194
2196
2394
2331
2171
2201
2346
2268
2402
2282
2215
2253
2305
2146
2224
2225
2342
2175
2291
2205
2278
2153
2212
2263
2289
2168
2328
2244
2271
2252
2273
2366
2386
2330
2280
2246
2250
2133
2275
2223
2215
2158
2292
2185
2277
2341
2145
2318
2237
2203
2264
2291
2305
2353
2320
2308
2305
2235
2192
2364
2149
2284
2375
2254
2193
2217
2307
2272
2237
2256
2258
2295
2235
2274
2309
2229
2238
2110
2234
2254
2309
2254
2269
2255
2315
2126
2245
2336
2141
2234
2314
2196
2223
2257
2223
2230
2168
2201
2318
2200
2278
2277
2244
2308
2155
2237
2139
2282
2166
2149
2154
2157
2252
2299
2306
2197
2266
2267
2182
2281
2203
2237
2172
2305
2374
2150
2262
2214
2180
2289
2266
2264
2334
2219
2236
2282
2303
2302
2382
2249
2323
2231
2246
2188
2156
2201
2264
2237
2281
2190
2301
2377
2257
2324
2387
2181
2232
2226
2170
2321
2346
2337
2182
2250
2215
2257
2202
2248
2212
2367
2128
2335
2265
2139
2313
2346
2219
2273
2265
2210
2308
2204
2177
2140
2116
2307
2364
2219
2299
2306
2314
2271
2271
2148
2343
2314
2254
2271
2192
2448
2297
2232
2310
2268
2354
2388
2293
2219
2204
2246
2273
2174
2158
2304
2121
2283
2189
2167
2204
2349
2325
2181
2297
2312
2353
2225
2263
2251
2220
2287
2076
2268
2266
2265
2347
2338
2352
2098
2231
2294
2127
2109
2266
2321
2256
2273
2347
2285
2323
2228
2222
2186
2292
2232
2191
2293
2277
2334
2363
2148
2235
2248
2163
2224
2265
2319
2179
2291
2178
2255
2286
2181
2295
2314
2209
2199
2346
2453
2108
2381
2243
2286
2270
2109
2225
2233
2282
2145
2285
2204
2304
2245
2189
2306
2322
2205
2211
2302
2155
2195
2375
2232
2188
2392
2335
2075
2305
2076
2316
2189
2289
2257
2296
2139
2265
2329
2175
2183
2244
2176
2255
2304
2216
2139
2260
2251
2402
2187
2267
2221
2348
2213
2294
2163
2310
2258
2248
2193
2341
2272
2267
2286
2228
2165
2397
2147
2215
2306
2315
2309
2248
2265
2281
2227
2223
2253
2356
2037
2248
2221
2169
2229
2268
2205
2209
2364
2166
2282
2292
2137
2314
2321
2257
2292
2250
2275
2249
2274
2178
2129
2250
2291
2285
2331
2210
2152
2374
2216
2353
2435
2290
2450
2243
2187
2178
2389
2216
2208
2147
2227
2254
2191
2212
2294
2238
2192
2233
2392
2168
2214
2291
2196
2241
2228
2320
2357
2283
2257
2313
2219
2286
2267
2094
2339
2227
2277
2121
2416
2291
2393
2186
2207
2338
2280
2247
2386
2276
2313
2182
2167
2297
2264
2310
2303
2237
2172
2272
2162
2339
2150
2257
2283
2379
2263
2235
2122
2046
2285
2306
2126
2250
2299
2203
2272
2239
2437
2315
2255
2287
2340
2236
2286
2132
2273
2221
2375
2219
2274
2332
2273
2179
2278
2251
2234
2269
2224
2279
2260
2246
2200
2151
2353
2406
2225
2331
2154
2177
2330
2333
2204
2365
2317
2192
2214
2231
2200
2298
2282
2242
2225
2270
2250
2217
2337
2419
2249
2303
2215
2199
2332
2332
2413
2176
2263
2341
2100
2145
2121
2145
2316
2238
2365
2282
2180
2260
2273
2270
2171
2327
2261
2277
2213
2098
2307
2266
2303
2256
2282
2099
2237
2332
2188
2233
2243
2353
2192
2232
2268
2224
2113
2226
2201
2194
2192
2297
2308
2217
2314
2243
2247
2274
2244
2311
2295
2169
2230
2133
2224
2219
2341
2233
2290
2281
2271
2331
2300
2265
2158
2255
2212
2335
2167
2231
2131
2320
2197
2214
2287
2315
2229
2187
2290
2327
2148
2243
2263
2108
2339
2310
2273
2278
2189
2220
2268
2263
2155
2324
2300
2369
2192
2154
2163
2315
2269
2237
2322
2152
2325
2334
2143
2205
2220
2226
2374
2173
2202
2266
2165
2217
2332
2349
2259
2225
2167
2138
2171
2254
2199
2121
2228
2298
2181
2124
2281
2266
2091
2127
2198
2266
2175
2346
2354
2290
2229
2340
2249
2236
2311
2209
2070
2220
2260
2300
2086
2214
2275
2299
2249
2226
2326
2282
2181
2309
2331
2218
2251
2314
2207
2181
2259
2211
2222
2281
2177
2303
2180
2300
2202
2242
2332
2171
2216
2397
2189
2253
2301
2220
2253
2321
2194
2250
2228
2376
2278
2310
2260
2206
2288
2363
2295
2349
2278
2276
2231
2197
2331
2264
2112
2140
2151
2296
2083
2335
2287
1971
2368
2334
2191
2091
2254
2361
2306
2300
2214
2151
2264
2305
2244
2306
2128
2309
2241
2238
2430
2324
2250
2188
2099
2298
2211
2216
2125
2339
2400
2301
2212
2137
2241
2083
2248
2265
2172
2278
2321
2306
2371
2350
2278
2250
2434
2258
2230
2237
2198
2254
2320
2292
2110
2220
2091
2164
2241
2198
2188
2275
2288
2246
2244
2190
2172
2328
2165
2232
2156
2311
2353
2137
2175
2300
2193
2223
2333
2397
2150
2286
2342
2189
2217
2308
2293
2290
2347
2407
2339
2296
2338
2326
2450
2285
2238
2435
2099
2262
2258
2314
2144
2283
2201
2301
2282
2238
2280
2193
2264
2226
2159
2292
2379
2277
2275
2280
2184
2237
2188
2183
2203
2129
2388
2106
2343
2258
2247
2308
2292
2287
2283
2344
2147
2132
2337
2273
2188
2064
2355
2317
2191
2091
2258
2147
2218
2094
2167
2221
2309
2299
2339
2327
2176
2355
2295
2222
2338
2216
2235
2331
2336
2268
2266
2252
2132
2163
2217
2160
2275
2184
2195
2344
2305
2129
2250
2314
2320
2209
2249
2329
2271
2196
2123
2283
2356
2252
2205
2234
2222
2149
2242
2207
2249
2228
2231
2150
2329
2269
2229
2216
2311
2228
2382
2337
2372
2210
2193
2256
2108
2169
2246
2085
2237
2394
2274
2390
2226
2253
2263
2254
2170
2108
2166
2048
2189
2197
2145
2272
2243
2307
2315
2244
2387
2211
2259
2192
2267
2191
2278
2151
2237
2186
2254
2489
2313
2192
2245
2212
2108
2309
2315
2185
2307
2291
2223
2383
2231
2324
2284
2168
2184
2263
2213
2161
2208
2316
2382
2237
2182
2247
2285
2301
2089
2257
2046
2296
2305
2335
2237
2137
2269
2319
2255
2259
2225
2298
2333
2206
2224
2244
2144
2227
2337
2327
2152
2279
2288
2272
2189
2278
2302
2334
2483
2327
2236
2187
2407
2280
2319
2321
2284
2243
2156
2412
2353
2351
2250
2258
2158
2181
2260
2294
2245
2206
2213
2276
2121
2376
2287
2282
2339
2276
2366
2422
2256
2325
2251
2225
2264
2315
2194
2257
2310
2293
2274
2237
2167
2246
2225
2276
2310
2281
2172
2260
2246
2283
2192
2163
2256
2300
2241
2203
2347
2255
2149
2431
2213
2262
2184
2296
2367
2366
2149
2271
2291
2225
2203
2271
2228
2087
2351
2335
2206
2291
2315
2248
2305
2262
2234
2224
2361
2309
2290
2283
2291
2184
2271
2258
2192
2132
2210
2265
2319
2314
2175
2175
2307
2191
2426
2228
2224
2400
2260
2268
2185
2268
2207
2310
2257
2308
2298
2245
2100
2442
2366
2373
2204
2231
2342
2172
2271
2320
2280
2334
2202
2258
2242
2259
2206
2282
2289
2374
2174
2324
2242
2100
2341
2348
2322
2272
2260
2331
2202
2290
2208
2213
2121
2182
2228
2311
2274
2382
2260
2263
2046
2260
2280
2172
2199
2164
2311
2259
2345
2181
2179
2203
2118
2247
2242
2077
2174
2183
2276
2327
2277
2386
2191
2281
2339
2240
2284
2323
2192
2136
2210
2168
2275
2206
2273
2265
2347
2219
2214
2195
2450
2227
2195
2267
2253
2199
2325
2334
2252
2265
2342
2238
2269
2218
2430
2305
2156
2141
2199
2283
2276
2201
2248
2086
2298
2335
2192
2237
2207
2248
2320
2248
2298
2321
2281
2327
2164
2413
2257
2227
2216
2272
2241
2283
2256
2215
2371
2248
2296
2355
2202
2401
2279
2179
2187
2338
2237
2159
2197
2142
2353
2201
2338
2177
2240
2334
2162
2231
2092
2202
2150
2241
2265
2240
2292
2249
2314
2350
2168
2105
2256
2172
2338
2362
2214
2290
2277
2164
2210
2167
2228
2184
2229
2244
2282
2262
2176
2261
2215
2283
2217
2282
2053
2281
2209
2141
2311
2360
2390
2230
2293
2210
2274
2340
2263
2283
2306
2300
2195
2277
2176
2243
2132
2057
2212
2213
2383
2198
2261
2301
2123
2212
2201
2207
2276
2266
2312
2143
2210
2271
2270
2175
2355
2306
2202
2305
2221
2258
2211
2325
2290
2240
2349
2230
2199
2246
2309
2239
2156
2189
2261
2301
2206
2318
2167
2374
2272
2295
2182
2107
2189
2240
2237
2206
2250
2222
2342
2246
2295
2351
2163
2379
2228
2290
2363
2236
2398
2141
2294
2181
2146
2327
2334
2095
2336
2214
2282
2075
2259
2287
2155
2252
2150
2412
2392
2155
2213
2277
2152
2352
2201
2237
2084
2289
2232
2363
2255
2160
2324
2248
2189
2302
2199
2406
2416
2220
2270
2253
2208
2330
2273
2241
2309
2092
2348
2181
2177
2288
2356
2204
2398
2251
2286
2298
2115
2105
2291
2307
2279
2256
2394
2352
2164
2253
2199
2326
2125
2166
2274
2195
2203
2237
2344
2296
2284
2223
2274
2302
2265
2185
2336
2215
2270
2243
2260
2223
2225
2191
2259
2250
2309
2295
2232
2319
2225
2119
2286
2212
2189
2374
2230
2191
2316
2301
2180
2366
2138
2205
2171
2276
2302
2335
2345
2299
2351
2291
2117
2239
2246
2294
2222
2166
2227
2298
2169
2369
2194
2200
2244
2256
2284
2137
2396
2239
2202
2210
2175
2212
2274
2239
2104
2249
2200
2257
2253
2186
2208
2210
2276
2333
2211
2119
2346
2279
2078
2247
2184
2210
2184
2175
2226
2204
2237
2203
2305
2298
2244
2201
2214
2243
2231
2053
2337
2302
2168
2259
2308
2325
2288
2373
2216
2257
2414
2285
2195
2280
2258
2336
2296
2203
2252
2308
2330
2241
2274
2229
2344
2194
2249
2226
2182
2255
2178
2248
2283
2258
2335
2363
2059
2245
2194
2231
2247
2267
2294
2122
2283
2300
2246
2150
2216
2237
2329
2262
2253
2287
2195
2240
2227
2435
2255
2078
2220
2279
2291
2081
2296
2207
2221
2190
2279
2243
2295
2173
2423
2279
2203
2245
2309
2302
2355
2173
2265
2327
2178
2238
2385
2358
2212
2283
2137
2282
2265
2161
2231
2260
2280
2221
2191
2254
2104
2366
2170
2259
2150
2128
2110
2195
2269
2181
2193
2166
2226
2363
2213
2136
2288
2302
2344
2209
2254
2209
2308
2204
2294
2394
2177
2287
2230
2151
2179
2204
2226
2254
2287
2340
2257
2221
2390
2292
2161
2281
2165
2303
2285
2195
2352
2349
2238
2180
2263
2276
2359
2240
2304
2270
2301
2239
2203
2262
2418
2256
2177
2217
2363
2286
2305
2275
2080
2245
2274
2241
2329
2149
2131
2295
2193
2248
2268
2261
2225
2344
2233
2433
2213
2318
2286
2316
2251
2223
2268
2190
2089
2242
2291
2205
2208
2415
2253
2182
2248
2252
2223
2235
2279
2231
2301
2266
2243
2274
2185
2230
2328
2180
2251
2126
2218
2274
2288
2189
2208
2285
2170
2276
2299
2307
2231
2166
2230
2174
2188
2191
2201
2254
2297
2118
2205
2153
2337
2305
2191
2245
2233
2347
2231
2299
2096
2369
2258
2158
2239
2282
2362
2197
2287
2196
2278
2308
2243
2196
2357
2108
2178
2211
2313
2257
2158
2338
2372
2249
2257
2129
2338
2221
2289
2364
2153
2343
2221
2172
2209
2362
2201
2169
2172
2277
2319
2171
2118
2337
2305
2308
2271
2303
2320
2251
2159
2303
2190
2227
2250
2356
2186
2279
2247
2207
2201
2312
2243
2269
2301
2171
2236
2297
2322
2216
2203
2303
2255
2299
2316
2222
2266
2255
2250
2134
2329
2301
2254
2168
2234
2277
2208
2218
2278
2194
2182
2302
2213
2408
2206
2306
2174
2256
2028
2323
2184
2279
2215
2156
2357
2364
2198
2149
2273
2207
2171
2278
2245
2273
2325
2158
2183
2443
2301
2270
2299
2230
2176
2330
2291
2263
2296
2187
2064
2278
2324
2276
2284
2198
2334
2186
2246
2179
2297
2327
2180
2287
2184
2171
2345
2263
2275
2310
2377
2242
2122
2174
2240
2148
2273
2167
2193
2241
2194
2342
2307
2331
2240
2287
2164
2298
2232
2254
2095
2323
2288
2216
2304
2203
2356
2302
2255
2182
2188
2304
2289
2200
2414
2239
2222
2121
2260
2198
2441
2280
2305
2127
2146
2213
2261
2336
2242
2316
2131
2298
2351
2382
2283
2296
2273
2146
2230
2264
2219
2283
2164
2200
2250
2290
2225
2241
2226
2238
2320
2152
2194
2161
2246
2065
2249
2162
2247
2217
2184
2277
2182
2464
2295
2307
2300
2115
2161
2224
2254
2179
2248
2164
2266
2283
2228
2205
2256
2162
2191
2329
2300
2254
2155
2173
2333
2226
2364
2246
2236
2136
2289
2259
2223
2111
2219
2252
2165
2261
2303
2229
2251
2228
2384
2250
2367
2205
2142
2237
2358
2246
2296
2302
2204
2181
2228
2269
2177
2186
2237
2129
2279
2296
2313
2211
2217
2203
2222
2160
2289
2223
2253
2462
2232
2251
2229
2287
2314
2143
2194
2274
2200
2210
2199
2276
2274
2206
2256
2230
2209
2269
2197
2143
2065
2359
2332
2310
2224
2273
2159
2322
2204
2318
2250
2071
2126
2207
2109
2087
2241
2211
2267
2252
2162
2164
2158
2259
2387
2352
2269
2341
2315
2207
2108
2339
2280
2461
2130
2257
2212
2264
2226
2341
2413
2202
2255
2230
2225
2159
2241
2273
2307
2286
2200
2283
2199
2263
2319
2243
2177
2257
2290
2265
2251
2270
2195
2124
2283
2219
2380
2164
2243
2237
2281
2310
2309
2349
2225
2207
2221
2357
2248
2193
2295
2302
2314
2362
2277
2291
2140
2378
2235
2252
2266
2297
2301
2176
2401
2247
2333
2309
2149
2332
2156
2147
2317
2317
2214
2205
2247
2210
2269
2264
2223
2331
2204
2267
2228
2174
2264
2325
2206
2253
2267
2248
2252
2189
2263
2180
2196
2251
2346
2326
2381
2270
2289
2191
2255
2331
2229
2201
2327
2397
2124
2328
2137
2280
2134
2132
2331
2312
2181
2080
2146
2221
2367
2252
2321
2223
2285
2190
2252
2136
2311
2240
2317
2323
2258
2376
2254
2109
2176
2217
2251
2247
2185
2240
2158
2241
2352
2272
2211
2233
2420
2236
2308
2162
2303
2177
2095
2216
2217
2255
2428
2299
2236
2151
2147
2346
2341
2195
2278
2271
2180
2210
2231
2285
2275
2278
2261
2222
2290
2322
2196
2254
2162
2206
2242
2268
2345
2291
2263
2275
2300
2247
2170
2206
2268
2272
2114
2342
2209
2222
2145
2167
2403
2182
2212
2245
2268
2133
2382
2126
2386
2199
2278
2292
2321
2154
2297
2303
2218
2298
2302
2171
2281
2252
2308
2250
2072
2068
2262
2316
2229
2279
2264
2233
2490
2290
2176
2283
2280
2089
2258
2375
2335
2272
2270
2276
2160
2289
2262
2222
2163
2225
2177
2306
2206
2098
2395
2193
2205
2192
2231
2303
2241
2266
2152
2334
2269
2289
2252
2211
2216
2318
2171
2112
2214
2184
2345
2203
2295
2250
2224
2206
2241
2291
2136
2267
2196
2233
2296
2253
2169
2319
2359
2333
2375
2231
2212
2308
2243
2206
2272
2214
2371
2398
2282
2317
2237
2279
2335
2321
2285
2379
2298
2276
2186
2188
2352
2247
2149
2257
2198
2281
2230
2234
2226
2337
2340
2332
1980
2263
2285
2259
2159
2196
2140
2262
2236
2393
2288
2229
2272
2325
2198
2276
2292
2271
2380
2354
2188
2244
2225
2215
2207
2330
2197
2230
2219
2229
2093
2277
2328
2211
2370
2167
2371
2189
2212
2430
2177
2329
2148
2304
2109
2342
2272
2159
2345
2311
2340
2253
2274
2237
2308
2225
2304
2257
2227
2206
2300
2363
2309
2159
2287
2200
2266
2175
2374
2211
2140
2334
2267
2371
2222
2184
2345
2214
2244
2202
2313
2203
2370
2286
2299
2239
2261
2350
2364
2192
2320
2319
2316
2144
2341
2138
2208
2188
2226
2371
2360
2275
2262
2399
2118
2328
2188
2169
2361
2214
2272
2280
2145
2412
2225
2363
2304
2373
2197
2303
2102
2307
2088
2325
2226
2249
2155
2216
2241
2151
2405
2289
2234
2307
2268
2222
2237
2353
2276
2397
2257
2320
2171
2192
2215
2231
2333
2202
2277
2303
2309
2366
2261
2173
2259
2088
2223
2159
2259
2278
2324
2300
2313
2117
2226
2299
2352
2299
2144
2199
2335
2084
2220
2287
2190
2097
2261
2227
2151
2264
2260
2206
2360
2236
2383
2347
2277
2192
2211
2325
2178
2189
2271
2219
2235
2114
2172
2323
2317
2283
2282
2204
2305
2252
2389
2260
2125
2198
2242
2231
2238
2300
2090
2136
2248
2102
2226
2209
2278
2244
2327
2174
2215
2271
2183
2347
2277
2157
2251
2322
2223
2171
2289
2273
2299
2299
2125
2246
2272
2264
2290
2292
2337
2244
2190
2142
2255
2274
2215
2392
2335
2161
2182
2203
2143
2180
2193
2243
2375
2354
2287
2179
2264
2225
2236
2356
2307
2175
2293
2168
2163
2188
2339
2245
2178
2264
2213
2294
2205
2228
2323
2225
2240
2170
2179
2308
2320
2325
2347
2224
2228
2138
2314
2243
2232
2295
2292
2231
2168
2201
2306
2251
2134
2130
2259
2272
2199
2309
2332
2260
2158
2185
2260
2291
2162
2387
2230
2293
2197
2300
2350
2330
2261
2253
2257
2230
2248
2144
2087
2302
2263
2399
2267
2220
2354
2278
2213
2282
2224
2259
2343
2286
2168
2233
2185
2327
2237
2245
2355
2156
2299
2200
2206
2263
2275
2239
2218
2186
2111
2413
2227
2323
2268
2194
2283
2210
2228
2218
2222
2245
2254
2154
2182
2231
2195
2203
2241
2400
2467
2379
2279
2160
2213
2277
2270
2221
2172
2170
2210
2356
2293
2200
2310
2273
2351
2219
2226
2307
2131
2265
2279
2236
2283
2273
2311
2219
2373
2298
2253
2207
2244
2298
2295
2238
2224
2236
2278
2274
2420
2169
2318
2156
2186
2228
2295
2255
2369
2136
2189
2360
2259
2261
2328
2341
2261
2247
2421
2185
2180
2336
2244
2202
2173
2321
2159
2182
2436
2271
2266
2375
2241
2272
2171
2162
2169
2192
2133
2239
2379
2249
2412
2182
2225
2117
2194
2250
2307
2172
2236
2249
2196
2276
2335
2253
2223
2160
2236
2271
2248
2196
2118
2195
2299
2353
2318
2119
2187
2272
2294
2163
2174
2338
2120
2153
2312
2294
2258
2201
2368
2307
2104
2193
2326
2338
2171
2240
2311
2230
2204
2098
2285
2213
2266
2252
2220
2067
2229
2455
2219
2295
2358
2267
2322
2109
2167
2289
2157
2313
2229
2279
2337
2327
2331
2122
2086
2197
2290
2273
2309
2278
2228
2232
2122
2180
2089
2302
2220
2256
2277
2176
2357
2300
2250
2306
2215
2280
2185
2247
2250
2289
2350
2224
2197
2263
2223
2266
2348
2432
2177
2355
2088
2275
2228
2333
2171
2220
2173
2239
2266
2254
2127
2151
2267
2376
2201
2303
2233
2286
2368
2190
2224
2226
2239
2233
2235
2120
2274
2342
2208
2380
2351
2177
2220
2131
2233
2234
2259
2301
2229
2395
2339
2149
2411
2200
2267
2244
2338
2338
2253
2338
2196
2146
2263
2258
2283
2168
2357
2267
2243
2226
2343
2154
2249
2323
2265
2341
2181
2239
2300
2145
2276
2222
2249
2327
2231
2308
2308
2312
2184
2414
2247
2151
2270
2241
2306
2358
2377
2265
2244
2239
2243
2119
2319
2251
2174
2256
2243
2445
2244
2276
2218
2330
2173
2218
2239
2313
2243
2331
2194
2270
2279
2252
2178
2223
2133
2313
2273
2273
2162
2300
2193
2246
2261
2237
2209
2225
2309
2351
2291
2296
2222
2349
2304
2346
2254
2274
2359
2135
2159
2351
2222
2095
2201
2151
2251
2127
2188
2160
2305
2257
2103
2237
2309
2198
2209
2245
2224
2259
2323
2325
2305
2263
2294
2195
2298
2250
2277
2220
2210
2259
2295
2255
2363
2260
2166
2238
2354
2317
2274
2193
2273
2326
2359
2195
2261
2184
2263
2277
2270
2216
2299
2217
2243
2300
2108
2181
2141
2289
2267
2186
2298
2183
2175
2135
2084
2198
2306
2277
2369
2270
2256
2279
2115
2316
2233
2331
2233
2220
2292
2194
2122
2286
2220
2316
2354
2360
2255
2167
2200
2097
2226
2149
2454
2294
2234
2313
2208
2287
2282
2302
2294
2236
2308
2184
2233
2197
2113
2216
2313
2179
2294
2256
2321
2313
2183
2261
2197
2330
2183
2170
2186
2365
2293
2221
2369
2217
2270
2245
2191
2293
2135
2227
2340
2295
2333
2344
2182
2210
2166
2352
2132
2220
2267
2306
2235
2262
2360
2293
2191
2229
2253
2291
2354
2146
2167
2377
2310
2200
2162
2241
2120
2098
2367
2290
2219
2305
2258
2248
2237
2136
2300
2224
2241
2259
2195
2214
2306
2157
2149
2262
2231
2266
2275
2158
2239
2242
2287
2323
2214
2225
2286
2292
2311
2334
2229
2360
2193
2274
2291
2301
2268
2175
2306
2156
2193
2138
2215
2288
2159
2227
2228
2213
2157
2356
2291
2352
2400
2301
2276
2253
2218
2209
2258
2292
2318
2214
2222
2272
2282
2145
2286
2208
2110
2257
2380
1984
2242
2259
2358
2201
2227
2361
2320
2194
2163
2242
2332
2230
2254
2138
2248
2206
2185
2079
2291
2300
2286
2326
2183
2185
2355
2204
2318
2255
2193
2203
2217
2313
2158
2277
2315
2098
2316
2209
2271
2233
2217
2313
2157
2279
2069
2245
2391
2231
2199
2288
2332
2303
2093
2242
2371
2123
2185
2161
2347
2206
2287
2225
2262
2251
2313
2298
2237
2284
2266
2238
2162
2156
2287
2264
2365
2219
2218
2259
2264
2214
2233
2270
2323
2281
2306
2332
2325
2237
2304
2182
2302
2215
2203
2438
2330
2284
2132
2326
2252
2310
2334
2191
2116
2218
2394
2175
2349
2220
2340
2261
2135
2365
2273
2234
2243
2319
2140
2262
2265
2136
2223
2201
2180
2267
2163
2156
2197
2245
2151
2264
2235
2244
2369
2364
2197
2219
2336
2086
2258
2249
2358
2244
2146
2374
2166
2342
2262
2291
2098
2232
2252
2187
2313
2307
2313
2257
2328
2272
2194
2257
2212
2286
2250
2380
2322
2240
2181
2173
2210
2308
2234
2211
2270
2347
2131
2226
2287
2286
2341
2274
2222
2182
2195
2295
2222
2226
2316
2184
2091
2367
2088
2352
2129
2117
2275
2352
2230
2251
2148
2197
2315
2109
2360
2203
2116
2237
2261
2206
2267
2280
2434
2296
2365
2268
2378
2248
2193
2356
2190
2165
2047
2240
2192
2236
2252
2240
2321
2283
2235
2106
2342
2199
2268
2148
2161
2176
2255
2212
2313
2342
2124
2132
2361
2242
2277
2149
2207
2483
2217
2118
2341
2234
2273
2274
2229
2306
2251
2123
2294
2216
2331
2259
2387
2255
2294
2361
2302
2278
2459
2337
2259
2228
2332
2269
2234
2247
2348
2274
2225
2187
2199
2212
2229
2205
2288
2356
2259
2204
2289
2222
2263
2236
2248
2267
2273
2328
2361
2214
2254
2189
2141
2086
2327
2211
2234
2226
2355
2204
2327
2292
2255
2368
2276
2294
2345
2280
2252
2232
2250
2254
2315
2184
2284
2140
2285
2264
2137
2186
2238
2215
2187
2315
2120
2246
2369
2324
2265
2277
2170
2346
2185
2327
2218
2199
2156
2128
2151
2254
2211
2170
2191
2164
2406
2314
2273
2319
2234
2286
2294
2356
2138
2200
2183
2229
2128
2231
2346
2274
2221
2353
2298
2187
2315
2176
2297
2354
2283
2213
2480
2255
2358
2325
2251
2222
2243
2200
2428
2337
2321
2315
2258
2274
2241
2304
2285
2263
2156
2246
2177
2264
2284
2234
2172
2188
2233
2158
2349
2289
2289
2262
2271
2204
2259
2322
2225
2373
2261
2434
2254
2314
2305
2344
2245
2226
2187
2193
2208
2188
2283
2325
2296
2332
2308
2275
2379
2246
2330
2230
2273
2204
2299
2258
2242
2298
2258
2235
2358
2300
2223
2263
2109
2258
2149
2182
2293
2328
2163
2234
2291
2294
2358
2263
2304
2240
2202
2215
2119
2126
2352
2274
2257
2109
2277
2238
2227
2166
2272
2218
2111
2192
2192
2250
2354
2249
2278
2172
2112
2294
2209
2206
2207
2296
2310
2364
2137
2281
2280
2319
2220
2134
2217
2417
2192
2192
2336
2325
2174
2279
2297
2339
2156
2427
2275
2317
2186
2277
2330
2215
2362
2287
2331
2251
2209
2238
2139
2220
2316
2336
2102
2165
2375
2220
2192
2381
2239
2282
2297
2275
2183
2214
2315
2161
2231
2293
2349
2394
2277
2269
2293
2311
2168
2266
2369
2272
2187
2237
2204
2287
2230
2442
2293
2253
2332
2247
2201
2330
2267
2349
2238
2358
2208
2302
2261
2324
2297
2253
2235
2161
2240
2138
2182
2362
2221
2252
2288
2196
2266
2313
2324
2193
2276
2292
2248
2279
2226
2233
2207
2354
2200
2103
2234
2267
2367
2303
2218
2249
2178
2311
2336
2319
2286
2279
2155
2214
2297
2251
2154
2283
2295
2109
2171
2253
2176
2165
2432
2205
2270
2114
2251
2279
2372
2324
2267
2350
2241
2145
2183
2269
2287
2125
2290
2216
2273
2310
2299
2306
2327
2260
2224
2243
2348
2208
2151
2250
2283
2352
2206
2212
2120
2236
2287
2342
2247
2053
2212
2203
2302
2262
2288
2328
2278
2196
2188
2319
2321
2334
2383
2214
2260
2240
2176
2216
2315
2394
2297
2254
2311
2161
2188
2452
2412
2341
2392
2162
2366
2364
2159
2233
2222
2227
2167
2303
2282
2164
2368
2307
2236
2307
2208
2208
2189
2182
2241
2412
2327
2283
2254
2243
2191
2223
2165
2337
2147
2352
2167
2294
2129
2292
2234
2204
2210
2307
2298
2130
2330
2185
2302
2249
2168
2201
2173
2237
2269
2177
2338
2128
2220
2278
2240
2239
2214
2381
2234
2322
2304
2213
2284
2301
2265
2331
2295
2244
2342
2261
2211
2253
2326
2361
2330
2126
2341
2389
2178
2290
2180
2244
2230
2239
2236
2391
2063
2288
2292
2341
2290
2287
2144
2155
2219
2208
2213
2344
2184
2160
2318
2448
2359
2287
2289
2325
2210
2191
2256
2287
2227
2233
2228
2243
2343
2321
2360
2175
2253
2224
2292
2263
2285
2248
2318
2288
2328
2257
2333
2294
2332
2248
2154
2156
2160
2183
2283
2242
2257
2152
2279
2241
2422
2230
2315
2360
2270
2287
2251
2246
2207
2040
2197
2201
2191
2257
2252
2264
2263
2375
2234
2187
2097
2149
2254
2192
2222
2208
2167
2162
2248
2219
2200
2167
2162
2134
2290
2273
2310
2212
2197
2303
2247
2156
2259
2172
2248
2293
2198
2218
2230
2247
2148
2285
2230
2162
2322
2205
2275
2228
2216
2277
2261
2449
2195
2218
2276
2199
2289
2403
2269
2186
2228
2160
2242
2343
2304
2368
2306
2315
2290
2272
2081
2302
2205
2269
2194
2245
2217
2289
2187
2201
2230
2379
2277
2225
2267
2282
2237
2304
2239
2273
2226
2286
2263
2291
2303
2032
2367
2284
2152
2243
2233
2308
2278
2217
2267
2249
2363
2231
2290
2348
2243
2176
2248
2321
2149
2250
2276
2180
2185
2336
2194
2308
2290
2155
2339
2258
2153
2331
2199
2176
2300
2143
2241
2313
2001
2345
2387
2044
2230
2324
2222
2216
2323
2313
2383
2189
2296
2334
2087
2307
2240
2311
2268
2249
2164
2295
2283
2079
2110
2357
2253
2182
2300
2252
2306
2389
2228
2274
2165
2145
2242
2227
2209
2140
2384
2370
2333
2123
2331
2153
2299
2159
2142
2355
2321
2316
2461
2287
2070
2339
2187
2184
2206
2366
2269
2281
2278
2242
2264
2389
2287
2242
2219
2225
2186
2253
2234
2215
2134
2128
2244
2217
2218
2300
2157
2266
2167
2134
2292
2298
2226
2303
2262
2251
2254
2285
2231
2292
2333
2172
2198
2262
2268
2299
2260
2147
2296
2343
2263
2215
2274
2134
2336
2266
2269
2436
2259
2209
2268
2323
2154
2242
2235
2245
2205
2294
2212
2232
2413
2344
2239
2258
2263
2159
2220
2263
2197
2172
2236
2252
2354
2160
2269
2294
2285
2371
2262
2391
2191
2269
2355
2187
2175
2340
2135
2278
2268
2230
2272
2234
2184
2294
2195
2159
2367
2208
2114
2271
2172
2221
2176
2126
2195
2224
2142
2157
2280
2373
2119
2223
2336
2277
2389
2232
2243
2274
2441
2333
2268
2350
2214
2241
2255
2286
2338
2322
2150
2217
2030
2230
2175
2229
2183
2039
2190
2275
2291
2385
2302
2327
2329
2397
2244
2160
2185
2274
2081
2254
2272
2142
2169
2198
2219
2288
2232
2398
2182
2341
2326
2277
2231
2213
2200
2290
2337
2267
2214
2368
2235
2272
2125
2201
2287
2208
2180
2155
2339
2218
2243
2205
2230
2283
2308
2166
2285
2201
2231
2174
2363
2323
2244
2122
2431
2157
2214
2320
2243
2247
2329
2294
2224
2347
2209
2262
2189
2136
2344
2203
2355
2273
2323
2237
2264
2302
2237
2254
2225
2257
2156
2354
2256
2187
2391
2270
2271
2379
2219
2244
2322
2298
2290
2426
2241
2287
2150
2187
2405
2231
2257
2230
2314
2260
2116
2209
2171
2299
2286
2138
2223
2154
2260
2203
2168
2279
2320
2224
2205
2303
2203
2253
2228
2241
2265
2088
2280
2434
2353
2304
2294
2215
2203
2311
2151
2210
2293
2281
2123
2181
2288
2261
2321
2364
2177
2190
2337
2216
2209
2118
2345
2286
2345
2056
2225
2446
2230
2288
2269
2255
2256
2217
2432
2148
2162
2287
2262
2217
2105
2299
2274
2301
2319
2183
2198
2250
2314
2274
2248
2320
2299
2160
2216
2348
2438
2308
2289
2280
2354
2311
2355
2396
2226
2220
2219
2259
2255
2332
2122
2215
2279
2288
2243
2296
2265
2307
2298
2269
2328
2256
2265
2221
2294
2302
2182
2244
2328
2416
2359
2189
2335
2158
2318
2192
2117
2229
2143
2241
2288
2200
2157
2325
2123
2311
2178
2214
2291
2223
2339
2219
2328
2327
2184
2160
2096
2133
2268
2177
2354
2318
2349
2137
2200
2232
2276
2266
2262
2154
2223
2332
2363
2292
2290
2222
2222
2287
2317
2210
2234
2283
2257
2273
2188
2200
2279
2276
2284
2154
2300
2236
2223
2134
2279
2339
2297
2173
2139
2166
2346
2423
2355
2236
2261
2314
2134
2324
2193
2209
2153
2189
2307
2366
2132
2179
2372
2311
2294
2318
2215
2306
2161
2194
2193
2286
2215
2178
2281
2182
2161
2297
2191
2208
2250
2367
2314
2249
2215
2316
2226
2186
2319
2262
2189
2332
2356
2320
2401
2258
2180
2344
2224
2242
2305
2157
2241
2289
2273
2187
2123
2271
2206
2279
2179
2129
2259
2367
2324
2167
2290
2220
2077
2313
2115
2250
2219
2332
2214
2253
2275
2170
2345
2272
2276
2187
2405
2254
2142
2292
2265
2215
2300
2297
2271
2179
2263
2172
2055
2232
2282
2273
2278
2349
2246
2116
2267
2162
2289
2128
2362
2274
2185
2286
2367
2309
2090
2173
2241
2269
2364
2246
2270
2304
2306
2206
2317
2246
2194
2109
2284
2177
2254
2342
2238
2277
2187
2196
2165
2305
2403
2341
2327
2207
2260
2218
2234
2182
2193
2292
2377
2269
2158
2345
2162
2253
2338
2393
2195
2220
2257
2447
2116
2412
2402
2276
2308
2215
2323
2222
2180
2232
2169
2302
2193
2179
2312
2304
2231
2244
2368
2212
2200
2208
2136
2269
2153
2249
2167
2234
2171
2168
2279
2235
2369
2263
2287
2238
2269
2310
2271
2077
2273
2236
2366
2178
2167
2238
2206
2205
2285
2303
2272
2212
2292
2227
2130
2420
2364
2318
2218
2196
2254
2130
2324
2197
2161
2319
2214
2224
2191
2249
2249
2250
2222
2059
2325
2216
2340
2317
2264
2109
2305
2246
2199
2346
2274
2231
2216
2398
2257
2187
2367
2258
2216
2375
2222
2209
2452
2286
2295
2148
2274
2134
2304
2197
2284
2277
2207
2117
2293
2246
2310
2401
2422
2180
2295
2292
2270
2357
2154
2317
2395
2246
2282
2321
2301
2118
2329
2201
2281
2226
2408
2267
2149
2265
2274
2182
2296
2115
2154
2306
2370
2284
2185
2193
2336
2263
2324
2230
2307
2375
2205
2324
2254
2167
2260
2089
2184
2245
2216
2242
2214
2259
2307
2465
2242
2207
2256
2241
2262
2364
2269
2229
2339
2280
2338
2175
2339
2280
2242
2332
2390
2153
2236
2231
2209
2297
2379
2345
2270
2263
2090
2297
2218
2377
2194
2127
2233
2347
2230
2305
2348
2298
2165
2194
2340
2257
2165
2277
2199
2354
2082
2158
2170
2157
2262
2220
2157
2203
2238
2214
2253
2235
2231
2248
2110
2329
2164
2300
2243
2211
2157
2324
2135
2360
2213
2285
2362
2264
2309
2064
2313
2203
2123
2189
2255
2163
2332
2328
2270
2185
2307
2118
2200
2274
2242
2290
2251
2257
2151
2253
2244
2284
2088
2229
2222
2202
2226
2299
2141
2332
2194
2221
2213
2196
2301
2269
2260
2269
2150
2245
2307
2249
2266
2173
2254
2208
2386
2085
2308
2203
2237
2272
2188
2314
2284
2154
2187
2334
2305
2327
2232
2190
2186
2266
2313
2161
2262
2302
2267
2240
2315
2158
2315
2229
2282
2340
2317
2239
2245
2337
2259
2304
2331
2252
2118
2208
2334
2298
2211
2217
2252
2216
2182
2319
2229
2326
2222
2218
2318
2068
2322
2313
2158
2274
2185
2183
2215
2190
2214
2242
2159
2193
2263
2281
2113
2146
2310
2354
2267
2320
2308
2143
2350
2310
2302
2270
2170
2323
2318
2346
2305
2296
2251
2288
2339
2187
2350
2302
2182
2208
2350
2247
2268
2299
2283
2339
2132
2284
2296
2212
2168
2214
2186
2345
2218
2227
2273
2274
2296
2181
2178
2340
2280
2104
2204
2247
2331
2180
2325
2251
2255
2244
2185
2266
2296
2181
2345
2200
2095
2338
2367
2228
2289
2209
2183
2214
2222
2261
2238
2252
2276
2113
2222
2234
2196
2298
2181
2303
2273
2188
2287
2266
2221
2200
2227
2241
2263
2185
2244
2242
2253
2355
2198
2183
2232
2186
2330
2266
2155
2348
2320
2140
2225
2175
2184
2307
2169
2293
2316
2402
2206
2229
2291
2268
2251
2280
2346
2288
2288
2230
2239
2262
2197
2290
2255
2199
2169
2248
2245
2321
2120
2207
2310
2151
2332
2243
2286
2295
2198
2176
2299
2207
2295
2209
2190
2377
2482
2285
2250
2289
2420
2438
2347
2144
2246
2258
2275
2255
2166
2139
2293
2274
2184
2353
2392
2257
2140
2185
2312
2147
2206
2354
2237
2156
2227
2210
2352
2334
2225
2224
2159
2262
2154
2245
2159
2391
2242
2237
2275
2312
2261
2083
2206
2249
2251
2310
2172
2306
2222
2240
2124
2171
2243
2251
2214
2274
2326
2375
2190
2182
2282
2300
2303
2320
2256
2304
2304
2368
2340
2341
2318
2326
2339
2254
2253
2235
2323
2255
2319
2455
2274
2188
2348
2146
2233
2192
2281
2090
2240
2304
2235
2332
2277
2354
2248
2246
2247
2302
2098
2215
2201
2264
2306
2231
2153
2157
2191
2358
2244
2249
2189
2077
2281
2186
2197
2255
2331
2057
2379
2266
2196
2337
2316
2215
2166
2193
2281
2328
2306
2242
2200
2278
2324
2278
2302
2243
2200
2316
2316
2376
2323
2303
2115
2259
2355
2287
2267
2269
2066
2279
2249
2296
2276
2246
2295
2312
2359
2220
2307
2057
2314
2167
2248
2295
2275
2233
2230
2240
2305
2273
2206
2271
2275
2190
2286
2266
2257
2194
2298
2216
2216
2234
2235
2248
2317
2196
2179
2182
2197
2229
2228
2087
2212
2223
2213
2307
2317
2167
2152
2433
2242
2320
2226
2296
2245
2220
2321
2194
2253
2282
2271
2251
2221
2206
2249
2136
2319
2298
2374
2266
2283
2369
2161
2301
2208
2374
2347
2293
2155
2168
2205
2239
2295
2274
2308
2124
2250
2324
2377
2247
2418
2212
2219
2213
2318
2182
2132
2295
2213
2256
2231
2308
2274
2202
2208
2359
2276
2087
2303
2220
2234
2355
2173
2221
2169
2269
2163
2253
2177
2227
2263
2363
2132
2394
2274
2224
2336
2151
2287
2236
2337
2411
2265
2252
2293
2128
2343
2253
2126
2320
2248
2322
2212
2252
2263
2202
2315
2327
2207
2256
2426
2328
2272
2276
2217
2193
2145
2255
2177
2217
2208
2296
2201
2260
2256
2313
2313
2370
2181
2154
2310
2177
2298
2170
2258
2242
2265
2330
2220
2299
2301
2177
2228
2120
2273
2131
2282
2311
2313
2390
2208
2333
2263
2227
2216
2317
2259
2294
2203
2407
2247
2254
2280
2264
2287
2261
2280
2335
2281
2203
2273
2334
2143
2358
2260
2231
2045
2150
2320
2278
2306
2245
2301
2312
2382
2282
2275
2301
2186
2142
2231
2249
2102
2264
2310
2225
2332
2220
2331
2287
2167
2268
2346
2271
2287
2195
2223
2249
2093
2247
2166
2267
2353
2313
2124
2312
2170
2339
2181
2228
2293
2369
2248
2325
2357
2274
2142
2323
2178
2270
2236
2182
2148
2181
2336
2150
2396
2210
2048
2191
2306
2240
2324
2181
2149
2248
2103
2139
2266
2174
2213
2174
2254
2122
2126
2251
2168
2197
2299
2186
2350
2164
2202
2186
2300
2189
2130
2223
2180
2240
2324
2164
2293
2158
2227
2284
2281
2219
2161
2289
2298
2032
2272
2180
2296
2315
2247
2209
2176
2114
2130
2354
2168
2188
2238
2308
2271
2158
2152
2282
2226
2060
2197
2315
2258
2203
2251
2224
2369
2160
2202
2230
2278
2208
2225
2258
2242
2183
2282
2290
2306
2297
2290
2152
2221
2228
2315
2134
2206
2310
2251
2208
2303
2244
2234
2305
2235
2208
2170
2335
2188
2286
2373
2228
2325
2342
2334
2365
2096
2402
2262
2118
2239
2319
2268
2174
2299
2344
2319
2168
2342
2219
2355
2325
2214
2402
2205
2370
2267
2171
2235
2249
2184
2249
2264
2257
2309
2212
2237
2105
