4184
4357
4264
4173
4318
4265
4318
4491
4272
4156
4237
4225
4329
4219
4027
4238
4054
4279
4310
4205
4194
4407
4099
4037
4084
4389
4407
4101
4243
4288
4314
4352
4360
4056
4198
4388
4440
4302
4282
4328
4386
4176
4363
4237
4355
4330
4220
4047
4252
4234
4333
4230
4266
4269
4411
4220
4228
4220
4305
4286
4270
4033
4422
4302
4216
4356
4278
4275
4475
4402
4300
4184
4246
4117
4379
4269
4254
4106
4237
4325
4187
4375
4332
4138
4135
4191
4342
4195
4308
4292
4230
4295
4216
4322
4518
4221
4393
4272
4312
4128
4372
4266
4224
4344
4411
4144
4399
4466
4072
4320
4536
4309
4216
4181
4446
4284
4306
4345
4414
4340
4473
4107
4164
4249
4308
4272
4196
4391
4314
4206
4069
4228
4327
4240
4382
4429
4287
4288
4137
4409
4381
4470
4091
4357
4291
4272
4380
4370
4452
4265
4400
4230
4327
4235
4359
4368
4378
4290
4498
4250
4448
4407
4179
4422
4413
4253
4458
4262
4161
4268
4248
4278
4144
4291
4273
4264
4229
4303
4551
4410
4158
4189
4464
4255
4367
4349
4220
4331
4189
4273
4256
4473
4350
4243
4300
4447
4294
4296
4252
4220
4307
4323
4429
4128
4339
4358
4235
4347
4382
4482
4255
4473
4217
4251
4211
4225
4131
4170
4260
3950
4252
4398
3891
4400
4086
4364
4216
4326
4298
4305
4467
4325
4267
4337
4186
4402
4295
4202
4487
4246
4409
4148
4428
4129
4462
4206
4107
4242
4347
4470
4156
4105
4441
4431
4282
4257
4448
4206
4142
4475
4297
4446
4365
4196
4196
4287
4248
4333
4155
4278
4235
4108
4391
4314
4159
4410
4450
4036
4425
4163
4278
4001
4113
4319
4141
4241
4255
4260
4270
4221
4235
4380
4156
4265
4343
4296
4287
4382
4275
4367
4379
4142
4269
4344
4155
4245
4338
4439
4301
4265
4236
4143
4169
4527
4195
4261
4431
4193
4384
4499
4274
4202
4006
4426
4328
4076
4135
4317
4341
4433
4283
4396
4252
4385
4118
4294
4430
4386
4353
4285
4332
4390
4363
4512
4425
4109
4330
4365
4273
4363
4353
4356
4084
4493
4108
4361
4360
4257
4224
4546
4355
4270
4294
4450
4424
4175
4092
4380
4142
4368
4319
4294
4391
4399
4316
4287
4223
4227
4441
4271
4156
4212
4259
4329
4109
4226
4175
4188
4245
4429
4420
4114
4228
4264
4239
4301
4149
4161
4161
4034
4290
4302
4346
4175
4176
4398
4380
4144
4554
4465
4418
4155
4168
4188
4574
4503
4267
4283
4359
4422
4394
4097
4238
4402
4236
4271
4278
4344
4391
4387
4002
4142
4160
4359
4285
4447
4457
4356
4288
4344
4418
4477
4212
4202
4400
4306
4311
4214
4340
4320
4252
4258
4162
4454
4375
4239
4463
4341
4091
4289
4273
4399
4194
4271
4204
4364
4413
4251
4145
4421
4171
4394
4122
4131
4312
4255
4469
4114
4209
4431
4435
4134
4254
4433
4248
4422
4265
4316
4145
4242
4195
4076
4130
4245
4297
4417
4235
4247
4565
4268
4319
4140
4354
4417
4350
4389
4296
4418
4336
4437
4201
4414
4391
4212
4420
4116
4320
4368
4290
4378
4185
4237
4352
4170
3993
4117
4267
4230
4348
4291
4112
4275
4116
4378
4337
4461
4111
4313
4350
4237
4325
4322
4410
4078
4145
4228
4278
4446
4308
4520
4291
4332
4409
4255
4386
4368
4208
4399
4297
4277
4221
4308
4456
4278
4330
4293
4429
4170
4542
4057
4423
4346
4512
4283
4358
4182
4185
4248
4469
4195
4185
4404
4406
4185
4202
4313
4193
4369
4414
4528
4242
4435
4294
4094
4139
4259
4242
4364
4318
4279
4381
4226
4333
4395
4287
4112
4405
4348
4197
4298
4318
4280
4385
4226
4353
4338
4284
4221
4307
4258
4281
4358
4304
4305
4638
4360
4397
4105
4464
4358
4150
4260
4218
4495
4376
4253
4455
4260
4266
4313
4258
4411
4171
4336
4505
4219
4516
4153
4295
4435
4511
4410
4266
4360
4241
4340
4277
4059
4149
4378
4139
4355
4276
4233
4286
4215
4433
4405
4164
4337
4352
4297
4475
4326
4288
4320
4394
4144
4294
4400
4457
4369
4182
4127
4435
4165
4244
4184
4350
4293
4187
4444
4291
4329
4185
4029
4211
4263
4275
4303
4237
4372
4336
4320
4301
4260
4311
4311
4071
4289
4353
4165
4245
4054
4300
4293
4240
4205
4130
4307
4200
4202
4277
4238
4206
4140
4502
4425
4135
4298
4400
4411
4284
4266
4094
4139
4107
4140
4134
4337
4288
4282
4225
4367
4184
4438
4259
4277
4364
4351
4403
4250
4275
4280
4328
4555
4271
4430
4183
4123
4134
4140
4442
4443
4258
4301
4246
4261
4350
4275
4265
4322
4394
4176
4464
4185
4409
4206
4261
4348
4307
4308
4294
4326
4178
4114
4307
3971
4289
4303
4388
4348
4244
4279
4351
4301
4136
4161
4415
4293
4310
4265
4309
4154
4267
4412
4141
4219
4145
4340
4173
4283
4285
4341
4307
4313
4413
4160
4405
4239
4141
4305
4405
4329
4210
4134
4144
4206
4088
4341
4318
4307
4340
4281
4441
4391
4365
4173
4285
4433
3965
4336
4365
4376
4294
4345
4265
4342
4271
4259
4226
4467
4288
4401
4342
4277
4176
4237
4097
4064
4276
4175
4284
4357
4275
4221
4319
4239
4321
4381
4557
4374
4404
4130
4401
4280
4338
4326
4465
4237
4126
4272
4280
4121
4239
4374
4271
4256
4288
4225
4311
4274
4307
4445
4408
4175
4247
4366
4248
4420
4362
4381
4374
4312
4260
4188
4476
4326
4143
4210
4174
4278
4210
4226
4400
4200
4259
4193
4178
4265
4240
4226
4545
4251
4210
4340
4312
4444
4149
4299
4388
4440
4404
4420
4308
4098
4234
4110
4184
4265
4360
4402
4383
4452
4285
4255
4339
4256
4217
4404
4141
4289
4345
4193
4201
4116
4182
4190
4479
4270
4151
4319
4284
4355
4345
4047
4244
4281
4365
4339
4489
4238
4409
4379
4380
4267
4462
4179
4474
4373
4239
4334
4300
4144
4381
4310
4220
4334
4170
4166
4213
4513
4243
4153
4430
4379
4224
4284
4189
4324
