243
299
180
156
141
133
308
245
453
227
299
331
457
271
243
92
475
143
471
326
255
285
286
163
372
378
297
182
307
132
216
341
201
230
253
347
212
301
211
153
125
37
341
230
148
462
332
549
338
366
373
178
320
99
205
482
330
268
415
222
237
358
114
74
254
170
349
403
429
115
284
123
140
163
219
483
252
223
218
184
205
333
250
228
293
549
204
198
210
270
299
379
341
328
127
114
152
242
115
462
117
61
219
243
369
313
160
138
307
297
274
455
80
81
109
58
346
210
84
500
385
205
265
580
241
184
245
149
208
526
60
282
110
402
204
214
244
400
61
427
295
216
167
60
302
112
300
300
170
368
175
195
214
335
386
345
290
100
204
431
89
172
75
196
419
264
285
308
159
237
342
145
201
99
196
143
132
140
85
296
362
299
81
385
219
133
314
284
163
151
539
207
74
390
207
219
176
564
342
510
375
377
254
295
195
212
472
240
284
274
337
336
328
486
254
362
303
214
210
302
257
234
287
414
271
310
425
183
175
283
180
195
57
259
244
361
180
543
175
197
139
180
141
317
124
405
98
187
251
131
149
183
454
276
178
211
221
138
63
405
482
410
174
350
195
319
336
162
172
355
165
358
301
179
345
139
244
225
156
272
216
383
334
288
70
280
417
213
149
179
248
201
334
204
151
191
176
172
196
334
238
407
274
171
262
379
271
248
255
81
253
211
249
339
407
129
245
133
287
234
216
236
275
193
169
496
192
492
461
70
270
310
232
274
406
186
290
203
295
168
292
406
335
195
269
174
41
240
357
213
393
271
190
159
144
480
325
242
242
405
301
224
119
62
201
83
60
368
351
237
73
325
183
284
318
219
281
171
370
313
294
199
187
367
267
463
226
187
135
189
324
183
157
255
251
167
340
271
118
237
150
355
330
199
336
133
220
255
171
493
186
34
104
372
489
49
443
487
155
158
269
69
175
257
317
318
139
263
158
127
133
95
146
292
239
479
373
411
217
346
170
202
176
189
148
178
187
74
161
64
220
189
179
68
208
189
460
134
207
160
337
175
306
136
317
207
162
266
232
378
225
445
224
248
353
353
357
119
134
78
400
142
180
150
116
285
216
137
75
237
233
133
143
327
348
313
365
317
357
421
330
130
286
220
310
169
422
108
99
512
272
108
237
469
213
207
206
151
243
140
379
243
281
227
273
100
405
219
222
377
139
177
331
299
117
476
368
237
282
410
470
183
274
160
228
246
280
401
163
276
411
377
236
149
200
226
78
377
217
165
370
113
479
437
210
324
369
276
186
286
347
362
110
502
56
186
242
214
352
463
295
275
63
304
175
176
229
61
130
264
290
115
122
364
295
85
317
412
354
543
317
349
114
373
200
303
187
399
128
403
210
176
441
340
174
239
411
230
478
181
63
212
189
353
133
305
264
115
360
143
161
424
187
335
213
350
373
300
239
300
230
400
347
222
151
173
188
177
126
380
243
310
160
435
218
126
279
364
307
204
157
144
184
226
354
217
163
449
60
243
355
391
317
193
218
341
303
94
342
383
161
270
172
275
339
226
407
232
183
398
140
214
172
179
66
149
285
94
262
243
420
310
411
127
251
215
333
319
145
126
150
344
152
205
299
196
188
373
305
199
236
148
209
245
165
432
576
360
317
320
135
254
316
77
219
211
443
79
310
426
305
324
466
115
169
352
150
243
185
395
167
393
155
323
313
293
430
135
309
381
375
232
157
433
388
175
205
152
143
298
65
226
135
297
225
209
111
475
208
467
234
100
248
331
329
184
231
44
181
301
402
227
299
187
194
228
225
299
232
354
101
119
258
166
312
214
224
143
235
195
357
193
370
315
175
246
79
74
268
249
173
191
188
300
586
193
438
203
166
381
170
136
215
337
103
157
414
260
209
152
289
189
265
458
418
333
302
314
120
323
100
373
112
153
338
347
409
160
245
164
384
270
243
71
420
151
309
217
326
287
307
309
109
349
382
304
479
190
79
123
219
385
256
102
164
243
259
135
280
184
268
493
383
200
399
271
135
243
231
495
268
90
292
361
99
88
399
619
285
156
228
331
238
382
485
117
380
93
276
163
95
320
152
276
97
246
109
337
261
316
405
215
240
149
205
208
108
430
329
295
211
261
507
393
342
49
380
140
114
339
236
405
112
346
186
345
114
564
268
113
244
113
158
175
372
341
133
181
256
382
201
430
145
471
96
340
403
205
358
198
271
70
265
142
297
305
178
106
346
88
240
304
299
172
243
119
413
295
128
277
202
174
270
194
152
117
179
119
287
283
493
100
346
397
221
144
246
469
280
207
384
109
227
97
129
67
359
165
140
434
248
364
247
269
537
61
202
302
385
153
223
266
293
390
200
127
185
294
126
187
116
344
549
200
176
294
97
332
78
130
257
167
241
323
235
571
301
168
218
194
271
333
83
81
437
206
147
171
144
179
149
418
376
199
293
504
353
274
122
468
292
268
508
184
469
311
162
73
234
427
143
215
178
124
269
553
178
178
195
335
276
216
310
449
201
232
330
444
314
479
186
479
291
318
265
338
229
97
132
260
214
366
138
131
265
251
451
300
307
158
373
367
376
303
265
281
235
126
212
311
405
212
333
222
380
214
134
388
333
178
418
473
376
207
416
384
281
151
292
162
139
58
231
261
297
356
57
157
91
365
254
103
224
423
456
344
196
408
308
287
459
102
488
191
332
216
202
265
84
221
100
283
401
251
378
441
166
110
410
398
136
114
273
298
253
109
277
280
182
372
318
409
435
122
325
186
314
306
202
253
448
237
314
57
264
359
236
248
237
215
324
243
193
334
304
427
96
141
180
160
394
296
298
398
264
209
282
156
141
242
172
426
236
331
212
291
545
131
88
187
248
262
101
351
275
169
73
296
441
116
173
138
243
116
246
380
388
310
389
100
123
196
411
139
233
215
293
389
334
271
166
87
245
241
183
124
81
225
237
183
270
254
235
329
76
303
333
262
294
125
204
59
47
285
163
249
92
93
297
388
76
329
98
319
171
170
157
418
241
280
266
247
275
345
499
187
270
220
617
67
232
315
362
234
122
121
84
232
215
188
143
75
317
155
387
334
254
476
251
326
340
313
133
278
362
311
199
97
153
94
178
154
182
299
339
175
284
84
404
259
303
94
291
272
114
248
201
140
311
165
175
409
293
224
184
341
404
223
109
418
156
366
269
150
213
26
199
136
158
217
76
116
205
84
223
277
300
127
300
231
258
163
255
191
157
446
316
142
389
213
95
161
382
514
214
342
301
201
124
228
228
284
141
467
253
115
338
83
405
134
217
416
143
274
137
347
593
171
177
189
231
84
247
263
63
206
458
242
192
197
270
284
130
145
459
97
78
125
375
383
180
305
128
433
135
203
503
153
404
103
379
279
96
239
435
291
257
262
166
115
279
477
89
255
63
183
352
147
99
497
199
412
117
329
214
310
401
336
370
253
107
151
384
206
215
521
263
257
143
66
327
173
71
214
122
120
77
139
220
227
94
79
480
107
261
184
176
409
159
109
514
276
185
235
148
202
227
279
86
92
332
221
146
107
286
165
147
466
292
282
343
156
119
363
136
382
272
336
96
500
217
216
257
178
387
264
244
350
140
223
226
459
349
413
404
243
154
289
536
81
408
356
72
122
304
173
249
351
140
29
182
248
355
270
360
188
273
160
74
158
389
308
485
359
243
80
404
167
137
356
232
119
93
237
367
373
109
115
157
150
273
319
222
128
343
411
173
163
366
124
203
137
216
228
190
228
281
369
418
319
195
174
257
135
334
229
180
434
115
133
183
346
185
157
180
340
109
126
464
323
523
213
162
294
437
194
266
241
382
594
499
266
277
330
253
407
339
339
172
413
145
484
321
375
380
148
195
400
284
127
110
169
252
111
119
231
99
205
80
400
251
218
392
25
80
234
222
421
142
173
356
121
199
160
304
347
272
462
189
345
521
571
380
222
356
270
151
180
233
192
200
222
398
295
168
269
395
327
204
652
408
251
559
258
172
147
334
327
204
173
19
373
220
350
203
133
115
56
296
85
220
108
294
81
493
451
478
232
168
118
405
263
133
257
282
273
237
109
162
277
313
168
97
86
174
134
270
197
293
348
50
225
416
158
84
256
362
283
322
477
379
257
132
197
96
390
454
197
166
324
414
69
154
300
267
228
374
146
91
280
224
265
330
193
150
80
267
401
388
209
457
84
223
319
246
243
363
248
143
74
319
459
144
210
117
195
351
78
415
391
462
271
470
216
319
85
105
459
153
286
420
118
113
390
437
131
459
93
274
393
149
222
342
136
185
166
363
94
149
88
88
185
310
469
172
360
386
118
123
216
217
160
243
141
394
263
481
179
305
617
253
441
346
274
363
370
284
748
176
400
246
226
319
130
405
195
186
353
289
191
492
204
160
111
161
139
286
335
593
322
300
249
240
75
129
251
317
380
283
425
247
168
254
125
378
364
451
231
299
291
203
421
184
185
294
210
357
106
352
279
116
206
146
236
455
218
188
205
103
115
77
113
142
454
222
214
192
372
360
133
222
188
224
208
366
490
333
167
282
67
26
151
337
235
395
170
215
306
211
206
208
149
157
263
314
118
326
361
92
223
847
280
339
311
127
210
169
122
54
115
423
341
333
214
282
431
293
547
133
355
80
155
326
100
327
219
203
408
240
192
107
259
221
215
227
255
185
196
323
262
156
247
190
347
400
387
293
123
206
72
271
113
242
191
92
401
248
219
301
191
228
227
235
193
435
204
257
124
530
350
156
273
372
407
240
499
89
354
146
198
233
264
102
163
366
357
203
271
350
294
348
142
328
387
219
281
146
339
172
292
270
401
347
372
211
328
413
253
170
358
281
195
188
282
111
185
194
392
571
143
379
45
195
211
246
212
71
115
79
177
298
240
233
415
277
357
335
93
228
114
313
154
267
332
112
90
110
265
169
316
491
368
278
357
396
172
247
296
197
134
465
144
234
448
142
490
343
274
272
292
268
202
213
270
392
126
167
333
383
249
61
123
445
416
338
113
82
131
230
118
335
169
198
315
168
297
165
277
432
305
71
120
163
351
396
395
410
335
341
265
177
137
360
187
222
543
177
246
289
123
201
208
426
371
478
252
409
183
286
144
275
377
133
144
220
154
111
220
264
444
248
220
389
469
310
400
440
99
301
419
140
299
337
413
175
422
246
228
159
166
265
147
164
186
78
166
131
133
341
159
300
258
97
64
506
545
468
213
207
267
121
96
205
252
238
263
285
73
586
141
152
159
161
413
316
353
330
193
134
218
152
299
199
197
348
233
127
146
249
289
470
379
345
242
162
318
278
329
63
172
120
199
235
150
228
162
239
264
145
339
284
414
430
183
251
281
139
95
196
455
198
223
224
74
424
226
292
366
163
370
229
226
284
348
169
372
53
153
281
171
507
197
178
452
393
273
223
73
143
443
242
177
153
167
414
147
285
169
447
157
401
252
295
335
252
161
154
170
293
142
132
242
481
221
242
253
378
290
176
82
426
146
216
389
123
163
206
168
197
210
96
305
282
255
194
289
161
228
200
344
225
317
187
211
464
111
182
469
387
112
58
386
110
165
40
274
157
283
157
203
135
194
148
353
270
140
444
400
157
138
264
452
175
352
230
286
195
124
159
452
198
403
143
100
181
191
171
257
124
345
276
383
399
216
306
358
310
211
345
268
213
285
385
148
53
144
303
325
238
144
177
542
276
416
174
372
304
464
419
191
356
430
243
184
289
483
221
378
467
417
589
199
308
386
191
160
229
287
385
87
140
197
437
436
308
394
342
394
95
197
139
302
147
368
313
61
235
196
522
70
256
298
188
314
368
190
573
315
31
170
98
118
136
379
457
250
417
197
145
221
239
159
228
144
272
230
201
260
178
662
166
239
202
358
223
488
193
283
143
481
347
133
254
140
175
333
382
193
512
380
151
136
179
348
102
251
304
194
215
246
326
305
260
334
147
194
411
231
334
147
415
315
101
327
337
186
231
161
373
344
409
415
448
144
91
88
213
142
104
84
361
205
170
420
421
348
213
242
396
235
161
263
429
331
391
198
279
251
173
105
132
342
266
404
330
76
87
311
160
197
210
280
123
188
373
220
109
224
421
51
169
236
149
351
131
60
330
256
187
62
393
320
82
234
172
230
215
378
189
189
128
425
158
216
318
184
62
521
241
136
108
180
97
192
406
263
444
538
69
448
261
93
94
229
199
185
195
254
209
324
110
288
398
167
175
344
212
162
291
491
392
193
234
431
170
462
159
358
379
109
267
286
384
128
223
149
199
65
247
329
371
173
213
265
279
388
242
149
213
118
214
123
346
288
311
324
292
217
178
106
351
170
197
360
165
40
119
264
530
248
470
178
173
304
107
382
305
193
102
162
319
219
331
344
371
181
199
296
90
307
426
200
308
110
223
129
108
197
108
357
410
469
259
255
136
63
311
160
339
374
156
121
390
251
48
297
89
111
247
338
376
61
357
302
370
140
91
100
404
271
192
294
343
56
86
234
397
128
184
223
141
246
149
167
425
115
113
211
281
214
150
148
197
479
208
155
152
158
328
45
357
102
287
415
380
246
135
163
386
244
352
410
330
117
253
379
359
164
195
360
138
330
281
383
205
343
173
229
306
166
522
173
291
351
135
112
352
476
202
370
368
83
193
330
132
496
112
306
215
265
295
248
269
120
335
291
430
200
101
192
225
459
142
475
257
328
166
309
412
197
144
414
129
118
237
215
563
205
467
102
428
292
193
35
175
209
170
371
248
172
131
196
328
216
435
271
207
165
144
359
271
51
522
106
166
381
197
103
229
274
222
330
150
95
458
197
397
288
120
95
74
296
471
118
267
168
517
237
298
209
132
132
120
358
191
120
203
122
340
261
274
80
497
295
271
422
204
443
215
201
248
283
379
235
271
256
306
152
245
304
239
366
171
188
177
148
266
314
117
299
146
386
148
246
226
151
370
236
319
231
206
414
204
214
120
346
173
320
120
457
369
140
103
289
106
134
102
194
390
152
275
61
73
107
145
121
285
297
149
158
272
314
374
277
331
104
310
179
411
276
215
197
170
314
307
196
343
88
291
371
344
382
424
157
408
398
253
288
477
182
181
492
448
206
208
74
252
54
179
227
335
271
80
299
205
138
443
60
184
217
43
247
483
301
122
319
183
230
135
259
142
243
105
287
236
237
277
345
164
285
243
443
292
134
212
255
300
392
136
101
394
395
78
122
203
381
449
114
170
165
129
147
137
106
147
317
357
244
298
195
219
303
312
67
151
250
314
105
376
99
433
162
291
427
173
252
229
453
229
180
175
398
248
239
272
202
382
206
425
292
48
420
354
151
387
366
122
288
287
114
76
100
409
399
458
174
157
133
256
292
229
160
222
267
366
248
219
414
140
60
161
316
111
421
230
195
273
693
553
329
202
416
151
193
238
290
80
227
209
182
246
360
239
105
357
342
262
350
65
125
147
166
171
324
353
142
38
147
320
331
130
160
270
252
340
45
211
124
234
521
448
296
289
139
233
193
408
344
279
251
257
103
467
111
386
222
341
72
296
392
152
140
288
240
199
269
205
135
273
220
194
73
253
149
259
286
417
255
196
295
125
361
116
242
409
137
387
51
487
120
129
274
468
272
110
287
69
226
359
323
272
176
177
323
228
173
217
560
278
74
108
248
572
118
290
137
210
80
183
291
209
431
358
68
239
355
110
414
200
256
376
197
356
182
316
234
180
128
496
374
119
249
499
272
321
221
147
73
249
358
252
499
417
121
184
217
42
150
184
400
193
468
420
368
146
246
130
237
323
401
422
357
164
129
322
431
514
216
305
457
81
419
98
120
403
496
156
296
112
373
83
230
318
150
451
239
335
129
454
513
311
217
433
270
189
433
272
227
252
202
270
433
230
239
195
210
148
135
315
187
367
224
107
171
330
131
202
315
260
244
188
248
456
555
247
265
241
319
327
501
321
271
360
271
423
267
383
375
123
211
234
235
49
400
136
280
447
211
465
200
221
229
425
140
289
258
463
91
102
184
405
279
108
462
381
299
174
141
187
256
461
105
71
186
184
262
226
221
242
383
138
77
72
215
438
144
260
124
585
96
107
251
175
302
124
396
285
138
286
145
261
200
232
372
371
207
220
100
282
60
183
305
319
376
409
207
320
211
478
107
338
362
169
234
379
278
161
143
290
280
125
223
232
240
104
300
425
250
317
261
364
288
258
327
379
316
141
96
298
222
245
159
338
77
150
217
148
415
270
240
191
363
150
153
167
324
218
217
380
286
263
205
336
242
207
345
201
406
109
360
141
309
381
192
181
97
507
97
177
146
293
133
363
294
234
217
320
288
254
350
423
320
246
215
229
216
194
189
346
377
379
235
503
203
360
135
462
316
196
232
358
144
457
214
199
152
387
351
124
307
103
338
170
425
162
205
326
289
372
246
163
275
221
391
178
147
324
165
456
301
222
104
127
226
131
119
197
252
250
158
298
253
356
351
420
217
379
416
249
126
285
162
387
133
235
96
56
369
258
259
294
320
238
409
155
237
151
105
328
341
148
236
146
209
332
249
189
221
131
320
215
479
79
415
370
242
399
260
446
150
145
157
258
291
339
505
295
235
250
179
132
215
458
133
266
129
98
199
192
401
98
305
177
155
171
410
231
321
378
463
210
220
455
347
618
139
337
218
136
266
331
241
123
374
288
163
318
136
300
245
158
249
181
304
183
303
200
168
129
223
367
408
413
253
305
260
47
424
271
139
249
450
351
145
359
379
179
301
407
149
482
250
287
422
195
132
267
127
280
570
209
80
83
244
354
265
126
180
132
410
72
108
358
109
129
74
208
349
241
410
429
189
327
81
371
361
177
255
170
239
441
496
309
323
407
88
175
265
262
281
784
245
349
259
246
145
182
168
117
502
296
428
141
231
520
205
33
409
362
527
44
503
204
185
301
169
289
204
81
241
224
608
303
119
82
176
422
452
233
316
186
135
210
349
163
259
80
231
85
327
335
318
244
187
345
361
318
93
319
122
236
438
527
261
157
202
145
100
468
391
144
204
259
290
132
319
211
201
123
333
512
256
154
363
523
263
257
330
228
256
468
253
342
207
334
333
104
64
156
352
194
117
180
210
162
161
197
571
184
152
251
228
209
537
381
328
460
199
288
171
306
86
151
100
163
213
258
236
473
189
248
279
249
194
93
372
373
474
159
220
198
180
321
123
190
217
400
144
269
113
168
226
287
275
147
154
74
182
254
248
294
249
165
370
208
296
203
131
116
252
100
266
190
283
135
279
202
219
160
421
144
279
381
173
372
110
377
333
146
47
147
446
243
302
205
382
323
305
220
458
188
98
290
365
269
149
108
145
69
62
242
153
109
136
184
268
345
297
286
239
112
153
111
417
84
164
372
426
140
276
230
508
366
367
101
462
347
85
411
326
135
242
429
534
279
114
67
108
94
313
144
95
134
217
200
131
293
295
48
562
356
115
320
303
223
189
169
312
238
288
264
253
197
354
148
374
211
214
243
169
280
187
506
429
435
238
57
140
151
197
36
308
223
277
259
90
235
246
208
455
174
268
309
346
278
209
342
386
189
133
156
311
224
249
167
478
209
394
151
364
391
259
149
263
275
278
107
272
67
109
138
143
271
355
334
337
200
289
145
205
310
113
191
442
317
164
174
91
197
317
169
528
196
186
205
188
314
465
172
202
294
275
203
214
218
232
103
362
168
149
143
350
200
407
380
310
421
248
97
235
322
150
120
324
338
292
268
241
544
86
346
146
220
395
250
264
122
311
215
258
208
359
120
375
387
161
195
143
199
199
74
110
352
302
155
427
281
175
275
244
370
116
426
345
495
290
354
161
226
157
308
62
232
123
432
480
236
105
292
166
255
437
276
387
408
276
105
251
337
177
229
196
350
134
321
55
312
245
350
315
227
294
321
263
280
205
137
154
146
176
367
217
379
421
274
215
241
243
79
304
280
115
322
341
278
249
168
574
234
209
200
175
134
334
377
23
458
365
177
297
85
374
445
235
177
89
134
320
258
275
197
282
222
291
389
209
109
251
190
126
403
290
103
136
94
376
365
190
182
331
65
266
97
109
285
156
184
189
178
144
333
482
189
211
265
289
220
335
351
299
128
177
355
270
100
198
147
66
375
238
141
322
279
392
392
429
325
137
174
185
90
314
261
197
87
172
207
372
70
296
269
66
89
180
293
42
449
423
332
448
408
205
408
246
186
347
151
363
155
60
432
201
375
102
219
305
150
176
331
162
66
516
219
100
393
167
343
221
262
308
336
257
141
408
144
218
361
293
422
293
234
334
450
297
148
291
263
293
238
390
156
36
252
293
221
242
264
388
211
109
95
159
368
285
303
589
225
352
174
232
174
328
129
336
224
168
389
277
263
235
265
164
411
247
403
125
290
323
146
129
219
174
363
403
286
217
385
320
237
311
260
137
145
402
154
191
173
120
260
136
262
142
343
480
335
201
134
367
350
216
333
181
202
237
152
211
282
154
233
176
186
249
192
314
223
145
198
170
530
332
323
168
397
218
414
186
231
253
213
502
91
159
221
499
182
75
326
224
133
216
562
198
251
155
214
196
127
256
268
366
412
138
168
114
102
388
297
74
344
242
438
226
481
414
66
533
363
253
363
84
130
289
206
536
106
120
228
126
78
258
148
263
91
416
271
367
179
185
165
159
172
97
222
236
385
477
344
505
210
186
153
214
212
223
467
225
198
367
283
227
471
137
232
172
359
300
306
315
396
457
213
189
190
102
261
331
327
154
415
292
454
278
456
128
400
85
193
277
71
528
199
154
291
120
489
61
181
330
257
212
199
152
254
220
287
275
136
356
367
192
231
377
220
172
354
236
107
364
128
96
297
163
270
367
134
439
256
150
264
427
270
159
207
154
278
170
267
288
431
208
238
218
234
428
105
327
463
400
369
157
142
236
171
360
259
242
316
320
103
357
241
130
415
114
472
126
223
408
128
320
282
89
238
204
317
195
329
138
519
378
95
363
148
193
289
279
174
255
127
348
167
281
265
473
263
297
325
207
191
240
423
323
234
241
374
263
176
334
77
148
338
489
300
265
190
464
431
192
383
354
439
325
383
326
236
123
124
163
335
226
298
327
301
539
348
83
297
241
142
114
120
171
477
185
364
182
70
159
489
155
126
263
329
114
228
259
341
279
211
220
192
195
228
327
352
255
211
325
154
337
77
140
485
263
384
281
134
445
268
142
439
411
309
351
338
266
286
363
223
238
384
172
163
607
283
175
105
190
187
76
175
433
231
170
302
382
285
183
141
152
74
386
369
103
213
338
441
172
181
406
170
235
118
341
138
150
338
519
201
139
357
304
465
263
274
335
449
193
388
344
337
196
192
349
268
390
550
116
391
283
314
161
190
219
482
170
386
197
214
383
208
168
79
350
346
180
290
379
108
152
195
106
204
129
135
289
191
112
410
185
384
135
184
149
165
199
410
262
345
212
226
313
168
208
141
314
59
221
246
322
292
373
367
368
113
462
328
495
157
268
206
92
153
337
213
385
392
303
334
154
193
264
192
372
372
246
296
434
471
605
199
223
354
423
166
364
342
364
226
239
101
230
361
159
350
328
344
130
388
172
326
335
225
270
291
297
456
474
83
117
506
450
218
141
149
318
276
276
247
161
447
330
366
279
407
235
337
335
238
418
400
211
119
362
382
297
173
353
293
561
345
127
499
240
244
500
182
275
349
235
137
215
156
400
184
207
170
164
213
222
473
325
253
135
88
247
303
231
144
354
294
204
189
220
173
137
96
152
310
102
95
277
123
142
232
65
130
177
451
382
402
73
134
255
180
440
157
338
436
385
472
64
197
272
187
267
170
164
414
361
357
269
428
432
308
307
141
356
423
143
145
218
158
463
220
307
207
283
271
342
225
412
197
117
411
317
429
275
317
370
314
497
273
352
123
320
274
248
167
134
369
247
446
489
165
75
208
311
590
197
283
162
403
139
215
183
226
176
254
452
429
465
283
102
233
366
353
98
365
291
15
225
382
432
193
70
210
146
296
222
120
110
108
353
400
435
323
206
193
60
222
261
116
228
249
311
175
145
305
158
416
143
283
212
225
296
461
265
220
71
192
194
137
173
214
351
123
235
116
222
382
150
236
250
255
201
358
163
179
246
198
225
119
277
302
309
320
282
481
439
162
324
226
349
314
377
357
332
452
134
148
493
396
107
491
462
322
512
317
212
348
213
136
195
389
327
121
275
218
32
178
319
482
160
131
384
362
108
84
325
286
123
234
122
248
201
209
217
326
161
367
406
81
110
206
324
429
177
355
136
352
119
196
143
395
96
82
330
85
313
206
84
153
240
135
338
150
437
437
231
316
236
479
231
186
140
275
511
118
226
235
234
227
320
187
396
272
84
129
497
248
382
325
104
411
111
382
468
250
549
107
146
380
235
316
104
143
160
91
333
169
131
183
296
210
268
302
401
348
166
150
369
317
49
179
256
67
394
194
316
386
183
248
85
473
160
165
315
297
427
197
403
222
138
326
306
196
468
259
328
389
113
211
155
72
125
312
416
228
241
394
264
297
177
203
228
189
416
146
183
354
251
202
111
132
321
141
276
221
130
80
211
243
70
291
358
39
250
69
176
120
448
297
81
186
135
448
544
323
411
127
212
97
219
395
184
208
62
185
173
77
338
189
421
154
431
114
305
193
509
79
219
291
226
136
248
150
413
176
171
90
220
280
286
254
167
416
263
386
277
265
165
351
318
265
470
88
307
287
248
301
298
213
69
197
339
129
340
132
196
273
378
94
422
339
397
251
225
332
120
77
148
347
87
389
148
313
361
124
262
315
148
198
256
197
149
480
184
427
133
285
412
351
135
80
326
269
50
216
295
154
505
184
233
68
229
420
226
101
391
183
32
374
191
348
186
142
198
228
207
283
300
283
372
191
246
176
143
182
143
144
419
223
486
110
385
110
249
394
227
378
184
142
294
427
236
183
203
137
210
52
182
506
354
409
328
177
161
453
214
205
219
379
363
154
207
70
475
101
390
125
268
323
230
412
481
331
321
124
242
236
49
214
68
122
220
289
193
474
321
218
182
362
68
227
320
372
520
283
425
46
240
354
92
138
271
76
627
273
242
213
294
170
199
459
150
347
191
157
79
459
165
380
230
323
219
172
220
103
84
389
109
213
314
444
203
147
441
264
276
176
79
236
443
299
337
442
227
231
128
368
104
122
173
478
360
137
218
91
603
349
188
157
279
226
322
241
361
411
121
470
243
122
76
103
200
216
76
264
261
400
227
233
338
126
354
121
390
351
185
149
187
244
114
294
120
216
94
113
365
143
144
337
156
423
295
197
357
265
505
245
309
156
216
135
399
178
262
147
206
162
291
172
152
434
230
265
457
130
323
270
407
70
379
86
157
116
88
421
191
344
149
136
200
414
350
369
219
154
225
245
311
528
293
239
228
171
270
201
343
282
303
411
296
209
336
353
112
511
237
72
224
184
192
494
358
645
87
336
404
231
439
163
228
189
172
265
176
126
383
157
383
120
227
399
149
200
308
137
145
314
209
173
350
132
81
515
248
204
133
456
177
263
197
260
459
189
428
242
97
296
259
80
261
409
374
390
394
169
330
448
88
205
416
200
246
142
182
202
149
113
216
394
338
443
146
177
164
66
50
248
231
297
189
319
368
184
452
357
81
334
414
326
380
65
110
160
446
385
147
297
146
433
97
310
352
127
188
509
157
193
170
140
290
195
254
338
183
416
397
481
155
66
234
349
193
246
207
103
28
364
171
236
311
119
427
262
317
168
297
292
125
193
123
330
161
109
140
355
177
468
291
155
126
352
275
255
456
265
201
475
44
456
323
260
202
412
214
270
349
172
118
293
339
171
398
131
278
232
409
133
308
435
238
238
142
470
69
281
317
501
147
344
488
221
331
93
283
460
164
410
308
87
296
146
373
117
451
578
336
70
335
234
72
139
301
181
243
406
352
324
240
388
333
276
236
665
131
220
172
323
35
250
180
382
304
242
174
180
196
142
344
413
446
370
197
211
386
181
411
207
286
155
401
156
378
172
376
232
154
171
82
221
344
223
197
212
429
151
293
525
185
242
120
390
81
268
173
327
239
402
253
240
539
465
105
48
400
87
364
136
173
402
260
540
238
162
98
168
324
183
339
237
323
362
367
192
123
251
365
417
210
200
132
504
187
238
317
313
166
345
257
227
144
92
425
268
255
319
321
209
126
197
207
554
297
254
463
325
362
187
178
441
482
359
246
425
246
296
244
235
169
93
177
301
49
170
201
93
202
242
230
70
126
428
194
323
120
291
144
48
283
218
339
335
218
108
272
257
349
514
118
387
354
166
125
275
186
131
248
393
167
105
378
237
273
164
335
98
200
228
204
420
316
291
273
140
167
166
65
250
575
456
393
444
257
452
57
273
314
176
216
429
166
278
185
265
270
128
672
244
151
332
412
239
273
163
97
230
171
350
271
273
191
120
198
212
530
301
214
266
161
398
125
396
357
263
449
158
249
307
240
166
418
302
484
59
125
409
195
244
206
69
451
236
210
325
251
288
268
275
92
339
249
187
380
387
488
323
173
187
369
456
252
150
502
383
322
155
181
406
199
466
74
94
148
336
349
208
440
322
308
93
230
179
288
79
392
164
280
76
352
123
198
269
442
263
118
245
328
132
359
259
242
251
49
328
138
453
346
234
363
105
200
467
140
170
209
200
229
155
274
198
408
281
361
60
191
86
204
292
229
430
394
240
414
412
268
215
420
455
244
360
96
181
336
271
166
90
213
238
132
289
427
250
144
377
292
386
421
263
150
398
351
283
142
190
207
180
241
218
97
316
395
71
67
131
209
387
152
270
155
239
254
254
157
385
461
331
243
275
278
292
303
177
240
313
124
432
153
225
335
463
259
498
259
268
294
278
68
169
178
342
320
139
60
219
283
200
348
267
25
357
220
241
256
247
103
285
161
197
184
142
220
226
347
37
289
204
89
285
127
467
264
366
234
224
125
162
161
154
97
205
224
269
50
496
282
133
195
428
314
378
212
305
175
176
114
195
231
86
102
427
134
283
113
393
243
261
192
654
261
130
239
452
236
297
145
232
177
296
65
179
200
321
226
196
262
277
241
453
390
155
235
362
365
116
137
218
181
280
267
345
296
101
230
264
121
108
170
78
365
221
588
130
326
258
253
301
370
253
157
116
385
211
208
289
135
372
121
151
77
288
258
228
186
95
268
190
318
300
224
78
142
188
410
297
236
138
433
242
305
179
375
51
513
341
100
232
147
201
271
450
357
200
467
345
272
168
285
154
616
213
178
273
361
288
168
207
398
334
280
209
282
124
298
228
121
432
132
437
321
431
131
67
191
153
255
168
304
134
150
314
200
467
256
257
234
323
334
193
331
116
273
286
82
264
115
265
472
252
312
171
359
335
237
339
328
218
93
186
256
209
198
138
460
376
107
436
430
444
154
419
324
124
122
267
169
98
283
141
128
179
360
170
181
358
353
287
266
395
134
292
300
355
73
192
51
156
227
89
156
261
150
217
225
464
451
254
85
459
171
360
390
185
420
322
130
344
282
311
375
212
241
331
81
176
214
219
211
88
501
66
159
167
165
274
248
425
270
363
141
332
241
267
479
178
174
356
205
420
216
257
148
218
146
276
115
486
140
255
77
423
339
180
126
63
255
270
140
209
438
392
247
369
109
145
160
335
161
216
186
239
269
231
452
211
321
453
249
242
71
341
133
332
158
528
429
100
175
190
107
214
172
212
590
198
299
160
507
212
147
201
461
73
268
312
295
172
64
102
281
223
141
181
395
219
103
408
171
359
236
181
66
184
272
140
93
217
402
257
154
435
364
77
192
215
405
266
200
252
107
378
327
390
219
297
259
121
374
616
237
300
103
41
318
320
223
180
171
181
340
312
306
273
416
236
109
257
312
242
296
314
123
109
271
134
483
88
75
239
340
231
118
270
341
377
213
290
163
179
397
412
212
116
149
87
190
164
374
169
337
292
237
198
441
144
63
251
264
291
321
186
194
253
275
165
136
433
295
321
311
470
100
165
425
217
282
160
430
66
188
424
198
115
311
322
183
274
359
214
440
392
94
122
204
143
469
240
189
219
166
108
175
109
219
80
144
67
421
162
235
190
372
303
401
156
211
222
88
206
199
466
93
213
271
128
376
325
127
130
146
432
234
241
263
354
167
199
242
377
308
199
339
110
114
413
96
299
147
333
144
400
216
352
406
173
289
341
236
308
205
115
81
293
209
415
73
175
215
464
154
480
185
279
62
121
151
106
215
158
170
305
310
236
85
482
150
159
164
324
151
166
253
307
504
221
357
68
165
185
468
452
253
324
195
140
411
152
387
145
449
329
204
177
140
156
261
262
58
251
101
127
273
81
416
372
111
293
135
163
224
177
210
109
315
182
140
159
307
122
421
150
213
96
324
232
295
122
386
210
165
59
156
315
148
84
154
377
73
146
412
222
132
286
281
135
42
135
263
211
129
361
244
473
160
144
198
160
155
333
285
273
337
460
231
222
239
268
143
195
341
508
129
190
385
237
72
262
161
166
164
185
234
195
161
319
242
80
348
222
349
350
212
266
229
97
216
349
315
56
191
233
171
147
339
97
403
337
189
249
348
324
195
232
114
248
472
158
320
100
68
262
509
84
196
347
435
590
424
279
211
360
190
275
520
108
143
165
390
319
252
441
230
331
468
382
265
371
362
384
409
347
200
154
99
515
149
247
251
337
198
266
208
470
463
364
405
189
301
249
122
165
158
424
343
246
287
202
130
371
110
108
245
232
277
169
240
210
131
260
410
310
237
129
320
229
284
293
165
536
255
493
297
109
166
161
381
255
89
192
157
158
184
185
157
320
230
141
346
192
384
155
241
59
246
373
88
383
255
381
204
330
240
437
394
294
280
105
359
412
49
312
217
470
239
96
505
485
178
267
390
437
184
497
111
231
235
224
224
133
220
55
123
271
291
103
283
203
165
291
240
402
200
510
129
157
265
233
210
238
247
389
225
224
170
262
166
289
170
240
278
165
202
348
469
299
358
200
255
201
37
191
202
159
240
319
321
363
323
248
144
186
311
213
321
230
140
207
381
283
142
83
243
167
189
626
215
307
205
448
230
269
273
128
204
119
243
300
169
157
131
177
367
192
194
236
70
303
85
248
203
321
184
279
356
461
93
133
314
334
244
326
180
258
348
367
117
301
212
404
110
89
381
371
153
100
373
304
232
86
292
103
300
171
282
160
293
306
246
319
91
244
206
233
227
416
256
300
384
259
298
293
160
413
242
203
207
162
162
380
178
214
90
201
288
399
229
234
366
310
239
203
180
501
152
118
522
109
302
331
234
132
316
295
273
210
238
120
166
455
85
173
442
171
425
303
314
379
231
310
373
219
257
158
239
141
151
260
109
357
219
278
342
180
329
120
499
155
246
200
164
225
459
167
221
85
184
403
232
331
336
280
341
153
182
506
227
97
85
301
200
468
165
347
163
334
256
490
383
440
273
158
62
164
230
112
185
567
276
191
438
334
384
227
294
396
360
88
324
75
444
201
301
271
527
402
288
169
251
284
389
248
155
385
367
283
186
195
370
112
215
155
432
388
312
165
224
199
144
89
380
337
210
138
496
145
263
295
475
160
290
234
127
113
224
192
152
183
326
458
314
196
327
354
319
301
315
322
132
76
404
163
375
356
213
248
207
195
128
292
434
89
501
280
210
320
309
171
124
225
102
518
400
193
335
121
135
320
328
179
199
80
193
190
206
411
259
265
352
197
394
235
240
404
89
439
257
108
293
309
72
138
148
338
151
297
256
197
114
160
339
296
372
218
249
146
255
269
339
146
187
250
305
383
192
243
139
299
192
117
58
67
184
154
188
315
318
244
297
339
269
156
102
329
216
239
316
160
270
529
378
151
324
143
330
291
172
206
366
224
257
392
301
274
341
341
262
307
73
389
153
329
275
329
167
128
161
270
196
174
307
262
248
182
563
95
139
217
345
365
469
314
214
242
442
277
80
236
197
211
174
378
243
260
112
172
275
441
312
332
166
298
222
171
411
148
175
181
111
153
344
151
301
149
363
148
261
229
151
250
329
174
310
111
412
216
208
184
390
182
177
224
64
406
112
277
446
83
392
119
168
327
331
204
412
182
188
263
106
572
395
197
425
212
287
315
43
104
412
211
115
441
241
282
207
526
362
304
474
173
159
297
100
107
307
419
257
179
373
181
210
267
557
164
244
85
413
288
215
79
468
421
484
175
273
93
81
314
207
188
180
274
297
188
325
346
226
106
370
203
475
454
81
275
252
252
87
486
201
378
467
294
158
231
319
203
280
301
429
353
345
277
214
137
107
207
91
545
468
174
479
156
236
256
219
209
223
156
331
284
233
577
379
362
218
258
54
363
90
283
379
196
131
144
287
350
170
88
222
410
385
442
454
248
186
329
80
321
378
245
114
313
261
97
211
58
643
359
577
151
234
272
227
236
475
358
211
103
274
125
87
194
252
407
259
297
343
355
270
375
457
390
176
140
276
117
352
246
217
199
101
177
379
275
167
305
200
395
184
249
199
143
429
369
331
504
241
171
484
226
82
344
364
259
215
87
144
423
126
306
322
345
184
221
165
252
187
171
348
220
149
106
325
150
100
134
142
231
187
407
91
464
510
283
374
239
206
398
362
330
372
213
323
330
118
264
95
442
159
94
182
299
353
388
299
67
222
230
354
219
171
90
176
382
301
185
159
284
169
177
145
248
267
120
304
251
158
246
408
315
374
178
415
193
195
453
141
227
258
385
273
156
334
125
115
254
127
358
155
281
239
452
255
72
67
231
234
462
228
215
183
470
236
300
316
161
280
358
121
357
438
381
265
108
304
212
141
390
283
382
251
267
315
113
321
95
354
212
269
195
138
123
271
263
236
189
169
217
82
128
190
382
92
159
132
403
390
382
124
496
403
261
98
385
173
110
251
119
145
191
199
211
254
352
418
136
109
319
479
168
139
188
264
269
121
269
401
281
120
201
112
162
429
199
447
372
328
123
302
246
182
146
169
243
402
117
415
146
276
183
134
265
145
94
135
144
235
132
127
319
178
386
359
357
452
290
292
226
305
166
208
227
398
494
354
85
340
298
264
242
226
176
282
142
146
199
403
307
233
101
441
258
400
127
216
114
204
71
391
106
288
242
202
324
94
520
280
55
106
188
204
464
332
195
165
494
113
197
331
183
130
208
278
207
217
358
214
417
236
449
440
90
122
155
51
123
291
413
269
386
144
260
278
349
409
226
231
261
263
86
433
376
519
104
194
269
310
219
215
343
464
353
309
84
352
157
301
242
243
139
53
338
279
195
267
87
382
189
278
413
114
182
394
139
463
407
421
138
123
225
236
239
165
203
486
161
165
138
412
303
72
153
464
199
169
465
141
200
278
423
84
424
161
98
340
192
202
66
254
395
332
355
399
139
131
110
189
294
229
217
78
179
328
223
228
346
202
254
477
340
319
410
228
439
455
268
387
339
355
307
94
123
100
446
163
115
432
361
97
222
527
375
200
402
270
194
183
364
256
345
214
187
291
195
176
275
227
198
156
67
277
409
188
426
160
304
158
277
326
271
416
341
277
225
259
433
316
279
199
290
194
523
175
202
116
310
384
424
318
476
106
352
243
111
329
472
432
194
99
267
260
95
365
455
66
309
512
162
368
112
252
207
162
438
141
228
83
448
106
264
121
68
297
269
190
460
105
120
340
272
379
274
214
382
224
97
404
73
414
75
189
372
166
139
395
292
122
335
338
257
146
475
241
298
153
334
296
267
374
177
256
206
179
274
225
134
255
130
188
178
229
428
200
55
201
192
320
315
221
82
292
423
146
259
468
140
226
109
150
103
179
526
105
258
309
209
520
148
292
168
197
567
188
356
233
202
188
172
85
309
318
181
155
384
264
230
168
76
447
321
390
578
176
205
203
190
85
477
187
325
393
107
168
154
241
70
179
157
260
202
224
247
224
484
275
306
202
344
134
117
173
228
137
69
261
141
204
466
271
364
101
289
266
273
170
615
410
156
219
233
208
151
201
157
343
425
329
136
314
469
186
295
264
110
202
281
389
102
201
165
441
291
391
172
165
474
281
82
386
124
200
133
326
82
299
379
328
219
302
236
481
392
301
295
145
185
80
363
140
251
77
203
297
276
120
302
299
371
146
361
212
285
175
186
87
235
302
205
163
274
303
146
126
118
134
247
343
376
396
186
513
304
210
466
182
113
317
127
374
89
429
41
345
114
108
62
179
114
175
276
217
217
186
162
180
189
335
176
304
195
409
384
379
220
78
122
233
319
105
105
247
89
293
383
253
107
158
332
417
299
341
177
307
248
368
557
322
370
293
403
273
236
395
108
272
374
256
244
507
112
100
204
124
338
430
229
165
139
172
279
85
415
516
271
269
304
178
251
338
390
278
202
159
283
243
145
227
241
161
246
232
410
371
280
208
70
439
288
222
81
173
163
252
359
291
361
150
50
176
96
389
115
99
247
116
283
263
378
257
215
199
127
174
152
240
250
246
309
306
304
392
377
362
210
189
358
317
278
168
111
384
173
316
328
254
344
243
366
310
222
504
121
423
207
413
162
187
303
232
167
324
141
359
165
204
113
258
224
81
438
100
91
388
232
377
481
213
152
253
205
193
150
67
512
170
250
248
450
122
284
279
269
461
148
141
98
225
126
381
158
289
413
162
259
374
105
293
247
323
320
37
122
448
257
205
161
266
56
277
219
148
119
343
292
503
59
308
315
484
59
93
193
185
205
201
476
303
399
141
99
227
124
185
629
334
292
130
334
222
227
374
392
269
148
274
538
117
180
344
391
196
163
363
132
51
204
153
230
283
85
184
252
158
241
395
207
417
250
150
179
83
109
256
163
251
200
273
273
277
416
465
96
239
256
122
374
110
89
186
316
373
253
181
234
348
332
379
145
119
177
180
145
174
160
423
288
494
399
262
252
313
246
315
346
123
212
224
102
497
130
283
214
408
287
164
404
226
121
237
294
216
169
503
172
324
403
109
166
535
463
465
146
430
259
130
422
356
386
302
239
343
352
255
265
334
116
420
318
244
212
164
296
305
306
211
297
315
215
256
155
367
333
469
68
237
261
210
423
490
432
202
111
204
403
89
151
203
244
356
280
268
122
178
184
105
427
133
265
225
332
212
180
398
377
252
234
290
93
97
115
458
270
157
278
99
216
358
214
171
224
244
241
435
161
376
156
294
366
228
175
200
260
206
431
259
272
172
289
294
397
421
145
257
284
275
391
318
232
263
197
169
457
210
316
294
233
77
408
500
270
162
263
294
210
113
80
416
480
198
235
221
200
126
303
251
261
115
86
296
382
443
263
286
146
142
193
93
269
218
271
389
280
227
338
211
122
311
173
198
120
294
449
198
307
231
207
49
333
445
185
155
491
208
441
482
186
477
157
348
64
493
155
122
227
338
161
355
201
175
170
566
277
191
170
133
262
272
123
437
124
365
154
84
446
90
427
141
157
294
234
140
354
230
255
267
269
352
224
227
403
192
257
218
104
137
272
417
383
216
275
126
126
394
317
439
219
369
118
282
192
212
175
309
343
39
753
58
511
474
306
142
63
257
189
324
71
196
313
420
250
232
329
117
351
375
262
225
275
257
54
90
167
164
209
186
279
126
365
197
348
100
411
342
325
342
112
259
503
488
257
381
196
245
156
353
106
93
71
262
433
441
336
271
307
300
388
102
93
157
213
116
507
407
349
129
293
183
427
343
212
509
169
154
153
260
421
235
262
123
246
366
212
317
164
88
461
343
135
88
129
266
214
108
199
366
434
409
283
265
170
184
212
137
201
79
362
255
241
157
154
126
338
368
70
415
173
262
380
237
553
343
237
300
344
490
433
235
92
191
119
140
87
354
181
180
90
171
461
527
117
232
461
162
324
223
238
147
314
247
130
415
89
283
338
240
117
247
224
154
417
214
245
279
97
287
292
358
189
298
261
436
418
355
178
143
228
259
248
307
272
257
410
364
316
376
418
341
269
237
174
190
397
437
377
296
52
192
112
123
259
169
108
540
63
306
180
335
242
128
369
117
360
220
215
115
266
188
205
183
127
247
225
255
219
380
290
155
168
145
268
266
88
344
609
226
321
237
397
263
309
311
232
546
96
391
410
166
313
264
321
167
440
125
147
203
265
172
305
190
118
287
179
293
132
169
231
281
243
366
307
284
474
193
162
279
511
232
252
288
352
172
123
464
194
217
162
374
195
177
174
294
143
217
157
154
460
432
72
267
276
452
430
301
175
205
349
166
108
217
339
82
257
122
235
230
244
283
218
93
544
215
299
114
141
111
100
231
353
256
259
216
389
156
280
74
240
119
235
342
134
362
311
92
176
384
422
70
177
68
274
196
371
383
144
440
401
346
305
308
432
197
131
239
173
271
221
378
172
309
176
224
329
113
159
246
237
341
190
127
303
176
203
434
417
370
79
177
292
315
345
460
203
249
473
205
154
288
317
416
408
212
586
225
306
401
243
374
288
341
