94
84
86
20
25
48
133
279
67
46
44
236
389
138
124
99
55
68
74
7
40
53
50
162
95
61
68
109
156
77
30
63
74
51
45
156
144
39
86
50
157
179
91
304
155
109
88
63
181
132
184
96
104
340
63
274
53
84
146
250
221
51
244
25
97
28
50
94
129
183
44
50
146
146
23
35
32
77
247
214
134
70
262
168
166
36
110
194
117
53
67
147
108
155
18
25
94
35
203
145
52
169
186
31
40
159
134
101
244
14
66
76
45
183
87
166
155
91
91
153
234
87
181
96
189
43
33
61
43
170
175
341
413
115
89
83
92
40
76
53
72
48
243
257
158
40
117
111
104
60
48
107
98
80
126
130
60
91
143
83
191
59
59
121
228
138
51
24
47
69
176
74
191
121
269
45
46
77
375
165
37
223
77
213
47
191
86
106
102
48
184
35
89
27
39
17
36
7
42
194
40
161
247
64
55
72
45
51
114
50
47
45
122
74
274
176
123
37
372
211
96
114
268
108
21
8
39
125
25
269
79
45
60
52
36
47
109
73
164
133
83
151
151
105
185
282
42
39
50
121
103
69
187
62
183
5
232
127
58
32
423
95
190
59
71
76
12
124
40
23
79
206
50
178
76
70
111
24
168
22
57
47
76
100
168
93
53
280
92
103
23
31
86
80
146
56
261
35
61
201
200
84
129
109
13
27
171
88
21
43
46
63
118
36
42
146
59
167
124
142
119
411
300
206
208
150
163
98
205
95
12
244
103
72
84
42
34
94
183
152
66
80
44
160
32
169
108
49
333
277
47
166
93
217
242
79
142
61
31
38
63
170
101
72
19
170
118
57
58
161
204
35
32
26
180
120
134
10
305
84
7
53
43
240
180
64
86
65
52
49
39
179
80
43
108
49
75
163
25
70
90
124
273
51
16
102
109
382
83
71
51
93
110
84
128
26
55
44
343
147
165
55
156
30
140
74
70
52
83
414
83
73
106
136
64
123
145
73
318
169
165
135
290
142
132
72
102
109
42
83
34
47
87
8
72
89
174
47
171
133
30
123
77
48
274
99
41
59
38
206
115
101
78
154
80
57
54
132
99
160
118
82
113
77
151
163
237
115
149
220
56
38
121
26
4
102
125
74
72
43
51
47
127
87
208
73
33
129
164
34
396
75
47
179
53
119
27
141
169
163
266
8
72
108
290
112
58
52
40
88
18
92
229
70
106
176
52
82
75
60
87
50
304
57
121
82
71
325
311
160
49
49
352
56
56
82
243
18
34
106
40
133
27
72
273
49
327
111
87
99
147
120
158
119
133
215
65
218
12
49
199
28
210
91
195
88
78
89
193
14
162
126
46
137
244
217
259
59
34
53
64
133
104
261
266
87
91
232
131
140
196
124
236
41
89
134
244
101
181
58
154
134
135
55
51
266
241
146
104
86
200
179
63
43
45
65
86
193
278
39
35
78
215
130
248
200
68
74
69
87
135
183
73
228
100
143
91
57
19
177
87
90
61
156
254
63
68
365
34
129
189
99
138
183
83
173
108
107
35
134
71
40
160
65
64
75
36
29
35
201
24
134
113
76
138
36
53
109
64
150
48
178
59
77
136
28
159
133
26
66
76
115
11
79
127
54
76
208
180
64
50
340
52
109
210
31
81
276
174
258
62
190
110
60
112
105
35
68
145
93
145
56
74
55
74
54
171
14
72
80
16
50
113
115
172
100
28
235
32
94
27
150
47
199
101
102
228
94
76
178
125
122
57
146
202
88
310
61
126
68
56
47
31
291
91
67
101
54
189
146
100
39
79
16
137
22
58
75
120
220
234
321
114
147
76
63
114
92
35
136
173
22
154
38
35
16
11
300
114
89
129
99
28
124
252
134
90
193
73
71
222
99
19
240
62
55
137
116
371
73
177
56
121
277
93
63
69
163
150
42
42
147
96
134
64
170
69
18
38
57
130
53
287
73
45
64
118
64
302
96
49
53
31
148
23
169
125
198
71
85
89
65
59
69
179
138
199
154
102
132
110
73
143
128
112
195
115
17
93
259
78
31
216
150
54
84
154
107
294
42
89
275
152
54
61
122
214
40
124
195
187
79
119
37
109
290
52
99
50
94
98
69
70
145
65
133
126
159
120
166
35
207
97
171
155
39
25
5
12
205
141
29
113
150
86
46
320
91
71
79
72
119
277
42
70
59
27
16
68
62
263
33
118
83
133
221
162
104
309
47
208
145
50
45
66
73
186
57
193
197
261
179
225
47
56
83
45
115
148
92
84
58
211
83
199
123
16
41
67
120
98
107
7
55
67
122
69
86
49
34
94
115
311
114
43
177
344
24
150
258
183
242
44
199
144
93
68
45
97
62
20
16
200
178
270
15
134
81
162
59
163
108
64
37
210
29
45
115
181
142
70
42
16
73
239
65
48
65
91
105
149
197
97
155
156
85
130
103
71
89
46
61
173
38
61
215
50
71
45
141
45
39
140
100
212
59
88
65
46
71
69
13
297
26
136
50
238
54
117
42
58
33
31
86
68
49
142
373
59
83
51
93
239
93
98
118
110
152
117
169
135
177
117
89
132
336
102
108
102
303
270
143
176
8
161
141
77
116
30
68
99
364
198
63
32
109
97
241
56
104
56
47
54
46
355
79
131
21
189
54
82
39
48
143
175
67
75
173
40
8
130
80
260
20
9
164
71
62
226
88
20
223
137
235
22
80
32
86
65
82
137
59
62
28
80
211
143
159
36
59
36
100
104
69
228
41
98
80
40
95
213
70
58
102
75
167
87
96
103
194
98
100
130
129
81
27
127
132
164
127
107
45
55
22
80
59
123
159
109
189
32
46
91
394
162
19
162
58
53
408
39
69
61
301
311
83
37
35
67
45
37
36
331
184
120
104
113
53
191
180
12
54
50
250
32
129
112
54
169
4
248
30
35
131
18
175
146
86
36
112
88
324
207
52
35
146
212
165
54
107
77
12
44
40
142
40
186
72
68
122
166
104
163
60
193
56
397
166
280
84
315
50
77
348
234
93
74
130
302
273
19
99
26
96
65
36
114
237
46
40
223
45
107
160
68
83
262
146
138
78
176
245
32
172
126
53
180
101
134
134
332
57
83
86
48
142
42
145
312
120
14
16
73
203
98
17
55
18
218
401
50
264
66
71
45
96
84
98
106
51
160
188
103
327
66
87
129
43
35
84
71
242
336
33
120
99
79
208
85
34
93
148
210
92
143
214
88
13
48
133
86
92
39
64
131
203
44
204
152
86
83
45
61
117
135
99
50
103
46
346
86
114
184
82
141
197
254
56
61
105
102
52
22
135
71
52
15
23
102
99
118
24
31
47
257
54
181
157
75
55
83
111
122
65
113
198
244
231
181
50
47
73
72
41
159
79
66
47
34
181
90
100
87
268
46
55
76
81
88
126
125
63
27
217
29
108
141
94
54
72
27
69
166
97
89
73
24
68
286
50
263
186
61
219
6
172
65
174
97
195
69
81
10
49
61
92
23
155
84
142
43
82
260
311
69
65
43
40
56
36
76
191
96
110
48
37
140
177
285
54
47
9
59
80
34
177
82
96
36
73
71
75
157
97
179
232
94
171
30
47
12
263
140
42
124
326
274
20
99
65
46
99
238
129
128
47
25
42
58
52
81
107
14
108
134
77
155
73
186
77
233
35
70
32
223
159
89
91
127
58
320
59
119
105
170
51
49
110
215
66
44
173
86
108
25
120
92
177
119
142
95
161
111
116
91
62
257
160
38
99
310
32
66
136
130
46
146
139
69
39
98
264
109
71
60
177
55
262
58
79
218
122
29
88
150
61
202
205
21
50
165
12
138
238
163
84
90
170
113
92
28
47
88
62
103
33
13
56
35
195
160
59
125
25
61
38
156
84
190
53
42
92
90
117
28
125
285
142
36
151
46
55
21
112
101
45
138
44
110
70
186
160
138
43
248
91
139
169
113
65
44
86
76
190
119
60
181
51
123
55
266
34
148
140
294
101
166
46
78
40
63
289
26
135
36
171
92
120
121
126
190
79
144
29
9
50
144
42
133
143
89
27
148
70
191
186
151
81
261
127
165
32
131
215
285
74
31
24
140
88
70
68
36
168
38
117
229
335
118
75
98
31
107
89
124
31
170
49
102
154
65
231
55
213
155
84
96
136
154
283
7
74
14
61
152
145
42
128
36
56
130
125
113
61
78
30
70
12
61
46
66
36
156
36
44
24
134
153
54
340
95
43
210
160
348
19
366
16
60
201
58
55
37
92
67
108
17
216
22
43
86
78
237
14
151
64
22
55
89
259
31
12
151
146
26
73
59
141
102
124
96
40
137
122
151
307
100
84
175
207
183
278
100
60
305
131
255
148
115
61
38
104
31
84
27
87
115
212
41
217
60
24
121
146
233
143
131
291
80
25
82
163
26
80
47
99
233
29
126
43
157
78
437
147
35
71
103
167
204
192
91
6
33
203
33
252
42
171
83
96
34
43
118
228
198
122
26
178
45
122
308
80
78
75
124
60
175
146
99
150
134
153
9
7
27
204
64
82
139
43
80
102
98
63
22
219
47
92
117
156
66
20
128
33
61
53
41
74
101
116
56
65
63
215
184
39
157
65
47
71
38
484
66
223
50
21
196
201
49
107
133
75
323
140
266
209
185
12
253
168
105
64
49
115
286
107
103
257
98
57
55
47
279
51
60
9
89
137
15
228
76
90
169
33
107
40
164
47
140
74
225
52
156
78
53
204
80
244
82
9
87
77
207
109
284
334
71
60
108
143
168
48
116
306
125
105
30
238
202
75
75
115
32
28
37
57
96
260
83
37
62
48
100
84
70
92
91
41
58
291
191
110
107
26
35
80
76
141
113
161
55
37
20
88
36
158
107
199
75
61
100
173
310
124
49
77
33
38
31
134
254
78
102
76
31
45
44
78
113
24
229
171
147
290
224
161
129
128
61
106
108
40
158
16
120
130
54
143
158
324
74
81
94
105
85
81
137
247
134
205
409
57
62
272
51
150
30
178
100
145
52
42
55
211
35
78
21
88
42
94
171
97
174
271
61
132
162
187
156
39
23
348
31
118
73
48
78
102
57
195
49
41
43
175
57
49
152
110
109
146
144
81
75
16
46
61
78
268
41
112
72
30
97
227
129
63
21
96
142
213
33
100
83
9
321
103
194
119
39
52
17
220
34
43
81
92
20
134
12
101
32
128
180
45
297
314
101
78
97
38
30
66
51
277
183
97
152
52
16
39
62
119
43
178
22
127
72
121
91
182
35
109
143
22
43
98
41
121
24
244
73
61
91
121
77
127
151
27
30
235
74
48
71
29
23
209
146
91
19
135
19
23
253
39
41
34
128
132
86
58
277
166
97
65
30
73
23
14
84
81
207
51
46
55
85
98
28
445
38
43
51
31
317
119
181
213
204
38
52
133
54
106
116
229
118
116
260
85
192
116
51
85
130
31
165
206
92
164
201
83
68
90
114
63
68
136
93
124
53
342
205
86
54
90
124
152
22
304
29
164
186
99
110
47
219
233
38
305
57
36
69
197
153
47
145
74
55
77
208
67
123
158
56
120
105
13
84
57
157
41
52
62
57
100
69
163
172
34
153
43
25
67
64
98
140
27
155
244
96
142
76
53
225
44
143
63
89
150
21
13
49
54
190
73
65
27
285
192
71
45
59
11
21
72
132
41
46
270
29
79
161
63
77
209
236
59
38
91
416
54
81
102
77
36
128
145
95
57
239
137
52
36
110
160
449
117
172
130
93
22
8
184
84
279
98
43
30
139
98
124
90
59
65
18
154
69
139
246
121
385
169
87
21
58
181
207
220
68
178
79
85
62
152
33
92
86
49
78
29
59
37
53
102
86
142
154
246
102
289
340
166
73
41
77
39
51
114
112
57
94
132
256
224
110
404
50
109
252
119
103
128
89
221
196
132
101
67
181
22
62
173
124
83
133
140
250
102
103
242
170
99
48
102
181
175
5
105
78
34
140
23
113
87
31
18
105
76
39
22
56
166
113
156
218
51
158
51
142
147
73
65
126
25
434
114
74
56
29
147
216
248
112
196
56
99
206
152
283
166
144
65
210
106
172
72
156
103
132
84
206
51
85
54
205
55
228
13
210
112
284
134
35
88
126
149
73
109
90
42
52
143
116
55
46
116
105
45
64
47
200
85
18
194
39
110
68
44
23
105
15
61
276
146
69
50
244
121
93
117
118
25
74
127
42
103
155
15
303
153
69
13
249
81
28
21
52
80
53
145
230
134
202
36
103
41
41
71
124
150
18
96
117
124
22
31
168
128
161
134
194
56
120
137
73
77
13
74
252
40
75
47
74
154
72
61
101
53
106
28
59
81
60
129
203
114
129
197
43
195
72
46
108
18
15
85
74
178
74
85
268
112
229
39
57
67
53
31
96
88
61
235
298
52
54
160
73
99
65
94
172
80
52
195
62
149
138
21
61
20
85
179
76
26
115
144
37
66
39
95
157
116
66
26
31
232
16
82
95
46
83
135
137
82
40
138
103
189
37
150
108
53
103
309
94
122
70
254
93
113
59
216
136
54
79
133
83
51
39
52
163
109
43
40
95
250
15
64
116
21
56
109
348
50
179
40
124
146
49
248
82
192
191
162
115
37
90
115
40
116
33
48
66
106
107
170
100
53
114
159
72
163
122
92
45
123
125
133
59
85
60
142
136
134
31
94
135
275
69
186
33
70
90
110
153
223
34
229
39
23
47
276
213
52
30
67
83
122
69
43
177
142
39
85
150
78
169
273
43
138
82
139
189
249
79
234
71
217
104
77
17
100
101
198
11
75
89
45
114
50
54
66
124
101
144
90
153
92
21
134
247
222
220
53
224
226
238
61
159
184
101
188
84
61
294
174
91
58
57
204
81
277
67
66
223
295
114
159
196
134
46
86
50
30
39
174
201
168
23
34
163
86
83
37
51
43
138
207
64
52
135
106
257
62
57
80
259
51
10
58
146
76
83
176
146
91
155
96
192
191
65
79
144
176
177
22
62
363
100
121
167
329
48
135
104
53
22
49
82
99
151
49
176
116
41
194
6
67
74
60
124
80
80
76
43
154
32
87
50
50
176
183
189
61
213
66
60
62
271
62
118
25
81
64
19
78
134
146
33
52
161
30
56
117
46
176
73
105
141
187
78
65
43
58
84
153
162
186
61
61
39
444
26
72
76
50
53
93
36
196
347
96
76
61
183
80
69
36
105
195
292
206
188
27
12
16
103
107
58
89
85
146
32
42
97
68
64
61
223
170
31
116
114
118
164
5
88
71
75
64
193
150
51
118
28
103
87
134
80
22
186
41
97
14
31
58
150
211
72
82
266
161
66
357
225
219
134
147
77
36
343
24
36
28
23
234
37
74
61
99
157
123
126
70
90
51
25
136
48
35
44
45
57
37
32
122
207
75
152
69
64
76
172
51
34
33
27
43
52
10
207
167
72
99
75
65
63
145
28
106
68
84
83
45
206
126
24
44
86
119
88
113
143
135
99
138
148
71
131
87
56
123
309
191
22
117
42
89
20
29
105
186
57
74
123
27
75
45
190
149
30
113
184
286
21
86
44
78
121
101
34
79
33
119
113
317
92
356
96
32
108
41
159
73
44
78
149
237
220
136
354
308
75
85
131
239
64
74
80
92
46
46
53
159
200
145
64
231
10
206
92
78
108
187
266
177
29
86
62
114
224
165
34
26
53
111
232
393
23
74
208
89
49
108
147
40
81
68
150
188
60
158
84
114
170
83
48
38
58
68
157
12
353
116
187
172
119
317
42
141
21
353
177
92
83
261
54
110
23
45
32
12
72
30
87
58
137
159
80
154
25
46
193
56
49
93
19
123
36
170
37
24
34
84
116
83
94
105
302
103
30
119
174
154
90
34
164
58
124
55
55
28
135
59
230
54
66
131
124
125
52
63
19
38
33
191
70
106
78
188
73
56
74
140
258
91
25
61
261
239
110
110
205
132
101
84
58
38
104
98
76
12
58
51
198
231
38
151
39
126
31
23
34
259
102
211
81
128
90
78
13
201
76
177
86
68
68
39
42
53
119
248
149
33
85
153
114
139
20
78
112
71
54
53
271
143
138
15
202
102
84
108
82
54
50
152
82
191
66
104
76
112
36
72
197
162
48
31
154
88
344
118
119
229
316
129
119
391
69
68
67
94
54
35
27
96
38
31
59
102
44
48
51
61
92
53
181
254
50
197
218
56
81
63
32
71
83
124
52
92
69
150
73
290
28
17
59
33
44
261
126
79
56
229
27
68
39
304
77
84
123
108
111
97
182
50
57
184
238
32
119
35
55
29
116
130
261
171
199
93
142
208
110
114
45
85
143
26
109
58
176
270
50
148
16
174
161
49
140
228
107
40
100
98
196
43
67
84
22
105
13
182
40
169
142
125
151
125
99
93
12
100
89
192
27
12
199
168
43
40
64
61
105
48
94
66
70
159
57
71
36
118
72
88
189
54
79
82
24
158
137
101
123
46
126
239
57
34
283
43
59
318
147
35
87
22
310
111
39
18
87
56
75
154
15
130
153
63
41
191
161
124
99
34
165
77
262
148
116
284
118
123
72
48
180
73
38
54
189
20
43
81
234
103
58
33
108
47
10
38
94
115
223
113
302
144
162
85
202
181
112
183
295
43
103
39
49
15
60
125
37
26
251
130
41
279
66
127
101
135
244
275
173
240
52
65
71
74
99
284
105
9
44
251
111
226
173
38
69
25
32
102
56
133
70
59
115
235
50
242
40
155
36
79
105
140
193
339
100
75
46
172
14
171
101
46
95
61
31
198
163
77
64
78
65
108
158
52
79
17
125
126
60
32
57
60
71
22
195
84
277
197
159
34
39
47
37
135
33
56
133
65
12
99
183
104
192
201
253
80
29
107
172
129
67
40
66
51
66
106
68
308
297
25
58
167
105
121
109
106
66
80
53
21
325
74
77
159
216
123
250
28
88
36
25
83
38
74
76
191
52
63
118
35
39
36
81
61
38
67
147
279
210
88
92
131
351
92
78
101
128
283
20
132
240
245
236
59
340
99
171
207
88
100
87
178
399
118
316
187
50
57
176
134
155
99
40
129
99
99
17
47
29
18
153
36
274
122
126
174
38
61
123
90
358
148
49
32
39
33
165
77
73
38
267
141
43
79
43
29
88
191
17
158
157
92
135
25
99
36
92
50
56
76
138
53
88
42
25
219
80
54
212
248
156
165
88
53
89
59
130
66
214
117
30
192
31
131
91
46
72
58
56
77
28
254
201
101
20
103
370
34
92
39
130
28
178
136
173
174
24
79
208
91
30
121
13
59
327
126
23
77
74
158
110
259
134
39
99
106
14
64
155
217
57
137
38
41
105
64
69
77
153
32
353
27
33
339
122
100
47
192
136
100
65
126
72
185
140
76
34
25
63
40
64
107
81
33
71
114
148
138
124
65
268
47
88
77
53
210
15
114
108
167
99
225
110
113
220
26
57
54
40
144
97
425
27
40
144
150
278
36
40
113
25
39
68
154
42
258
49
135
46
191
66
178
95
134
116
72
32
151
59
92
61
49
146
122
147
98
172
105
80
235
104
101
99
29
36
84
231
66
38
20
11
87
236
59
317
131
90
81
182
155
146
85
120
54
125
297
37
60
70
43
39
133
55
44
182
181
251
128
80
88
127
35
123
60
151
241
161
30
53
35
76
318
66
264
49
236
143
47
41
129
291
203
26
253
69
89
31
43
27
40
33
111
100
67
218
151
56
64
85
170
80
271
101
80
106
338
39
132
105
106
340
344
156
53
239
189
75
108
73
78
42
77
125
44
37
212
463
47
91
100
188
42
54
131
21
101
66
52
120
56
47
191
62
57
53
42
40
165
112
154
52
140
25
44
36
11
75
132
98
97
28
143
83
129
103
117
119
31
49
55
349
165
67
18
51
136
30
186
163
42
23
403
50
53
368
105
134
39
104
30
27
361
153
20
127
330
66
159
240
51
51
158
28
51
52
42
56
196
192
54
63
114
142
110
168
140
14
126
31
38
198
77
104
285
25
20
153
94
88
63
194
120
13
97
58
45
112
29
36
363
50
320
43
33
30
11
81
45
50
228
322
298
78
44
29
25
349
161
127
71
149
41
163
25
32
118
131
39
152
19
118
24
78
198
89
137
62
112
297
40
110
23
49
272
142
55
322
49
236
164
36
295
114
61
92
197
231
11
145
77
128
67
33
188
123
242
100
67
116
24
34
35
59
115
62
99
136
30
40
59
157
154
193
48
190
140
123
171
95
71
98
195
290
102
34
112
85
87
42
126
28
69
31
145
36
94
109
104
155
101
32
88
175
129
35
63
63
91
158
131
139
145
41
143
85
65
104
36
69
122
78
258
109
317
214
121
150
148
58
264
133
125
60
87
116
32
135
189
68
20
138
13
281
168
15
30
47
70
70
148
45
65
37
108
284
29
121
121
45
131
72
177
60
66
215
132
51
573
140
241
117
117
14
74
149
225
26
70
145
47
154
109
138
77
55
12
26
103
111
11
69
114
178
26
36
202
20
15
177
24
97
94
57
77
106
28
82
102
166
145
80
84
165
102
131
371
130
67
200
300
100
225
89
23
20
155
38
95
75
113
8
95
79
128
293
77
119
30
83
60
90
34
105
63
104
52
55
55
53
53
115
105
59
54
95
40
145
144
150
226
150
71
98
53
231
21
36
83
85
16
208
157
45
45
300
57
98
127
116
98
15
59
158
31
142
57
18
52
17
64
55
103
74
127
62
22
349
31
62
152
23
50
263
296
136
167
42
121
73
36
53
145
205
16
240
41
137
55
21
153
21
57
102
187
189
116
132
40
129
150
37
33
8
129
169
70
99
28
39
35
314
85
18
67
112
104
51
334
220
164
35
102
150
41
62
119
29
51
246
65
65
148
130
119
44
43
77
152
176
181
24
159
21
112
23
193
201
87
111
102
52
28
194
63
143
101
44
82
208
15
119
132
369
111
99
90
143
79
219
143
243
36
160
73
58
92
123
136
62
57
42
231
321
206
138
185
243
57
85
94
38
70
75
106
127
47
193
123
25
55
164
72
143
81
34
71
39
36
115
62
49
200
177
39
59
210
260
149
207
120
112
72
30
56
49
16
140
219
175
126
86
71
89
136
233
171
68
173
68
77
51
254
180
62
115
130
56
89
130
52
199
56
309
184
214
59
147
72
91
67
114
161
114
178
55
34
139
321
253
68
69
47
51
292
89
186
165
49
89
13
117
90
109
58
73
50
243
130
26
55
44
34
97
50
170
153
330
36
89
69
114
93
95
86
127
48
182
113
88
121
211
75
48
146
74
28
50
231
46
104
59
18
74
73
57
62
148
118
69
80
64
219
50
154
19
174
106
155
96
40
139
134
111
132
80
342
196
116
206
334
140
76
75
93
87
179
301
13
72
119
59
63
30
93
52
211
134
141
355
212
30
36
27
28
126
117
148
204
329
121
48
146
34
107
50
183
28
22
235
67
258
42
88
51
75
60
67
196
99
370
34
96
17
105
95
361
67
47
97
140
101
233
17
190
32
32
41
42
108
12
41
33
17
126
24
83
114
101
29
144
18
64
136
81
324
96
69
24
215
104
54
133
230
208
31
233
86
188
105
382
101
88
16
36
200
76
121
210
70
126
118
135
170
146
144
140
180
49
177
58
108
54
49
79
132
95
84
92
38
243
16
130
131
61
167
114
34
65
43
114
166
36
50
64
60
409
11
12
106
72
56
130
206
295
45
213
234
147
77
135
184
168
84
135
90
214
229
43
92
143
146
61
268
108
158
22
37
70
336
162
128
53
112
130
216
117
36
292
38
116
114
77
112
43
54
39
304
36
112
47
181
156
135
277
47
40
48
71
67
240
136
99
15
86
103
192
162
101
118
74
10
57
43
24
56
67
64
139
207
20
243
82
59
35
44
101
88
184
226
244
74
161
212
40
58
30
141
98
101
78
66
195
188
178
201
111
121
235
196
123
49
181
64
195
301
342
92
51
81
143
36
36
53
248
54
128
42
68
32
182
107
33
72
64
75
112
130
77
397
29
94
101
113
38
44
30
127
112
47
227
97
7
29
102
244
135
97
30
108
154
62
112
22
108
236
157
268
94
130
44
47
29
22
244
66
112
67
104
39
77
176
261
130
11
61
305
127
139
50
47
53
137
253
19
203
15
125
190
45
173
160
120
72
71
275
206
136
269
30
109
47
34
24
92
98
27
185
94
192
100
55
69
50
123
44
55
22
78
277
133
36
337
81
176
140
85
151
29
48
59
101
135
37
30
29
29
85
83
155
244
173
41
132
17
49
69
54
185
106
77
58
16
78
57
108
84
86
78
30
111
39
79
107
135
66
71
153
158
44
95
224
93
63
190
98
165
85
113
192
22
281
65
127
175
83
26
119
91
87
196
112
45
64
135
32
85
283
198
39
160
243
137
61
35
77
93
123
172
28
44
106
91
68
88
71
90
37
90
29
32
169
135
225
266
255
60
39
84
144
321
213
63
205
134
238
144
242
33
26
124
74
124
224
197
66
310
127
33
32
22
225
90
133
184
172
279
28
43
149
305
41
123
262
89
48
88
138
69
155
57
81
95
55
199
71
45
119
77
78
43
13
164
27
61
169
97
136
57
18
100
156
53
64
89
67
133
61
180
155
76
193
93
222
112
80
91
18
43
29
195
87
52
83
123
251
60
24
139
132
42
95
74
105
62
291
37
108
197
166
45
31
116
122
76
78
42
122
54
94
68
145
44
34
20
61
123
63
61
306
20
48
80
80
146
94
161
46
89
263
20
69
41
63
166
115
201
99
59
192
64
71
69
73
147
226
211
121
35
122
46
87
123
63
69
194
117
104
55
38
69
48
50
10
43
71
351
63
112
202
121
148
33
119
53
217
183
144
46
144
433
22
42
191
42
138
24
23
86
237
32
66
155
252
44
192
176
6
19
372
258
118
47
41
153
110
89
80
379
44
128
20
351
63
11
131
97
40
81
152
65
58
46
98
196
69
105
137
64
124
49
70
177
128
113
39
20
34
85
67
115
92
26
58
199
162
134
247
278
79
58
254
98
109
192
116
103
238
111
147
78
52
77
49
25
30
42
62
108
79
266
70
128
79
28
92
378
50
105
113
37
61
23
77
89
63
184
207
115
77
344
128
27
126
179
51
99
187
216
92
188
14
193
240
19
82
189
80
89
53
58
34
177
216
57
128
102
111
76
135
156
102
17
57
94
101
179
146
118
70
276
64
47
36
187
82
51
131
118
80
77
137
175
56
46
133
30
89
277
211
41
21
68
51
154
166
19
237
42
225
90
181
317
310
189
12
99
75
147
52
148
127
135
70
161
37
77
113
65
78
86
48
82
57
32
21
122
192
68
75
73
81
113
198
176
142
153
185
73
202
82
38
36
288
39
39
69
21
16
35
34
91
30
96
52
27
124
71
26
73
235
118
101
157
179
78
68
61
107
141
156
27
161
166
181
49
33
226
65
22
131
93
212
47
21
273
47
113
183
16
51
86
48
66
60
164
189
331
133
129
123
35
23
59
153
54
73
227
76
62
61
63
70
166
163
92
146
143
67
191
128
233
21
149
94
141
66
37
171
217
103
76
182
33
20
105
27
100
23
80
27
190
43
34
188
302
59
92
194
87
74
71
164
74
110
38
221
198
147
70
42
71
125
64
145
56
32
201
93
89
131
15
97
138
185
216
144
63
52
221
55
64
60
76
42
49
75
126
195
81
27
263
134
48
21
297
342
30
208
348
31
106
40
258
77
30
30
167
197
68
197
16
165
190
230
40
323
40
42
49
230
100
76
68
112
150
19
56
165
62
68
32
96
18
139
207
50
62
32
206
35
19
225
205
211
313
219
125
32
28
143
134
215
18
31
31
21
78
181
31
234
26
29
210
123
90
160
53
106
127
50
169
195
43
49
88
399
106
197
99
66
165
35
140
19
149
71
192
90
40
51
401
164
312
152
183
130
268
119
96
226
362
63
98
217
135
43
160
28
136
41
93
91
192
208
87
93
101
23
179
144
45
223
94
97
17
114
192
75
91
177
114
80
86
99
249
160
71
207
46
139
119
35
208
97
83
122
217
172
115
283
70
140
105
173
44
16
86
138
166
103
162
224
117
282
85
89
100
73
120
88
129
64
140
94
197
36
228
36
243
20
210
62
27
37
42
36
289
57
84
82
10
270
276
12
175
148
107
64
126
155
250
75
95
271
172
182
69
197
65
58
151
259
314
389
101
160
40
313
226
100
140
50
105
170
29
204
128
111
6
93
128
423
38
148
31
63
228
94
81
16
114
171
90
73
69
100
52
198
26
139
227
17
46
33
179
161
78
48
58
133
196
100
101
231
92
61
107
109
194
62
30
98
193
44
104
372
179
70
193
59
8
84
222
67
256
342
211
190
11
234
92
157
63
13
396
90
78
34
97
25
131
248
37
272
187
35
56
31
79
115
224
36
196
73
19
82
35
14
74
146
78
135
105
65
51
141
107
34
66
94
133
113
129
33
40
252
291
29
65
167
174
80
202
154
215
135
60
153
133
220
324
414
71
235
167
44
82
201
104
40
44
42
69
41
73
98
345
135
49
25
120
118
73
264
277
121
223
75
136
74
93
62
200
283
70
141
26
94
58
54
297
369
34
57
221
84
126
173
189
49
87
61
105
62
52
61
5
89
68
80
40
75
128
22
59
234
52
120
92
181
213
34
166
11
142
156
95
199
118
136
92
49
30
89
228
49
124
28
71
149
113
165
46
131
140
103
37
238
45
134
67
143
69
158
68
154
112
42
12
29
357
276
109
52
28
62
67
48
111
38
56
141
85
127
96
58
149
76
69
189
61
58
60
45
164
26
85
81
98
66
90
75
156
23
277
225
136
95
130
62
39
152
69
111
207
139
26
104
121
192
138
37
63
154
127
30
124
102
196
97
168
216
103
67
80
34
57
54
32
25
211
24
15
126
109
61
73
18
146
212
30
246
71
55
53
247
56
171
29
158
156
211
70
135
220
133
71
66
118
76
379
77
228
134
98
225
113
16
75
29
187
207
210
148
80
57
155
41
251
134
41
103
330
257
167
63
87
81
164
82
43
97
231
82
168
85
301
148
59
9
197
84
153
43
130
164
95
71
81
68
194
80
275
114
123
106
110
96
122
10
171
72
42
36
53
65
23
71
220
56
55
28
125
113
371
93
350
37
80
125
115
90
25
167
282
41
36
25
38
112
384
16
47
97
46
65
210
79
78
128
98
68
92
30
318
98
10
44
134
69
81
123
71
88
91
23
298
80
56
190
169
266
96
52
45
83
80
46
168
163
83
58
198
187
287
92
98
164
43
59
194
69
175
97
42
28
60
166
137
119
58
306
136
78
236
4
110
213
43
129
17
141
100
69
38
30
99
56
61
341
61
48
54
44
204
144
112
150
98
57
85
72
92
158
77
56
27
132
109
62
63
38
213
121
106
66
256
122
68
113
121
115
214
70
45
57
18
81
155
96
14
78
12
45
28
148
44
75
26
292
186
153
84
97
222
44
152
18
128
82
111
148
45
64
112
52
88
41
150
202
116
37
31
154
205
162
84
253
77
22
118
280
157
26
255
98
23
373
66
119
23
76
28
82
118
60
311
89
69
48
88
67
97
98
58
34
107
53
193
52
125
194
34
67
25
58
52
181
116
114
111
135
75
101
101
52
165
32
108
37
105
187
120
20
194
90
36
43
246
150
120
144
16
104
270
17
66
51
36
90
31
87
38
123
169
211
23
182
73
162
130
29
37
91
214
75
329
166
104
55
107
120
125
135
66
212
205
190
88
99
105
9
219
52
124
271
33
59
116
63
66
30
42
51
112
88
261
29
36
56
242
132
109
39
121
44
83
117
66
79
91
87
216
49
60
152
340
28
222
164
49
95
19
110
20
22
182
299
30
102
156
45
119
80
47
30
164
155
130
158
116
126
49
151
61
147
175
141
56
117
147
121
266
57
139
17
114
29
52
105
43
131
118
110
53
71
64
65
149
80
320
114
250
31
201
103
83
61
82
28
367
176
21
29
36
82
62
179
426
25
44
113
154
37
203
103
47
35
42
74
90
161
317
93
106
40
103
48
57
84
226
121
140
122
83
195
309
186
74
189
188
198
70
155
40
59
242
160
75
45
50
25
43
30
68
153
122
46
56
90
179
17
201
51
182
130
55
20
95
81
52
86
295
82
51
32
89
27
115
66
23
102
184
226
152
150
52
99
63
45
58
16
40
139
57
45
41
68
67
144
162
61
160
206
155
140
107
101
43
35
102
114
117
193
29
118
89
64
13
14
70
30
65
35
71
96
242
45
99
105
65
137
172
15
86
100
290
73
71
150
72
41
7
169
128
145
152
46
77
156
142
245
29
89
41
154
80
51
92
315
205
260
377
63
41
37
19
54
22
71
12
58
77
59
47
50
90
50
35
233
96
405
73
132
242
106
104
132
61
144
36
19
428
240
133
46
74
99
67
124
38
69
133
10
235
187
40
8
28
42
38
165
71
167
81
38
149
70
70
51
52
67
142
95
61
88
76
56
202
82
75
169
135
29
118
120
67
19
107
224
107
151
121
74
36
83
57
59
35
83
74
208
162
285
77
32
71
102
48
50
23
357
86
72
52
126
231
79
52
80
74
8
70
57
39
54
361
197
187
67
43
37
17
162
59
89
35
81
56
291
76
158
79
119
272
36
122
148
58
72
53
129
89
35
176
37
23
53
179
100
109
118
37
88
127
218
171
56
291
77
51
158
140
34
137
37
148
151
324
69
84
39
118
150
33
178
65
108
39
164
22
208
78
22
169
459
50
173
140
15
167
45
123
80
64
345
138
95
121
148
36
64
143
176
55
78
98
72
230
97
82
96
266
58
30
312
45
37
114
25
248
92
256
50
84
130
159
218
22
29
90
113
74
69
56
147
61
40
270
37
62
48
137
83
297
43
70
144
69
238
52
30
115
31
45
179
90
225
91
51
159
121
79
55
71
98
144
103
213
106
103
359
143
155
23
108
211
84
39
185
327
296
107
13
390
293
57
119
193
148
34
304
144
84
30
63
109
49
144
184
44
37
117
50
342
43
106
22
156
97
63
167
27
137
183
69
235
57
27
264
308
71
56
85
125
142
125
79
137
197
223
178
185
103
93
253
99
147
170
193
88
54
81
185
106
83
136
64
69
64
108
158
134
288
67
89
39
79
26
171
141
96
136
69
35
327
69
32
124
198
36
36
11
84
25
108
96
179
37
25
26
77
110
36
48
43
38
212
35
51
53
30
94
199
53
73
85
404
81
61
30
93
39
115
89
89
96
171
78
22
92
174
71
101
119
134
85
365
162
158
41
39
85
59
78
30
89
100
70
17
81
109
124
61
52
135
77
38
75
149
109
25
71
138
58
37
69
11
120
250
80
312
69
76
99
137
111
154
18
85
311
83
108
93
50
203
47
103
59
264
92
56
75
111
31
65
113
279
144
193
69
261
100
154
53
65
78
89
190
129
104
28
166
84
141
38
99
144
50
43
136
17
53
70
41
39
302
209
42
53
69
19
101
65
87
222
157
173
51
48
44
147
59
128
42
108
106
177
25
102
29
60
124
36
32
47
149
173
77
129
237
23
297
40
62
95
89
249
78
97
33
167
64
26
161
41
56
21
52
213
62
48
28
149
71
51
123
235
52
47
81
309
27
138
119
263
12
55
90
85
172
47
103
67
54
35
107
113
89
134
49
131
53
69
132
67
170
68
80
69
81
63
80
56
22
167
84
90
296
21
15
183
101
13
61
42
58
87
344
225
14
257
37
89
22
100
88
32
43
88
45
30
261
33
70
18
192
171
76
68
187
102
40
90
5
126
106
116
135
239
182
249
67
199
168
64
122
131
107
192
169
440
20
80
116
151
70
167
344
123
43
141
50
60
307
40
126
47
264
176
84
41
89
77
258
200
45
191
45
54
90
138
57
19
131
130
233
150
23
130
141
34
29
189
140
70
36
84
103
181
101
30
181
171
78
86
77
83
147
107
187
36
13
31
41
259
133
288
152
87
85
387
227
100
76
76
39
291
72
58
125
58
45
161
82
10
115
99
65
97
65
227
210
59
11
109
28
132
19
93
126
100
129
95
204
6
48
172
65
140
76
84
74
184
351
87
290
110
90
94
61
97
77
88
175
109
70
45
126
69
68
22
105
143
285
154
34
212
48
67
72
39
64
146
268
48
233
86
46
13
137
94
99
77
49
134
204
95
252
135
97
28
58
36
67
57
62
228
205
52
132
10
172
219
82
143
187
237
51
137
343
209
216
31
61
49
79
99
102
49
105
19
22
117
116
174
15
42
17
77
239
152
44
29
44
344
45
207
47
43
261
31
32
78
110
100
24
40
76
139
43
77
64
41
382
61
183
144
128
47
43
97
13
38
137
34
51
146
123
157
278
65
84
128
27
86
45
194
50
101
87
110
48
164
198
120
28
160
156
106
70
27
123
47
42
26
171
92
136
277
33
19
227
78
339
136
238
51
92
36
174
196
65
62
177
156
26
124
19
185
62
136
181
114
280
81
60
161
314
39
106
30
150
57
286
96
140
51
248
72
34
309
28
131
35
216
53
38
183
139
130
102
56
35
70
107
40
41
68
54
158
248
86
80
120
171
105
131
73
204
22
134
119
26
96
210
100
13
66
74
139
122
5
23
42
229
203
166
226
42
111
134
214
43
36
105
25
55
300
33
26
155
90
43
132
103
106
34
46
116
160
198
37
22
30
105
97
140
91
210
106
299
37
40
38
166
35
94
37
94
413
193
350
206
137
310
71
56
39
100
129
165
232
166
63
78
234
90
108
107
52
229
145
89
105
140
189
37
198
46
31
133
201
99
117
85
15
124
77
97
298
65
55
83
155
81
76
33
149
36
32
287
120
143
144
192
177
34
103
101
295
190
62
46
37
465
301
111
60
97
150
111
109
76
30
272
242
47
35
88
31
72
71
42
77
33
172
29
47
45
140
200
90
341
105
334
158
107
81
236
65
265
49
84
33
101
60
150
78
232
159
14
340
50
9
71
69
22
59
97
28
147
163
246
324
42
98
29
102
40
82
127
131
107
145
55
139
167
249
248
51
126
18
48
80
129
60
160
205
22
162
162
55
124
63
98
31
36
27
45
34
211
123
70
52
138
111
119
39
40
36
156
36
93
42
50
33
24
49
12
197
241
287
227
68
217
27
21
283
151
41
47
82
143
49
46
26
366
195
127
91
191
116
207
80
123
54
64
30
14
75
230
69
111
102
113
61
78
67
90
109
40
77
67
63
45
67
152
36
24
112
132
126
72
350
125
68
113
138
113
84
43
81
97
189
358
98
40
116
354
131
64
53
61
26
81
105
99
20
58
106
221
68
80
54
73
59
85
120
31
292
177
45
68
23
22
141
250
66
101
225
60
145
85
94
348
45
85
278
150
54
172
47
123
151
22
89
414
67
239
131
30
129
86
32
300
78
92
304
241
217
18
142
101
48
153
244
84
85
83
214
99
218
15
180
191
157
99
106
143
184
220
73
28
117
71
71
43
41
71
138
19
64
169
153
259
140
71
25
92
157
206
168
110
84
66
42
109
177
22
14
95
125
44
265
147
179
125
216
128
129
71
157
71
267
24
28
184
104
73
91
265
52
302
81
85
175
117
214
240
58
120
82
42
121
290
74
408
259
84
86
90
162
94
92
109
15
193
43
70
141
118
82
203
98
251
151
44
86
33
14
17
26
12
197
115
57
202
117
391
16
27
59
91
114
119
31
49
210
39
39
87
158
18
55
162
154
135
195
71
120
124
56
152
120
162
162
63
92
89
75
35
108
50
190
92
92
110
17
28
75
73
129
192
112
107
22
91
347
113
98
164
197
225
153
30
52
142
96
59
133
191
222
50
94
52
32
28
185
157
83
51
147
22
16
60
61
321
86
73
164
399
48
59
241
58
209
172
54
15
65
148
87
274
68
63
139
21
10
51
73
29
27
137
180
185
95
84
77
80
56
98
57
49
104
70
119
49
105
54
250
131
90
75
40
135
208
38
47
106
134
63
123
123
185
54
34
149
76
39
18
249
21
73
74
76
55
11
218
142
125
176
104
91
186
119
133
203
237
38
122
64
51
91
46
82
173
88
41
38
48
91
103
161
66
28
27
74
113
78
58
46
131
71
148
160
305
21
151
40
103
46
97
131
81
137
58
45
274
27
302
229
143
52
333
74
45
32
110
260
68
221
60
116
124
39
104
111
17
140
266
138
23
190
74
27
190
155
86
47
66
68
87
110
193
35
15
72
79
83
93
56
58
184
21
67
148
125
147
216
394
122
43
112
126
31
76
179
131
280
99
76
24
103
68
56
19
49
163
31
147
159
148
68
207
56
294
115
105
35
92
134
367
72
253
92
22
90
106
133
141
43
17
125
103
29
78
58
70
232
245
165
118
110
85
132
206
42
23
146
138
395
130
192
155
58
176
142
61
175
83
28
63
47
121
19
188
75
25
121
261
18
193
49
77
46
30
69
180
123
24
64
213
63
97
57
178
88
27
50
29
52
64
112
86
91
71
78
210
95
101
43
97
74
70
35
162
90
97
211
106
49
33
124
34
122
31
82
65
66
30
103
66
232
140
142
118
101
47
32
59
82
148
58
17
290
67
101
48
70
297
27
56
132
163
35
67
64
39
120
50
245
209
77
36
78
110
53
200
108
129
89
16
110
44
65
46
212
190
361
54
171
37
224
211
99
91
171
58
327
70
90
95
334
379
57
22
79
128
263
61
146
84
88
56
87
179
56
292
115
128
265
81
132
113
121
324
6
67
218
206
134
120
72
244
57
142
27
156
86
60
197
61
113
79
34
69
189
15
51
56
277
188
160
119
277
46
108
34
113
29
194
28
103
29
160
35
114
40
138
145
88
89
105
191
100
291
134
69
16
29
320
44
392
94
32
24
269
98
84
25
60
269
97
81
112
28
195
15
61
111
85
27
196
27
61
26
15
76
36
81
217
33
89
56
90
103
269
30
71
135
48
182
79
27
13
133
75
69
117
55
8
6
109
166
104
103
150
66
121
133
181
287
263
125
57
196
366
88
109
21
362
64
72
75
147
173
14
47
124
54
114
231
314
63
77
62
51
87
147
63
73
157
14
53
62
45
23
65
206
93
109
48
128
137
105
436
126
120
10
239
87
124
9
81
334
158
69
38
399
95
38
33
77
135
158
75
365
35
30
151
154
95
87
97
99
20
149
146
72
161
142
139
53
109
110
42
194
83
93
75
91
142
92
58
69
17
40
39
172
93
209
147
50
39
103
36
88
265
183
17
97
210
55
146
25
130
284
326
92
76
117
201
174
98
146
19
121
50
82
46
136
194
70
37
21
134
110
194
121
258
46
70
211
137
41
101
38
53
138
101
130
43
125
152
15
28
104
246
106
7
73
180
104
78
46
18
154
59
42
42
222
393
96
81
46
113
130
93
46
138
84
104
133
48
215
32
128
287
132
34
208
28
64
43
195
49
342
216
33
53
22
292
59
52
226
33
143
84
87
104
191
225
56
227
66
191
32
61
92
124
127
164
63
85
80
55
90
296
167
11
78
49
187
73
81
104
67
110
283
224
287
103
127
29
134
59
133
251
82
71
62
104
61
34
171
63
252
60
26
126
37
85
117
74
142
55
124
89
121
52
176
86
77
219
82
38
168
133
219
39
49
59
29
70
38
173
75
78
54
133
95
243
304
70
289
27
8
172
187
136
244
99
130
59
87
81
84
223
112
70
194
176
20
32
73
365
100
177
86
120
31
68
228
84
77
136
114
177
175
84
65
269
183
78
90
44
262
268
23
70
225
165
268
77
35
134
53
50
80
12
24
58
26
99
41
48
36
62
245
333
80
77
16
33
181
130
190
40
206
46
48
156
291
64
93
66
20
221
139
65
90
50
215
61
196
49
239
38
157
246
137
110
44
22
198
32
257
116
88
42
113
74
209
71
75
386
93
58
14
49
65
43
221
18
166
145
92
54
143
200
198
44
83
43
164
34
42
95
69
95
17
64
121
72
120
124
30
262
100
86
148
301
108
148
145
99
294
166
97
49
383
176
108
110
72
140
153
196
196
54
85
133
92
82
90
126
51
8
62
92
143
41
40
170
161
184
103
199
149
173
38
82
279
44
80
138
113
167
33
145
174
89
396
24
48
60
39
90
120
124
43
170
185
73
117
64
54
84
176
63
50
180
94
102
109
283
33
117
82
75
67
86
93
67
79
103
43
97
120
32
51
81
185
54
33
109
63
33
39
42
18
108
85
124
64
154
121
162
69
74
141
88
167
145
163
109
299
44
78
112
74
37
55
104
43
69
63
297
118
15
92
26
88
109
75
102
178
39
126
159
273
79
145
127
193
44
77
189
73
58
116
125
372
165
97
148
172
250
18
107
57
57
335
276
38
61
77
80
81
245
136
47
120
119
55
60
80
213
43
64
150
199
16
51
48
51
10
89
100
141
223
347
101
138
145
95
46
179
68
77
101
52
217
80
287
71
99
185
112
354
267
28
214
71
87
88
