3187
3190
3232
3195
3175
3306
3152
3126
3250
3228
3177
3242
3248
3064
3102
3040
3381
3143
3236
3106
3166
3134
3370
3344
3193
3194
3284
3358
3280
3192
3275
3339
3307
3108
3322
3214
3098
3380
3159
3137
3124
3276
3205
3033
3230
3104
3126
3255
3282
3220
3110
3211
3278
3407
3275
3082
3209
3131
3310
3335
3287
3154
3390
3240
3151
3371
3340
3248
3322
3353
3128
3092
3183
3229
3164
3148
3148
3187
3242
3255
3096
3258
3197
3296
3427
2979
3120
3301
3137
3182
3282
3201
3040
3188
3139
3261
3432
3332
3107
3373
3199
3307
3222
3085
3117
3298
3129
3160
3205
3317
3211
3141
3139
3289
3253
3238
3313
3298
3058
3084
3280
3115
3163
3160
3182
3163
3374
3240
3231
3057
3171
3311
3241
3285
3141
3305
3097
3173
3158
3385
3184
3233
3220
3351
3190
3275
3257
3225
3043
3063
3175
3361
3217
3172
3163
3420
3330
3314
3256
3268
3197
3259
3216
3373
3256
3118
3302
3163
3194
3169
3231
3222
3279
3134
3096
3220
3224
3101
3204
3127
3160
3009
3177
3247
3156
3254
3228
3083
3077
3138
3282
3216
3186
3144
3268
3344
3309
3249
3176
3228
3141
3167
3187
3181
3114
3233
3205
3273
3168
3452
3271
3288
3244
3136
3148
3064
3247
3171
3073
2962
3079
3393
3239
3298
3266
3256
3196
3123
3279
3093
3226
3348
3281
3121
3108
3184
3204
3153
3197
3341
3201
3236
3210
3162
3175
3198
3205
3101
3330
3258
3110
3128
3140
3080
3165
3109
3096
3233
3207
3280
3239
3186
3299
3022
3219
3273
3187
3367
3358
3245
3092
3122
3158
3235
3165
3228
3255
3392
3411
3247
3169
3253
3098
3206
3082
3202
3110
3030
3227
3121
3230
3105
3072
3236
3004
3287
3211
3265
3162
3373
3207
3280
3121
3120
3397
3216
3160
3271
3210
3274
3323
3201
3191
3176
3271
3216
3243
3222
3304
3259
3216
3208
3209
3177
3232
3311
3166
3245
3261
3375
3374
3194
3221
3285
3096
3220
3161
3238
3346
3352
3260
3099
3248
3071
3159
3306
3177
3168
3109
3248
3220
3174
3216
3141
3135
3240
3212
3141
3274
3124
3088
3202
3041
3193
3289
3136
3277
3247
3183
3203
3119
3355
3236
3262
3243
3097
3243
3150
3105
3189
3100
3176
3378
3275
3201
3260
3262
3390
3157
3197
3239
3195
3107
3296
3236
3244
3222
3224
3278
3048
3243
3107
3352
3176
3277
3181
3228
3182
3347
3133
3178
3278
3134
3272
3308
3120
3172
3188
3207
3188
3420
3178
3019
3188
3206
3172
3267
3164
3286
3054
3258
3077
3203
3083
3211
3273
3180
3080
3213
3121
3288
3384
3090
3265
3157
3159
3075
3085
3281
3307
3093
3075
3219
2994
3342
3109
3284
3218
3372
3317
3181
3215
3040
3241
3223
3158
3248
3287
3250
3188
3213
3124
3291
3133
3119
3290
3329
3371
3126
3091
3210
3261
3146
3055
3103
3066
3172
3242
3173
3188
3235
3065
3309
3098
3245
3199
3102
3349
3051
3277
3053
3235
3273
3159
3245
3191
3293
3021
3236
3132
3044
3310
3186
3191
3116
2999
3159
3250
3095
3183
3285
3201
3284
3287
3163
3262
3293
3132
3186
3302
3273
3214
3355
3255
3153
3190
3231
3078
3208
3292
3327
3218
3251
3104
3062
3119
3283
3170
3294
3136
3298
3201
3201
3164
3151
3122
3161
3231
3169
2950
2892
3193
3230
3279
3239
3299
3177
3116
3321
3151
3347
3159
3129
3164
3056
3179
3282
3288
3406
3174
3127
3170
3175
3387
3236
3237
3189
3154
3120
3121
3104
3261
3330
3227
3139
3083
3202
3109
3255
3219
3133
3332
3139
3207
3171
3076
3105
3180
3280
3295
3282
3296
3178
3192
3442
3157
3138
3020
3082
3277
3465
3198
3299
3133
3325
3185
3116
3257
3105
3168
3040
2950
3065
3223
3085
3322
3089
3350
3133
3335
3021
3336
3141
3182
3363
3253
3163
3231
3002
3085
3237
3170
3128
3235
3289
3080
3140
3206
3188
3219
3175
3399
3106
3217
2963
3132
3241
3190
3154
3195
3282
3268
3220
3183
3156
3121
3231
3175
3289
3164
3122
3371
3063
3304
3205
2984
3389
3249
3112
3356
3237
3173
3374
3174
3129
3154
3082
3189
3016
3230
2956
3139
3224
3233
3235
3272
3200
3089
3148
3266
3045
3126
3228
3422
3273
3162
3185
3386
3245
3136
3094
3134
3307
3225
3424
3215
3163
3318
3344
3193
3306
3177
3226
3176
3223
3183
3214
3273
3210
3150
3228
3360
3287
3147
3061
3177
3351
3135
3325
3138
3102
3317
3169
3273
3109
3231
3178
3153
3147
3212
3229
3283
3226
3264
3279
3122
3131
3300
3287
3265
3095
3083
3418
3170
3085
3131
3318
3407
3101
3097
3183
3251
3381
3243
3214
3305
3181
3411
3280
3063
3324
3083
3086
3194
3219
3129
3198
3076
3160
3261
3211
3176
3256
3156
3372
2991
3258
3235
3207
2982
3304
3225
3200
3275
3154
3028
3389
3276
3230
3060
3255
3209
3299
3337
3225
3264
3210
3244
3162
3190
3284
3003
3111
3229
3292
3260
3265
3239
3360
3245
3208
3212
3244
3177
3143
3277
3198
3162
3203
3212
3106
3277
3157
3369
3281
3297
3165
3164
3177
3347
3135
3250
3250
3182
3303
3191
3233
3179
3360
3177
3223
3120
3184
3104
3400
3185
3209
2985
3053
3232
3280
3126
3265
3094
3224
3270
3134
3199
3348
3200
3061
3079
3094
3243
3041
3183
3286
3126
3212
3262
3409
3205
3084
3269
3223
3192
3195
3334
3242
3175
3286
3254
3239
3302
3182
3154
3120
3311
3123
3118
3251
3184
3208
3061
3085
3087
3192
3131
3227
3309
2997
3239
3174
3380
3265
3220
3118
3282
3320
3170
3277
3120
3306
3348
3186
3257
3214
3189
3275
3125
3102
3246
3207
3146
3081
3097
3204
3002
3128
3213
3214
3230
3089
3146
3210
3251
3210
3234
3162
3209
3095
3292
3157
3193
3258
3323
3178
3299
3202
3126
3150
3355
3089
3144
3106
3189
3163
3157
3348
3228
3244
3118
3328
3312
3170
2993
3279
3152
3207
3011
3147
3096
3224
3261
3326
3182
3197
3144
3198
3292
3107
3305
3260
3243
3117
3183
3193
3034
3145
3160
3229
3100
3223
3167
3129
3012
3177
3126
3311
3110
3181
3352
3126
3278
3025
3077
3166
3152
3122
3293
3334
3042
3074
3147
3075
3156
3270
3271
3246
3217
3181
3124
3246
3231
3200
3401
3147
2973
3112
3119
3081
3200
3392
3209
2966
2885
3021
3169
3146
3317
3144
3177
3207
3258
3253
3227
3286
3069
3339
3297
3153
3202
3060
3332
3124
3202
3397
2994
3163
3148
3197
3289
3201
3300
3298
3378
3137
3099
3132
3206
3212
3228
3126
3089
3411
3270
3252
3099
3211
3298
3194
3244
3206
3315
3279
3088
3189
3023
3142
3128
3109
3258
3212
3199
3289
3209
3212
3281
3290
3270
3207
3140
3069
3164
3115
3260
3329
3183
3153
3249
3148
3329
3249
3403
3160
3135
3134
3255
3164
3064
3177
3175
3241
3158
3122
3062
3241
3118
3277
3249
3218
3082
3122
3041
3170
3330
3300
3257
3272
3203
3174
3349
3079
3211
3266
3332
3032
3199
3312
3216
3134
3134
3259
3246
3217
3240
3186
3173
3147
3133
3012
3279
3081
3175
3272
3206
3363
3206
3207
3180
3285
3168
3217
3051
3144
3257
3164
3246
3082
3160
3264
3124
3086
3407
3197
3164
3160
3401
3303
3185
3197
3178
2970
3186
3139
3021
3087
3131
3297
3152
3135
3202
3238
3203
3238
3151
3216
3087
3125
3107
3133
3226
3386
3219
3159
3218
3368
3154
3377
3145
3271
3133
3190
3193
3218
3204
3134
3389
3237
3184
3264
3066
3194
3317
3115
3137
3098
3230
3016
3056
3234
3088
3252
3122
3111
3065
3247
3303
3148
3189
3229
3177
3228
3193
3236
3015
3368
3355
3197
3327
3169
3213
3061
3156
3251
3187
3017
3057
3428
3218
3067
3264
3282
3248
3163
3251
3246
3201
3104
3122
3144
3180
3225
3098
3003
3094
3151
3089
3239
3096
3162
3134
3095
2998
3166
3081
3117
3188
3115
3164
3197
3120
3360
3257
3245
3136
3035
3177
3204
3356
3195
3312
3281
3207
3333
3134
3095
3277
3280
3133
3283
3103
3149
3234
3235
3174
3217
3192
3101
3118
3270
3288
3235
3116
3089
3181
3205
3216
3152
3087
3407
3150
3046
3288
3170
3202
3234
3192
3175
3126
3182
3164
3094
3309
3418
3129
3276
3120
3258
3113
3197
3134
3260
2989
3124
3201
3112
3245
3136
3402
3303
3282
3212
3202
3102
3225
3133
3265
3260
3235
3271
3237
2942
3101
3185
3255
3335
3344
3109
3167
3235
3185
3242
3211
3284
3278
3207
3192
3353
3272
3364
3089
3331
3241
3241
3059
3198
3094
3206
3185
3026
3155
3244
3011
3203
3386
3215
3111
3278
2986
3260
3052
3160
3067
3215
3163
3196
3043
2978
3175
3194
3137
3194
3147
3231
3317
2955
3127
3202
3250
3240
3246
3072
3228
3313
3175
3167
3257
3226
3383
3278
3274
3212
3166
3159
3157
3119
3359
3207
3075
3222
3128
3298
3343
3211
3234
3261
3141
3264
3338
3100
3304
3191
3210
3397
3209
3188
3003
3171
3002
3257
3158
3193
3124
3407
3265
3098
3004
3355
3172
2894
3137
3185
3147
3206
3476
3220
3082
3181
3083
3138
3177
3048
3177
3200
3183
3111
3144
3417
3173
3338
3295
3276
3189
3303
3104
3252
3319
3211
3265
3122
3274
3308
3104
3189
3091
3283
3117
3257
3191
3373
3130
3161
3141
3201
3036
3193
3187
3219
3168
3409
3119
3302
3188
3280
3193
3390
3292
3193
3237
3387
3176
3163
3250
3223
3085
3062
3293
3158
3050
3094
3105
3252
3221
3092
3219
3180
3187
3198
3270
3439
3035
3168
3235
3345
3219
3168
3212
3253
3262
3166
3085
3232
3195
3166
3324
3256
3012
3256
3102
3276
3159
3363
3107
3098
3211
3127
3116
3222
3196
3189
3277
3120
3252
3187
3248
3147
3233
3241
3099
3223
3152
3275
3142
3093
3101
3212
3262
3149
3285
3310
3280
3218
3133
3046
3171
3248
3083
3321
3186
3111
3170
3274
3234
3225
3086
3301
3007
3098
3265
3266
3343
3079
3237
3301
3195
3286
3325
3300
3231
3276
3147
3179
3248
3239
3231
3155
3188
3117
3195
3322
3188
3187
3124
3251
3329
3186
3096
3209
3227
3211
3340
3107
3281
3245
3131
3272
3218
3216
3158
3237
3140
3225
3291
3320
3311
3260
3115
3168
3377
3152
3268
3118
3278
3207
3115
3355
3196
3194
3150
3365
3102
3278
3190
3212
3370
3215
3222
3218
3180
2989
3145
3166
3132
3163
3163
3508
2994
3080
3241
3289
3385
3170
3173
3241
3394
3231
3283
3233
3183
3246
3343
3222
3197
3227
3137
3218
3256
3248
3205
3141
3175
3393
3178
3182
3275
3251
3287
3276
3163
3016
3233
3023
3268
3081
3070
3401
3138
3083
3339
3226
3157
3118
3197
3188
3042
3144
3019
2964
3265
3265
3248
3312
3163
3244
3181
3319
3427
3241
3179
3257
3479
3085
3168
3244
3220
3298
3179
3359
3252
3144
3264
3137
3212
3222
3343
3168
3362
3174
3180
3203
3193
3068
3112
3198
3210
3068
3269
3198
3254
3273
3155
3148
3147
3121
3051
3137
3412
3100
3290
3134
3261
3271
3076
3139
3282
3202
3287
3239
3318
3134
3201
3204
3247
3186
3094
3155
3196
3186
3210
3168
3190
3411
3105
2996
3260
3149
3164
3095
3234
3166
3244
3386
3269
3143
3196
3131
3336
3180
3278
3177
3330
3183
3282
3200
3213
3301
3219
3163
3167
3291
3019
3280
3083
3116
3247
3398
3173
3104
3289
3303
3117
3211
3183
3171
3074
3131
3219
3057
3284
3293
3196
3263
3174
3177
3196
3344
3161
3269
3156
3171
3244
3250
3385
3147
3300
3175
3196
3191
3198
3156
3140
3175
3248
3217
3188
3121
3155
3142
3201
3241
3275
3254
3362
3258
3282
3116
3189
3155
3037
3004
3183
3179
3303
3228
3347
3046
3084
3267
3231
3192
3154
3135
3285
3059
3262
3148
3235
3146
3135
3214
3119
3188
3271
3169
3270
3271
3358
3274
3239
3134
3145
2988
3153
3280
3154
3345
3231
3254
3124
3297
3238
3141
3174
3087
3189
3123
3286
3286
3311
3414
3249
3148
3337
3257
3055
3364
3177
3157
3154
3188
3100
3263
3235
3140
3109
3332
3157
3174
3232
3276
3091
3403
3272
3235
3076
3092
3288
3263
3206
3013
3236
3167
3322
3086
2942
3223
3165
3248
3286
3349
3116
3069
3180
2971
3338
3151
3254
3231
3273
3184
3192
3095
3214
3161
3285
3166
3243
3170
3106
3002
3167
3226
3202
3211
3139
3254
3045
3279
3433
3267
3230
3268
3118
3147
3091
3247
3225
3321
3135
3154
3230
3161
3231
3269
3287
3214
3294
3327
3147
3106
3034
3219
3253
3319
3114
3148
3224
3158
3240
3145
3342
3234
3135
3222
3354
3185
3218
3285
3319
3150
3151
3291
3090
3102
3219
3338
3192
3257
3221
3298
3268
3295
3454
3206
3110
3217
2948
3148
3024
3240
3130
3055
3090
3169
3162
3253
3221
3248
3010
3393
3154
3383
3144
3251
3302
3261
3182
3343
3140
3168
3158
3123
3307
3306
3168
3232
3308
3270
3341
3218
3041
3262
3195
3165
3149
3145
3063
3286
3220
3263
3266
3196
3129
3202
3054
3161
3226
3259
3363
3171
3017
3360
3154
3244
3176
3171
3156
3098
3175
3249
3337
3085
3338
3111
3142
3208
3129
3111
3215
3200
3090
3240
3300
3171
3399
3213
3092
3086
3266
3257
3222
3342
3228
3186
3239
3230
3341
3226
3339
3188
3242
3187
3059
3128
3379
3232
3172
3271
3336
3070
3213
3102
3170
3220
3261
3246
3328
3314
3201
3150
3413
3207
3308
3217
3195
3107
3379
3228
3191
3335
3260
3211
3332
3135
3227
3155
2985
3117
3075
3339
3257
3295
3199
3286
3256
3244
3221
3370
3231
3064
3137
3201
3303
3042
3040
3214
3098
3388
3201
3124
3086
3281
3255
3168
3359
3265
3328
3354
3328
3319
3299
3042
3278
3256
3266
3210
3185
3081
3281
3122
3107
3072
3244
3105
3216
3166
3084
3161
3348
3161
2997
3151
2952
3286
3195
3241
3213
3276
3276
3220
3275
3221
3270
3241
3206
3254
3261
3091
3234
3293
3029
3208
3215
3116
3283
3326
3262
3115
3369
3264
3228
3236
3219
3321
3024
3332
3161
3086
3262
3256
3071
3269
3242
3230
3321
3260
3320
3208
3296
3215
3077
3051
3211
3280
3111
3351
3235
3046
3148
3162
3170
3176
3189
3109
3059
3160
3203
3364
3065
3304
3183
3322
3331
3160
3046
3279
3220
3187
3244
3131
3332
3351
3102
3272
3142
3176
3255
3069
3221
3160
3049
3195
3283
3217
3211
3243
3202
3263
3351
3244
3123
3205
3020
3183
3269
3178
3201
3216
3201
3210
3270
3179
3099
3121
3308
3182
3247
3170
3264
3061
3109
3224
3204
3317
3166
3256
3199
3314
3376
3229
3344
3222
3323
3037
3230
3270
3215
3101
2920
3185
3223
3003
3089
3282
3259
3305
3161
3177
3102
3295
3220
3230
3230
3030
3110
3182
3155
3073
3296
3265
3132
3236
3187
3100
3241
3130
3196
3181
3193
3069
3216
3181
3316
3108
3147
3158
3206
3260
3147
3299
3155
3290
3140
3204
3198
3158
3298
3236
3357
3143
3076
3124
3127
3293
3221
3142
3379
3343
3261
3194
3176
3100
3163
3303
3091
3159
3277
3172
3138
3214
3110
3084
3265
3312
3184
3076
3174
3228
3018
3048
3226
3198
3201
3127
3113
3282
3190
3277
3106
3079
3124
3156
3098
3221
3285
3114
3163
3034
3430
3186
3267
3201
3110
3116
3160
3037
3208
2965
3204
3133
3102
3083
3252
3304
3252
3196
3257
3328
3108
3170
3131
3092
3125
3221
3267
3230
3189
3187
3015
3289
3133
2981
3222
3014
3213
3069
3159
3255
3205
3027
3097
3160
3098
3159
3141
3178
3132
3160
3208
3149
3212
3119
3259
3299
3191
3151
3183
3376
3198
3144
3124
3085
3236
3316
3152
3274
3309
3224
3236
3135
3315
3179
3104
3227
3142
3286
3158
3258
3227
3346
3268
3258
3243
3416
3171
3171
3390
3111
3277
3260
3216
3383
3136
3117
3295
3257
3015
3150
3195
3254
3237
3261
3341
3206
3049
3032
3204
3277
3256
3144
3235
3143
3227
3202
3239
3330
3195
3238
3173
3372
3258
3162
3168
3019
3133
3319
3323
3292
2993
3324
3359
3195
3201
3184
3216
3396
2957
3468
3043
3288
3252
3229
3269
3197
3205
3413
3064
3242
3237
3220
3186
3106
3204
3195
3178
3226
3193
3364
3221
3022
3226
3027
3179
3031
3301
3173
3262
3133
3382
3136
3103
3318
3057
3193
3201
3013
3262
3172
3249
3182
3064
3180
3191
3170
3098
3147
3240
3352
3020
3068
3066
3418
3069
3352
3167
3291
3285
3373
3274
3156
3076
3081
3162
3209
3227
3142
3197
3179
3243
3090
3086
3274
3225
3386
3120
3113
3264
3172
3271
3244
3285
3237
3269
3178
3320
3199
3279
3099
3155
3198
2913
3202
3258
3222
3072
3308
3226
3207
3392
3251
3075
3215
3317
3432
3262
3168
3206
3222
3376
3238
3125
3221
3149
3311
3217
3211
3179
3063
3442
3222
3231
2998
3327
3212
3215
3297
3227
3374
3106
3199
3196
3227
3114
3213
3128
3174
3252
3053
3264
3155
3252
3184
3136
3106
3275
3166
3207
3119
3227
3281
3302
3110
3126
3101
3366
3331
3269
3204
3290
3342
3183
3193
2993
3355
3187
3029
3077
3181
3135
3207
3185
3273
3270
3189
3131
3042
3336
3225
3133
3118
3199
3098
3278
3103
3367
3226
3223
3293
3202
3214
3113
3147
3201
3259
3228
3277
3297
3255
3313
3362
3169
3397
3338
3179
3279
3111
3340
3095
3321
3182
3153
3171
3246
3045
3154
3254
3329
3344
3155
3122
3271
3313
3177
3243
3211
3042
3277
3353
3262
3136
3087
3042
3196
3302
3100
3103
3217
3178
3306
3232
3115
3232
3243
3170
3212
3327
3203
3373
3169
3171
3155
3298
3086
3355
3074
3300
3216
3292
3254
3088
3166
3076
3169
3340
3106
3122
3019
3281
3206
3246
3227
3354
3226
3205
3292
3233
3406
3268
3273
3194
3226
3267
3135
3237
3184
3180
3273
3154
3345
3085
3286
3184
3019
3185
3117
3304
3231
3269
3268
3209
3200
3234
3310
3297
3132
3217
3128
3254
3415
3391
3139
3083
3259
3086
3154
3289
3216
3296
3277
3082
3237
3291
3119
3144
3272
3356
3021
3221
3201
3236
3251
3251
3190
3247
3148
3241
3181
3154
3274
3225
3210
3302
3236
3253
3225
3153
3208
3390
3153
3271
3353
3226
3177
3029
3225
3227
3319
3200
3092
3202
3194
3150
3138
3107
3114
3195
3207
3259
3177
3133
3249
3166
3217
3494
3274
3268
3205
3316
3195
3388
3228
3134
3016
3325
3291
3115
3177
3145
3206
3289
3126
3239
3212
3150
3195
3213
3343
3275
3294
3268
3215
3149
3225
3270
3370
3144
3160
3418
3027
3209
3206
3213
3075
3157
3123
3158
3222
3248
3290
3201
3211
3159
3149
3102
3307
3067
3221
3187
3209
3217
3244
3223
3358
3289
3469
3269
3044
3089
3264
3239
3295
3230
3180
3298
3199
3261
3250
3277
3373
3325
3146
3250
3077
3245
3129
3172
3142
3138
3251
3222
3203
3213
3100
3067
3335
3113
3381
3229
3416
3140
3273
3186
3330
3185
3064
3148
3203
3446
3364
3273
3193
3291
3194
3228
3101
3277
3140
3233
3263
3215
3329
3156
3104
3417
3309
3186
3416
3275
3341
3049
3265
3189
3227
3290
3164
3205
3176
3212
3303
3116
3134
3029
3206
3194
3308
3195
3205
3231
3260
3100
3286
3173
3104
3230
3140
3223
3134
3307
3196
3292
3283
3086
3200
3223
3269
3068
3373
3254
3209
3070
3202
3290
3101
3102
3009
3110
3236
3062
3257
3134
3278
3223
3206
3256
3269
3209
3194
3304
3246
3152
2990
3112
3336
3152
3210
3249
3165
3161
3068
3147
3327
3342
3191
3289
3178
3292
3177
3366
3257
3284
3251
3218
3207
3030
3250
3221
3194
3352
3273
3216
3299
3184
3158
3058
3173
3125
3032
3204
3159
3219
3152
3142
3030
3265
3251
3155
3100
3256
3210
3314
3284
3170
3191
3196
3294
3289
3307
3232
3207
3262
3191
3245
3231
3255
3222
3243
3170
3274
3097
3247
3133
3275
3135
3129
3259
3076
3347
3290
3160
3248
3169
3220
3325
3236
3156
3149
3304
3236
3109
3182
3404
3337
3184
3248
3164
3152
3287
3293
3254
3289
3268
3049
3240
3288
3384
3204
3314
3045
3157
3308
3258
3209
3080
3270
3118
3089
3171
3043
3167
3158
3326
3205
3096
3163
2990
3314
3250
3241
3267
3254
3128
3277
3091
3142
3257
3271
3192
3164
3315
3241
3224
3295
3149
3105
3140
3209
3179
3221
3201
3272
3243
3170
3171
3190
3253
3259
3293
3029
3177
3258
3177
3301
3266
3222
3332
3074
3169
3280
3204
3226
3109
3049
3370
3293
3192
3201
3201
3304
3031
3242
3216
3231
3067
3340
3240
3312
3345
3098
3154
3206
3161
3264
3053
3266
3294
3153
3224
3355
3151
3321
3406
3374
3125
3104
3285
3161
3152
3296
3349
3203
3092
3300
3255
3210
3123
3267
3138
3144
3303
3246
3176
3161
3218
3166
3204
3228
3123
3157
3190
3337
3254
3197
3252
3240
3158
3080
3267
3300
3244
3151
3149
2983
3248
3161
3052
3278
3273
3202
3324
3194
3240
3211
3191
3114
3197
3125
3181
3287
3190
3259
3218
3335
3075
3140
3247
3086
3192
3030
3162
3252
3307
3318
3249
3264
3158
3171
3230
3231
3283
3193
3212
3213
3321
3196
3137
3315
3337
3229
3133
3301
3218
3288
3315
3097
3074
3146
3128
3276
3208
3023
3159
3300
3177
3298
3154
3338
3300
3229
3177
3167
3284
3157
3217
3226
3309
3275
3179
3142
3212
3213
3311
3334
3334
3269
3166
3208
3309
2921
3342
3294
3243
3268
3145
3264
3292
3121
3139
3188
3122
3177
3018
3088
3183
3226
3075
3241
3149
3314
3349
3223
3352
3209
3256
3185
3198
3290
3130
3263
3358
3255
3233
3114
3308
3223
3235
3121
3026
3304
2933
3240
3197
3190
3236
3167
3251
3189
3215
3059
3072
3243
3317
3327
3257
3240
3233
3256
3264
3145
3028
3198
3260
2875
3262
3254
3305
3174
3109
3138
3102
3256
3136
3207
3286
3076
3122
3150
3297
3183
3193
3325
3273
3135
3237
3158
3056
3106
3277
3307
3070
3261
3232
3203
3115
3019
3294
3252
3136
3190
3075
3088
3369
3112
3175
3284
3305
3069
3274
3134
3274
3216
3366
3247
3101
3294
3132
3081
3240
3234
3123
2997
3188
3327
3274
3118
3277
3250
3065
3408
3222
3189
3125
3151
3371
3189
3130
3287
3274
3092
3259
3122
3181
3186
3226
3109
3071
3257
3131
3280
3109
3195
3227
3010
3100
3459
3237
3246
3165
3205
3217
3226
3232
3295
3209
3211
3282
3278
3098
3298
3211
3137
3122
3145
3240
3365
3178
3319
3287
3069
3203
3107
3204
3240
3144
3237
3308
3175
3201
3108
3175
3348
3133
3129
3126
3158
3187
3095
3197
3253
3076
3188
3325
3244
3341
3223
3250
3245
3244
3189
3304
3323
3245
3160
3235
3180
3089
3333
3200
3266
3139
3232
3299
3076
3192
3273
3173
3116
3230
2996
3271
3142
3251
3170
3403
3210
3138
3249
3269
3124
3221
3172
3086
3335
3313
3360
3454
3356
3121
3207
3209
3150
3260
3054
3324
3342
3315
3163
3324
3080
3249
3176
3146
3342
3042
3240
3027
3170
3154
3169
3205
3192
3201
3276
3264
3268
3282
3203
3196
3234
3087
3113
3190
3007
3110
3203
3033
3202
3026
3275
3173
3059
3005
3126
3240
3148
3184
3359
3076
3140
3282
3216
3358
3054
3177
3315
2990
3252
3152
3060
3381
3031
3221
3140
3202
3239
3295
3178
3231
3118
3303
3251
2981
3241
3218
3060
3336
3117
3311
3199
3223
3138
3249
3343
3260
2958
3326
3188
3308
3186
3185
3084
3232
3066
3160
3286
3216
3299
3192
3103
3162
3078
3340
3204
3097
3307
3226
3346
3013
3176
3236
3164
3166
3229
3235
3276
3289
3142
3316
3110
3202
3280
3116
3078
3050
3274
3249
3123
3226
3209
3232
3293
3223
3128
3140
3237
3247
3131
3194
3265
3212
3279
3422
3140
3375
3124
3226
3165
3286
3318
3264
3199
3057
3207
3311
3101
3141
3310
3113
3249
3169
3305
3244
3190
3090
3098
3315
3073
3214
3010
3035
3129
3207
3298
3137
3100
3212
3261
3336
3277
3138
3181
3162
3126
3079
3218
3208
3180
3398
3278
3173
3210
3165
3313
3109
3266
3362
3148
3216
3206
3194
3169
3071
3170
3211
3237
3181
3148
3142
3062
3225
3203
3277
3015
3005
3284
3325
3117
3056
3318
3287
3378
3193
3320
3166
3172
3274
3361
3251
3285
3063
3385
3242
3160
3198
3116
2990
3167
3284
3290
3110
3237
3142
3118
3038
3117
3202
3239
3251
3240
3081
3274
3305
3136
3186
3286
3240
3134
3186
3195
3290
3146
3086
2984
3253
3111
3238
3135
3214
3269
3206
3345
3139
3289
3233
3248
3299
3315
3228
3256
3355
3312
3068
3437
3295
3004
3164
3264
3232
3214
3169
3071
3150
3170
3224
3157
3240
3137
3146
3347
3138
3161
3157
3126
3198
3117
3230
3167
3124
3199
3245
3242
3317
3058
3175
3214
3123
3302
3279
3159
3212
3326
3212
3108
3153
3226
2955
3112
3031
3309
3286
3133
3226
3165
3124
3137
3271
3277
3033
3188
3231
3198
3096
3195
3180
3267
3281
3192
3209
3339
3085
3108
3170
3355
3121
3213
3201
3232
3391
3338
3143
3142
3215
3124
3101
3185
3132
3218
3177
3249
3146
3234
3209
3290
3054
3198
3270
3082
3268
3228
3240
3052
3278
3158
3144
3337
3230
3294
3223
3153
3169
3240
3345
3236
3255
3004
3284
3215
3084
3259
3189
3016
3221
3171
3044
3266
3177
3198
3174
3221
3186
3307
3219
3162
3242
3013
3135
3212
3174
3248
3271
3152
3277
3083
3168
3087
3144
3246
3175
3391
3150
3148
3221
3244
3011
3422
3299
3092
3074
3187
3233
3167
3159
3366
3266
3210
3014
3154
3161
3285
3087
3199
3357
3134
3097
3108
3208
3280
3277
3369
3227
3240
3174
3203
3167
3135
3009
3036
3224
3310
3321
3047
3217
3218
3313
3019
3330
3121
3033
3300
3128
3154
3179
3065
3169
3249
3237
3119
3277
3282
3033
3132
3288
3172
3215
3235
3204
3164
3204
3205
3219
3188
3201
3008
3262
3241
3320
3126
3229
3303
3184
3081
3200
3421
3325
3197
3235
3201
3240
3104
3175
3154
3297
3254
3166
3216
3082
3143
3127
3257
3223
3160
3059
3221
3110
3239
3310
3271
3317
3128
3078
3172
3254
3049
3175
3217
3299
3409
3168
3061
3184
3193
2995
3179
3376
3181
3284
3006
3262
3153
3289
3259
3231
3447
3133
3227
3079
3284
3331
3151
3256
3140
3180
3298
3143
3061
3142
3171
3281
3130
3162
3170
3059
3284
3308
3142
3209
3085
3215
3166
3095
3233
3069
3247
3147
3336
3295
3149
3323
3113
3339
3199
3110
3163
3272
3231
3137
3210
3225
3154
3213
2996
3230
3065
3105
3014
3278
3229
3138
3165
3389
3276
3306
3072
3070
3270
3224
3181
3235
3235
3118
3138
3167
3204
3293
3143
3305
3228
3155
3065
3156
3231
3302
3040
3252
3237
3147
3060
3317
3237
3223
2963
3261
3006
3208
3263
3394
3038
3104
3311
3151
3215
3202
3218
3023
3176
3270
3222
3291
3191
3381
3282
3219
3157
3206
3255
2995
3131
3127
3224
3314
3221
3204
3002
3181
3269
3225
3298
3238
3219
3454
3135
3027
3122
3061
3079
3125
3416
3144
3160
3247
3154
3189
3144
3196
3224
3215
3217
3242
3235
3231
3337
3152
3140
3134
3160
3211
3307
3245
3092
3209
3267
3204
3052
3275
3059
3098
3159
3085
3221
3225
3045
3111
3294
2965
3145
3152
3206
3184
3026
3411
3119
3229
3265
3280
3230
3187
3210
3293
3283
3225
3339
3264
3248
3270
2964
3104
3254
3197
3074
3166
3062
3089
3135
2965
3244
3124
3212
3142
3195
3209
3264
3396
3393
3051
3255
3085
3297
3112
2998
3209
3162
3210
3230
3382
2862
3060
3145
3299
3119
3066
3267
3285
3189
3016
3052
3180
3288
3280
3217
3269
3146
3277
3303
3221
3249
3157
3264
3161
3039
3249
3148
3158
3291
3064
3166
3195
3224
3111
3306
3296
3269
3111
3189
3263
3334
3170
3180
3342
3261
3318
3237
3224
3232
3216
3056
3319
3235
3255
3109
3158
3135
3411
3281
3151
3070
3239
3187
3265
3438
3290
3382
3304
3394
3122
3293
3283
3084
3087
3404
3138
3217
3099
3260
3108
3159
3293
3223
3308
3195
3293
3238
3339
3357
3151
3352
3136
3316
3304
3268
3239
3233
3184
3214
3267
3304
3296
3213
3264
3206
3279
3212
3163
3239
3162
3121
3186
3272
3208
3368
3144
3068
3158
3287
3205
3281
3307
3108
3234
3114
3320
3335
3237
3096
3263
3255
3185
3116
3158
3211
3200
3063
3285
3361
3198
3081
3268
3174
3190
3303
3199
3269
3180
3237
3227
3184
3060
3225
3108
3274
3104
3241
3264
3206
3296
3089
3341
3133
3143
3127
3188
3209
3156
3230
3228
3184
3032
3193
3218
3329
3087
3228
3272
3373
3242
3182
3207
3134
3255
3118
3088
2968
3158
3171
2999
3205
3236
2991
3131
3090
3060
3238
3048
3177
3151
3320
3224
3352
3276
3182
3147
3247
3247
3135
3172
3135
3037
3323
3107
3304
3269
3309
3255
3115
3123
3289
3081
3279
3359
3273
3219
3256
3299
3208
3249
3117
3003
3299
3181
3177
3059
3225
3303
3225
3245
3078
3142
3251
3260
3327
3099
3181
3276
3091
3149
3166
3156
3173
3263
3046
3231
3120
3306
3223
3145
3372
3330
3279
3326
3171
3122
3017
3208
3033
3171
3132
3291
3258
3170
3128
3183
3164
3127
3010
3229
3163
3101
3160
3224
3282
3164
3169
3173
3070
3199
3218
3025
3231
3208
3226
3250
3081
3013
3216
3037
2981
3343
3280
3228
3152
3168
3067
3140
3137
3206
3298
3307
3024
3148
3132
3213
3224
3385
3113
3280
3295
3201
3159
3127
3137
3167
3272
3069
3241
3048
3130
3280
3106
3275
3308
3179
3160
3062
3124
3235
3130
3086
3152
3100
3329
3060
3149
3259
3454
3264
3026
3214
3350
3139
3296
3289
3255
3178
3277
3268
3274
3147
3240
3086
3247
3229
3145
3223
3148
3155
3200
3375
3339
3229
3127
3023
3035
3265
3034
3114
3195
3065
3036
3342
3293
3139
3326
3186
3248
3126
3009
3080
3143
3258
3350
3235
3181
3174
3211
3365
3216
3152
3127
3181
3150
3136
3274
3070
3207
3192
2988
3238
3321
2910
3202
3270
3070
3034
3179
3274
3239
3303
3209
3220
3292
3106
3078
3275
3253
2961
3192
3335
3119
3358
3183
3295
3255
3197
3108
2995
3248
3097
3130
3216
3304
3308
3116
3174
3234
3143
3117
3314
3301
3390
3159
3262
3262
3156
3292
3021
3098
3313
3161
3304
3284
3307
3177
3096
3223
3269
3270
3088
3196
3106
3247
3381
3153
3255
3218
3293
3153
3253
3226
3151
3215
3269
3353
3206
3364
3390
3270
3323
3246
3267
3141
3156
3132
3329
3019
3288
3160
3144
3220
3293
3104
3133
3181
3210
3270
3068
3206
3311
3243
3317
3143
3250
3148
3079
3255
3150
3176
3280
3251
3348
3154
3250
3094
3202
3234
3218
3167
3368
3218
3131
3187
3296
3324
3221
3343
3325
3077
3217
3328
3351
3148
3105
3265
3249
3319
3267
3070
3244
3148
3208
3132
3053
3146
3334
3124
3226
3242
3008
3215
3122
3147
3314
3161
3220
3409
3254
3171
3271
3077
3125
3187
3209
3172
3197
3159
3371
3286
3411
3280
3234
3230
3181
3162
3194
3181
3079
3161
3216
3301
3065
3337
3105
3317
3143
3092
3235
3315
3161
3098
3249
3094
3212
3225
3283
3277
3104
3230
3142
3089
3146
3234
3171
3270
3119
3043
3394
3242
3140
3235
3322
3293
3271
3059
3302
3136
3151
3161
3137
3298
3302
3248
3096
3144
3325
3267
3097
3170
3325
3184
3067
3144
3155
3383
3323
3254
3206
3260
3203
3198
3284
3327
3038
3171
3023
3098
3057
3220
3289
3188
3127
3376
3280
3051
3073
3284
3139
3189
3237
3283
3241
3148
3041
3129
3192
3158
3181
3011
3154
3320
3235
3484
3161
3210
3051
3304
3207
3195
3126
3055
3238
3176
3315
3181
3364
3035
3201
3177
3285
3215
3199
3089
3216
3127
3098
3297
3191
3131
3289
3318
3234
3268
3177
3159
3140
3348
3229
3194
3190
3124
3199
3201
3165
3142
3390
3221
3357
3125
3332
3090
3187
3185
3204
3189
3255
3013
3296
3230
3068
3307
3223
3170
3180
3068
3216
3181
3110
3202
3320
3236
3358
3346
3168
3262
3187
3422
3132
3279
3064
3268
3255
3159
3256
3121
3327
3123
3347
3065
3162
3137
3291
3176
3263
3441
3170
3144
3147
3280
3398
3158
3101
3369
3017
3182
3194
3080
3193
3236
3020
3047
3236
3332
3404
3243
3195
3363
3285
3277
3289
3231
3184
3260
3246
3416
3190
3187
3288
3054
3304
3215
3221
3273
3180
3215
3207
3368
3079
3176
3195
3280
3217
3135
3153
3129
3184
3189
3198
3108
3268
3158
3274
3142
3223
3343
3079
3118
3241
3294
3292
3273
3220
3215
3275
3321
3079
3211
3319
3232
3258
3378
3252
3314
3326
3235
3067
3201
3175
3216
3197
3283
3259
3233
3215
3322
3231
3180
3006
3254
3208
3016
3177
3221
3048
3054
3050
3105
3224
3197
3288
3247
3255
3147
3264
3339
3046
3142
3411
3106
3142
3311
3337
3132
3165
3273
3263
3185
3141
3145
3357
3018
3250
3259
3263
3248
3163
3234
3174
3281
3066
3179
3073
3108
3143
3312
3059
3339
3233
3205
3262
3121
3132
3137
3210
3314
3180
3164
3195
3077
3192
3127
3139
3360
3208
3039
3242
3155
3431
3199
3214
3186
3154
3129
3248
3134
3292
3212
3119
3220
3221
3214
3166
3227
3048
3189
3316
3028
3300
3076
3259
3245
3177
3378
3036
3254
3162
3200
3094
3277
3115
3075
3347
3130
3019
3194
3200
3143
3203
3167
3280
3196
3282
3128
3286
3239
3164
3312
3097
3131
3279
3121
3169
3305
3199
3067
3366
3165
3315
3080
3283
3013
3203
3131
3205
3237
3210
3265
3169
3200
3055
3221
3226
3205
3319
3323
3243
3179
3350
3204
3192
3207
3192
3188
3136
3179
3195
3079
3177
3229
3086
3289
3453
3105
3114
3281
3131
3186
3279
2974
3094
3152
3290
3163
3179
3154
3070
3198
3115
3124
3236
3149
3300
3262
3242
3029
3113
3212
3284
3352
3182
3239
3284
3316
3119
3263
3286
3104
3303
3300
3280
3139
3214
3045
3211
3245
3038
3220
3266
3160
3144
3278
3217
3474
3145
2978
3277
3030
3200
3239
3279
3117
3250
3076
3168
3244
3084
3220
3283
3212
3298
3232
3202
3170
3146
3294
3193
3107
3249
3180
3196
3114
3254
3073
3202
3214
3288
3102
3200
3118
3182
3110
2933
3160
3328
3066
3267
3295
3166
3010
3318
3213
3068
3221
3092
3123
3244
3327
3189
3120
3392
3170
3169
3017
3120
3207
3170
3213
3348
3169
3205
3097
3043
3216
3334
3233
3197
3181
3131
3037
3318
3119
3316
3205
3159
3201
3282
3042
3356
3150
3393
3291
3294
3242
3203
3153
3288
2981
3216
3140
3204
3247
3110
3157
3216
3151
3006
3270
3174
3176
3343
3105
3372
3154
3423
3354
3199
3207
3202
3269
3277
3201
3188
3134
3135
3317
3175
3147
3045
3221
3347
3180
3157
3146
3266
3191
3256
3047
3187
3229
3154
3217
3064
3197
2892
3075
3196
3165
3217
3177
3439
3342
3170
3190
3228
3217
3199
3256
3335
2929
3258
3126
3218
3149
3118
3306
3309
3333
3201
3186
3341
3247
3208
3206
3153
3163
3012
3221
3368
2998
3126
3245
3376
3280
3173
3240
3160
3205
3097
3278
3297
3119
3182
3173
3301
3080
3069
3315
3258
3327
3251
3234
3167
3110
3124
3333
3323
3389
3086
3227
3212
3208
3236
3276
3064
3232
3365
3064
3105
3198
3229
3171
3315
3088
3188
3112
3238
3164
3217
3209
3163
3260
3256
3326
3295
3162
3294
3395
3275
3171
3122
3049
3321
3101
3094
3145
3154
3179
3124
3146
3218
3024
3078
3144
3174
3121
3047
3202
3203
3310
3191
3231
3041
3349
3072
3233
3118
3193
3240
3062
3280
3144
3278
3145
3087
3251
3249
3348
3187
3206
3064
3378
3319
3283
3204
3089
3173
3227
3277
3224
3257
3079
3233
3076
3198
3340
3173
3296
3119
3244
3106
3088
3235
3111
3213
3299
3043
3331
3218
3125
3351
3122
3198
3177
3254
3176
3133
3242
3157
3221
3232
3187
3110
3188
3221
3117
3305
3250
3213
3410
3291
3234
3240
3140
3321
3152
3190
3176
3302
3209
3244
3124
3152
3190
3318
3197
3172
3199
3220
3212
3323
2946
3076
3227
3258
3129
3070
3167
3174
3241
3039
3352
3221
3325
3283
3106
3433
3204
3071
3244
3271
3314
3197
3449
3192
3352
3256
3365
3157
3396
3171
3130
3177
3136
3180
3126
3234
3194
3023
3309
3228
3358
3216
3170
3377
3260
3178
3219
3240
3135
3248
3217
3220
3239
3267
3212
3250
3034
3108
3326
3273
3226
3146
3269
3329
3252
3203
3299
3082
3222
3023
3329
3129
3211
3221
3204
3214
3127
3229
3218
3235
3202
3179
3218
3241
3335
3009
3278
3138
3216
3224
3254
2930
3229
3166
3231
3312
3204
3202
3200
3088
3238
3211
3221
3192
3198
3255
3306
3234
3101
3144
3338
3222
3289
3200
3129
3223
3416
3113
3462
3094
3164
3141
3072
3232
3273
3230
3235
3100
3100
3272
3294
3175
3242
3166
3187
3204
3208
3222
3236
3140
3226
3319
3406
3134
3180
3201
3246
3127
3292
3242
3272
3307
3143
3145
3382
3324
3136
3189
3139
3201
3231
3087
3243
3312
3115
3188
3205
3130
3231
3217
3364
3220
3130
3244
3208
3301
3295
3218
3085
3393
3197
3226
3332
3093
3067
3136
3120
3136
3151
3240
3253
3258
3271
3178
3256
3175
3052
3275
3153
3363
3259
3240
3232
3251
3055
3326
3245
3132
3124
3190
3200
3128
3222
3174
3159
3159
3298
3379
3118
3133
3248
3236
3111
3315
3281
3193
3171
3103
3237
3274
3051
3189
3265
3236
3279
3232
3165
3380
3253
3072
3395
3259
3024
3123
3057
3210
3166
3148
3264
3149
3241
3133
3290
3201
3052
3233
3322
3224
3161
3115
3284
3291
3349
3255
3092
3260
3168
3148
3189
3174
3264
3294
3096
3325
3177
3210
3303
3286
3061
3186
3259
3167
3250
3128
2965
3173
3209
3281
3123
3197
3197
3225
3202
3134
3223
3231
3231
3100
3282
3400
3274
3256
3288
3114
3131
3120
3304
3218
3193
3300
3307
3221
3183
3291
3192
3098
3162
3202
3213
3320
3247
3256
3125
3317
3346
3293
3171
3200
2996
3109
3289
3152
3218
3066
3201
3294
3347
3108
3175
3204
3153
3197
2943
3114
3204
3412
3325
3143
3110
3096
3291
3204
3243
3321
3234
3149
3185
3295
3142
3193
3259
3223
3087
3117
3110
3305
3270
3280
3272
3241
3191
3097
3146
3246
3314
3124
3293
3244
3226
3137
3080
3194
3186
3303
3266
3176
3154
3242
3070
3260
3131
3260
3188
3247
3234
3079
3170
3145
3236
3200
3156
3270
3126
3192
3271
3245
3190
3272
3211
3477
3180
3140
3141
3226
3117
3150
3175
3143
3024
3068
3249
3196
3359
3298
3240
3093
3288
3083
3072
3284
3218
3337
3201
3167
3213
3249
3346
3243
3197
3221
3183
3250
3130
3277
3153
3219
3175
3032
3308
3324
3339
3231
3128
3120
3143
3215
3268
3212
3306
3234
2977
3246
3132
3247
3112
3012
3363
3047
3267
3524
3119
3289
3183
3147
3113
3230
3240
3132
3114
3109
3247
3216
3521
3080
3182
3312
3322
3193
2974
3175
3137
3300
3224
3054
3272
3158
3047
3259
3053
3153
3280
3123
3423
3167
3124
3105
3235
3105
3302
3128
3107
3169
3250
3347
3092
3269
3130
3216
3171
3340
3323
3355
3217
3165
3188
3236
3182
2973
3099
3312
3177
3065
3262
3209
3242
3221
3233
3310
3257
3127
3209
3211
3215
3171
3163
3254
3293
3079
3046
3121
3184
3247
3365
3250
3319
3134
3180
2862
3157
3083
3142
3156
3167
3239
3247
3131
3402
3135
3170
3121
3091
3208
3244
3105
3033
3324
3216
3261
3190
3144
3226
3262
3142
3262
3221
3025
3095
3323
3219
3037
3175
3229
3232
3244
3079
3235
3145
3215
3054
3342
3214
3200
3376
3375
3123
3128
3036
3289
3358
3244
3254
3222
3146
3258
3038
3182
3191
3080
3069
3167
3276
3340
3471
3208
3216
3223
3252
3228
3238
3293
3143
3339
3271
3337
3297
2995
3399
3227
3125
3291
3176
3088
3155
3101
3251
3208
3208
3138
3136
3045
3386
3259
3224
2977
3416
3139
3461
3232
3299
3223
3285
3178
3212
3232
3063
3355
3287
2948
3283
3078
3166
3340
3224
3095
3126
3184
2964
3215
3230
3172
3281
3293
2865
3147
3398
3219
3094
3186
3222
3250
3167
3338
3242
3116
3248
3328
3149
3143
3181
3091
3331
3290
3277
3193
2983
3171
3004
3210
3171
3239
3341
3164
3253
3301
3198
3207
3248
3365
3203
3302
3226
3011
3273
3255
3208
3280
3136
3176
3017
3342
3269
3159
3318
3245
3256
3128
3182
3057
3298
3193
3046
3231
3280
3303
3199
3206
3091
3305
3110
3026
3196
3220
3147
3175
3334
3153
3316
3301
3208
3001
3394
3147
3207
3175
3247
3301
3107
3197
3330
3193
3183
3099
3221
3180
3306
3201
3197
3207
3102
3125
3232
3053
3225
3315
3417
3230
3264
3191
2984
3233
3374
3341
3236
3245
3111
3276
3248
3287
3150
3249
3315
3285
3005
3228
3152
3230
3089
3130
3101
3128
3147
3111
3238
3297
3217
3314
3081
3261
3279
3307
3265
3249
3254
3191
3231
3360
3200
3225
3252
3235
3198
3274
3269
3187
3200
3168
3200
3246
3081
3122
3206
3136
3170
2989
3292
3112
3216
3144
3224
3104
3193
3168
3293
3092
3107
3141
3171
3285
3242
3313
3107
3319
3215
3259
3060
3232
3218
3312
3237
3327
3090
3099
3175
3252
3141
3115
3310
3252
3144
3226
3044
3117
3405
3127
3222
3117
3164
3122
3343
3129
3280
3195
3236
3217
3290
3183
3277
3291
3346
3130
3195
3250
3276
3273
3340
3372
2944
3243
3196
3162
3198
3307
3200
2948
3166
3279
3186
3322
3175
3203
3215
3285
3153
3381
3174
3122
3175
3215
3161
3095
3216
3269
3227
3009
3371
3297
3304
3217
3135
3148
3209
3394
3202
3170
3202
3397
3291
3317
3099
3245
3139
3115
3144
3113
3290
3148
3322
3365
3197
3101
3094
3213
3186
3253
3081
3155
3172
3360
3170
3137
3155
3169
3281
3061
3201
3115
3268
3242
3097
3108
3370
3107
3331
3149
3118
3113
3226
3359
3062
3239
3236
3208
3294
3177
3066
3316
3335
3051
3170
3133
3202
3209
3131
3355
3060
3324
3324
3098
3186
3232
3163
3186
3202
3081
3054
3227
3214
3094
3251
3011
3109
3240
3218
3241
3173
3190
3206
3359
2974
3205
3296
3269
3250
3102
3217
3146
3165
3062
3035
3179
3365
3198
3276
3271
3253
3249
3192
3056
3048
3302
3185
3157
3155
3207
3209
3108
3153
3248
2948
3364
3133
3350
3191
3171
3136
3169
3236
3326
3241
3210
3181
3188
3172
3234
3317
3158
3186
3320
3230
3348
3141
3192
3466
3350
3216
3231
3217
3090
3341
3283
3094
3111
3123
3173
3250
3287
3215
3174
3322
3123
3340
3252
3143
3169
3247
3187
3288
3128
3216
3185
3096
3319
3154
3211
3264
3320
3166
3144
3037
3158
3277
3171
3280
3266
3241
3200
3214
3296
3285
3283
3264
3090
3115
3315
3134
3227
3008
3313
3332
3279
3204
3281
2976
3122
3268
3290
3202
3186
3155
3127
3279
3205
3146
3339
3117
3235
3240
3213
3256
3297
3431
3173
3055
3161
3347
3105
3137
3278
3200
3173
3252
3146
3247
3149
3136
3266
3169
3317
3216
3418
3252
3400
3111
3216
3317
3328
3145
3265
3226
3152
3233
3075
3126
3178
3256
3144
3196
3283
3112
3226
3286
3120
3127
3271
3061
3182
3161
3022
3134
2985
3055
3247
3086
3120
3205
3105
3188
3241
3300
3377
3165
3293
3150
3188
3226
3213
3071
3026
3282
3076
3225
3271
3278
3122
3270
3223
3211
3215
3289
3305
3383
3181
3142
3051
3055
3286
3083
3151
3036
3414
3271
3159
2931
3091
3169
3321
3102
3099
3251
3187
3044
3349
3188
3036
3231
3133
3229
3285
3051
3328
2990
3281
3292
3199
3210
3132
3361
3313
3175
3340
3194
3216
3189
3222
3207
3109
3063
3194
3196
3196
3131
3322
3214
3123
3235
3276
3242
3357
3059
3200
3129
3105
3225
3015
3288
3142
3124
3328
3106
3198
3228
3263
3115
3139
3315
3152
3232
3254
3040
3164
3155
3182
3251
3279
3243
3289
3335
3167
3188
3154
3226
3137
3222
3243
3044
3165
3212
3277
3056
3368
3234
3195
3289
3199
3365
3283
3288
3236
3290
3201
3195
3295
3355
3253
3287
3302
3114
3255
3197
3100
3303
3005
3168
3221
3227
3148
3208
3220
3278
3084
3223
3188
3216
3242
3199
3345
3176
3142
3235
3221
3088
3349
3118
3175
3265
3187
3177
3362
3244
3151
3248
3292
3213
3274
3019
3143
3132
3213
3149
3087
3257
3191
3138
3178
3244
3304
3206
3120
3202
3271
3173
3142
3301
3294
3254
3184
3285
3201
3039
3266
3132
3337
3156
3084
3081
3161
3043
3214
3190
3194
3345
3154
3121
3354
3281
3319
3157
3413
3284
3344
3237
3187
3003
3239
3196
3104
3349
3270
3105
3207
3201
3273
3203
3258
3277
3163
3318
3370
3153
3198
3384
3129
3217
3229
3231
3285
3233
3253
3157
3234
3398
3098
3152
3199
3194
3403
3109
3142
3185
3237
3214
3269
3140
3240
3226
3224
2860
3085
3258
3174
3101
3250
3218
3089
3268
3211
3195
3121
3288
3155
3173
3084
3372
3246
3285
3204
3116
3086
3206
3112
3118
3195
3198
3086
3248
3078
3167
3148
3198
3191
3409
3077
3147
3216
3262
3250
3291
3099
3118
3148
3039
3308
3289
3322
3222
3260
3218
3229
3170
3059
3287
3209
3239
3243
3230
3157
3043
3270
3242
3260
3307
3259
3103
3414
3099
3129
3057
2996
3123
3056
2926
3240
3239
3260
3248
3076
3294
3089
3285
3319
3331
3140
3266
3229
3130
3133
3202
3212
3323
3373
3249
3150
3103
3079
3294
3152
3185
3414
3205
3120
3287
3197
3293
3233
3154
3259
3326
3093
3279
3303
3132
3116
3198
3115
3263
3118
3304
3240
3191
3088
3230
3449
3266
3269
3248
3243
3199
3300
3260
3133
3221
3241
3157
3226
3202
3266
3137
3112
3328
3208
3263
3133
3060
3259
3112
3214
3215
3382
3147
3114
3283
3358
3216
3122
3157
3254
2939
3228
3118
3165
3307
3209
3109
3158
3037
3142
3164
3168
3041
3181
3191
3206
3127
3166
3236
3337
3191
3326
3172
3324
3245
3235
3204
3209
3370
3293
3272
3186
3301
3277
3147
3379
3181
3344
3106
3236
3101
3260
3210
3285
3231
3241
3114
3203
3247
3378
3198
3235
3142
3190
3299
3270
3186
3085
3211
3266
3188
3198
3047
3099
3404
3128
3146
3112
3192
3209
3179
3126
3252
3229
3182
3186
3187
3177
3164
3170
3343
3271
3230
3069
3172
3184
3378
3326
3182
3209
3300
3174
3270
3182
3196
3104
3133
3229
3330
3038
3164
3168
3234
3243
3272
3334
3212
3050
3213
3201
3444
3101
3211
3067
3067
3135
3286
3130
3143
3305
3086
3192
3030
3192
3237
3282
3072
3232
2959
3140
3237
3084
3117
3216
3145
3278
3127
3196
3226
3320
3155
3099
3225
3240
3201
3180
3350
3251
3076
3271
3163
3285
3239
3143
3170
3085
3153
3209
3199
3184
3241
3321
3055
3251
3302
3345
3245
3172
3232
3453
3326
3181
3287
3287
3194
3323
3092
3209
3250
3207
3117
3143
3284
3227
3191
3166
3184
3167
3309
3260
3267
3197
3217
3216
3357
3320
3048
3059
3405
3197
3080
3331
3166
3232
3243
3225
3156
3323
3352
3231
3164
3179
3218
3211
2978
3186
3186
3214
3203
3229
3212
3258
3250
3040
3218
3126
3301
3209
3321
3181
3214
3127
2988
3157
3241
3190
3193
3102
3315
3376
3454
3292
3248
3201
3218
3146
3373
3199
3160
3049
3193
3164
3287
3303
3135
3155
3364
3273
3125
3292
3228
3284
3260
3299
3154
3354
3289
3260
3166
3203
3199
3157
3234
3254
3350
3325
3240
3070
3197
3348
3309
3214
3216
3465
3236
3143
3013
3269
3182
3243
3344
3290
3297
3162
3303
3092
3282
2958
3325
3112
3308
3192
3260
3198
3064
3234
3139
3318
3045
3081
3239
3278
3169
3276
3294
3101
3133
3316
3424
3121
3337
3221
3189
3113
3220
3272
3111
3059
3027
3154
3299
3210
3220
3224
3312
3191
3248
3139
3125
3072
3190
3141
3266
3049
3114
3040
3129
3240
2975
3368
3424
3233
3312
3238
3262
3322
3186
3225
3197
3115
3246
3109
3199
3295
3262
3117
3316
3242
3085
3285
3305
3004
3168
3178
3301
3329
3225
3233
3099
3281
3197
3068
3174
3200
3216
3184
3122
3365
3316
3173
3179
3298
3035
3229
3136
3144
3153
3262
3308
3300
3276
3065
3148
3238
3343
3247
3247
3125
3187
3153
3088
3257
3288
3316
3169
3324
3085
3144
3245
3174
3220
3192
3159
3136
3241
3181
3112
3205
3158
3233
3284
3114
3312
3180
3259
3292
3284
3114
3276
3249
3025
3337
3114
3238
3182
3114
3221
3349
3120
3229
3292
3259
3205
3403
3283
3293
2986
3097
3396
3258
3347
3154
3348
3332
3370
3117
3130
3137
3198
3315
3215
3153
3304
3320
3263
3255
3414
3393
3098
3122
3176
3225
3224
3311
3218
3179
3259
3357
3109
3102
3212
3157
3170
3243
3082
3334
3058
3183
3109
3371
3144
3310
3195
3169
3194
3244
3107
3171
3240
3166
3179
3072
3266
3198
3278
3305
3274
3079
3259
3212
3189
3205
3088
3033
3054
3335
3165
3230
3193
3018
3311
3186
3172
3190
3317
3218
3267
3236
3239
3280
3275
3213
3234
3124
3287
3267
3186
3269
3350
3130
3240
3214
3057
3006
3158
3184
3190
3352
3256
3299
3352
3180
3045
3249
3207
3124
3031
3367
3221
3096
3266
3300
3052
3276
3123
3084
3282
3335
3181
3200
3267
3240
3093
3310
3222
3267
3145
3364
3044
3171
3210
3164
3137
3331
3327
3300
3197
3188
3124
3375
3163
3248
3285
3205
3165
3209
3052
3183
3158
3179
3172
3239
3202
3130
3264
3301
3220
3254
3094
3293
3285
3242
3353
3293
3184
3352
3102
3337
3213
3168
3188
3259
3298
3235
3164
3310
3459
3329
3384
3104
3316
3171
3308
3182
3119
3365
3284
3289
3281
3242
3272
3270
3288
3262
3230
3340
3107
3239
3184
2984
3172
3246
3312
3284
3155
3190
3286
3274
3287
3096
3303
3250
3224
3162
3143
2985
3142
3214
3181
3216
3231
3217
3181
3204
3255
3324
3194
3274
3118
3294
3295
3085
3504
3252
3038
3192
3225
3147
2977
3177
3003
3250
3136
3136
3181
3257
3095
3339
3052
3227
3339
3199
3143
3230
3192
3179
3133
3242
3326
3104
3260
3210
3095
3239
3157
3210
3170
3293
3229
3200
3126
3202
3164
3265
2990
3131
3204
3237
3179
3146
3290
3152
3375
3255
3321
3249
3160
3310
3346
3172
3162
3094
3302
3417
3135
3094
3180
3203
3173
3095
3304
3267
3216
3179
3287
3145
3309
3307
3311
3080
3150
3304
3291
3162
3228
3273
3255
3168
3315
3017
3249
3306
3131
3137
3150
3188
3150
3302
3081
3321
3304
3220
3326
3163
3256
3334
3265
3299
3211
3233
3282
3160
3249
3266
3234
3116
3194
3202
3418
3322
3305
3190
3367
3220
3123
3259
3264
3036
3198
3112
3093
3235
3241
3197
3157
3353
3112
3243
3329
3273
3090
3103
3246
3137
3336
3194
3154
3048
3266
3188
3272
3086
3188
3322
3200
3153
3132
3150
3066
3294
3287
3231
3284
3297
3298
3252
3118
3273
3021
3275
3236
3148
3105
3148
3187
3265
3325
3181
3183
3194
3179
3220
3316
3240
3172
3250
3148
3107
3232
3141
3303
3209
3137
3433
3144
3204
3220
3145
3109
3236
3103
3241
3337
3183
3186
3209
3143
3190
3264
3287
3178
3158
3205
3247
3219
3184
3288
3254
3015
3376
3149
3159
3242
3394
3119
3222
3300
3284
3307
3286
3210
3202
3293
3241
3233
3278
3166
3091
3087
3314
3384
3204
3269
3153
3159
3112
3054
3287
3219
3436
3124
3263
3217
3344
3191
3124
3197
3139
3071
3143
3226
3147
3175
3069
3280
3134
3178
3199
3244
3266
3255
3239
3178
3240
3176
3298
3105
3350
3283
3248
3028
3253
3175
2996
3049
3188
3084
3217
3220
2953
3208
3112
3061
3083
3268
3158
3115
3202
3242
3232
3287
3239
3125
3347
3190
3260
3084
3188
3314
3373
3099
3233
3174
3322
3306
3202
3259
3187
3205
3315
3170
3242
3328
3089
3217
3168
3129
3209
3061
3075
3225
3287
3325
3376
3332
3157
3320
3134
3194
3191
3110
3335
3276
3295
3172
3176
3145
3327
3060
3318
3167
3240
3173
3193
3157
3062
3212
3244
3132
3245
3341
3258
3165
3238
3238
3145
3276
3164
3372
3144
3020
3347
3199
3179
3167
3297
3311
2960
3261
3091
3048
3146
3243
3214
3094
3232
3276
3253
3016
3285
3140
3353
3078
3171
3298
3238
3286
3139
3138
3085
3184
3015
3223
3241
3021
3143
3197
3310
3232
3197
3137
3230
3121
3302
3209
3087
3227
3147
3127
3136
3230
3201
3068
3258
3169
3192
3057
3162
3227
3139
3146
3158
3198
3131
3298
2973
3307
3097
3266
3262
3282
3071
3290
3306
3204
3157
3189
3039
3091
3230
3261
3117
3199
3237
3247
3111
3055
3109
3158
3374
3179
3279
3155
3065
3176
3175
2929
3238
3167
3233
3203
3377
3323
3150
3150
3247
3065
3216
3218
3327
3269
3320
3329
3139
3213
3102
3010
3210
3225
3184
3179
3253
3107
3236
3127
3233
3152
3130
3232
3102
3103
3250
3311
3488
3226
3097
3245
3334
3154
3210
3137
3207
3106
3199
3079
3226
3319
3136
3205
3103
3319
3186
3171
3090
3221
3142
3215
3363
3141
3342
3348
3207
3217
3213
3230
3414
3063
3139
3199
3201
3189
3167
3430
3068
3213
3243
3228
3303
3192
3131
3158
3134
3212
3217
3277
3153
3308
3072
3249
3205
3258
3237
3223
3220
3120
3180
3147
3072
3197
3168
3286
3036
3110
3270
3131
3199
3247
3126
3171
3167
3421
3241
3157
3229
3178
3233
3100
3142
3281
3184
3159
3071
3461
3432
3063
3124
3029
3385
2924
3157
3231
3109
3200
3007
3234
3308
3297
3224
3218
3121
3311
3191
3164
3275
3318
3390
3061
3236
3084
3170
3234
3224
3220
3184
3363
3192
3206
3122
3181
3162
3068
3146
3042
3296
3208
3151
3313
3199
3172
3259
3100
3202
3169
3308
3214
3248
3294
3028
3193
3262
3219
3118
3280
3214
3195
3184
3305
3140
3199
3197
3245
3211
3367
3229
3220
3313
3162
3163
3186
3151
3323
3144
3151
3085
3141
3162
3182
3097
3234
3202
3167
3132
3221
3035
3268
3264
3089
3370
3219
3155
3243
3213
3225
3099
3282
3113
3112
3218
3087
3327
2970
3129
3224
3309
3180
3127
3178
2988
3263
3210
3204
3168
3100
3193
3253
3219
3105
3180
3180
3385
3022
3156
3077
3291
3179
3097
3256
3308
3360
3397
3161
3265
3311
3138
3202
3135
3199
3185
3228
3053
3256
3013
3206
3219
3144
3256
3267
3284
3030
3038
3145
3349
3146
3214
3076
3184
3199
3210
3189
3084
3271
3211
3237
2974
3232
3143
3264
3284
3158
3086
3092
3266
2966
3278
2973
3011
3203
3136
3224
3205
3285
3071
3278
3054
3232
3268
3319
3271
3116
3289
3127
3350
3244
3126
3125
3267
3315
3034
3228
3134
3098
3115
3170
3274
3174
3092
3114
3300
3183
3247
3071
3382
3164
3176
3227
3157
3170
3218
3218
3222
3300
3151
3186
3188
2994
3135
3218
3196
3067
3197
3082
3161
3264
3274
3216
3150
3149
3087
3198
3244
3203
3143
3347
3216
3204
3204
3362
3051
3235
3178
3374
3143
3204
3166
3161
3249
3203
3243
3277
3146
3234
3168
3115
3094
3225
3352
3250
3263
3270
3203
3148
3186
3266
3079
3080
3197
3073
3143
3055
3099
3292
2946
3235
3205
3249
3138
3132
3166
3080
3156
3376
3118
3278
3326
3262
3310
3246
3382
3034
3301
3154
3200
3073
3048
3231
3372
3225
3061
3190
3326
3210
3286
3284
3262
3320
3197
3094
3103
3371
3257
3188
3329
3164
3173
3159
3173
3249
3034
3365
3069
2985
3445
3272
3214
3236
3062
3184
3291
3222
3186
3094
3127
3161
3198
3056
3177
3061
3218
3293
3032
3311
3193
3024
3226
3189
3251
3134
3189
3112
3209
3160
3314
3325
3349
3162
3275
3071
3308
2959
3268
3219
3238
3233
3203
3201
3300
3239
3280
3209
3157
3360
3397
3169
3195
3075
3248
3347
3397
3224
3097
3198
3263
3131
3283
3178
3289
3074
3283
3157
3232
3284
3284
3176
3285
3200
3200
3108
2977
3261
3149
3184
3333
3178
3041
3146
3188
3298
3163
3150
3197
3296
3129
3280
3158
3360
3378
3186
3164
3227
3272
3321
3110
3137
3070
3280
3092
3167
3139
3170
2991
3267
3275
3257
3064
3304
3243
3260
3308
3056
3307
2960
3347
3198
3218
3179
3228
3254
3272
3172
3269
3266
3253
3312
3364
3281
3069
3037
3184
3240
3198
3175
3182
3266
3280
3231
3286
3194
3167
3176
3209
3244
3171
3171
3293
3238
3322
3125
3184
3076
3096
3092
3130
3305
3156
3170
3190
3343
3186
3205
3333
3069
3206
2939
3128
3420
3092
3187
3284
3203
3315
3264
3248
3149
3291
3348
3042
3270
3154
3248
3313
3089
3342
3122
3240
3065
3111
3272
3245
3196
3172
3293
3174
3225
3184
3118
3235
3293
3050
3146
3260
3213
3123
3316
3232
3280
3247
3245
3332
3218
3245
3133
3241
3304
3223
3329
3383
3190
3214
3330
3293
3264
3124
3141
3200
3254
3277
3316
3317
3038
3233
3184
3376
3297
3367
3296
3171
3204
3278
3205
3197
3185
3044
3205
3215
3422
3388
3120
3166
3289
3184
3259
3256
3339
3329
3250
3001
3227
3304
3401
3277
3314
3103
3022
3204
3201
3117
3372
3236
3239
3314
3221
3208
2934
3182
3206
3074
3258
3160
3285
3326
3083
3252
3227
3162
3270
3219
3068
3328
3189
3273
3177
3197
3111
3166
3130
3299
3130
3226
3311
3189
3085
3144
3289
3221
3289
3164
3300
3087
3022
3189
3248
3256
3279
3199
3136
3187
3153
3238
3143
3206
3198
3260
3204
3249
3004
3150
3052
3217
2983
3431
3201
3229
3218
3345
3147
3239
3196
3132
3163
3213
3262
3217
3214
3213
3130
3196
3257
3141
3277
3295
3204
3285
3044
3086
3207
3414
3044
3058
3223
3253
3309
3225
3124
3141
3227
3091
3290
3140
3220
3189
3133
3309
3282
3341
3302
3165
3240
3218
3250
3156
3347
3247
3316
3259
3138
3385
3198
3260
3378
3183
3197
3165
3115
3115
3245
3302
3092
3315
3278
3210
3215
3225
3148
3245
3191
3235
3252
3065
3301
3133
3186
3201
3133
3010
3272
3298
3174
3240
3147
3151
3220
3354
3220
3125
3235
3377
3310
3269
3198
3180
3198
3251
3226
3144
3016
3149
3316
3307
3302
3240
3081
3198
3154
3193
3020
3193
3147
3265
3166
3284
3156
3227
3151
2981
3097
3116
3356
3270
3221
3096
3267
3218
3231
3310
3206
3085
3216
3222
3238
3207
3254
3179
3256
3221
3072
3175
3292
3171
3367
3255
3326
3312
3329
3055
3222
3227
3135
3277
3079
3077
3119
3040
3131
3237
3095
3326
3106
3222
3335
3240
3231
3299
3196
3270
3153
3267
3209
3215
3182
3190
3298
3178
3142
3251
3186
3274
3352
3235
3198
3183
3227
3270
3225
3269
3177
3142
3073
3271
3336
3264
3322
3222
3081
3210
3273
3282
3188
3363
3204
3255
3335
3211
3127
3229
3096
3099
3058
3205
3159
2982
3246
3149
3221
3211
3080
3271
3189
3379
3166
3119
3180
3083
3190
3053
3303
3261
3209
3259
3231
3265
3279
3280
3288
3402
3167
3336
3128
3079
3271
3059
3113
3145
3152
3299
3235
3141
3190
3157
3185
3217
3223
3064
3112
3274
3165
3223
3131
3237
3104
3198
3247
3172
3231
3281
3203
3161
3143
3163
3199
3257
3172
3265
3427
3175
3170
3148
3113
3288
3252
3250
3262
3279
3129
3121
3323
3363
3201
3099
3150
3208
3252
3193
3281
3003
3206
3185
3234
3270
3177
3177
3281
3170
3179
3232
3406
3172
3153
3250
3228
3163
3249
3245
3106
3245
3265
3131
3291
3197
3075
3301
3225
3278
3219
3130
3146
3272
3112
3188
