403
2927
10726
12872
4518
5745
8471
3947
8228
2803
9081
11074
5643
12237
9629
507
287
2893
2660
14686
911
741
5211
1533
9932
956
13965
2374
9381
2117
8450
14480
1954
4141
763
111
2795
2040
5645
3106
4796
8887
3458
3840
7225
11321
15036
690
1434
9699
3594
2705
1506
8925
12624
4799
1802
14955
3770
1549
10528
1974
5864
10616
10549
1805
1121
525
3097
682
278
7498
235
5633
10612
9255
4693
5435
10269
8604
11238
4357
13660
13936
1332
613
4936
3684
7188
10733
140
10596
11697
4193
4309
1449
9769
4973
3376
11456
8102
5003
2044
6473
4860
6947
7295
2526
3519
8017
4469
1690
7404
2609
13129
8811
6391
6252
13787
1610
6573
1885
3584
8684
2625
5290
632
2121
646
1198
7267
272
4413
10218
9091
2100
5569
36
10844
8571
972
10351
5904
6180
7923
5844
3137
1414
858
10712
11539
67
1946
709
5134
2859
10781
12212
1078
1642
3023
2771
3715
4222
6754
5550
14723
1676
4476
14947
1671
436
553
176
9886
977
12966
8346
1738
7831
7941
15201
8702
586
2878
2186
10513
4944
2017
11832
4108
2657
6382
437
42
2153
15086
2301
524
1957
1452
1824
2337
5263
5080
1969
3344
5697
5446
688
13522
1673
2193
3189
649
14389
1232
1609
2976
473
1
5936
8200
8682
828
2544
8950
5960
12638
11994
11561
4547
2441
7226
1133
6225
11078
1300
1516
4588
2005
3764
517
674
4508
1765
4757
13059
11659
4612
1607
5443
9006
2283
3226
2518
6583
3354
6765
590
10124
268
68
8937
660
923
4835
1656
2825
9993
13508
12865
8050
9450
1098
4213
4189
1467
1755
3949
6274
3195
680
5779
5624
27
920
8224
2247
2800
6352
1748
4121
4446
9519
9249
4763
7139
12376
5629
7879
77
6040
61
11319
8928
4731
8101
412
535
592
13519
2848
639
726
6093
1706
14342
2143
12375
4099
1537
6836
13021
4541
14521
597
2221
10122
14733
8566
7532
8454
7426
11098
6479
10762
4926
5755
3746
8646
4092
3094
557
11174
3335
6157
9534
4658
4095
4383
777
2552
9022
8725
1153
7185
1944
5934
4800
10455
11727
523
4713
8195
10128
1190
2903
10752
267
695
3566
4380
2677
12273
10703
10525
1010
2582
10480
11130
5823
1292
15155
2280
5978
606
7885
1730
230
13815
3965
1934
1127
1014
7025
5054
8452
196
3148
2038
14942
10206
7615
3214
2461
1476
1469
8000
9561
221
12510
7600
512
2816
7640
11191
2832
1600
8576
7286
721
13226
2194
6449
15019
13961
7309
9945
1570
1025
3108
11565
9429
2560
879
10589
3673
6736
10252
7663
41
396
7908
2505
12862
239
5987
1202
13956
9308
1594
775
11178
1803
4857
6992
312
7563
2952
4128
13609
8560
933
1735
10148
1286
56
12726
4644
6002
1764
2170
6951
8487
3069
7304
3453
7902
4609
2703
1218
9157
6972
4473
3847
4330
13754
3678
5181
6034
11554
842
2851
4979
8913
13939
9581
6047
8705
3683
9634
468
11814
647
9258
12363
7340
8389
9897
13217
9122
110
9403
1850
2262
3142
100
7123
207
5052
442
2799
8131
4522
8
7547
2782
5020
2490
13933
10474
13402
2454
8542
9913
1943
2550
15041
1002
2732
5406
1210
2378
1688
2786
12828
7636
154
582
8363
14930
9180
1952
7254
2185
9819
3253
5734
1212
3101
2580
8677
3561
2790
696
5274
4649
950
9057
2137
5855
359
2407
2985
12194
3761
2015
236
2458
3391
7101
4170
2394
9926
5196
2385
3971
8859
624
435
6879
2002
12117
10575
2025
1852
1074
8955
4495
6958
1138
12522
3358
2873
3361
12698
13971
9444
11157
6777
7317
12021
1521
8600
14690
8256
5996
2540
10364
4579
10938
5523
8218
306
10604
1821
2874
12825
1460
4133
6843
4515
1189
5810
7432
5089
10042
13860
13293
6529
9760
13684
629
116
12636
642
3346
10901
3696
7712
7724
4410
12924
74
1241
1240
15027
6128
7841
15014
4114
11850
11649
10852
5176
3803
5431
9126
12492
11209
9705
6482
423
8353
4117
11934
10579
1869
2061
11023
4866
1912
6183
128
5389
6121
12144
13288
11328
2900
12702
3736
1967
3328
11314
5607
14593
14169
14699
99
622
5795
6288
13469
3119
5191
5317
124
7473
2086
6484
854
7925
52
10822
4221
11731
3403
11479
7061
150
4510
9999
11950
7089
12160
4481
1652
1046
5702
5636
9379
8940
14818
5123
6912
1843
9832
9281
4898
6417
12017
8192
200
11492
10983
