266
6638
1692
705
60
307
14
599
9908
989
1169
1320
363
66
2314
131
6072
1635
1689
3641
1188
1044
1429
159
885
354
192
4266
515
657
105
274
6675
92
80
255
23
563
638
12
2747
1156
562
15
457
839
1370
866
1987
1520
210
72
382
634
417
482
3914
76
2389
326
3827
608
251
249
985
37
28
415
474
545
3209
2331
1159
85
793
349
1312
1162
156
1514
559
4824
401
240
1038
571
575
5370
3129
6057
2840
1963
2127
2067
800
1174
631
4228
459
6512
6330
1379
1599
2381
2297
1103
2638
254
3305
234
547
4614
1256
654
480
1067
635
1209
133
2478
3041
5591
1152
1115
1731
145
1282
6841
7237
6684
11716
51
8790
375
186
2033
1033
566
5033
492
288
1547
20
6174
8330
4962
4302
3123
4432
9437
2961
3647
3072
361
261
8238
1405
2150
1773
2119
43
1327
1094
1277
494
724
3707
7145
3127
7166
7070
9
8194
2614
3948
48
6097
861
661
122
1955
6070
3644
788
8778
1039
26
3211
310
1257
5022
2133
346
163
1413
862
791
136
3146
367
