325693
2501568
2180861
12245921
1740529
2149861
25857311
8712437
4082196
911416
3344730
13272173
3954703
1050134
74787
2363033
893605
499344
43267
5570607
11667553
1234887
968918
2787835
886544
6290011
6338728
2135307
3700
5379978
4425333
5620814
5004428
5764670
8613311
147785
4648907
3445965
6749958
3603835
560829
1184888
1678354
907701
7280391
1698216
1018982
5338450
4748924
12272965
1638790
2499792
1683625
18572822
16848385
3648285
7443
4652543
10326307
677143
4796704
5498417
15320991
3625532
3575683
1318962
7503205
3030999
1014789
7689067
10463575
11201340
3380158
7602936
381451
4506253
1100604
5747486
3705968
12680417
7239949
3949570
5843656
4727436
1563886
2717384
1662721
3264328
361607
5833786
11480186
2393805
32984674
1697648
4803384
11515827
7072388
8683933
40342167
14933261
28952605
2627073
5736413
1012748
34384991
10878707
14961558
7896426
757989
218122
875285
23938743
6635639
13145229
4733930
280316
8501790
1449542
7930027
2890583
2559710
5492622
3360704
24360019
2893864
10745594
1098667
32022548
8850167
315974
482833
1956775
59406
48928
1274834
161911
7980733
8305997
23707475
1356805
3517782
66140
17492208
2675435
7133956
6007936
2270549
19019648
226701
1196568
68797
30852502
12425618
6837396
1009133
2761181
345442
63329
9563990
7541226
2653540
5085230
2917771
5875710
807765
2075461
1605290
1597562
5851662
761396
11210604
3457094
10136505
10267961
1378219
500150
5373373
4882011
5287474
1058532
5615572
7131398
1897088
881790
3865264
6247883
9517655
85049
5261664
13265474
13148080
1098340
829149
1110847
504640
3018551
19907661
542396
12019146
8263380
6905
4937871
694160
1623516
7882912
6340757
2722345
19014774
39586689
5204292
5115210
5187329
3845988
421925
31164
2260091
33170471
3087033
26572
57632
6580302
2791147
29706
4377701
9719190
81536
2659479
3584800
1274362
13905933
6238859
761493
44
2756598
3268671
1402357
1192527
13809131
225660
91836
11263732
11610631
4761223
15607549
146809
8751621
9865404
7981930
5012036
5507025
432988
1572023
3683417
7888494
12850208
343743
6467200
4145009
1079733
4534154
986628
1475241
7659407
90886
14570767
20813957
4842821
16890
4728214
1389329
24511790
3361223
32588
8653054
85133
13058730
678148
2011062
17540894
4980600
819053
1340584
11676399
6432412
3794456
9359415
1898748
29186
19603115
13917696
4006848
195390
1935160
2875528
12792906
2965970
5777093
3540431
2306328
27665
1763856
5357063
6483714
1645523
3116477
16638920
4146380
8288756
8531024
5655928
4298315
562
10579567
2366713
19267465
4791011
1200597
3562037
1880760
240714
17146421
833047
15416676
12469287
2972404
21448575
1056245
1593251
10912247
56248
328425
6858529
5651567
25391
9486038
4258803
3489688
22684671
110933
6755932
9071090
128
811778
4226345
6784265
145986
288074
8163500
2508481
37061135
5877204
3335427
5776425
4816011
12985444
7246664
72568
5541554
3013423
6449736
2618613
2717568
5373148
128298
403597
6510768
172941
1727238
9371994
6986873
356403
1269913
6063314
1765469
33565836
33027301
14567016
1489956
154344
16063
444566
14530497
1290803
19142117
672697
7232227
7821524
25412
8094194
35465070
6730675
27401157
5378070
270208
3688957
4795333
54773
1753645
2193644
312153
5887366
1187456
1
4998524
58188
19715315
29801570
3263282
1440780
5576931
289821
449048
23698291
4597021
3353728
4823792
4660552
3522817
3438158
2830596
82585
581614
23715
60712
3835149
2175100
2444481
15981012
13939577
2583596
9886993
1252461
12901533
168811
1138656
1683633
5650077
4931179
2213519
1951520
5214603
2120717
31847917
2082681
233629
3992988
4372766
1846804
12972944
15154496
5083158
965666
2453004
3783873
284525
4663905
12531560
268593
7
15757893
18100405
332899
616925
7298065
11379731
4600640
12635761
13222709
3622346
1141506
1008907
4069634
4334188
15298028
2300296
76600
6688492
2454372
3258183
1411223
4290441
2880025
3372204
8498911
2159678
23511230
3164343
5727122
1561607
173384
801464
2285748
5898488
3185392
16120789
1185297
27244969
7534363
2226070
4751730
6601116
13011480
3547514
7899036
4298170
991963
4701952
5420072
608456
26756271
4097878
6603228
16130
4344552
1713744
5800120
4572964
3766304
3450616
23460946
3069724
4389737
1223936
3365066
10890800
2544405
1555
2218425
3166209
20424054
10715087
6356306
11476676
2001248
2184739
7577049
4646043
599717
11979194
3361299
8713705
1051206
5817750
3658153
23698105
4393
6647
75553
17709484
11984364
1349932
17700959
452767
21764283
194215
1784377
2544139
4638892
17797762
111063
6735979
452746
2828729
6332849
7476249
227766
9070545
308367
9173777
2940482
14142324
8409364
8265635
4652512
50946
581692
1629767
401941
367398
27514948
12325246
11470211
8436423
5422027
3185606
2813324
632867
18338868
8435364
91997
12627022
10277184
316799
1083311
13793986
23759547
6637125
2723772
1454190
2027928
8521724
4870943
7591456
2729452
40175
5226037
1580576
2007497
4479809
356982
1042668
21561931
21892315
287480
14621978
458400
3743986
3713008
2532057
536028
8706995
28660915
2867146
7686
2342486
10104624
22883804
8760897
3244123
39465
6526691
8118370
5979348
4815490
2007468
3069959
299
4802634
4262
25753164
995746
12839921
9064866
8843078
1563748
1820314
8101322
865672
4383375
14006136
10230330
1678234
5223690
5108460
2032323
2070533
815422
7030176
21248712
3462535
2523460
1376047
28924452
26892836
11393058
5076516
16182556
10974008
32891652
334405
17794218
9258764
1832010
12246614
12843778
6219991
174987
1973819
9357280
1340482
4500575
909735
2014292
541589
3869107
32920594
5909486
3074490
15986989
4888050
69617
7813124
12596354
1122651
3077038
8275026
1218020
4139013
551079
5662907
91856
6866859
1196375
70917
102373
29717979
3883106
544829
4019823
5759085
7426951
3358846
6409399
18455
871053
876609
698503
6767236
21125966
206099
2879492
130490
1694711
4262513
4716050
8611423
6371353
270228
266093
3216086
5985453
9217582
8866392
12069125
798057
815216
96631
2879760
32285
14295391
10731088
1862740
10749421
13670310
7970688
5164879
9834084
16072817
18995603
14156047
4021000
17438667
10138350
713959
4877761
26289082
10499499
31292638
4748133
3834412
82921
12207823
34009
5482813
59414
4867980
3674098
8747
8507579
532344
10106781
271354
27040745
1865678
21173
4271269
2622467
4576653
279246
200894
453564
12794016
321597
2158820
5100047
140199
4082907
320021
6989103
18419969
4081105
4512826
25853049
2431908
4814360
4243216
98259
5200574
2288852
10208
94531
4384780
7219808
1683546
7234998
9922626
19082
24065345
14981
29371590
9279019
4600285
71351
6656598
11645557
410492
3240285
3940848
5778704
5615511
17586384
14295332
13757631
1830190
4029900
4581996
1128434
8525586
10619698
15277098
7725365
1362093
6590428
10420731
5299544
4350709
204298
8113843
8307145
6398030
29681
9079596
6527203
12583349
1445642
28981374
6858167
2959229
3287311
4405722
8495261
6400929
15692598
313892
4985051
16455
10325523
9698723
142676
5577016
904567
15254085
2149830
11178855
20156202
248971
1435757
1672552
229271
3186143
30035259
96622
7770638
2024234
17684051
7150869
3341674
5555170
226859
601724
5184957
14647976
15620108
2217247
2121115
67329
207258
6485639
9449985
4476618
25587802
5998749
995227
1504822
8302467
871436
22602660
11250956
213790
2796536
9636556
1564174
7162371
93777
1406869
7820856
2778194
16993107
818082
723351
9208197
2410513
4476086
1059054
12412035
7233602
4191112
3145233
11416515
3648623
19341821
2507238
18073084
48858
5575642
467470
4462150
5609897
279362
3200571
13321086
1493954
84958
226670
9755476
163240
2292315
3947596
25592491
5821626
23467888
28605413
41599
789191
4923117
2248551
1992054
8096625
5830084
26830938
3252858
1933319
208968
3268381
4579158
2751082
11934769
2795165
10094129
5199277
8448076
85353
19582700
4171042
221030
9765191
3745957
7928884
0
3388126
6271199
2444232
4973336
3643000
55005
5416972
4492847
6906013
2755818
1838592
10076664
14618437
37309868
22470622
6672433
450975
8249846
7589232
1140605
3672654
7690560
2902101
1437811
4564243
4355113
2026024
10677969
6226023
3938345
1512288
13192663
146854
33723106
10974345
7914136
3913334
2594110
15511154
22474323
1770661
7016725
14349131
376939
8554266
1889575
12514614
19688490
16333397
11805481
11200327
10389169
9684245
1309784
122882
24546229
4398654
22457842
997916
3362627
2868041
14387
9051863
16654879
3676790
1344585
3430336
9697537
77577
14330401
8945322
5967607
1139150
22209873
6682483
177768
7383777
11215519
916043
1468016
11469325
5721425
6465495
19292605
681752
25179794
17261235
1132479
4104149
1487144
26052110
8169119
456018
5152306
1125942
27932498
3949747
9351086
5935362
1360123
3202475
10119780
28321
6534192
5066900
4229950
3118549
6142147
7424808
8045637
3966278
334363
81887
8573039
5914888
4261110
23972703
5642544
2115102
21467089
3972716
308158
5154906
4867978
28383547
2094029
4670693
794385
284716
5325781
26645665
4161527
7888546
11514135
3061958
4692729
8799110
7905162
1632074
389067
9645610
2834867
12445576
7957649
9434866
7570110
225220
4681175
973909
5662119
5808950
8718233
26107898
2237225
3817489
26339691
276796
5676094
1578763
11132091
2272286
5459505
3720014
7295926
26374999
3947763
10072242
1836746
4670860
13387069
1286699
15473802
467313
25991
18650383
18988802
370236
250505
25620008
7075949
740809
9075737
6912417
6560650
1226036
192699
815202
2810146
8082917
638280
2830601
9662428
274399
27513737
21682
1843411
5190999
4461978
2652367
70491
262190
6468357
11748016
12562779
7590350
4789865
65657
1574339
7043361
22522228
4660003
26609931
4100982
31853827
2836431
4876513
4894168
7169810
9419527
783290
8443829
5083255
4444703
8401472
29622820
9291229
10649989
1058108
2536121
8678293
870863
24075509
8332565
19446962
1673677
8900246
21542805
6814482
630365
6917667
490252
3533875
15204972
1340424
34404452
1140130
12451848
9208442
2172271
2064721
3087043
1135393
16480553
29208808
4533901
30785218
9920934
3240705
5975546
9695187
2490858
1281303
40050594
7904621
48226
2700766
7264267
7687786
2307010
135649
1074821
156766
13226995
3309897
74503
6858255
1090325
5151008
2388571
97284
9247488
4444601
22936716
119352
7664670
8406539
1732
4647508
112765
27401
5482092
5563744
4337324
141485
10212284
581137
12377770
564827
8643404
3828563
1696648
10067270
5026087
4671971
221191
2561450
450381
2069879
2516402
8806589
2967481
5832614
8399391
14143836
25396420
96062
3075660
18318459
4352849
7979050
4983671
1580290
10080178
593595
2626390
1991663
23966555
12911949
2414071
13878015
9640594
548086
3182655
5119715
191179
16598418
4050904
1612071
110960
4626737
74186
14107065
7488273
3972083
10254102
14860941
331763
5884734
7007002
3960140
5735262
24127059
5918529
14099375
5843774
4941124
5876651
6712070
418383
15462080
7794025
21213840
27001622
15204525
4506227
5191646
8587904
9461062
2965928
847803
11382874
5039509
21486110
1865584
2396673
93565
298759
85223
6964519
11197153
15773351
32817989
6510558
2685713
1702076
3142950
3386497
6403960
5421656
10012403
7759523
2885878
2886414
17910588
26997352
22641996
4370990
1181107
7695453
3032846
9104569
5347996
5208616
3072423
77235
723837
768013
5959970
2092940
4368171
1692743
11164933
619617
6928272
674547
4672614
18183756
23767
56261
1125533
23866052
5015896
779178
56976
2203009
1218057
8897863
27731335
32167991
6523043
5478671
400765
5348995
16496316
460512
39548490
1379252
557611
64885
479842
9708071
3853547
34609
215673
16660
34593
3174485
8074080
10818013
1676052
7749254
8613514
19839111
3908336
1040983
15005103
13113543
28468449
9284978
29149965
9641617
1141558
1854661
1953352
167880
14234751
902689
25760755
23641744
1260893
236893
34949
2612774
75487
1707037
166098
1875356
15933158
20634006
4444667
7657275
19327638
317903
191987
4111439
296872
1387208
11671222
353230
5824533
5673453
650584
3777714
1561292
5828092
356576
56204
22521120
4406103
20725748
17625195
1302958
6855443
222199
13278876
1027611
4998216
493455
42463
2336219
19277008
2886542
3148941
30727451
434688
2469422
4614991
2424065
13323221
7791915
1457828
298795
3793993
944806
14787484
9480948
37363195
6954116
351188
10672725
173476
18397814
5432626
5370570
8425052
23084096
4972897
35756
1723232
12415210
7944133
1250
1837967
52650
451490
2884781
89358
9723175
2128170
14226879
53645
51883
4302020
433260
18137082
11537940
13978333
1454845
3348709
4199284
8448499
4748122
19571
13619896
4534460
3929695
4480303
23278805
2190708
1123704
59434
4505670
337774
219772
4149673
2940254
5266199
5022049
1631372
4894694
8594566
254418
