5527768
4344681
6631858
2787835
9632822
15433690
494349
452746
1630638
2057167
7577049
5676659
7309754
12880503
32920594
200894
1765557
1673859
1454136
5325238
453564
12425618
1096458
3233075
2661426
390628
7291009
2024443
119352
8473337
690168
161244
67393
4270828
12415286
8382986
1365412
12911949
8663684
5211920
3276721
8163500
3637842
2460150
616845
3882808
3973759
12501754
187097
4967169
461098
4963411
277971
569539
13192663
2092940
1494026
18118386
5970524
776244
1223456
542113
4204721
7160994
5846222
2099976
8864554
1959067
12109017
2357022
2497948
274944
19567859
7069519
2402245
12162023
2604449
2798176
12207823
28952605
4751730
992637
7341776
4488737
18572822
3604350
222817
6484416
22676
10245906
8642594
9385322
9026798
26013922
1874354
212191
44295
5226872
4540881
7619429
4163113
28239297
1371922
37831189
5759085
4082196
22593063
25396420
22578412
2802745
329786
185690
8436423
2934069
4985051
3215924
1825125
3534355
13723552
4489035
12105672
15298303
11043906
1504948
2460429
2431908
4591571
826826
1745390
3489739
3361621
3597454
15447191
5541554
20826048
567230
16965073
327496
5021131
6534192
4219796
740746
5598587
3575683
3666767
1439641
1784377
3124877
2260091
5497792
3582127
703863
6423960
4172573
11180926
17307320
60714
356403
3913427
12069125
1579130
1302958
11914148
12176658
27514948
15274205
1436913
4830776
167880
3778254
6605881
19716053
4994726
1887270
1449542
2180861
489225
7025996
302154
5373607
1686346
3247410
7503205
4336668
921692
1843279
62403
2255460
2883880
787894
2297497
19224053
1994122
27466393
5936039
1802325
21915
4352648
8520729
3810123
7657275
656198
2561670
51308
458642
146600
7670951
5208616
2057819
3362697
3185916
8941823
16655436
9488993
1875356
14835077
13383308
1698216
229271
140199
5748572
10212429
4617238
4064688
5598268
9708071
4891271
51883
1645523
12359092
4773174
18364613
28831742
35385343
13455791
460512
3944457
13158146
8075361
921243
3447178
6403960
21624132
10012403
10136740
2144697
1590307
9985428
10887236
16039277
1628793
2090218
1049847
149331
2057791
1042668
257558
5967607
15264342
3524270
2226987
5615511
4825576
24516087
3817489
6687869
1525703
2984417
1268824
7552403
12838
1597562
3050917
778901
3030999
28239107
23589715
4903506
8320661
1194288
9291343
19073440
24374649
208613
17583115
616910
31853827
4415928
887511
571510
3434679
1676052
2858523
3486285
12377770
7165809
10677969
20813957
2160621
4376014
8018058
3048247
4500359
4907454
5089719
42655
4050904
10372686
5448302
12843778
4615239
158022
1185297
2675435
56204
4579988
3855867
186785
4604280
1569354
3540732
12639877
13663612
10626906
5152306
6973085
15791627
2616898
34609
4512826
445782
4026893
3184175
9104667
20320505
1407103
2595982
77235
5744582
4651503
857048
1438427
3364545
21019367
3404648
3257
83652
8647420
3258024
5388630
12636805
608273
27733029
10363969
32754184
2629865
1048081
9371994
6647
4672937
15069338
4755128
122882
3836702
3850873
4189807
6134465
3331081
2826049
6274839
13858785
145378
12780718
4551887
8498911
15395030
7129058
4163029
17574214
11437002
6920613
1695259
1584307
5179368
6635639
1847124
5509043
23654233
454571
8751965
65712
2223041
21448575
3853547
1415357
1083311
8611423
2592754
3612992
23051695
19277008
33327403
4576552
5975546
3035712
2645106
2525093
5621111
2288852
10110744
22409487
975211
830791
2843454
15813079
1132479
4663905
745505
355391
7277899
4133350
5651567
12019146
7219741
1234887
27731335
6602841
1079733
5492622
404129
27059894
3345269
3933113
29790987
22735540
6063314
7806827
5560712
1634607
4839569
1297286
524541
18472
2908313
15620108
4724616
37970
1373779
2221035
9563990
6689761
13878015
479842
29186
35138741
7268865
16033325
1579634
168811
5006306
2439689
6837372
20802453
4165293
8654749
23085829
2363033
15171879
11392012
14156047
10591072
34861034
12059124
1279027
32169733
1068641
29222817
20543186
1128070
1646063
7258762
16058548
7687786
925342
150541
41008504
6580302
7743975
4002418
6460122
3003652
211906
3355377
758535
4111439
4878596
3475758
71351
26645665
13145229
3648364
7393971
1111554
8486141
1624087
296911
334876
11729572
4449
1081460
2055041
3309897
5466108
17658948
37309868
27876603
2754357
3735259
418383
10731088
532051
28492043
8
5658738
1000515
2225681
8742
723837
5331290
2572293
22677701
22684671
4597021
14281051
228958
1027603
4329064
1376777
6720430
15640012
204298
1256525
9661890
4133025
10974008
19179308
10258414
4006848
1781286
25314100
967992
6146475
5131551
2711313
4614991
30852502
165539
6442445
2695411
10499499
2042967
3253841
10493927
22153014
38696815
17910588
5095745
219772
5300426
4104149
369552
5174582
5765562
8656773
21875356
833047
853190
5367482
6887616
30303108
3308398
3866396
1281303
4640773
6505892
5357063
17700959
42813
19571
1464000
8159959
1564174
25574119
100529
360265
9076105
1709109
2528116
5743105
1516715
7952753
16167732
6958514
7511273
7330467
2556410
7273148
3119455
1121557
18183756
5282140
2024176
44072
18073084
7905162
25773890
14602461
5970175
13866592
22936716
5983337
5916009
2940375
5032417
5419966
25391
4983671
88011
5299958
1040196
11266275
3834412
3705956
7794025
4405722
834463
421925
7453457
5975220
16410823
2498339
21640399
5193125
787691
6866977
56196
5198704
17787201
1321491
32937052
1794533
4081632
9079596
11330633
2266358
13263010
50572
5549632
4326304
484435
1714757
2136627
2353199
28444689
713959
3949570
2930253
2089060
6047291
3995702
388518
10421215
9363721
4648907
2066731
7928884
72782
7558710
6928585
193565
334430
24488475
4815948
7879908
14807499
1663724
9351236
1232781
8097123
368672
4128440
14244139
4853138
1211940
5302312
331763
632867
4135847
6089334
299283
10619698
1988660
8427189
13314391
27411391
3992901
916043
5037689
2209013
8945322
13757631
18318459
3168199
6559
9362587
2778194
286
29704620
6485639
907561
6814482
22739581
7030176
180307
2665899
10224260
5083255
3698702
3503244
9178913
1739060
2536009
5594913
366387
11953294
3083293
3926404
10649989
226670
1589825
4780914
16034
5106149
2739114
8318137
16885
2138866
19993111
9560383
3954703
3883337
1373373
2142250
462008
34831
3240285
11470211
3288762
14235211
19605313
95698
1820314
3609386
5095438
10700939
1009133
25109552
20937302
12387910
71702
6456383
15641454
14845325
759069
2148325
1717516
90369
3904872
8720104
93924
1753474
2607526
10067270
576590
1376047
789191
25857793
10257657
5131693
4140302
14305170
4515036
13939577
461164
28468449
277390
149665
1389329
1935160
11748016
9879080
1837602
6549044
14747347
615
173857
3648285
2609461
19288172
3434317
2044286
1457828
4741699
18981633
5122012
11199083
1440780
22251588
400765
7955709
156642
1696648
1664824
6564089
3783873
6144138
11178855
334363
8676630
4058231
2440976
532093
2139
25188
1256121
4126366
15429249
8167422
2158688
18717175
2192216
6250384
4440487
8529995
15327412
838836
1682928
3073802
78077
11269463
1721617
5984069
84958
3278875
2937512
3408957
6445832
1223962
239718
797041
838094
364150
5953566
430170
3415416
5897592
8587904
686192
77413
81254
4580196
40670
21802
6380585
4343018
10093110
554756
1454190
4995254
4989299
5670564
22697749
4282761
6590428
2469422
2144605
12415210
1650723
1452931
4558048
32984674
34180
8080560
4947602
1725602
36536
554094
1631372
14618437
17132679
14065690
2239447
29445086
5421656
33002836
6024674
7204395
18417662
5128177
7424808
2361076
5326106
5914888
16614751
22602660
11103613
6481714
3243260
13790793
10281868
1552928
3349541
3185606
2795137
369544
4718969
5555170
13126424
778953
22965479
4149673
33027301
4035340
176860
1732
6510768
277764
930727
1612192
253139
12889423
9403981
15349406
9105293
11165692
32167991
4867916
4305367
477224
69584
4755328
13384343
4877761
2165836
35276024
76057
3590763
17096399
14961558
24424067
1961455
1141506
4887221
16913461
1862740
6373306
609887
3257715
8605071
1014789
3234549
1678354
7538041
2043292
4565300
25412
3810877
24636824
1614583
288112
10527416
425357
1785989
8664599
35624316
5022049
619552
24362430
15351202
6150959
20128644
10034976
17652
156364
4967876
2342486
5860000
6137696
957007
3106870
9483260
396
3861119
26777
3479835
6266056
11077947
401981
5662067
7251303
218122
1078878
2967481
16704574
3816739
64829
2216002
13568119
3299620
23881476
2213519
2163199
968254
12596354
19287269
767213
4520558
19468628
4462080
14334203
2965970
8328970
5191646
13982680
2043228
5375726
1153376
11856445
5087035
201120
2107408
5216385
11857316
6607453
3468779
1402357
972907
3038712
4575138
9684245
457649
318362
13978333
5133754
7914136
10220268
3713008
10117997
5199606
2560571
7813124
1580290
714538
1302965
2918898
18358927
1342014
9516976
204632
1880760
3427336
3597067
2073800
17004
449048
10403673
2218425
5009548
2273793
257970
19142117
1287159
666059
2884781
538762
1719388
488
27513737
15933158
370236
2377318
427416
22047508
5420072
7745000
669888
8082917
39352
9038675
296872
35465070
7288909
19422869
4695959
17203680
5585029
8980079
1895820
7470665
45257
4346
3397947
1348284
5983711
4803384
14299
308174
3984094
23460946
430050
1030620
5577016
364344
809342
7759819
3162238
19239595
2124137
2604235
24079
5459620
323862
9666
2978699
4652543
292785
3258070
12700946
29699636
18030288
26387010
1246977
11469325
14339878
11363186
3455921
571940
3491151
5924311
2043154
24072
1778664
1284013
6602966
10869636
6623759
18137082
788284
1221135
1032856
5644737
5484165
5194716
3419753
3182655
2920237
2846044
2497356
3390307
3870412
80409
527204
7049232
1202289
8398867
14359148
1523746
3511148
3808721
288074
6906013
551079
899423
21125966
4138939
11061827
5035534
2613374
56180
7152615
150375
6085321
9726556
2876322
11071798
5004428
3676790
6279237
35890369
23192879
766495
16654879
465447
566067
4785707
7702162
9836179
3179533
1200089
657048
194032
8557709
1587700
10076664
1331402
3258183
8671228
391095
1838592
651370
8668422
7468103
20837849
4680384
20682677
3289489
2719013
1515038
5334421
226999
5343693
3966278
12251575
75358
4676542
8351338
3675019
6516522
8745900
856470
5985453
98306
18288441
344496
1161820
640403
102446
19024879
3720947
8652704
13278876
6527908
2493888
994159
30027790
1121755
25311990
2454248
22402486
5778704
2240694
5916050
2151
2239746
3910572
4600442
7980733
5051336
9109116
7450144
12925798
2277061
137402
2195072
3021749
7531998
11676399
1651144
137114
468040
28035513
2756813
91997
816101
5261664
4632583
4435620
213785
2511232
2259846
14237890
5918690
17632406
15317693
1746046
1360123
12469154
2782200
2868788
10485151
3052150
6426987
1139150
85371
378499
1970180
4963514
13759500
300849
1367815
182257
33981960
5806758
2258514
6533695
6755201
1516047
35
4146380
738876
202028
3534375
12596710
85379
1833590
2867146
26870601
1040564
9640594
2965928
6142147
11100691
277851
14785312
54660
8752878
169111
8635889
6483714
3908461
1865678
208641
7912987
28718547
166347
99076
74503
1644382
5373373
1099365
1226036
8343423
19829219
20725748
5472076
1333130
170433
19691
6983778
4740056
1692743
321597
13653526
1587490
5060965
13299475
11263732
16536024
757989
2761043
2079156
2595808
4019083
49843
1531376
780347
354351
243138
6461714
11842329
28823044
4389737
314087
7732480
8275026
8322463
74654
360506
17277852
7545468
1068468
1727238
1200597
41183838
9889791
2026024
3828540
5879690
1117458
23335526
3244123
1445930
7130212
29208808
18111852
4284315
11121762
12451848
323244
818535
6565051
117003
11185955
9258764
229274
20590
190266
3462535
6084181
5250055
10167772
298913
620792
1272614
3358180
65132
1683633
10332
5180921
1397318
1190191
1423789
8448076
2159678
2166259
5981338
1454062
1489956
2684941
1418308
12069518
26802176
55075
18652611
5817750
2810146
1699954
1340424
3361506
1271496
1631626
2120717
10325523
1900551
664471
112141
467470
3967970
1018826
172941
27966007
229496
575877
5833786
96631
396231
5784682
23767
150657
648927
6682483
312281
6507937
1125942
819053
1952038
9021818
5721425
21019296
5113537
5512323
12245921
1454845
7133956
84140
4283913
34274295
254229
1560095
13635349
10119529
7232227
4638892
2099112
1973482
24209733
411072
2177221
3605236
28285122
226615
11514135
1702076
1707037
607208
4359144
9417317
18791653
26609931
9695187
1074821
871436
2620681
891586
9286360
29439242
1675587
7239949
5410882
3945009
1356805
3456627
3253943
10412099
13387069
103927
14295332
5108460
19208112
2054463
10624386
7289641
3490309
5032587
10368
4681175
2979562
1351417
429372
3444528
96062
14143836
38657615
4320765
276796
2366713
6819553
208659
26339691
6069912
35589
10326307
8274506
5623022
21682
1387768
10579567
9587
2830596
13961413
7258776
4874336
2982040
7867561
291379
7923245
53414
3488771
5187329
5909486
5116479
971793
58141
25355233
25893478
4461978
18828580
7099549
4062744
1089972
2039796
12325140
6989103
9118449
1109096
27537319
2583596
67764
323307
4082907
4285867
13192258
2569802
3249247
10127083
33706278
23511230
5090476
579033
5936965
1512288
4670860
1181417
12236333
85049
2388349
6304676
96378
6289530
622872
581614
27401
4176249
9484663
10069145
2276806
2217247
9463940
23976122
22457872
59494
3916964
5824241
6075528
3438918
8653054
5851562
34009
6271199
2973643
907701
2078849
2760893
5382279
150052
2106832
1109563
6290011
5593597
2779127
2748270
5279981
192699
396145
75553
7791915
390067
1200165
262190
1572023
16063
1445203
2207606
3382494
50072
1772
9480280
568176
6007936
4170298
3560218
190778
461071
3502571
10878707
3456777
4453777
2024234
4390807
4555032
11476676
3019776
47364
5061572
10273506
3077038
8551767
4489082
18746756
4923117
581883
1340584
4350709
1248174
1450694
28379363
113227
2686768
5231406
1953352
762451
999961
485568
2617201
103370
541589
20182606
2477106
5351926
3819663
4386896
11422306
227766
973909
13847554
11132091
7361066
1152735
3789907
19277709
4796835
1696910
16204363
2383075
15082630
2021403
5755347
3450616
2164639
2068144
13818757
2576176
1956775
319
14211341
7686
16806459
671530
1271699
12412035
16504131
7883415
16264214
410492
1058532
140492
119057
3838130
174987
260753
14564417
37363195
2043191
3622990
4567912
26107898
866964
29717979
8850167
380982
4191112
2980745
1960970
9963061
8643911
964999
1449846
116095
2279710
5749439
1078290
170908
10962923
5173468
7882912
3778705
18255725
2437565
108933
1502854
15475651
1238
7217128
44284
2441101
2430669
7275720
4989684
2042942
5299544
177125
32285
7714775
11674344
12404680
2058037
6301177
1494512
1874291
3938345
4796704
5707585
7927791
13296076
2653540
2020323
26853806
61334
376939
25759380
3145944
1893287
47122
3287440
599717
4852708
130044
12537252
4475
5124590
72609
4691790
5843774
5527847
5837956
7904621
27520825
846300
2871362
1198078
3667569
15346436
1187456
19292605
5184957
4492847
29204059
42463
3201709
1523781
2057216
9043229
413897
7690560
60712
2263066
67916
4387077
6340757
5801110
676584
4380883
10690753
10053868
48035
7072388
1448645
12663238
3613473
10672725
1796349
18167799
9755476
7972232
9312739
4063173
21472633
3663294
298795
6019466
708143
6954116
13361831
2623927
5373148
4282198
5037507
1378219
24726893
17997262
9653887
14428929
4609367
8843078
15398548
12173416
3648623
111063
1617254
3162014
11961296
4643189
5092258
395707
5559746
2018955
3067408
14233558
634557
7899036
366534
23866052
2019322
4867978
2495221
17398780
10047839
36226
12514614
3777714
2687822
2037818
10843321
7837829
20529062
847803
4355113
411690
3820057
6398030
1543563
398416
7900447
6551453
12316127
3344715
809313
2091605
52030
1051206
5228667
2715405
34964
8688211
2743372
18397814
1398678
11548607
22853597
562
15362021
975424
1302982
450975
18419969
3202737
601757
8900275
22209873
6148296
904755
6584162
971928
564827
1441181
620732
5832614
758307
70917
450381
5071665
12357852
14706477
3813645
2926499
2627073
499930
118353
17207024
8531483
1753645
5830314
7304509
27859288
5390986
3176605
9446152
18012451
95313
8071144
6281891
4282561
19379688
3338777
3252858
5998749
2396673
3826722
240714
4344078
2149830
1266508
35242474
4859536
1557149
1439823
3823406
1288089
15499829
764725
4404650
3018551
29706
2895911
1176925
21146317
28097468
2749382
2621086
8118370
6564436
18995603
575108
2536121
6955418
25592491
28321
12171602
923507
40119663
11322510
6756292
26971736
2453368
8451512
10815434
10740
27401157
30977463
1239739
8618252
8940223
22042321
7016725
9854136
4359334
16496316
24065345
4713349
730474
287480
6804839
3427848
4097878
2513186
950382
1734305
10531310
28449495
2502398
1107184
23715
23530948
26830938
20328092
8799110
881409
2175100
19341821
1878902
7234998
927976
24756459
7588128
17068131
723351
21054240
4602009
7974769
1125533
12698170
7896716
757543
4581996
4368171
35523302
1731596
242802
166098
2207050
21211591
254067
5815015
10487219
15168631
1207488
11598623
37213449
2471639
8434772
12761283
1102926
2695627
2144509
44759
10237129
2753935
4236658
2496890
1402094
3137216
10500616
3232230
7821843
7880837
5006514
1408597
3688957
9922626
5149230
96622
5419489
331503
4177462
10914108
9480948
5676094
274590
5732889
8401008
5191649
77577
13403901
9214704
1089862
6754339
4047157
657343
15384219
240372
1223936
5655928
3876535
3929895
1686094
2897120
7138263
58815
20822384
248971
5710844
218
9641617
198290
194873
4941124
11754031
3521661
351188
2577175
231152
2206105
3796970
16002353
2834867
2007922
5347996
2162673
17687759
1007621
14848277
4808518
63472
14330405
8360130
2213991
244964
5066122
12724157
2746514
5868007
28076964
6383937
2179167
996208
10111514
10230330
18510665
91502
18988802
7545043
4761223
6054112
18960394
15138197
15320991
12670327
20967281
88476
22567554
19014774
4991716
7675397
688634
37052591
21486110
188804
7145718
2737138
16046
8511472
14307761
680128
3562037
14417228
7084116
6488723
6378444
447555
21328299
2027928
26026957
3489583
20827036
2420931
9415438
22884867
3353728
2524607
5149773
3422697
453489
26192025
5264273
4573209
5096251
1739105
4489353
2356963
5670077
5292784
614782
7237925
106226
15673974
11246779
6855443
6523043
9208197
197222
5878124
5959728
9136143
4972897
3061958
875285
4659478
11093014
12562779
5845363
18298
706872
1629767
2580346
168203
10422756
545403
15678733
883508
8265635
18293932
1790080
413057
2226070
5609897
12519277
4383375
13113543
21844402
16212568
4815490
97261
19715315
2080178
4577911
504640
4584438
39399251
1423025
2646482
12809153
3883106
16826444
757560
4259663
1617715
1342732
909735
8949022
8521724
7539524
10059
4306411
13905933
1364043
35244944
20898940
2380854
815422
6964519
2723400
389067
5821626
4748002
7817615
3264328
2861768
7372766
1136090
19619766
306201
4509091
1992054
1340664
4334188
21372979
28048718
160658
456194
14944366
3785418
1269799
5345543
5806093
4374272
3944807
521058
1993749
2028415
2453004
8206553
9217582
822481
184797
1747493
4420503
23786209
10277184
10749421
10940674
1234417
10974345
3321357
50946
2556591
13170159
3110713
1710357
5994784
111260
383391
694160
5966591
8712437
4551429
7567030
6384931
27782845
1020043
9117103
5862862
1250591
3743054
2158820
4733930
158916
12408482
34593
3174094
72206
75360
7896426
367398
1694650
1999756
88634
1561607
32164643
349634
381917
482356
12656441
3194581
2902501
3947163
2524669
177573
15303068
4726672
8465181
1718818
12173548
18589584
2692774
4379718
141485
6627408
6072660
3845988
10176355
40342167
698503
2448592
8028924
5824533
4867980
13321086
3268381
8261007
1702244
6411
1031612
3623091
2043069
10471793
18061191
21248712
4600640
504795
12419266
5167264
172417
559359
11275040
4658031
6428514
10618928
24360019
9696145
5585508
40886
1796526
14599800
12313423
5866069
3339017
4998524
6767236
941799
1098931
10818013
24195140
1453175
11934769
4516127
14981
1306047
762
4631420
33212
28845604
8734070
22411887
2680670
4081105
678148
11649524
3742654
3356900
2057653
2203338
11251999
1209187
94334
381888
24635
8399391
4834610
25897
114124
6122887
9834084
1672817
56261
2159506
59547
115442
15909777
14128315
96791
4572964
6077386
3418548
2019120
482833
10266122
5190320
5670782
16226085
6329862
16781901
8081116
4117561
791280
4320315
4859568
3923654
981105
17502939
7954335
61569
2195680
4425333
3675479
7379016
4310172
4071242
601724
1428199
982735
21467089
2014292
14006136
9529962
1431465
13142550
6749958
6555661
8379023
1250
37061135
200213
3405398
26208
665275
6608167
12272965
1234864
12792906
1936027
17110546
14223731
5762279
23850988
8839882
12469287
6917667
7728900
5979348
2010250
15416676
14234751
9808599
30629331
19755994
150682
7246664
3689513
490252
7324244
2057904
3705968
2882515
1950532
15998689
9284839
17400522
5824864
6478486
15211531
18928
3386497
3903303
8044497
22946147
9008
13272173
30727451
23641744
17709484
2945092
7220975
5653641
39586689
2784893
26756271
10677871
21756058
9599077
16886
9468630
10912247
4908480
705696
4026629
334405
3145233
59414
4183933
350245
6032039
6812115
3681857
7602936
2612774
22859
16862791
2948799
2893864
13160317
2618613
10138350
11016376
5606230
955403
1811044
88632
40792
2248551
2253926
48715
1623516
5307192
7822917
2070259
5178089
7372742
12370112
4986573
7804187
655741
24294492
8531024
675673
11215519
4605755
4586078
613088
1915565
4935826
29343417
2770365
286276
5455493
5115389
8462318
100840
1466483
413865
24552383
1685426
4544031
649150
2532057
4729241
4883868
12506949
923738
16892
15154496
35756
6341707
5083158
30035259
1979059
1563748
4823792
2265878
22644299
37610363
2622723
15626406
4560813
29457236
5108511
10529298
3381354
5911298
398518
3929695
12550401
12397944
23599940
11167054
1258511
3929675
4581218
1762678
4611731
2700766
362936
27508266
4432560
403470
4250957
28617858
39165747
22395391
4712373
1034418
9449985
10254102
2072361
107938
15607549
146809
206099
619617
25825837
4476086
1432736
142676
20014017
18025298
15254085
166870
3489643
1898748
19502772
6287
4015521
15284828
13232873
4207274
26578688
2998127
4267861
4587078
1889575
1590145
3032433
2578955
7820856
1152653
25179794
3029631
10827265
1885753
59880
6967568
6953819
404701
2222113
10899285
101279
17231154
15018680
5556429
10207419
1599481
6603421
12929257
13148080
4406
2652367
750240
3913974
2439639
2633689
16056262
17901053
25760755
24030964
9109555
3830129
24080009
18231758
23966555
2917771
5659795
7851351
52806
5290033
15473802
1545354
7917672
5792973
12494833
3743986
1729001
17536768
284815
2371920
1268851
3656938
43267
250505
14045458
1493954
25857311
8747
1819076
3340646
6701902
2816107
25518929
420040
1274834
17351808
59567
3284241
5811543
874180
24127059
36406632
708006
29999849
12468105
5195706
3250692
2083235
26126
2603763
19327638
17005085
593339
213790
4405188
2890583
270228
5778454
273422
2168656
343743
7927145
7216922
3166209
3866096
18620620
226941
85133
2194306
1638790
3987519
36409503
10046238
1146129
12755057
7680880
5119715
14955029
4912187
14346034
11142382
9989144
830605
3361299
37801
2289353
4255742
74186
558228
212393
24511790
3155962
3802045
745135
8070268
17593878
17492208
28383869
4422225
9812560
7051736
967933
20245485
677143
1555
17794218
2043184
20634006
66128
532344
5200574
757517
2903350
26188201
833915
30785218
2663732
686782
4243216
4758001
68797
1612071
8857715
102373
3332360
14812871
9723175
9709801
571877
7295209
4874934
32753467
2116474
20258543
4229950
7589232
7028600
22464994
535354
904687
460868
13928135
7534363
299386
27705650
7295926
4369691
3438158
5398302
149646
1074109
3411196
5524172
317903
833364
26925149
3825235
3075845
11287232
33053862
8506450
22115
6534083
1440150
574371
4171042
5875710
8113843
1058882
30813337
18609569
7189491
1634761
1374057
22090459
561404
7044786
7701438
10476606
48928
3010791
9876134
5866676
1379252
7398778
135649
3946948
2934405
9767962
3709480
3289157
1370890
85223
18361870
13393016
89152
1019827
5778654
21834749
1183170
4384780
70491
23096954
238374
2017831
4238524
9523652
2613067
14387
1135447
25587802
1110847
5032368
6074453
8305997
8307145
28605413
3035395
65476
322119
2750712
274103
2499429
401941
1212835
367064
11140318
4847407
13849480
2144794
3087043
3358846
4748122
25554328
1170773
8249846
3683417
462499
10877802
8838266
1613559
24347494
3871544
30545996
5101919
4380154
5038162
4069634
6487697
5187426
8847680
14174901
5416972
1489817
5015896
4142307
1561292
5081192
5898488
4672614
2122652
7749179
7906229
4360807
17175438
361304
5326553
14971608
21637717
12390051
365942
1518271
4041736
18697743
33117
23588962
5094113
2537001
17102130
12759633
6067295
25731761
10621111
17842191
52796
5764670
21890847
4349826
2410513
468575
7339
10400830
10231377
5662119
5592218
190051
30577590
13145969
1128139
4987675
29622820
7286818
884074
2419597
24531377
581692
82168
9471902
6183586
8900246
9313473
9801076
2011062
5876651
5320
33896783
916814
10267961
12794016
2341325
664481
719835
70076
3741835
10616234
1678234
299
6072740
4149179
13830078
528879
5432626
8404189
4671971
2616155
38155081
280316
201265
98259
1098667
10138716
2199093
2968612
27461232
17253742
24406249
6518223
1868283
228249
29681
43627
14073502
18158114
17302943
402066
886544
20225963
135823
5181193
8867214
3362627
15493682
1475241
2997471
8458151
3816422
726104
5576931
10283486
581137
7944624
5982766
128
4760117
7517101
356576
1593251
9434866
15953511
20975698
4262
12208746
203655
187839
3149318
28962478
13698310
3028538
5529701
477
2549664
12390396
17684051
493455
1266837
5314216
12445576
1122835
9610882
4547735
14311674
3411987
9262372
15663007
6816440
3072638
3788796
4716050
6784265
81443
85700
1068447
2219444
1093564
465635
758451
9812115
7239342
8751621
9173777
390621
912779
2890282
3148941
821314
3
1776985
3346240
315974
7162371
6326340
23278805
3842505
246152
284716
13664735
6527809
12337092
15477299
191179
7280352
59434
102711
4892946
1349932
1223168
7175746
4888050
477595
25746372
418965
14296521
624236
3013423
90201
4875938
4557526
7737564
2341731
7775348
4629589
298759
1191072
25991
20072526
21526185
16634809
2689192
11480186
7417077
3771593
551913
3533875
361424
1697648
2158857
2828280
3035621
23698105
2444481
15225615
18468022
16065970
4549451
36160153
1001337
222199
9267265
659470
12051821
4012988
23467888
994591
9359415
2507238
7019947
60004
3932573
1200605
14629915
136162
11356482
9447884
15773351
98995
2582078
27244969
6247384
1086012
1555552
5830084
28111365
990136
5885522
7
5325781
17587680
23939940
3597473
7591456
24676718
9812771
5469000
20767684
4942646
3335427
15619434
3395953
34891883
772073
2622467
6601116
78914
2286233
5783772
39502395
2234359
67963
5012087
4670693
718354
7600130
9351086
2270549
6665921
5164879
4226345
8989529
101971
2057765
6034886
5558967
447346
2192709
2255484
5918529
600765
1246267
25753164
6223338
4337324
6637125
1318962
245926
2203009
409872
2307473
8045637
4265005
8074080
7582734
18687801
61705
6443753
1216093
398848
9109888
986336
3015536
836856
18933671
5188932
6504706
5508785
94725
19410
1340482
9539676
986311
15760458
9824500
1089767
26860129
4937871
9920934
195390
9516002
811778
4689648
10632144
5938099
1439107
5184305
74778
3074490
3562104
471128
24192593
11530482
4070769
2612909
3371086
3743401
1843411
801464
10311876
3216086
5570607
361607
17261235
16848385
24537167
20804370
94274
17630665
11603811
22101313
8720121
6536439
1272852
7620949
4890486
434688
5959340
7553254
14621978
12209778
8529085
3149354
7485202
3698216
5376277
22555276
7565880
3704685
3897102
56361
7649219
44
29140938
4271269
5344044
2510627
899705
6890930
10034719
1006147
2439489
1207807
2788116
1352926
8302467
9333180
145986
5177148
3483707
727494
17876924
9401187
22457842
716200
2418562
4375797
6123234
3433682
21175194
4347682
2233501
2665944
5134059
12457493
8777536
6494660
241977
2902101
6002693
6114620
35561747
2069612
7695453
21217
36154311
1196568
4734138
6079044
29645511
16455
8499331
4447519
1100604
1541672
4480303
91836
177398
9631102
4056297
345238
32891652
14067741
82585
28534262
2650789
1135393
3870132
5803203
587887
9132016
7008612
3358101
10588940
4886436
19105276
36940
2683359
6457598
638280
754912
1193427
9284978
12422358
4977754
18574289
1007249
3597138
635785
25743454
4156298
2032323
2177644
798057
12627022
7017284
6976418
2877204
9636556
1258156
163240
12649839
17206154
6527203
1946704
7564029
4633296
2875528
25839063
1804457
962192
4735526
3578530
9835024
34359387
2266719
5518350
7862038
59634
804727
903763
11892665
2917342
10272083
6837613
7461206
1075282
432517
6858167
1933319
16129488
386090
13231785
1943990
5214083
84227
5767792
5908170
14226879
11416515
3682784
21803642
9181081
40050594
2451181
59740
2940254
14349131
1651785
10080178
1938445
12839921
64144
4803332
4014670
10807604
5226738
965666
4406103
14530497
10334546
5347823
9621352
4898373
1458911
16863581
3403233
1830190
925678
14107065
2082681
8425052
164988
87082
1468016
5226037
121188
3604365
4842783
833104
2069879
3794776
15593131
14937107
1900148
9559736
17432710
3962905
7426036
2051902
3780653
2788941
19848029
1683437
5959970
4371344
6810986
10694857
432623
37460390
7421318
6321110
14295391
1846804
12467938
2896555
6101091
4621778
5590507
5115210
14247655
14077960
6905
2879492
5353121
12255186
4860833
12087005
10383255
147243
9227721
8866392
2921766
1231148
2413962
15511154
2699567
5015634
15689623
11076859
639375
15322076
5482092
674552
3308704
1411223
68723
17520661
2544405
5451605
32190
1761018
13688539
4947736
2743378
5564799
9360765
10201134
3257969
1589347
1563886
4506253
12893378
1906806
5844206
14567016
672697
1224585
2091450
4360994
13776469
2004018
229702
1612161
1507078
3795093
1031607
3547514
7488273
7160704
4707545
9995324
550580
8322160
4626737
646650
13679900
432988
2432034
178833
10185502
2791172
2066634
2749855
53645
949675
4888426
313892
5392783
5370570
4300841
3750967
4701952
59036
3174485
5747486
2410630
2940482
2149861
16417169
4989203
2665529
2431683
3328485
9818192
1681037
8122114
12907974
2070533
2873791
5935362
7749254
761493
15973691
11672127
1762445
17848719
5558837
6735979
740809
7986857
1865584
15500325
1027325
8382051
10302335
617428
1
2123096
1391937
2611500
1027611
12830410
6098500
358367
2717384
8801271
1239214
3741010
852906
404707
2537570
8587736
1536924
11041483
4275823
5533211
4393
7888546
48858
7939993
25934369
5378070
5592525
783290
1140605
15199919
2336391
5700305
2071134
21173
2808365
3689334
19647563
37471652
4134780
2668368
5916104
17586384
4973336
6475
5088506
532613
4377701
18636631
4533901
8157110
28771240
16016160
2830601
2759849
246453
308367
12689256
1676119
4433602
93565
10321025
1387208
9143755
11805481
1723232
10170362
6073046
963248
9577181
458588
16003018
26052110
60453
4107577
6531972
4576653
491421
23069974
6866859
25155780
6158651
137125
5731039
13211406
5609638
413838
10542646
214535
5776425
5772124
24887535
4729114
8713705
944806
7635681
2057754
12041
654224
8604922
3643000
9662428
7043564
9878471
18447116
652096
7122401
13058730
143553
277416
15536767
2143781
9484823
695712
2499111
6656598
56248
1475943
3348709
9840517
471545
1153293
1078300
962985
26574345
4560716
9698723
2796536
344933
20130377
2162325
5469515
29462540
863722
6920713
1260893
4928946
279246
22113139
3604787
7959942
3415990
2406027
7989976
6595211
4449390
4261110
1391293
10666387
3601214
10085495
31767562
23871288
18971215
566082
7957649
633814
7821230
9249364
956810
880554
6394870
2471262
13982647
400267
8094194
1570007
2431262
8452093
1309784
371907
2835136
140475
8861485
23842254
13399340
3517782
321991
3468772
7523107
91856
12649930
4872351
16660
61640
26066953
5366254
2525762
5308322
5963149
1754891
2817104
13117914
3369642
6801173
1021950
969501
4261156
8643404
5573120
265941
10122607
4090936
12972944
3696454
8475173
1865698
1815562
1287792
4806644
39465
10788697
18346425
3767574
8525586
1915026
1111975
15943665
664146
526250
90886
24993827
3430336
17902032
29371590
50712
10427738
4761845
3414042
3240967
2412558
81674
3929528
27597325
6370460
1501534
2336184
2198753
3043769
1979085
11743697
7586235
5887366
2125284
4748924
1844631
10253120
2911057
14469725
815213
1987873
1192527
3520714
11621152
13851944
1114965
14354369
5036372
154344
2913
9573138
47639
20058439
54773
2832039
2409401
3087033
1991663
2920191
22522228
2548615
4751846
1853515
24477562
947663
22690663
5243404
11463459
2716135
4164592
22283124
4444601
4825081
7225867
9886993
9034298
14294443
3587937
4747910
24007033
10930
1362093
4474696
5727122
6089784
3832722
14570814
698617
22997843
9592230
1765469
4352849
3883211
8629565
439364
7811405
23060886
2783864
1135411
5038728
16208498
34404452
6226991
4083413
12246614
8362754
1117579
59610
33428601
5388398
25912139
8032380
3069985
3204693
6928272
16884
9180460
2184739
59532
4876718
3846507
5195014
120501
3120679
719234
12177751
7811075
18129755
3268671
110960
21416745
1454650
2547110
2465447
618711
9805866
5273534
1852154
208596
4372766
1435757
3201794
10750816
9978672
13222709
2530228
4211187
3859451
10288515
19835214
13793986
98618
6424194
3854644
4618244
3086277
337774
4975127
4353287
61455
17337035
1268351
2516402
215673
3357598
89795
2064721
160494
16598418
616874
4383615
89358
6522574
8435066
10076100
18229055
18259237
2473898
284472
29561697
12429
10827050
2393805
24261688
22618932
254418
13161090
4857546
12246378
1258149
15743441
1314043
3984146
17625195
7075949
1994843
266093
4128819
2169635
21718297
11753193
4842821
8683622
1286699
890426
1000687
1683625
7384377
2329515
15005103
19082
4298315
2356178
11142458
1754105
6565489
2483574
4799612
20404927
9051863
2456201
995150
7476249
233756
2490858
4479809
940754
1225375
5736413
6555369
9109543
4533979
9045100
1912118
9247766
7096043
3145174
5570085
6647330
2007468
15306292
4941466
1672552
19325014
2851060
2558251
8706510
5168606
1395551
4909712
3794
5871306
15752161
23461819
2007497
403597
4551456
2752934
3457094
4635272
4742710
6479701
19267465
32757474
1437811
1802226
65657
1633941
10933208
5042199
2791147
5109555
296966
25601382
1352691
9908057
138982
2486237
2009792
584592
6087258
12653339
11587380
17448946
157802
1455031
42936
19603115
7364584
657115
5458271
69617
467313
2868041
18422490
3566428
5094180
240563
12413269
3381786
1567255
11991952
9632459
700073
2549947
2886286
1383230
1717984
6912417
15542558
32346486
1574339
13323221
21213840
7915066
157785
4994131
3720014
2277541
21502203
6173418
308158
1006750
4658260
2254467
4444667
80751
29808601
4019315
15607517
1730495
76044
5439199
5788794
1303300
2742292
5691924
25767936
7814449
15751255
114497
5190999
15462080
2630059
4433
8849608
4062538
10603750
1702147
4914715
5709898
1367592
8163562
5577440
8352491
2089581
654391
1415278
67389
10456001
1165260
5798568
1267947
7770638
23976479
2104179
333493
375574
2281948
4270932
18089704
3253274
218361
13562351
3624991
290033
22337190
21892315
12318558
6281035
5808950
1164048
362072
6200
3417318
3817499
40175
8523418
12845917
19
954833
9058273
637015
13053740
12242883
2059332
5908891
15078869
5507187
6688492
4258803
14266521
19839111
2109701
15507513
2338906
21979553
1214722
21100
3777940
876518
5155977
123423
13598671
3371321
357283
22781174
1496876
105035
2479197
2749095
2494479
26745280
4706782
2648206
2522276
2050366
8613311
10798828
3437112
3679166
6101344
1631380
4468184
6206719
1615033
4474204
19040906
9544622
1770661
5321198
4728214
77527
7505806
8347679
3683780
2893957
87591
356982
3384011
3869107
1192313
19966960
2058483
7264267
438601
981489
2437091
1971405
279963
10234851
2018887
4262862
1866020
10475311
1950860
6018035
7426951
458400
2836431
17797762
4920981
4338658
4161527
29493150
16893
991963
873801
292034
2535026
2993200
1055186
12526162
1590849
8604283
64885
544829
55005
7326204
5498417
16377215
3697292
9517655
28854087
651163
10302580
2292315
10210256
2137745
38430258
16480553
18885040
1694711
5135458
8088322
5830168
6976616
22521120
12523096
24541986
1134643
22243716
561041
3489688
1553363
3625532
990843
111737
9471670
14159391
1040983
15233331
3141819
5191214
3875883
1078931
226796
5615572
1611184
872689
4564243
4692729
7443
5519217
4265311
5459505
1971838
2009380
2007250
12344338
6449736
9206849
6424786
19537472
163399
4443921
279228
17314134
633242
3925445
36332
6883376
16182556
295595
1933911
10006251
2204069
9070545
6526151
281440
1194866
1140130
1221819
8669919
9461062
9257697
15103975
1744873
2649222
3174667
4814360
11651392
2410833
14282442
21450
331068
493731
12583349
3388126
1692057
2722345
13510364
7979050
472417
6642162
2589621
4250268
2128170
14119539
5923701
4197654
6861211
415496
173532
2693155
5472005
19582700
5851662
2072435
24613
8768130
226859
5909650
184083
4367408
2523036
2883835
6873030
1122651
9180534
1279461
4191572
5821932
514958
4590990
2702049
8718233
2115102
2237225
4281869
5470782
1572238
761396
515444
3053078
391073
9697537
6465495
3942273
29042
13953801
2341033
3658153
3771084
8081294
1833042
4268226
2508481
7945654
1472730
862640
16827
18108432
2623122
9672330
5742655
13983783
10032618
64308
7770812
26597891
83142
37180
1612242
5808501
7680545
297868
10601861
50167
29324768
904567
522568
5662907
2781782
4813478
3032846
10665875
75073
48578
9357280
11210604
75487
27252511
794385
6477296
2332992
7233602
3495524
4021000
3200571
760202
16888
9353607
15277098
3876326
77676
12662652
548086
17553354
2417518
6342305
6802
1634058
1265359
5482813
7541226
9592824
26997352
14395595
3951310
112765
10932139
194392
5048328
351596
3062727
4476253
3074015
6625660
10212284
31362139
41599
536028
2383943
9528366
1587901
11178264
5308061
21573546
75333
3993253
5882585
2232644
316799
564140
4568547
1105830
8401118
1471444
1186676
2959229
9136084
29142757
17438667
499344
357926
28017206
21501747
10119780
8125445
11193060
893605
6917879
24948268
3361223
1290803
7110833
3197
6363540
3112852
809217
5214603
84897
14933261
14860941
191987
8306865
3798037
5951414
8573039
388766
381439
4692341
2727401
18650383
6247883
881356
498562
3421461
4402949
2224683
4791011
202265
5930219
96976
366832
790423
990671
10072295
23966745
2135307
7689067
15298028
5280875
28016438
6056981
770768
3373738
75330
1860917
1943804
1632074
8806589
31866617
4344552
6285006
2844759
2219003
18934864
2056261
15385025
2336219
325693
9546456
6503941
9564032
51982
33396833
9286511
145945
8303005
627024
6267
6323700
2626390
3940848
4768054
6517924
8907538
1941292
1517878
5507165
12447339
18338868
990017
2075260
4041292
5534092
4327594
257392
18186
17858667
3745957
5219238
38042
3191155
546505
9527076
229269
5066900
33565836
18044454
2121115
1673677
3672654
9064323
5957678
71809
829149
8096625
5552141
9131202
2325633
1661339
1731
263067
808708
7142894
3640919
8964
30937398
9328754
2085831
2764531
7267957
9126073
4835325
1514279
2217586
3769770
8612013
57754
62214
880970
18100405
6357422
800315
4603737
5943
3746511
5261559
1389521
21000830
4930180
5371028
9071090
5802341
2561450
2938426
10192620
2594110
9118305
9860688
17469477
18951711
2756598
9419527
26552134
2155343
5085230
208968
20717
10144070
1713744
311631
1384335
18169805
4383250
4393937
997916
1896054
9534394
8452269
187088
723153
15669516
5348995
7676635
4842653
33486674
11671222
4496065
195776
908955
4500575
7944133
8897863
21737139
26572
3985855
14967347
2220533
1445642
621501
2002050
20570725
8580635
8760897
5988079
5591101
2677279
1596120
11244458
17577851
21207729
6219991
2075461
186757
190709
24110157
10618953
954097
6332849
6622691
31339
8994622
6423699
2503463
2409247
775954
9194717
21665044
3984134
6359757
11667553
27370115
2221028
105050
3530949
11056798
22753202
7759523
381451
69464
4804029
173307
19156729
254980
4606266
8361073
5487822
167415
6526691
30732406
289821
146854
7194513
7280391
4966373
21482
18701
9533190
2379022
779178
12183815
26826460
5076516
5281058
10748073
5026087
6400929
26374999
7492892
468507
115354
806008
10963953
13474690
2503431
60271
20429073
5142637
4216567
5102605
3203383
17884715
2454975
25708799
6349959
3665420
16484905
21976407
1814373
2454372
615177
5670980
2717439
3865264
2994641
8448499
1441368
8589799
159977
881790
12680417
8639115
1074038
7664629
12878177
13478571
300902
3118549
10028118
3881190
1096360
1605290
29149965
18102699
31549
2860928
24367063
5021707
1397453
320021
6084608
15280688
12901533
1774014
13832287
3142950
688818
4490807
28673746
2187427
17593
4614790
1393396
11826636
17065362
2501568
616925
5911854
27605216
9052339
14757819
11032404
236893
5588826
7866380
31523483
5854668
1220081
8639079
6755932
10310149
46199
10420731
606843
2494627
5478671
11711851
2172271
29547978
8651815
1188064
3953609
1050134
5339655
7619118
1911538
2711516
27514248
8058673
9617642
4727436
3192365
4298170
1837967
130973
15394187
8554266
1394739
25620008
3105868
4290441
1316279
1180184
7289348
4836420
18788990
48226
968918
2616142
368377
1119268
6433886
1481165
959008
20990742
4608137
1891294
992216
4384795
3365066
23575796
1138656
2198959
1188721
2784956
5573413
1235150
144887
910773
5110677
8487861
5486063
178541
5266199
987861
10072242
3276550
605577
22458779
2043141
266442
888145
1031798
70535
19329308
3445965
1022521
303402
1156944
11979194
12593927
7278673
1218057
1128434
23691032
452767
928493
886383
16351181
4789865
15802371
77504
2178193
783068
5093500
1821000
28799222
153614
3056153
4450319
1907802
3072423
116875
5930833
27621309
4471679
16796970
4998216
2057926
7131398
59601
2182805
11379731
608456
566203
768013
10027659
2630269
87532
10765649
19404357
10242270
9245412
9499480
14657740
22178769
11537940
3295042
10338814
6464729
15546325
208574
15324653
3658408
28981374
6560650
18867615
11515827
8042714
10381423
1082919
4359671
9487549
472113
2761181
16638920
1983654
110933
3949887
6740989
5484068
5920164
5012036
14601043
536520
7984978
202533
2911777
8332565
18355276
1032022
13555236
4777119
18964122
5242497
15757893
14161150
2780391
4748133
4698248
6555195
9878043
356859
23707475
10890800
5157763
664430
781395
1942638
6249079
5157804
10746552
75282
7126779
1359874
6196473
3522817
1309101
4523732
2084502
10995750
982876
629322
25945301
13851775
620971
2375555
11461
6025681
15204525
42631
6747936
22470622
10037908
65706
8548645
8475849
1788788
7790762
1754429
3108132
975399
1568392
1090325
6705471
23100
4370990
15220973
4780801
6129942
2047900
1394226
2927332
10208
333680
5056128
2408749
6667172
20344660
2656211
821950
19355
3359908
410434
3456992
230250
4739896
20449451
4257086
1683546
21776392
50113
31847917
228469
784317
3904102
14647976
36582594
9607347
106358
9765191
149369
672
9719190
17146421
4684278
1833094
6468357
7930027
2300296
980779
451490
7236366
48786
1003220
807765
10930571
9122229
7970688
16380802
5316169
1787005
1617533
3949747
5958840
14238643
2659479
3347747
2496989
11656343
8288769
11393058
7935755
1606954
19655752
25498844
2175435
5424895
22945767
444566
22670
5025856
27323221
18798423
1481398
27932498
6486420
757846
2559710
1055604
269699
2880025
7238591
3947596
932285
1309958
11814975
3114305
20332
23047213
8406539
3457575
9279019
3756050
3678361
4910717
975893
3622346
2932618
16130
2722350
1480970
8395257
4714868
2091451
2030492
28660915
4822582
15907883
8642691
22883804
5031840
1463554
5346974
6621345
2198249
2789351
282049
20156202
4788406
298364
7664670
14142324
1504822
9486038
1058108
327503
1717100
3992988
1062875
4430853
9208442
4923412
3323666
675318
147785
1269913
4735473
19133955
16881030
4449060
11384119
12293262
13917696
27040745
45379
25853049
156766
25027196
961406
1640880
3854100
9825454
3725847
9104827
7169810
12032147
3744932
1901641
1340892
610474
8168911
13648672
475013
6226023
5151008
2759430
1578763
12440892
25194895
902689
3699890
5673453
1691344
18455
5507025
3283843
6795439
6584212
7651607
1951520
8521669
1040164
19499143
20509752
114089
8437914
7578234
3398946
17781522
2719455
2108077
410740
794932
8394510
88421
10224808
5108072
14900058
7590350
844364
2008986
7268077
17975202
59849
1993027
16993107
5346800
7182651
7235762
3164343
9521880
213282
3017882
16072817
2215904
3341674
656263
1712693
2706832
27027
7553724
19157502
2541988
328425
5267289
8085050
1607439
557318
9024076
11906860
17544890
70539
1263879
59658
8448877
1436753
2057242
5622515
5513556
77130
4641225
85353
345442
10717248
4718061
1169178
560474
3075660
27665
12200025
6078263
4825042
3807936
2679391
1462445
2871631
5082503
2285020
17089
9087466
6316336
2459804
1646983
2141968
4098365
4788402
347753
3619025
6521886
4381754
1059054
3067231
22641996
2307010
5832321
2544139
5288065
13041809
16806109
31502199
233563
20154072
8353439
2723772
4647508
17303209
11289210
5831176
5621046
10389169
279362
35179101
9489854
127121
23084096
8922420
10463575
10391129
15646794
2285748
437337
1309513
1453497
3993287
310470
8126391
5850620
26306
8823831
75248
5888301
11201340
2772764
1529439
1041705
130490
6825672
3186803
2795165
10179099
5420460
8613514
3169842
4628307
6858529
2042820
25657610
965889
4484549
3118614
5343136
2828729
127715
319947
5527638
5328048
8683933
10094129
308141
77193
3315613
4391534
7150869
433260
10424708
9869816
1732412
6838049
52650
3828563
4893426
4624999
5087872
166530
576275
23187451
2477214
4219991
66463
756294
1487144
21561931
4615665
32011196
5139968
4057840
2094029
6388959
8706995
3069959
6672433
332899
429823
15981012
81528
152972
3391058
876609
1791238
988
23698291
1412002
2182252
142298
198260
1056245
23763
14330401
3107567
5186832
24026936
888868
8369526
3775790
41839
384616
81887
1555835
7570110
1754151
8485438
1988440
2165384
2306328
1134670
174571
21378536
3584800
1392493
3602189
7266235
7822127
650584
12184521
2424065
1012105
21632420
5100047
32588
1274362
12850208
798556
1477024
4147645
5558402
2525196
1714835
829760
11295
560829
3263282
581917
4579158
3534488
6735085
17841769
11130506
2459962
16120789
986628
1793216
4145009
46811
1588788
2785367
17035950
5066113
137225
3927046
7659407
3678966
5877204
4434488
12339116
7141199
4382716
3959019
514981
6046605
34949
13050386
9083122
17525129
892034
5501408
1026557
2922628
29756619
5039509
607557
1388542
1221775
3895573
6811212
5963029
2203126
47051
2879760
2747706
744096
829215
887117
4843045
5091322
995746
28924452
25953314
9291229
15916031
4005632
23489093
2043112
900884
1854661
10604102
5379978
16466643
5975008
1948292
3463794
38905285
6579517
1888893
1735901
59406
3883028
7524989
114123
11200327
5954279
711085
29206849
3908336
7017
4876513
2776573
7967256
32172154
6603228
7737101
4641720
22368129
6409399
1218020
94531
706017
662089
5845853
4269492
2288128
281928
10732642
5287474
56918
353188
8068353
277579
7007002
8360856
6432412
6368255
6194024
9182291
23122118
2523460
3185392
1303122
12997007
429474
4944491
4931179
5159470
4765488
14739735
194215
308427
3796128
2745106
5227997
3459979
6632598
438966
10168530
3404959
1634136
8099362
10104624
7533944
3363695
67718
547386
4600285
19446962
8784787
11250956
3459679
3348452
774986
63713
7450468
5157672
2685713
39643043
4894168
11164933
2766491
1938686
557611
14075215
19915359
169122
17997944
15519187
3674098
31991
5885442
5237472
3000097
274399
1326986
28538985
5871963
6701815
32817989
5673322
4937060
7383777
7670994
815216
12915503
24152008
6939156
804282
18347483
865672
9481114
6844427
353230
789580
3596806
3768371
2755818
451395
7896011
14099375
2949108
21248250
1734519
3794456
3175814
10836986
144611
761446
4980600
2432330
4550233
354360
24075509
3667493
2007997
1160040
3865791
4797433
14629414
11435422
6395536
502134
2547113
112547
74787
8288756
188621
4505670
18225505
911416
42357
6293509
7968476
3477495
1406869
996095
7829234
7034495
3188794
3970791
4613685
23283389
1790573
3185123
3544409
749214
13664848
284525
15691024
15951864
500150
4695199
436438
818082
5517875
5049768
7873054
1140266
7927967
4851628
7084217
559151
6675166
18605637
466926
1461487
4782071
10076874
6858255
3793993
18266800
5822987
12803471
4552456
15008
2444232
4483132
3380158
4435482
97284
4485970
173384
7611367
122845
7596645
11610631
1409810
79368
4517015
3700
59448
3884482
112265
20477226
1989696
3021307
15925575
3336371
7725365
4697110
34386547
3515215
7086581
10232121
11007790
7235293
8540731
97150
2892782
1247129
588887
6788458
2707242
4100982
5399905
3118616
225220
12050576
10914837
2049333
15692598
459206
1123704
19311898
56600
870863
4283521
33058704
3797633
14372147
58188
17278226
4029358
3459865
877240
8595212
3843846
7552574
656847
266587
39750830
18166886
8713089
2751082
5594568
1003164
4882011
207258
23972703
17204753
2751991
4385101
8373780
437679
2255290
5198466
1846882
3054725
15115577
11750410
287162
4333131
36936289
20574228
2293156
4863695
12955566
5154906
3372204
12268370
14903591
1462093
610849
1227133
3069724
1440489
1642048
13809131
233374
10701480
4652512
4829086
29801570
12612346
7821524
14787484
15341510
963374
12421321
2001248
630365
9642881
4439689
3766304
1973819
957436
2465800
23927688
5227480
4670940
14035613
2232655
2709420
6383650
1183026
681752
12101593
5204292
1077987
7373976
6528836
4547557
3619370
4262513
7500666
17149948
5276472
6371353
8600327
5800120
2215355
3846746
3665730
138853
726613
12442958
20767883
13226995
68213
7827494
12935372
616840
4203544
695675
7606122
1483136
498812
4342859
233629
1057225
3203378
2717568
13011480
4316969
18070511
5805026
279964
26892836
2099973
11425956
3676932
12776359
285748
6925434
1639737
6837396
122918
67329
9865404
5589825
26497147
190931
1010463
3287311
654925
98525
128298
19491458
1662721
995227
5526838
4264468
2972404
6241346
4980744
6189888
3489808
10564961
51950
6143607
25904021
17285864
18564857
23623
5422027
173476
1897088
2886414
3841877
34881800
13878109
11954940
22445011
2842577
8390754
8366238
3478084
201524
6515927
376760
2271074
6367140
9064866
2118380
7944984
6986873
19688490
13265474
4401180
8607364
31292638
9809922
4496050
8435364
4988111
5884734
456018
3702421
17540894
12206409
4199284
8678293
1998280
255515
6428640
27897840
56976
12006602
1410436
268593
2782800
2508085
1170242
656754
8169119
2509533
3407680
515112
14672404
8609128
5593303
0
8149271
32022548
2462046
11112471
23312834
20112488
3606471
195105
4880589
12665235
1836746
13209250
24546229
5833680
1344585
8481563
18101785
52554
22388131
23625906
5335996
6141525
5921594
25698477
21057313
3751456
908220
3410746
1022184
8724290
1412628
93777
78636
4830319
1975754
3036907
4435
4660003
909752
26289082
1832010
5241824
1835926
12635761
4426674
4331265
494614
5050943
3331734
2193769
15913900
3360704
42138
24037716
3760393
7826022
4660552
15565
732551
4019076
6055776
4462150
57632
18547204
4816011
5772750
2499792
38336268
12007295
312153
4207608
3359479
10745594
1054031
2045506
4606870
5733969
32960481
14570767
275412
9075737
2522076
5738106
7560970
5575642
1795614
328332
10715087
4400097
2522658
3363145
1790664
5884078
27314711
1953760
8263380
3503489
694580
8205137
15986989
12040145
3884935
9184681
40790
4697805
118993
4019823
4029900
367306
135660
4097890
12531560
8409364
4702642
2190708
6385004
1729329
2929965
1582525
3972716
2907905
11740621
60835
826183
12794424
1252461
50383
10092343
3344730
1227375
290942
938241
3023133
9247488
4489595
5368151
1339395
4016188
8101322
9998950
2043210
24266181
21542805
7219808
22549243
11984364
17848482
6347547
6375929
3373153
9319602
1184888
502069
13065180
3621377
8659252
66375
66140
4534154
5286387
2460798
300719
2942349
3056389
80404
21066005
8501790
1625835
20963784
2648312
9567952
2159552
3727891
72568
3117674
5184887
3960140
1450604
9132158
3095460
164980
653449
7242608
6730675
673914
76600
13619896
12465359
11448367
16678501
33170471
4398654
3492868
126709
9188205
92276
4795333
4347114
32945489
569566
3620073
40778260
2813324
460152
5486984
240309
22434436
279401
5493800
5650077
3603835
18195199
32224283
23759547
4055717
238206
21574298
4710477
3072722
20824483
5097498
2193644
1012748
8401472
23499778
14154288
5372551
31164
7566745
5659672
4870943
7165620
33723106
5039797
4506227
144936
1307466
10556052
2886542
9645610
905226
5199277
19019648
4476618
5735262
226701
703628
25757746
45636
2022580
2090557
1012592
335272
6712070
3818408
4847913
1726286
5231462
4534460
1196375
5338450
7307312
6918074
2150801
15145068
26581
8562515
2753820
165835
22474323
17734928
4343760
2388571
81524
736269
5642544
11197153
7614958
8594566
3835149
4444703
2618438
2801493
82921
399008
63329
3658160
126233
2117661
32622231
10295695
6338728
32756710
75336
237634
5620814
1740529
19907661
700413
1236471
11556399
5819511
4597962
19051236
6467200
12842811
324108
800012
12468852
13670310
14101306
30766845
11645557
5598943
2054393
9710697
7395989
16333397
1577537
2040599
2414071
4997155
436740
2660389
21265801
1853639
9104569
183381
11382874
848572
4274916
14849652
34337031
2416450
3290909
9062076
674547
19994094
4969010
1005654
10854989
23938743
593595
119783
3940405
7888494
6335380
23243299
761552
10136505
104691
16318575
2207772
1376332
5909739
1008907
21764283
24476118
12477911
2755366
5051958
2919640
8949586
232505
23477235
1347279
6402565
17425581
10106781
225660
2664096
20424054
28088018
2529800
1350096
6510558
21431139
746929
2729452
11973520
11443171
17651
2216700
4509988
5828092
4894694
15779743
1018982
1069962
7650449
3424545
15204972
1347676
17526992
3913334
271354
8814023
12325246
8187425
9568335
10568512
7183714
6531080
15246257
851964
2473792
177768
8507579
98496
1580576
1375661
10739430
3874356
8143044
7401346
55814
10545862
29131
3116477
2272286
4692406
1181107
815845
924869
3240705
3972083
156780
28383547
1512492
6069040
9533619
2885878
4646465
2104277
542396
3059220
812502
5374305
64841
7043361
4646043
221030
19477307
7298065
4287299
17412369
5085991
797246
978266
7748002
8262809
285913
11989508
243316
3440140
5739664
30975429
7236603
5563744
4132868
6501510
2154163
4784014
2165919
3634242
7616846
5579509
3654934
4060495
1887127
1412886
1098340
13697634
5670073
5346629
809099
1695717
5895183
6921844
2039661
2164868
10319595
731680
5116892
10923868
12485384
14537603
7076123
2385308
17886381
61590
2235349
8989491
8495261
451684
871053
23833812
5927444
6882279
3911856
5777093
2057888
3629705
260284
4446319
2413591
3947763
7503819
81536
364757
232132
4990012
12594536
422558
3202475
1511816
4802634
41021075
1696585
27001622
467584
61280
7981930
5350376
721601
30295
6238859
657374
39548490
12985444
3540431
23260754
161911
16890
3186143
11155525
1263093
5446087
16034455
6976326
1141558
8679453
4573460
383220
25328325
1090614
6356306
270208
815202
36236
7921322
1763856
52375
12186222
5843656
4139013
2266821
3253226
17186523
94400
5487878
5223690
8443829
4302020
23970321
1023941
2069575
23471586
4522100
688532
1303076
668639
188230
896573
