5875710
11215519
39465
4406103
6338728
10212284
27244969
1683546
356576
8307145
432988
6682483
4355113
9636556
16654879
7570110
4727436
23938743
2172271
8332565
10277184
7233602
56976
19839111
17700959
6656598
298759
6485639
34593
3794456
9051863
2217247
16496316
4648907
19341821
7503205
13113543
907701
7979050
3835149
6730675
16660
29186
893605
3929695
9359415
1141558
12596354
7264267
10579567
12680417
112765
5662907
2583596
6755932
12245921
5266199
12911949
20156202
768013
5898488
7602936
482833
59414
5421656
9865404
206099
6917667
449048
562
356403
5735262
154344
5498417
798057
450975
13278876
7150869
4019823
8525586
279246
7169810
1302958
23707475
7443
2627073
5833786
370236
6526691
26892836
2149861
1696648
4867978
1192527
2203009
4389737
2561450
4384780
2902101
12839921
82585
26339691
6986873
865672
1597562
1140605
19688490
226859
30785218
1135393
4931179
6814482
2070533
3817489
14234751
4492847
2830596
601724
13905933
450381
1951520
9697537
4506227
5876651
14295391
677143
213790
15320991
12469287
11200327
20813957
3353728
8406539
12207823
7298065
761493
174987
91836
66140
14618437
58188
74787
1128434
3845988
2414071
22470622
13011480
815202
2499792
5026087
6142147
10230330
8401472
3240285
284716
11393058
3949570
881790
262190
2884781
8045637
8118370
130490
11382874
28952605
11470211
26830938
5759085
1269913
280316
24546229
11132091
3793993
3908336
13058730
2069879
7657275
1309784
168811
2272286
4660552
5154906
8302467
4149673
4290441
2890583
1897088
32817989
2507238
5299544
3268671
3072423
172941
9208197
40175
544829
48226
7970688
3388126
3069724
6905
2675435
9104569
493455
15473802
4867980
1445642
19277008
2917771
15005103
2047900
6637125
5655928
7072388
14142324
6858529
1440780
2813324
4803384
5261664
15462080
2011062
2180861
5004428
17438667
871436
3018551
410492
3954703
811778
25391
2886414
1014789
11805481
7914136
638280
8498911
2120717
5721425
1854661
5039509
7794025
5214603
225220
2972404
11671222
3142950
4161527
3372204
72568
400765
4082907
9279019
84958
27401
48858
6534192
16848385
581614
5979348
10208
542396
2516402
5555170
5420072
2424065
10076664
4081105
6712070
4262513
6403960
504640
6219991
2886542
1836746
8169119
4888050
57632
8843078
4512826
222199
7577049
3013423
1281303
1411223
191987
3766304
8718233
308367
3148941
7904621
3713008
4082196
3960140
10818013
11514135
2444232
111063
7590350
12246614
1376047
9563990
2300296
7664670
5577016
4894168
32588
4191112
619617
6271199
1009133
13192663
25396420
2875528
4050904
681752
4069634
4572964
25592491
650584
1223936
8760897
7687786
8900246
13148080
219772
6928272
19014774
69617
3077038
9886993
4100982
1753645
2444481
3164343
1349932
5998749
2652367
1956775
1504822
8288756
1935160
94531
4146380
1360123
4461978
1274362
1098667
5199277
14530497
1820314
433260
0
27932498
499344
8751621
147785
2190708
17910588
16063
93777
6635639
4748924
5223690
2723772
1110847
9371994
321597
8443829
128
67329
4983671
7007002
17146421
2366713
9173777
5022049
2469422
4534460
102373
32984674
7689067
5325781
1290803
15511154
5843656
4652543
5416972
289821
3575683
19603115
3348709
25412
18995603
4258803
63329
4842821
19292605
3700
3562037
541589
2778194
3533875
5615572
56204
9064866
3648285
5066900
965666
15416676
5164879
3625532
581692
1837967
807765
4393
12985444
28383547
5338450
4425333
11676399
2594110
2260091
968918
9640594
5909486
3361223
2700766
3344730
74186
5541554
29622820
208968
2965928
1132479
140199
15986989
28468449
7821524
24511790
5650077
10749421
23759547
296872
19571
9698723
13619896
9517655
1454190
11748016
2237225
8897863
4564243
376939
9357280
7075949
5985453
2007468
2880025
10267961
1454845
9258764
11201340
4671971
3240705
53645
8305997
3380158
401941
5609897
9765191
4597021
9075737
434688
4444667
5151008
4111439
1181107
7749254
3674098
1697648
236893
96631
5778704
226670
266093
6527203
33027301
173476
22521120
4998524
4476618
4344552
2717568
911416
2094029
5935362
1340424
14567016
4748122
2158820
403597
3865264
694160
5830084
163240
9449985
1784377
9070545
11250956
7759523
1027611
1250
5012036
4350709
1187456
490252
1018982
2685713
1638790
325693
902689
34404452
3972716
32920594
12069125
5824533
23278805
7
1260893
6409399
16598418
4663905
42463
1563748
5152306
8101322
3185392
25587802
18073084
204298
2306328
23460946
593595
1356805
3938345
2626390
8094194
3087043
1832010
1389329
991963
1489956
5204292
76600
630365
29706
299
453564
4139013
2001248
13222709
2431908
678148
10715087
194215
7695453
6332849
81536
532344
221030
875285
173384
9834084
2659479
3216086
5432626
14143836
4352849
3032846
1218057
3287311
10389169
3853547
11263732
5187329
4660003
3648623
26374999
1765469
1991663
10326307
3244123
6467200
4876513
7905162
608456
353230
1875356
815216
6837396
1050134
6356306
5119715
916043
3335427
142676
334405
5373373
14570767
2940482
3643000
145986
271354
34384991
4882011
26107898
5459505
12377770
1058532
8713705
3777714
207258
560829
23698105
11667553
3174485
1676052
33170471
779178
6866859
7162371
14107065
9486038
146854
156766
3522817
7016725
6400929
2756598
233629
886544
1992054
5651567
8435364
1218020
5347996
4372766
4368171
4795333
8594566
11979194
1678234
4870943
9662428
1865584
1318962
4985051
9419527
467470
19019648
8554266
12792906
56248
1083311
4229950
13272173
11379731
4145009
29801570
4823792
248971
28321
1678354
3658153
16993107
17625195
18318459
12325246
22457842
7234998
6767236
2828729
3182655
19582700
3834412
19082
91856
41599
6688492
5764670
10106781
4006848
15692598
1732
1487144
28605413
65657
11476676
54773
8074080
2032323
783290
9217582
3361299
288074
13939577
4652512
2490858
7928884
30852502
11178855
2363033
29371590
8643404
1
8683933
4894694
1555
1141506
757989
8747
18419969
287480
328425
8799110
16120789
5800120
10677969
674547
77577
456018
5887366
24127059
4998216
24075509
8163500
2288852
14981
4462150
11164933
818082
12901533
2064721
337774
81887
284525
3947763
13265474
8613514
7981930
9071090
5662119
1605290
6858255
17794218
1623516
12272965
4298170
15933158
146809
4600285
1449542
2307010
2618613
2532057
34009
334363
13878015
23511230
31847917
10136505
22209873
60712
1090325
11537940
26609931
15620108
13323221
4791011
4815490
7591456
10890800
5083255
4480303
833047
5190999
119352
343743
27401157
4973336
11610631
1098340
11416515
3030999
4579158
6371353
467313
1561607
7690560
1683625
1727238
1629767
