213282
1784377
102373
7591456
900884
1961455
4847913
1192527
4430853
5507187
58141
14618437
3828540
5164879
7007002
11167054
27731335
2858523
1223168
8751965
3794456
19277008
12468105
12593927
10603750
1123704
15536767
8900246
5924311
5039797
3881190
1445203
1740529
16863581
5888301
190778
5115389
13145229
146809
353188
1744873
5534092
7393971
1134670
12469287
690168
4963411
4149673
3972716
19582700
8366238
5198466
3124877
12040145
25760755
2536121
3540431
4505670
7295926
3331734
9698723
5533211
37213449
321991
1290803
4489035
19267465
1260893
12425618
14621978
6749958
121188
34949
193565
1906806
1471444
14128315
14395595
13858785
7686
4658260
13192258
1423789
1250
29343417
8760897
7981930
194215
10117997
16167732
23069974
541589
6534192
12878177
1702147
23599940
19404357
35385343
1288089
26339691
6424194
1710357
8847680
297868
5670564
2163199
1023941
3202737
24192593
1234864
2172517
9607347
7690560
71702
4336668
61569
8525586
515444
2879760
1891294
2014292
9449985
1774014
2717568
1402094
815422
1625835
3358846
4500575
277390
24347494
2158820
640403
176860
971793
90369
5228667
6424786
6735979
3424545
9181081
7882912
870863
1360123
3489688
5556429
4877761
35523302
9480948
816101
3713008
10677969
21248712
4171042
1340584
11530482
1580290
3483707
1662721
5190999
4097878
2604235
23938743
75358
15689623
1846804
21526185
27401
5772750
331068
154344
639375
2377318
271354
472113
2523036
7069519
7944984
1875356
2431683
1702076
2272286
29042
26971736
33706278
18129755
2024176
1504948
475013
484435
7552403
11748016
5659795
11164933
5655928
9075737
12792906
4097890
664471
2689192
4287299
3363695
6672433
6882279
1717516
228469
2069879
31847917
7286818
166098
6432412
672
27514248
886544
3760393
16965073
4660003
2336391
22684671
2277541
19239595
288074
13664848
5979348
17438667
22677701
5193125
3202475
29622820
3908336
7791915
14757819
7590350
4282561
1398678
1122835
18455
1707037
1796526
3688957
10788697
23187451
822481
12325140
5651567
12698170
16333397
3875883
60004
1597562
2460429
23051695
2136627
60712
4177462
11112471
17910588
9483260
59634
144887
2040599
7096043
522568
982876
23972703
7619118
3534488
3362697
229271
5459505
726104
17630665
1664824
3819663
2572293
1090325
4104149
16890
26572
6701902
664146
1040564
8799110
1862740
119783
3240285
265941
9989144
1184888
9208197
2594110
1170773
3492868
1389521
656263
27876603
6084608
947663
3050917
3062727
7984978
21482
14234751
581614
12451848
4444667
16034455
4350709
4825081
806008
3331081
2329515
15909777
15385025
150682
7044786
4290441
12915503
4496065
3299620
5877204
21542805
8669919
128298
3743401
1152653
5466108
4604280
190931
11289210
581137
3658153
5379978
13050386
2760893
174571
1340424
6767236
3341674
15607549
126233
122918
11515827
4994131
1089862
15082630
3289157
10854989
1448645
450975
11393058
833047
4867980
2795165
3032846
5241824
32622231
9825454
3678361
8664599
4041292
1838592
10624386
17544890
1483136
10266122
11197153
10253120
18933671
1079733
15493682
7145718
4780914
44759
4111439
3486285
3038712
4990012
5154906
779178
2719455
413865
28239297
4283521
5038728
1196375
10012403
2813324
14933261
838836
19835214
783290
7589232
42631
172417
5527847
7888494
5357063
5943
29222817
10618953
1223936
13265474
3913334
3876326
2781782
1523781
3562037
2057791
72206
1717100
3944807
3380158
11178855
2893864
18355276
281928
5966591
7131398
4523732
21915
66128
1326986
25391
6363540
1140605
7614958
5806758
5659672
39586689
364344
3962905
26609931
5555170
15069338
6855443
4262
11379731
5898488
1367815
5181193
14226879
1951520
36160153
790423
5526838
3360704
899705
2868041
4755128
10690753
2307010
7928884
6465495
703863
14747347
9357280
10094129
4712373
6688492
15692598
2659479
28449495
9577181
1696585
2159506
15477299
3348709
6247883
3053078
2548615
4484549
4802634
21802
3489739
5128177
22997843
5119715
923738
1146129
16072817
24488475
10122607
10887236
9592824
5316169
2057653
1041705
72568
838094
279246
2084502
1408597
63713
996095
7862038
8288769
18547204
2199093
19567859
221191
9071090
761493
35244944
1975754
9812771
6837396
6394870
7051736
2165836
26026957
6340757
6590428
14045458
4019823
22178769
4544031
11093014
1078300
173384
1333130
13053740
3118549
2460150
9534394
3629705
2306328
26188201
2959229
10245906
299
1836746
5326553
4888426
4199284
76044
47122
26892836
9284978
194392
5422027
2759430
8613514
5909650
12109017
7232227
3778705
2782800
4564243
4370990
4342859
1612192
159977
5527638
10212284
11989508
4608137
2064721
9434866
316799
2683359
788284
12050576
7234998
3361223
2116474
3373738
5517875
4931179
25991
2743372
4147645
22522228
3960140
7443
8713705
4404650
9632459
9860688
7749254
24546229
36409503
18100405
1078931
3463794
18589584
164988
4372766
5208616
2182805
800012
7676635
10067270
17687759
84958
1231148
1563886
3865264
9104569
5184957
5469000
11071798
4751730
5808950
22368129
3403233
85133
1078878
4728214
5830084
3835149
6667172
468575
6142147
1342014
19537472
4765488
14334203
4602009
29704620
5609897
5131551
273422
5094180
1987873
36226
16806109
3929695
3361621
15298028
195390
7888546
4551456
5988079
1731
2871631
206099
11750410
761396
2816107
4614790
5721425
16678501
1811044
461071
6485639
1058532
15204972
11671222
1613559
6494660
368377
22936716
12838
1267947
3940848
3052150
2967481
5174582
1009133
5691924
4082196
17842191
370236
6449736
876609
327503
3013423
1454650
3440140
2561450
14339878
4488737
15317693
70917
4718969
856470
2177644
23623
1561292
1673859
3795093
266093
445782
4551429
21834749
5642544
2279710
29681
7266235
4614991
6271199
396
6247384
8187425
355391
2070533
284525
630365
2917771
16003018
1234887
16455
2796536
1221135
1590145
2544139
225220
1754429
4672614
2604449
791280
1074109
1302958
9755476
15008
400267
1629767
9516002
2255460
5512323
8752878
9636556
4156298
2281948
390628
13598671
6481714
12843778
4658031
1541672
2782200
2203009
2918898
70491
2973643
1022184
819053
23871288
185690
830605
471545
1062875
4692729
173307
237634
9122229
460512
10665875
1555
18697743
815216
110933
10930571
9419527
886383
6858529
7291009
2861768
893605
9208442
3575683
1475241
4298315
6976616
3086277
7570110
13851775
331763
160658
6527203
1440150
4892946
4533901
11201340
2180861
8607364
6371353
429823
343743
9291229
5670073
26574345
13113543
85223
899423
11121762
145945
1379252
740746
2226987
5368151
6958514
4450319
11480186
22555276
1457828
184083
8866392
32164643
1698216
12972944
21486110
4581996
4338658
48226
6954116
2665529
2622467
145986
12680417
2439489
279964
3018551
19082
51308
24511790
9279019
12377770
8554266
279362
10542646
15791627
2846044
2469422
4847407
411072
6939156
7725365
4697805
4647508
25109552
6905
3783873
7820856
7233602
7076123
7930027
2993200
64144
28605413
12413269
91836
296872
1449542
310470
48858
274944
40175
5833786
3
19142117
17502939
1248174
2237225
24026936
10212429
25027196
3345269
12387910
9143755
9351086
81536
4795333
5038162
6637125
5108511
194032
4401180
23460946
2616898
27040745
1309958
2226070
12255186
4843045
916043
865672
9824500
4591571
28016438
10890800
6146475
9045100
3720014
11266275
9359415
34337031
25857311
29206849
5392783
9403981
22283124
12925798
9118305
4739896
5346629
5498417
7133956
5472005
29999849
2884781
13757631
4275823
4676542
559359
4071242
2277061
7189491
375574
5575642
5577016
5328048
672697
921692
3332360
833364
3142950
25698477
4056297
15416676
3735259
7280391
4587078
1606954
447346
1971838
3544409
19327638
3619370
21146317
6740989
3353728
453564
11667553
6838049
1739060
1634761
22781174
5564799
7169810
10224808
55814
1068641
68723
4444703
975399
6342305
298913
12583349
0
6148296
4684278
351188
218
1578763
17734928
1263879
465447
8448076
671530
807765
6801173
10827050
3794
228958
4062744
2778194
1027611
3257969
3972083
7851351
967992
634557
5830314
43627
14305170
13983783
13011480
8587904
7927145
1122651
19329308
2137745
93777
3793993
2791147
8362754
146854
11753193
50072
3767574
4863695
3689513
4352849
11178264
1012105
3174667
4476253
5347823
5373373
365942
13148080
3742654
6976418
23759547
8940223
3488771
7553254
2194306
1100604
3874356
1223962
17526992
7246664
10179099
1953760
9461062
4697110
3308398
25179794
288112
26997352
21431139
5200574
10619698
5214603
3648364
59406
730474
3061958
13209250
20570725
6516522
4985051
7822127
7649219
18259237
59494
20967281
8989529
4567912
1450694
82585
5559746
1344585
1439641
912779
5115210
5959970
1564174
561041
7905162
5287474
2396673
27859288
1525703
2336219
768013
479842
64308
2675435
1754105
9697537
778901
14961558
7488273
6054112
7517101
2525093
6955418
3381786
5390986
2761181
6858255
3802045
2907905
2271074
5552141
5885442
1579130
2149861
19688490
18397814
581692
63329
987861
4796704
2091451
1683633
12457493
22402486
11199083
8275026
10119780
12519277
846300
10208
5191214
6631858
6069912
388766
9217582
3035395
2685713
5373148
12670327
22464994
13928135
12246614
1371922
1431465
24127059
5421656
17175438
17794218
7619429
262190
10914108
16063
8328970
1694711
12830410
13278876
5416972
2057888
291379
3702421
1042668
12596354
16638920
1350096
5347996
1725602
1612071
3087390
3308704
1676052
5420072
32588
3433682
3622346
2453368
5015896
58815
1407103
871436
581883
12186222
2027928
6226991
436740
1348284
15078869
32937052
1885753
2259846
1340482
2509533
4161527
3705968
44
5204292
5050943
7182651
62214
875285
12468852
8307145
22521120
4842821
25498844
10119529
18183756
71351
4552456
2099112
713959
177768
3766304
14602461
4615665
4643189
3073802
344933
14417228
4479809
7476249
3145174
3373153
7790762
20156202
499930
3191155
4972897
18995603
11984364
2755818
19605313
12663238
26013922
15757893
2494479
12087005
3845988
3249247
5792973
7811075
2058037
6505892
33002836
67329
28660915
142676
4475
4389737
2499429
8867214
2490858
10818013
1411223
1302982
13126424
266442
2338906
2325633
1234417
3315613
88011
1464000
13299475
14807499
6510768
830791
4063173
2437091
344496
1436753
5266199
254418
5615572
14787484
200894
233629
500150
4551887
40342167
6442445
34831
5432626
4029900
8045637
2530228
7959942
2195680
226670
22090459
20014017
12911949
20813957
757517
32960481
997916
21416745
557318
10281868
8401472
956810
8989491
4680384
118353
18574289
902689
4515036
990671
222199
15626406
3035621
4597021
15018680
5167264
14307761
8302467
2159552
4842783
4058231
13809131
4480303
5307192
24531377
56600
14387
3927046
3929675
5936965
1250591
398848
7611367
16862791
7915066
3853547
2273793
9247488
1226036
2160621
4681175
24948268
2876322
528879
2190708
3672654
168203
4344552
6682483
6603421
1188721
2072361
284472
9415438
1454845
14311674
3176605
12997007
321597
4702642
10731088
2414071
4791011
15646794
8288756
16034
285748
4761223
230250
8768130
18137082
20154072
34386547
4434488
451684
11814975
21665044
13403901
4671971
4064688
9719190
7939993
1099365
4748122
2810146
2219444
28823044
429474
12850208
9188205
4788402
3676790
5994784
2595808
5951414
22753202
23698105
39548490
7689067
4140302
219772
21175194
3438158
12318558
14981
3017882
2431908
4729241
37309868
19829219
818082
4670940
459206
7616846
9463940
14143836
8806589
4284315
52375
7534363
20404927
1900551
2341731
3620073
881790
2459804
1309784
19014774
4941466
2749382
3023133
2248551
3953609
2903350
14570767
7899036
657374
1569354
208968
11743697
1445930
8994622
3365066
1384335
1612161
3987519
4641720
7275720
33170471
2607526
600765
6137696
5261664
4082907
17285864
85371
1732
8322463
31549
789191
907701
15462080
3624991
6531972
3148941
91997
6858167
231152
5135458
16480553
17307320
21448575
34609
20725748
1735901
3832722
13698310
7821230
4605755
5199277
4226345
22578412
6226023
1683625
13272173
5887366
5573120
4806644
8018058
7330467
2851060
2880025
4941124
909735
2867146
5216385
4613685
3149354
4261110
3174485
15907883
12985444
4579158
3634242
18225505
4191112
18293932
1753645
16827
13878015
14282442
1874354
482833
404129
7453457
14006136
7264267
77235
2510627
3430336
787691
1027603
3309897
3361299
5032587
1132479
10463575
12907974
15619434
1950532
4980600
4211187
12422358
29186
5345543
8540731
1397453
5558402
1437811
10170362
564827
4012988
88634
2477106
93565
4133025
10032618
13917696
3777714
3584800
7043564
3264328
2699567
14860941
5615511
1121755
9834084
2524607
4047157
3344730
130044
4652543
8485438
18988802
8643404
7952753
246453
10034976
2686768
3145233
3648623
4375797
1593251
6461714
5784682
42357
3489583
8843078
5764670
15225615
5037689
17625195
16893
167880
9765191
450381
11437002
609887
10974008
2499111
142298
27244969
381917
2082681
9516976
40670
4773174
76057
8074080
20245485
6602966
2648312
12208746
12689256
27466393
173476
96622
2524669
9182291
3938345
1889575
826826
9051863
6580302
22549243
514958
14785312
8395257
25897
1504822
3258183
12506949
3870412
4406103
28771240
1170242
22457842
1068447
2972404
9710697
357926
4618244
21265801
4579988
3520714
432623
1911538
15473802
4998524
1645523
14647976
7531998
279228
4300841
32920594
17520661
103370
22042321
18346425
10027659
3408957
21173
1376047
4638892
757543
439364
3578530
11392012
308158
7917672
177573
9484823
3263282
3164343
698503
1138656
201120
4937871
2154163
23461819
27665
4302020
3949747
191179
25759380
18828580
4573460
5094113
361607
1991663
3117674
7025996
3003652
3418548
14099375
962192
2432034
5083255
4444601
10389169
757989
17351808
5749439
3667493
2021403
4550233
270228
504640
1375661
15211531
467584
3414042
37061135
7794025
381451
2623122
5325238
5089719
2770365
96631
14156047
10136740
10745594
15953511
15320991
4381754
141485
15384219
2115102
233756
4344078
287480
4377701
3601214
2216002
5211920
9105293
8706995
7896011
98306
23707475
10715087
569566
1135393
1640880
281440
1579634
59448
10974345
3947163
5541554
6973085
12494833
5455493
8486141
5897592
8562515
19019648
22470622
13263010
26289082
7538041
7972232
460152
29717979
2722350
1340664
5410882
5585029
1378219
4780801
20822384
6067295
1832010
5242497
26870601
599717
4825576
10588940
83142
3462535
89358
19446962
9064866
2288852
542396
2020323
23084096
1493954
4816011
5621046
174987
2018955
5806093
2940254
616925
8169119
6007936
10283486
11215519
3240705
482356
4648907
3515215
356859
10072295
16120789
5101919
12649930
5593303
14567016
5778654
4262513
3648285
8839882
66140
8671228
3654934
96062
10749421
376760
8322160
3072638
1481165
4019315
593339
8436423
1572023
135649
3834412
1587490
11382874
1988660
33396833
6565489
1545354
18338868
560829
201265
1074821
6912417
2577175
3118616
10254102
332899
27001622
2018887
4558048
10836986
19839111
2148325
2942349
169111
4815490
13832287
6468357
4733930
3188794
6989103
8949586
257970
2503431
4402949
25743454
1494026
892034
418383
2175100
421925
5290033
924869
5004428
7980733
12594536
140492
29208808
42463
7955709
3745957
5736413
22697749
88476
551913
1617254
3828563
1389329
9446152
32190
5152306
3743986
13314391
434688
8249846
8262809
2071134
68213
242802
2069612
6384931
10076664
23698291
6622691
2788116
5109555
3201709
12325246
3252858
6705471
296911
18701
9104667
1953352
2879492
1692743
15138197
745505
4983671
10424708
499344
11603811
2723772
204298
20590
821950
2107408
2759849
1269913
18229055
10579567
2297497
6810986
5621111
7759819
5778704
4909712
6635639
8897863
5376277
694160
7670994
5478671
1316279
429372
8857715
4823792
12929257
8382051
3807936
2808365
14211341
308367
9645610
104691
17586384
9854136
2424065
7204395
9599077
6047291
6953819
21718297
6367140
11649524
6701815
25753164
13474690
4420503
25311990
5188932
13296076
17203680
8611423
6483714
4492847
2652367
6335380
23641744
5673322
5821626
3029631
120501
9662428
5286387
11416515
15274205
1475943
90886
4391534
1555552
1140130
8274506
229269
1678234
1897088
3200571
5876651
45379
55075
6603228
8435066
1135447
4433
7804187
22641996
83652
35465070
5056128
6266056
8265635
9487549
1218057
1309101
2444232
9661890
48578
1726286
8850167
2366713
1435757
1342732
3904102
27932498
5326106
8557709
524541
232132
13697634
2522076
313892
2444481
3069959
646650
11448367
5048328
8751621
3321357
2234359
4603737
12177751
544829
13222709
24360019
7904621
3186143
1202289
6426987
2927332
5662907
4128819
5918529
26756271
1274834
2695627
3683417
5658738
4851628
18044454
312281
6457598
7602936
452767
932285
6917667
15005103
50946
11469325
19073440
5186832
4727436
5817750
3168199
941799
2902501
794385
12562779
7821524
308427
3534355
3268381
6219991
5828092
5609638
1121557
77527
2940482
114089
13978333
2342486
821314
226859
34009
1860917
12514614
1187456
64885
1227375
9544622
27314711
5280875
2453004
551079
3192365
3278875
232505
2032323
15933158
9517655
3169842
13849480
13790793
5458271
1901641
9642881
4701952
7426951
5598943
971928
6114620
5085230
2751082
5085991
2182252
5282140
978266
253139
91856
4947602
3450616
26192025
58188
30975429
61280
4506227
2883880
1695717
27514948
7225867
3596806
7822917
674547
1516715
8900275
5102605
1933319
4930180
1454190
7759523
1051206
3850873
17207024
215673
8507579
9985428
5035534
5370570
4305367
3386497
75073
27401157
1580576
877240
23477235
7503205
7600130
851964
7896426
2693155
12485384
3174094
872689
2929965
3984094
2982040
299283
1973819
5579509
2523460
7967256
5173468
1727238
4670693
12526162
2149830
2544405
5486984
245926
410492
13160317
3643000
3547514
356403
357283
34359387
6754339
11250956
19341821
674552
2091450
3405398
5134059
9180534
10138350
16226085
7970688
7258776
12724157
1388542
1791238
5226738
1615033
16598418
3944457
5875710
23471586
16826444
4117561
4581218
88632
15773351
654391
4876513
14107065
2834867
991963
33117
8042714
17902032
6241346
4707545
3457094
11979194
9641617
5214083
2075461
18030288
7657275
3741010
15542558
6735085
2439689
2292315
2860928
1880760
13793986
3490309
7541226
2285748
1837967
554094
15154496
1020043
10201134
536028
2882515
6356306
10076874
1853515
22337190
19907661
4617238
4652512
143553
1014789
11711851
3984146
8487861
2454372
323244
23767
494349
4146380
8443829
12839921
22883804
10104624
1152735
6601116
11470211
369544
19410
4852708
15204525
19179308
14657740
5620814
7034495
1681037
22945767
4646043
490252
21467089
115442
81528
1952038
5346800
37610363
1502854
8964
7084217
2717384
3522817
2501568
325693
122882
5198704
290942
5851562
1406869
6928272
5091322
292034
12184521
5975008
3166209
7728900
54773
4019083
8096625
1185297
1216093
5482813
485568
4250957
24294492
23511230
25773890
2412558
312153
415496
6816440
20634006
2556410
29324768
7426036
5914888
723837
161911
22474323
6825672
5909739
662089
9573138
7827494
7545468
300849
3883106
361424
40790
18605637
8406539
13393016
19619766
3817489
2123096
6665921
20429073
320021
10878707
7373976
1049847
1263093
811778
2883835
17492208
619552
1837602
1306047
274103
3182655
16056262
619617
56261
353230
1865584
4393
12531560
6526691
2051902
9131202
85049
3175814
2934069
1695259
56361
5800120
6802
4271269
3966278
5031840
614782
6084181
2785367
15620108
678148
7879908
10403673
1111975
2043210
10604102
16264214
3268671
25587802
5419966
8398867
53645
2836431
6526151
26830938
13321086
28468449
192699
7
3683780
1364043
1723232
4572964
22209873
995746
5871963
2206105
15254085
13387069
4886436
10672725
13226995
2007497
9666
6602841
6400929
4808518
24065345
3700
12206409
17886381
1211940
1847124
9486038
19603115
2235349
14075215
871053
23530948
2886286
2193644
31164
77577
12469154
2965970
5970175
627024
227766
2871362
4374272
1153376
2011062
7072388
2388571
1589825
14330401
2722345
1946704
3913427
2240694
2998127
4462150
39165747
16496316
364757
4500359
2057765
7267957
930727
32169733
4406
1888893
992637
69464
3947763
3295042
12759633
5727122
10383255
97284
5420460
8205137
2270549
6964519
18572822
243316
23312834
170908
29645511
4867978
3434317
1134643
5576931
1762445
16993107
3074490
361304
7770638
25853049
98259
5497792
11251999
1258156
7883415
3083293
36582594
16130
8071144
2547110
298759
2092940
2356178
1423025
4600285
665275
12501754
9865404
3623091
17146421
3087033
1362093
29706
130973
4611731
74787
1605290
240714
20802453
6206719
7288909
395707
4768054
378499
2039661
986311
4483132
5093500
7906229
1487144
2155343
829215
5936039
23278805
888145
3656938
75487
3475758
191987
21066005
1719388
2135307
186785
10319595
25188
4139013
32754184
1739105
4310172
2094029
1440780
35624316
5187329
6866977
4660552
4814360
4062538
4977754
11914148
5623022
10701480
6409399
18073084
119057
5570085
8498911
8118370
17700959
4203544
5798568
4359671
1196568
5985453
1349932
9214704
2877204
100529
221030
18364613
5622515
5108460
7219808
3216086
85353
2024234
3075660
7989976
9920934
5006306
225660
9258764
10192620
3257
410434
14349131
44284
1455031
33723106
2009380
12101593
3288762
1617533
756294
4197654
3069724
15986989
2618613
1560095
4998216
3929528
74186
69617
2026024
12183815
403470
208613
13323221
383220
4145009
4575138
1611184
1900148
15511154
8044497
12442958
2618438
6522574
2612774
2622723
12397944
15913900
5015634
1843411
26645665
2886542
2583596
925678
30785218
39502395
6158651
3637842
16204363
4126366
8678293
1683546
5808501
334430
11514135
228249
84140
26107898
8360856
17684051
51883
333680
163399
172941
18318459
6549044
986628
5832614
11077947
4021000
887117
2437565
20975698
7016725
723351
4149179
12236333
41599
650584
1180184
27411391
112547
7383777
17884715
1480970
2715405
2044286
8521669
5180921
3503244
1438427
5650077
8747
17186523
314087
3149318
9284839
5673453
246152
13939577
2007468
3233075
183381
11200327
398518
3865791
12636805
1865678
1141558
2965928
10666387
274590
4019076
28048718
31292638
6332849
322119
2626390
1898748
6479701
7235762
7680880
9079596
1058108
19292605
4380883
3087043
5308322
7030176
1672817
8945322
11330633
156766
2499792
4785707
3619025
112765
456018
12272965
1617715
2019322
186757
9070545
6804839
2890583
8613311
3602189
18650383
2752934
334363
1110847
22602660
5954279
4789865
6370460
119352
3946948
6607453
6046605
2099976
3823406
29149965
5191646
3032433
5884734
2516402
30035259
1989696
8085050
5151008
1683437
809099
8495261
1948292
2125284
9262372
16660
432988
6605881
1089972
5762279
468040
15280688
7560970
5095438
4576552
13851944
68797
575877
617428
7384377
15678733
13688539
9617642
292785
2419597
955403
4334188
4748133
6445832
201524
29371590
268593
1239739
3788796
9879080
654224
5012036
4822582
3456777
3477495
4219796
5833680
24993827
8907538
94531
4368171
33428601
994591
4331265
19571
17709484
1050134
9528366
3397947
13058730
5670077
13478571
4238524
2393805
16065970
8663684
156780
8125445
280316
5482092
7110833
12429
7912987
55005
36332
3010791
202533
10649989
9684245
2336184
844364
6293509
2783864
3030999
3287311
10325523
6279237
1432736
9267265
39352
801464
1999756
59434
8126391
574371
1117458
21100
1059054
13361831
477595
6920613
5975546
32817989
14937107
315974
1003220
1266837
5862862
2507238
5508785
7162371
4355113
3185606
4573209
3417318
7921322
2300296
4405722
2532057
8448499
20072526
276796
28845604
13905933
14354369
13383308
3846746
2184739
17797762
3116477
5157763
8612013
4576653
5039509
1008907
2508481
8425052
28981374
16002353
3372204
15429249
32891652
2902101
5747486
11140318
4383375
6019466
6411
9468630
723153
1754891
2144794
25934369
140199
14967347
14295332
8401118
1830190
1846882
8520729
26374999
10933208
12069125
177125
1512288
4891271
638280
59414
453489
57632
1272614
10185502
5777093
911416
593595
4997155
1012748
5022049
1912118
467313
298795
5076516
1007621
6906013
6349959
1998280
3883211
2106832
5860000
1339395
7979050
3789907
2187427
965666
5662119
10475311
1979059
1089767
17204753
11610631
5122012
4870943
5776425
13619896
5267289
213785
17261235
23976122
4216567
601724
229274
8149271
2749095
13670310
675673
5676094
7914136
34384991
11548607
4098365
7523107
4836420
82921
3445965
2617201
10224260
2159678
2748270
11805481
4476618
1114965
6503941
4320765
5097498
829149
5731039
451490
4888050
4615239
107938
562
432517
1236471
8531024
9034298
4923117
7485202
5009548
2162673
5237472
39643043
4710477
1107184
9723175
944806
23966555
331503
222817
34404452
2926499
10288515
39399251
6595211
35756
8587736
4882011
4626737
12415210
403597
356982
798057
61705
1268351
2886414
847803
7043361
238374
1638790
15943665
87532
7687786
19993111
1588788
2221035
25767936
10420731
1507078
18620620
3388126
28088018
334405
1631372
5759085
3704685
12207823
3674098
3603835
5606230
2439639
1992054
3524270
9038675
608456
2592754
1489956
1678354
30727451
6464729
444566
10272083
1907802
29140938
400765
9621352
17400522
5916104
1634607
7239949
18186
23499778
10748073
337774
226999
13192663
1762678
25731761
4534460
5226037
24152008
568176
6484416
9640594
1303076
17540894
167415
3258024
1402357
472417
47364
3253226
9695187
2218425
632867
19133955
7277899
284716
1820314
26777
28383547
1054031
762
3992988
57754
35242474
75282
25953314
4887221
52030
1302965
1570007
3185392
27520825
7695453
5851662
5250055
3382494
3842505
904567
5371028
6755932
43267
11656343
7492892
7659407
10421215
1612242
1279027
5670980
2742292
677143
33027301
1397318
14849652
1697648
4285867
14295391
21213840
2798176
22853597
12794016
548086
3137216
938241
2050366
18102699
4969010
10136505
2723400
3947596
1574339
3517782
449048
1055604
37180
8668422
3882808
7075949
4243216
3491151
2260091
3185123
8263380
239718
25620008
18928
721601
17858667
1938445
10257657
8082917
3854644
1018982
22618932
26052110
5149773
3077038
3597138
3162238
2388349
8343423
9024076
4586078
19848029
11463459
6501510
22115
5998749
32285
1356805
11476676
8573039
2885878
33565836
1941292
4189807
28831742
2700766
9371994
401941
2363033
10326307
968918
3072423
7944133
218122
2729452
21764283
2707242
7280352
1770661
5261559
15981012
698617
366387
1098667
1632074
163240
40050594
6510558
8390754
8080560
1387208
9886993
15673974
367398
11193060
6467200
925342
5918690
4476086
52650
16351181
2057216
13455791
4894694
24072
2756598
1673677
31853827
5783772
27508266
3421461
433260
4512826
566067
764725
21207729
10106781
1696910
1281303
2001248
145378
9708071
3869107
18061191
4270932
2089581
8332565
56204
4069634
666059
3954703
161244
4333131
10739430
2341033
16654879
4165293
1633941
17314134
21624132
3489643
3028538
1098340
3141819
178541
17425581
610474
3530949
7216922
110960
23489093
1117579
18419969
1083311
17302943
2406027
995227
11961296
8163500
7957649
9109543
84227
16182556
1190191
127121
2164868
11934769
10869636
18447116
3335427
4207608
56976
4560813
213790
6560650
4830319
14537603
6274839
149369
2917342
2179167
1489817
18111852
12627022
10923868
2017831
3836702
493455
5735262
70535
354351
10080178
13145969
190266
8113843
212191
317903
5513556
2078849
467470
2830596
28321
1125533
2828729
8369526
2225681
85379
3866396
2143781
4259663
5975220
1815562
5909486
5325781
2832039
5066122
1896054
11953294
18070511
1778664
84897
1452931
34593
2209013
75553
60714
10601861
8688211
180307
12293262
1445642
22690663
24079
6712070
11645557
29801570
2217247
5908170
21561931
1
8653054
23866052
82168
2755366
60271
7813124
3340646
2341325
2121115
6866859
32984674
1854661
1561607
542113
5100047
5243404
1439823
3287440
8101322
2613374
40778260
2997471
14142324
14101306
10616234
9117103
8594566
532344
4506253
688532
2220533
1128434
3604787
502134
648927
21501747
1274362
8683933
23467888
32172154
10914837
1258149
7737101
56248
203655
3072722
2496890
5066900
6338728
5299544
9653887
130490
4398654
20258543
5879690
50572
738876
12803471
1200597
3362627
2056261
557611
3479835
7150869
489225
12445576
67718
5149230
21682
32022548
28924452
1436913
240309
9563990
8399391
6304676
226701
254980
1765469
651163
1098931
8718233
4876718
3339017
1198078
3698702
7503819
9173777
4928946
4100982
815202
4219991
12901533
27733029
5026087
3289489
147785
458400
188621
1973482
2356963
6150959
7238591
1040983
2711516
1286699
681752
26578688
328425
4337324
8094194
5843774
3622990
27370115
2560571
345442
3244123
2529800
16417169
1468016
356576
24075509
3871544
5348995
1119268
12245921
1125942
1935160
24516087
4461978
8435364
389067
12105672
5194716
1164048
289821
26860129
3067231
6844427
4663905
6428514
1956775
1661339
10500616
46811
6398030
5878124
3949570
2787835
25839063
6656598
2559710
5653641
601757
9889791
2207050
1141506
4857546
25396420
5032417
1347279
12412035
56918
4081105
7364584
657115
233374
1587700
7954335
9812560
2653540
456194
76600
13117914
7175746
168811
7945654
14299
28111365
3959019
1563748
8501790
4517015
28718547
6323700
5083158
6423960
2764531
6647
4262862
6238859
14530497
9963061
1696648
3533875
16380802
545403
4534154
30766845
367064
7564029
404707
8305997
20424054
8521724
1439107
2420931
2410513
89152
5527768
6730675
988
19355
28383869
22735540
3511148
105050
11676399
5223690
5334421
65657
30852502
6098500
1672552
5967607
7268077
5518350
76359
74503
2128170
270208
1713744
1763856
25904021
458588
6784265
1139150
3810877
39465
11674344
6290011
50712
8639115
8712437
4716050
10277184
238206
10267961
6249079
23715
6986873
1272852
4360807
5338450
1631380
32167991
1032856
14065690
1218020
12635761
5507025
1176925
458642
1220081
396145
36936289
11729572
10302580
4371344
1192313
1630638
72609
6385004
207258
5843656
7298065
33053862
22153014
2613067
25412
1614583
10700939
7664670
3534375
564140
11295
4894168
7424808
27513737
1515038
4298170
81887
8784787
6814482
981489
1943804
2753820
12200025
52554
1623516
32224283
27782845
1181107
10381423
10499499
2875528
2172271
21125966
1318962
740809
50113
5375726
2830601
8409364
2537570
11244458
1252461
452746
11210604
4258803
349634
248971
2120717
25592491
78636
5592525
5824533
8075361
5378070
274399
2627073
111063
250505
70539
1712693
11165692
29439242
7236366
19715315
2090557
22458779
277579
4670860
2895911
194873
7577049
4706782
4446319
25574119
4425333
12019146
7680545
4170298
5563744
6077386
6189888
15277098
6063314
2684941
750240
10072242
19287269
12550401
61334
1717984
3566428
4229950
16848385
20990742
236893
21000830
5343693
4748924
11537940
2535026
48928
16129488
1746046
37363195
3560218
5492622
128
24110157
797041
376939
74654
3597454
1392493
10912247
2213519
4796835
114124
4973336
4489353
973909
323862
9922626
1835926
11132091
4600640
28952605
6403960
6025681
7745000
4908480
4568547
126709
1352691
11263732
15298303
1056245
5570607
4384795
664481
4547735
3625532
6523043
1224585
21892315
4803384
4163029
4006848
9610882
14629414
137125
4883868
6072660
789580
10230330
9109555
4050904
4384780
5935362
20826048
9878043
2495221
