9766
9765
54974
6395
11509
52171
53198
56256
52022
57045
13664
42463
53252
4435
7832
2806
6691
52977
53947
55514
6693
52984
52062
33625
23205
53767
58926
50516
5442
6698
53777
9783
55776
53232
52154
6697
52153
170786
54465
52669
12370
6396
53251
146797
63840
208336
58764
54480
10428
52220
6398
4492
7486
13294
78458
6707
2883
52206
9772
54484
77918
2890225
864242
6732
9779
53220
53959
9261
4128
6431
1656377
1554508
155706
3389
470862
55732
77451
447075
75598
1489367
3884177
12368
53236
817231
170465
3268914
12369
52205
6728
2790787
54190
2181580
53349
6744
57303
53279
1071903
57449
48478
38254
54453
