9766
9765
54974
6395
11509
52171
53198
56256
52022
57045
13664
42463
53252
4435
7832
2806
6691
52977
53947
55514
6693
52984
52062
33625
23205
53767
58926
50516
5442
6698
53777
9783
55776
53232
52154
6697
52153
170786
54465
52669
12370
6396
53251
146797
63840
208336
58764
54480
10428
52220
6398
4492
7486
13294
78458
6707
2883
52206
9772
54484
77918
2890225
864242
6732
9779
53220
53959
9261
4128
6431
1656377
1554508
155706
3389
470862
55732
77451
447075
75598
1489367
3884177
12368
53236
817231
170465
3268914
12369
52205
6728
2790787
54190
2181580
53349
6744
57303
53279
1071903
57449
48478
38254
54453
18154
52147
52204
52164
55414
55060
54189
107548
1987747
9777
57255
865509
107523
6415
54449
9787
56014
63618
17790
6705
53278
54184
66694
42462
1124609
1858695
347020
33603
66184
2162567
52168
3573262
54448
60724
16408
33587
293397
6440
42528
62783
6751
1335215
52702
53298
12378
53290
54532
1754834
77454
56011
9851
52667
52971
53215
52979
6446
53751
43303
53460
61047
4129
57226
6433
9818
56700
23132
70544
52177
45458
1263
54549
52755
63609
55443
53389
58106
248852
54507
53249
55657
52180
6432
54470
53016
293399
182367
3301462
253467
52452
15527
58880
55183
52980
18632
52061
53291
269411
77563
53428
13234
9805
9794
53245
20131
52327
54186
52239
56090
11708
43300
15510
77455
58104
58832
58343
55188
59275
56039
57686
28079
56021
60572
3942875
21710
40442
62998
53459
12541
54597
53211
54685
15094
53367
53297
54678
64712
54471
53792
15102
55440
27987
53213
52352
10646
619335
416625
15096
67191
55187
56262
15100
54451
62682
52207
15101
54211
381443
17603
52989
94996
53292
6706
55175
15103
20934
54467
54535
56350
619338
55066
38796
34684
54525
57764
54191
53282
15097
17801
54202
619339
54516
58562
6
54454
68850
57607
52737
107518
7579
53223
9790
60546
6773
1737672
12371
52275
57230
61690
9767
2896
16498
6730
67451
54185
13233
55196
39407
56294
67466
55456
52995
431728
344027
1967
155429
53753
6738
58353
53670
619336
33572
1320079
52999
62566
619341
6147
27227
59999
5636
58326
53734
61614
62683
53281
53006
227
61108
57497
54541
52336
58759
53797
53353
18607
1127513
9558
52969
60959
9555
1889269
54481
619369
52301
54469
15099
216790
58807
11517
53319
52982
21471
185507
60391
675
56696
181939
345430
15104
56684
43052
1338357
6734
107513
75153
38465
38903
53348
7826
54489
71758
65530
54673
1337745
12839
1871893
60666
57052
56690
54339
59257
57773
55444
57768
52351
8355
16033
212920
13293
212855
52024
53294
6742
78444
69309
293402
55716
6441
53287
52975
25995
53335
380153
80003
1871898
50489
3063
81022
53505
208246
55599
55783
52754
52300
261281
15098
61658
211894
64009
53221
15105
81
15106
619337
57998
83201
173441
642473
58099
314098
34610
10330
53790
202020
54961
1871896
114646
1889090
336670
38798
559255
67593
53293
53033
16759
6672
82751
65429
57862
62685
52214
53268
213588
78132
157614
76332
57302
1871890
21591
40991
1889096
11855
53470
6767
79081
57999
56434
64588
52159
54955
52198
393740
33594
53242
55434
184893
12762
60562
57989
81188
58344
56115
53246
1215
80704
72412
1871889
34005
60550
53239
54461
56794
2989
180799
53407
184904
54725
17792
1871891
1804093
418245
55735
54625
54997
54482
62085
212773
19682
1871894
56762
52217
107531
698837
53228
57821
53012
53000
6689
66743
56329
60964
55426
137267
70860
3761632
65484
55249
1889093
6754
58746
54490
1889089
7614
13296
76327
6777
77961
53007
1283038
63068
57744
54518
619344
208908
58558
39127
59252
53229
18630
60574
67449
11829
15108
4320
74178
101709
61430
1334143
59304
52157
43329
12381
56671
56344
211048
54207
1889095
673
51974
64573
67546
52369
52160
56155
244640
211039
6139
894569
69311
53438
1889137
54034
48553
53791
67463
55230
15095
53424
22579
56769
6690
38894
74109
14190
209925
52309
390903
3878621
56296
396131
56031
58803
54483
213088
71886
52158
73562
60558
52335
1334158
619342
6157
54520
1889092
53443
584725
245569
64495
396157
63476
55291
54192
2890
56112
368594
211041
6392
82977
15107
55229
58588
52054
59997
64571
52165
15524
52450
61642
45468
180635
57874
56773
59436
71822
17802
58371
1959
53392
54459
7619
55192
70427
33597
54786
56984
60980
53327
40985
440595
284229
69342
32851
69362
54547
58756
6714
52048
69942
1415379
42574
290508
58773
69578
9378
54605
58775
382932
57168
22591
1871895
54579
45466
11516
7593
52347
53253
60997
619340
55439
60071
2811
169788
15212
56258
107573
33622
23265
15508
146456
53465
60414
66459
71999
28083
110518
20173
67548
1889119
1889140
55178
57741
53479
53359
69357
9800
43048
70387
27398
15110
217890
59986
380208
53341
69369
4334
54581
64011
213589
416624
418251
57754
6787
38797
33606
18363
706
73883
52156
6718
61407
92920
43340
135112
1889098
55438
67575
59320
6410
83011
619374
1889091
54567
11825
57778
63757
57161
145
58358
144
81297
39214
217869
9804
54615
53748
1871892
57715
52288
284477
52455
6692
57051
57456
8450
94157
53261
57626
57444
107538
38760
53244
619346
217870
7590
7582
79830
53370
53328
52492
216621
34305
79838
53531
63744
15109
20969
8353
56122
322008
69580
52280
6694
63501
6737
6745
52454
1889097
65487
2636278
423255
51956
59644
381446
231066
53028
2892
6736
52050
416626
70266
53496
67107
52223
79292
62712
38026
57784
85411
74080
7702
80221
38461
69185
54493
1889138
55232
107812
114810
182984
53393
257791
51646
70618
52273
52689
56337
54039
52346
54487
38660
38990
53069
178920
53295
54608
62121
83041
55248
67625
101695
278073
105355
336652
80991
58030
71996
54446
61190
64064
14383
68692
53039
115815
52166
154814
77340
118573
347788
67651
68607
1871906
74117
292022
67544
96000
619348
9894
52195
75491
67748
58772
66048
162206
1871897
143
54594
305029
184903
63075
6704
128890
8049
63060
6498
61193
20136
177961
57224
62876
210099
43319
1035166
107619
72154
34278
52219
1889141
52176
6750
22580
10645
53284
53330
59796
1215892
6159
59344
19683
441646
160135
54280
72666
1889144
10576
55379
619349
139672
73921
15112
51975
637380
16764
64617
77452
86083
54591
60545
501490
309815
72674
53541
102048
76648
33662
53417
70923
7
65798
76345
60624
52291
8871
52334
54201
58766
84128
24237
55459
89213
123917
7605
54616
6727
2692
59791
616027
293403
57759
88638
6774
43305
1415380
134834
236411
11157
55435
78033
54460
60834
34295
59328
312786
65506
70397
53302
55772
278581
98960
57703
216599
1889124
7818
52242
68116
90085
59590
53371
57451
69316
63479
6499
67701
211280
59303
52031
56347
64347
64020
77188
38795
177607
88686
85498
67474
6401
56129
69428
55448
1593819
54275
52264
282385
62845
70087
52034
93635
68899
62490
90420
53225
59757
52063
54701
57824
111652
57509
67156
68603
81923
59981
249689
66545
658432
7701
52222
39713
105695
57856
6140
107834
1889134
56194
60077
138801
52439
15122
149462
269841
165562
62079
59774
65715
596171
53329
60104
58563
62078
102611
58762
55521
65993
119575
103530
147258
35474
1889126
1871908
62661
85497
56027
54551
68463
69944
161357
11433
131304
57877
53241
53394
134915
60032
38900
69370
2880
7833
38779
54457
178498
58821
42533
20137
101951
69433
207610
1311664
61049
4587
64025
123607
136383
212856
4
116629
87974
390938
38759
53356
11707
268370
60056
7639
58646
62125
131183
140153
266908
120004
59794
168229
119576
70185
57756
2897
7093
441356
97076
53263
54660
7864
52432
119577
83941
69349
207842
109675
52367
47456
1871899
69356
211467
61635
120943
55660
289354
60025
104187
67951
562988
562987
1026
52078
499439
70549
57793
1072689
75885
52414
111481
38032
1889099
54479
13277
62610
69928
58767
393804
207831
1776
38793
610946
103806
5638
52201
120751
1435591
112549
142031
226342
187509
6864
61398
101697
57321
129366
60134
55728
221614
207285
653538
52111
177659
278149
127917
62498
65800
118519
54561
53703
82984
459342
54456
6726
56797
1978
78131
23091
63590
427246
75863
114886
54213
248851
22618
89861
52052
619347
61187
278039
19676
592
58774
67580
61636
61197
53218
114667
53464
102118
57831
195
73164
54595
12602
1871909
12377
407715
60560
6404
15111
52363
1871900
52308
60576
56193
174095
53238
488188
68690
487724
54495
78639
53435
1996
200162
56316
54447
148960
38464
1871907
59054
176457
53928
80767
52023
25997
56336
62516
54294
7641
33626
1889135
142033
74524
56341
60611
52472
147153
1798146
13204
73385
58770
62556
63016
85294
1162926
62858
88167
156758
6510
64072
115
75520
46638
52962
64017
130990
64695
44140
576268
56618
6442
62754
147207
38307
321464
1798589
62139
6696
53262
53769
196888
1798182
6779
58323
60067
121623
58641
1889136
145992
278040
123055
13875
59680
53776
