6057
545
2840
2067
266
6638
1692
459
705
1599
1103
401
60
307
547
1256
635
133
3041
14
599
1115
1731
145
1282
9908
989
2033
1033
20
6174
1169
1320
363
985
4432
349
1405
66
2119
1327
1277
724
7145
9
48
861
661
122
240
1955
2314
3644
26
3211
2133
367
2250
5922
3246
3028
131
2963
6072
1810
1635
1658
2141
3779
1689
1038
3641
8461
315
2409
1188
242
1044
2331
1429
159
885
224
6477
89
1514
164
249
354
247
192
4266
3978
265
295
515
241
657
1492
105
274
6675
92
80
129
9437
6122
255
23
784
563
609
1361
2696
6271
638
4854
144
7397
12
2602
238
4919
1032
890
653
2273
2747
7299
1156
2681
1784
375
1587
562
3159
3266
15
954
260
805
797
117
457
800
835
1888
7417
6693
765
839
1312
6561
1370
866
1238
4523
3462
245
88
1987
135
750
1520
608
210
1060
3826
72
990
1589
1458
1067
8991
4089
115
382
634
2996
8467
1758
417
1775
2123
1665
482
3914
2161
76
4804
316
2389
3852
1391
326
194
3827
231
251
1542
3051
5591
2773
1827
2127
753
37
4578
8987
1515
3651
4280
28
650
415
474
1639
941
2182
1390
63
220
3209
1528
1059
509
408
1890
6244
227
6334
120
393
6142
511
1159
85
503
793
157
90
9994
953
11118
1162
572
4181
6841
487
305
