571
5370
3129
6057
545
2840
2127
2067
800
266
6638
1692
1174
631
4228
459
6512
705
6330
1379
1599
2381
2297
1103
2638
401
254
60
307
234
547
1256
654
1067
635
133
2478
3041
5591
14
599
1152
1115
1731
145
1282
6841
7237
9908
989
11716
51
8790
375
2033
1033
566
5033
492
288
1547
20
6174
1169
1320
363
4962
4302
985
3123
4432
9437
2961
349
3647
3072
361
8238
1405
2150
1773
66
2119
43
1327
1094
1277
724
3707
7145
3127
7166
7070
9
8194
2614
3948
48
6097
861
661
122
240
1955
2314
3644
788
8778
1039
26
3211
310
1257
5022
2133
346
163
1413
862
136
3146
367
6464
2250
1724
1661
5922
3246
3028
131
57
2963
6072
1810
659
2954
10155
1635
3117
10644
1658
2417
4353
1316
2141
5597
915
3779
39
494
4085
1689
2847
6142
1038
3641
990
8461
1362
2635
315
2409
3530
3906
1188
38
242
9132
44
1044
9378
1542
572
3864
5000
7097
6873
11118
2331
7951
1429
159
2728
11155
885
224
6477
2652
89
1514
283
164
249
3009
383
8007
3
5664
1221
1640
354
247
192
2493
2740
653
509
6070
3663
834
4266
5973
2996
194
3978
1354
265
1634
295
515
241
1523
657
3159
1617
1492
1999
105
10070
5774
3814
4392
736
8400
274
850
6675
587
92
1059
1655
80
129
11037
6122
969
255
121
2019
6684
4284
2430
9541
23
4840
784
563
12424
609
6698
2991
1361
2696
575
6271
5893
638
4854
144
7397
3399
12
2199
1751
2602
426
997
238
4919
1032
636
3493
1665
3036
3425
421
1392
687
2595
7201
890
531
6113
2273
2747
3533
168
7299
10761
1156
2681
1784
5594
4913
4444
7369
1953
2320
1587
562
5487
21
118
3266
15
4458
954
3913
260
5965
408
3197
7
9716
3320
2557
805
12027
797
4614
117
7288
2350
457
835
1888
7417
6693
765
839
1312
173
2820
4988
6561
1242
4152
8457
2209
4161
2075
7639
901
9825
330
1370
866
1238
8689
4523
815
4900
3462
245
88
1987
5098
1043
135
750
10278
6680
1520
608
11578
210
883
1037
7155
1060
3985
3826
72
733
162
1589
2621
8264
209
1458
10
4499
2080
5995
8991
4089
115
382
634
1488
610
8467
195
1758
417
4825
1775
2377
751
4715
2123
5606
1569
2485
7854
4252
482
3914
261
269
2161
76
1314
1264
1870
3198
4041
6021
4804
316
2389
844
3852
3239
806
4299
1391
326
3827
231
1842
10946
863
251
4292
1394
3789
3051
6018
2713
2548
2773
1980
329
625
539
186
4254
1827
47
753
1297
37
1529
4578
409
1710
8434
1930
8987
360
8297
1515
1793
3651
1423
222
4280
2845
4002
693
28
3216
4045
9994
10104
1134
3870
650
415
474
2643
8322
5801
988
205
1639
3007
941
2182
1390
10012
1963
937
802
63
220
637
5892
981
3209
917
218
8539
2388
1528
7055
5623
1890
4665
6244
3230
227
6334
3098
4316
120
651
770
4331
5231
393
511
3908
13354
2632
1159
85
503
1988
263
12065
2069
1783
32
5572
3431
1877
5454
793
1313
157
1117
90
1620
1605
5314
739
2244
3518
8838
8260
5287
4474
713
3049
3213
742
953
4912
331
285
12064
1179
3492
8330
1162
11334
4181
3286
2421
487
959
1644
83
305
2047
296
2237
7430
4627
7758
1383
2210
1017
5712
156
214
112
7077
5832
1736
78
1473
5097
3433
62
2931
1171
2915
559
4520
6699
1619
5730
1478
2087
4824
419
1166
1073
1941
2408
2905
4250
2071
5731
299
2390
945
1410
6681
2716
542
2154
5335
155
1597
6891
4467
1584
786
526
480
944
40
5
2056
2259
5496
345
2183
1759
460
2633
7022
7665
6250
9679
3792
2062
2371
768
4708
1350
151
9129
3163
604
293
927
2462
1466
1960
3309
237
1526
5363
1517
2798
9601
19
1637
87
