6057
545
2840
2067
266
6638
1692
4228
459
705
1599
1103
401
60
307
547
1256
635
133
3041
14
599
1115
1731
145
1282
6841
9908
989
2033
1033
492
288
20
6174
1169
1320
363
985
4432
9437
349
3072
361
1405
66
2119
1327
1277
724
7145
9
48
861
661
122
240
1955
2314
3644
8778
26
3211
2133
367
2250
1724
5922
3246
3028
131
2963
6072
1810
10155
1635
6512
1658
2141
3779
1689
1038
3641
990
8461
315
2409
3530
1188
242
44
1044
1542
11118
2331
1429
159
885
224
6477
2652
89
1514
375
164
249
354
247
192
653
4266
2996
194
3978
265
295
515
241
657
3159
1492
105
10070
736
274
850
6675
92
1059
80
129
6122
255
2019
2430
23
784
563
12424
609
6698
1361
2696
6271
7951
638
4854
144
7397
3399
12
2602
659
238
4919
1032
1665
7070
5597
890
2273
2747
3647
7299
1156
2681
1784
3146
1587
562
3266
15
954
260
408
2557
805
797
117
457
800
835
1888
7417
6693
765
839
1312
6561
1370
866
1238
4523
3814
815
2297
3462
245
88
1987
135
750
1520
608
210
883
7155
1060
3985
3826
72
1589
2621
1458
4499
7097
1067
8991
4089
115
382
634
1488
8467
1758
509
417
1775
2123
2847
482
3914
2161
76
4041
4804
316
2389
3852
1391
326
3827
231
863
251
1394
3051
2595
5591
2773
539
1827
2127
753
37
4578
409
8987
5000
4085
1515
3651
4280
2845
4002
28
9994
650
415
474
8322
205
1639
941
2182
1390
63
220
3209
1528
4900
1890
6244
227
6334
3098
120
3197
393
6142
511
1159
85
503
5572
654
793
157
90
1620
4474
3049
953
285
1162
572
4181
788
8238
487
6097
305
3913
5712
156
3707
5097
62
2931
1171
2915
3864
559
3117
1617
4520
6330
2087
4824
1783
5731
299
945
1410
6681
330
542
5335
1316
531
944
1221
421
5
2056
2259
5496
2183
1759
460
5893
3792
4708
151
2954
3
2728
3533
3163
8007
2798
19
1637
