0
1
3
7
44
128
218
286
299
319
396
477
562
615
668
672
988
1250
1555
1731
1732
1772
2151
3257
3700
3794
4262
4346
4393
4406
4433
4449
4475
5320
5943
6411
6461
6647
6802
6905
7017
7180
7443
7686
8747
8964
9008
9666
10059
10208
10332
10368
11223
11295
12041
12429
12838
14299
14387
14981
15008
16034
16063
16130
16455
16461
16660
16827
16884
16886
16888
16890
16892
16893
17593
17651
18186
18455
18701
18928
19082
19355
19410
19571
21100
21173
21482
21682
21802
21915
22115
23623
23715
23767
24072
24079
24335
25188
25391
25412
25897
25991
26126
26306
26572
26581
26777
27027
27401
27665
27682
28321
29042
29186
29681
29706
31164
31549
31898
32190
32285
32588
33117
34009
34593
34609
34831
34949
34992
35756
36226
36332
36940
37970
39352
39465
39526
40175
40670
40790
41599
41839
42357
42463
42655
42813
43267
43627
44284
44759
45257
45379
45636
46303
46811
47051
47122
47364
48226
48578
48715
48858
48928
49843
50072
50572
50712
50946
51308
51883
52030
52554
52650
52806
53645
54133
54773
55005
55075
56204
56248
56261
56361
56388
56600
56858
56918
56976
57632
57754
58188
58815
59406
59414
59434
59448
59494
59849
60004
60271
60712
61280
61705
62214
62403
63329
63615
64144
64308
64885
65657
66128
66140
66868
67329
67916
68213
68723
68797
69464
69617
70491
70535
70539
70917
71351
71702
72206
72568
72609
74186
74503
74654
74787
75073
75282
75358
75487
75553
75825
76044
76359
76600
77235
77527
77577
78077
78636
81528
81536
81674
81887
82168
82585
82921
83099
83142
84140
84227
84897
84958
85049
85133
85223
85353
85371
85379
87082
87532
88011
88476
88632
88634
89358
90369
90886
91836
91856
91997
93565
93777
93924
94531
96062
96622
96631
96976
97284
98259
98306
98496
100529
100840
101279
102373
103370
104691
105050
106358
107938
110933
110960
110969
111063
111737
112141
112547
112765
114124
114497
115354
115442
118353
118993
119057
119352
119783
120501
121188
122882
122918
126233
127715
128298
130044
130490
130973
135649
135660
137125
140199
140492
141485
142023
142298
142676
144887
145378
145945
145986
146600
146809
146854
147243
147785
148720
149369
150052
150682
151250
154344
156364
156642
156766
156780
157785
160494
160658
161244
161911
163240
164988
165835
166098
166347
167415
167880
168203
168811
169111
170908
172417
172941
173307
173384
173476
174571
174987
177125
177573
177768
182257
183381
184797
185690
186757
190266
190931
191179
191987
192699
194215
194392
194873
195390
200894
201120
201524
202028
202265
203655
204298
206099
207258
208613
208968
212191
212393
213282
213785
213790
215673
218122
219772
221030
222199
222817
225220
225660
226670
226701
226859
226999
227766
228249
228462
228469
228958
229271
229274
230250
231152
232132
232505
233374
233563
233629
233756
236893
238206
238374
240309
240563
240714
242724
242802
243138
243316
245059
245926
246152
246453
248971
250505
253139
254418
254980
257970
262190
265941
266093
266442
268593
270208
270228
271354
274103
274399
274590
276796
277390
277579
279246
279362
279964
280316
281440
281928
283525
284472
284525
284716
285748
287480
288074
288112
289821
291379
292034
292785
296872
296911
297868
298759
298795
298913
299283
300849
305717
306201
308158
308367
308427
309146
310470
312153
313892
314087
315974
316799
317903
320021
321597
321991
322119
323244
323862
325693
327503
328425
329754
331503
331763
332899
333680
334363
334405
337486
337774
343743
344496
345442
347753
349634
350021
350078
351188
351596
353188
353230
354351
356403
356576
356982
357926
361304
361607
363444
364150
364344
364757
365942
367064
367306
367398
368377
369544
370236
371907
375574
376760
376939
381451
382455
383220
384382
386090
388766
389067
389789
391240
395707
398518
398848
400765
401941
402066
403597
404129
404701
410434
410492
411072
413057
413865
418383
421925
429372
429474
429823
432517
432988
433260
434608
434688
436084
436438
436740
437337
439364
444566
447346
447555
449048
450381
450975
451490
451684
452746
452767
453489
453564
454571
456018
456194
458400
458588
458642
459206
460512
461071
461098
465447
467313
467470
468575
469687
471545
472113
475013
477595
479842
482356
482833
490252
493455
494349
499344
499930
500150
504640
514958
514981
515444
523560
526250
528879
532051
532071
532344
535354
536028
541589
542113
542396
544829
545403
548086
550580
551079
551913
557318
557611
559359
560829
564140
564827
566067
567230
569566
574371
575877
577691
580566
581137
581614
581692
581883
584592
587887
593339
593595
599717
600542
601724
601757
608456
609887
613088
614782
616925
617428
618711
619552
619617
620971
621501
627024
629322
630365
632867
634557
637690
638280
640403
646650
648927
649150
650584
651163
654224
654391
656198
657115
662089
663807
663828
664146
664471
664481
669888
671530
672697
674547
674552
675637
675673
677143
678148
681752
686389
686782
688532
688634
690168
694160
694284
698503
698617
700413
703863
705696
713959
721601
723153
723351
723837
729513
730474
731680
733135
736005
737268
738876
740076
740809
745505
750240
756294
757543
757846
757989
758535
761396
761493
761552
762451
766495
768013
771624
778901
778953
779178
780347
783290
788284
789191
790423
791280
794385
797041
798057
798556
800012
800601
801464
804282
807765
809099
811778
815202
815216
815422
816101
818082
819053
821314
829149
829215
830791
833047
833104
833364
834463
838836
844364
846300
847803
856470
856685
864538
865672
870863
871053
871436
872689
875285
876609
877240
881790
886544
886624
887117
888145
892034
893605
899423
899705
900884
902515
902689
904567
905226
907701
909735
911416
916043
921243
924869
925342
925678
930727
932285
938241
940388
944806
947663
949675
955403
956810
957007
961912
962192
963248
963374
965666
967412
968918
971793
971928
973909
975399
978266
980463
981489
982876
986311
986628
991963
992637
995227
995746
997916
998208
1001337
1003220
1006750
1007621
1008907
1009133
1012748
1014789
1018982
1022184
1023941
1027325
1027603
1027611
1030249
1031607
1031612
1032022
1040088
1040164
1040564
1040983
1041705
1042668
1049847
1050134
1051206
1055604
1056245
1057225
1058108
1058532
1059054
1060853
1062875
1066448
1068447
1068641
1071628
1071823
1074109
1074821
1078300
1078878
1078931
1079733
1083311
1089767
1089862
1090325
1096458
1097321
1098340
1098667
1098931
1099365
1100604
1101250
1105830
1109693
1110847
1111975
1114965
1117458
1117579
1119268
1121557
1121755
1122651
1123704
1125533
1125825
1125942
1128434
1132479
1134643
1134670
1135393
1138656
1139150
1140130
1140605
1141506
1141558
1146129
1152653
1152735
1153376
1155882
1156944
1161957
1164048
1170242
1170773
1176925
1180184
1181107
1184888
1185297
1187456
1188721
1190191
1191774
1192313
1192527
1196375
1196568
1200597
1202289
1211940
1216093
1218020
1218057
1220081
1221819
1223168
1223936
1224585
1226036
1227375
1231148
1234417
1234887
1236471
1236675
1239739
1245708
1250591
1252090
1252461
1258149
1260893
1263879
1265359
1265386
1267947
1269913
1272614
1272852
1274362
1274834
1279027
1281303
1282626
1284143
1286699
1289540
1290803
1292636
1302958
1302982
1303076
1306047
1309101
1309784
1309958
1316279
1318962
1326986
1333130
1339395
1340424
1340482
1340584
1342014
1342732
1344585
1347279
1349932
1350096
1352691
1356805
1360123
1362093
1364043
1371922
1375661
1376047
1378219
1379252
1384335
1387208
1388542
1389329
1391937
1392493
1397318
1397453
1398678
1402094
1402357
1402579
1406869
1407103
1408597
1410436
1411223
1423025
1423789
1431465
1432736
1435757
1436753
1436913
1437811
1438427
1439641
1440489
1440780
1445203
1445642
1445930
1448645
1449542
1450694
1452931
1453175
1454190
1454845
1457828
1464000
1468016
1475241
1475943
1480970
1481165
1483136
1487144
1489817
1489956
1493954
1494026
1502854
1504822
1512288
1512492
1515038
1517878
1523781
1533235
1541672
1545354
1561292
1561607
1563748
1563886
1564174
1565146
1565798
1568392
1569354
1570007
1572023
1574339
1578763
1579634
1580290
1580576
1582525
1587700
1588788
1590145
1593251
1594832
1597562
1605290
1611184
1612071
1612242
1613559
1614583
1615033
1617254
1617533
1617715
1623516
1625835
1625939
1629767
1630638
1631372
1631380
1632074
1634761
1638790
1645523
1653626
1661339
1662721
1664824
1672552
1672817
1673677
1673859
1676052
1678234
1678354
1681037
1683437
1683546
1683625
1683633
1686346
1692743
1694711
1695259
1695717
1696585
1696648
1697648
1698216
1702076
1707037
1712693
1713595
1713744
1717100
1717516
1719388
1721713
1723232
1725602
1727238
1731596
1734519
1735901
1739060
1739105
1740529
1744873
1746046
1753645
1762445
1762678
1763856
1765469
1770661
1774014
1778664
1784377
1788788
1791485
1793216
1806301
1819076
1820314
1821000
1830190
1832010
1833094
1836746
1837602
1837967
1838592
1843279
1843411
1846804
1853515
1854661
1857993
1860917
1862740
1865584
1865678
1874354
1874876
1875356
1876409
1880760
1884412
1885092
1888893
1889575
1893287
1896054
1897088
1898748
1900148
1900551
1900634
1901641
1906806
1907802
1912118
1926159
1933319
1935160
1941292
1943804
1946704
1948292
1950532
1951520
1953352
1953760
1956775
1960293
1961455
1970180
1971838
1973482
1973819
1979059
1987873
1988660
1989174
1989696
1991663
1992054
1994843
1998280
1999756
2001248
2007250
2007468
2007497
2007922
2009380
2010250
2011062
2014292
2017831
2018887
2018955
2019322
2020323
2021403
2022580
2024176
2024234
2026024
2027928
2032323
2039661
2043210
2047900
2051902
2056261
2057653
2057765
2057791
2057819
2057888
2058037
2063426
2064621
2064721
2069879
2070533
2072361
2075461
2078849
2082681
2084502
2089581
2090557
2091450
2091451
2092940
2094029
2099112
2106832
2109701
2115102
2116474
2120717
2121115
2126550
2128170
2135307
2137745
2144501
2144794
2148325
2149830
2149861
2155343
2158820
2159506
2159552
2159678
2162325
2162673
2163199
2164639
2164868
2165836
2172271
2172517
2175100
2180861
2182805
2184739
2187427
2190708
2193644
2194306
2203009
2204069
2207772
2213519
2217247
2218425
2219444
2220533
2221035
2225681
2226070
2226987
2235349
2237225
2240694
2248469
2248551
2254467
2259846
2260091
2266358
2270549
2271074
2272286
2276806
2277061
2277541
2281948
2285020
2285748
2288852
2292315
2297497
2300296
2306328
2307010
2307473
2314261
2336184
2336219
2338906
2341033
2341325
2341353
2342486
2350871
2356178
2363033
2366713
2377318
2382596
2388349
2388571
2393805
2396673
2406582
2409401
2410513
2412558
2414071
2419597
2420931
2424065
2431908
2439639
2444232
2444481
2453004
2454372
2459804
2460150
2469422
2477214
2490858
2495221
2496890
2499792
2501568
2503431
2507238
2508481
2509533
2510627
2516402
2522076
2523036
2523460
2523818
2525093
2529800
2532057
2536121
2544139
2544405
2547110
2549747
2556410
2559710
2560571
2561450
2572293
2577175
2578955
2583596
2594110
2599578
2604235
2604449
2607526
2612774
2612909
2613067
2613374
2617201
2618438
2618613
2622467
2622723
2623122
2626390
2627073
2627501
2630269
2652367
2653540
2659479
2664220
2675435
2683359
2684646
2684941
2685713
2686768
2693155
2699567
2700766
2707242
2707819
2711516
2715405
2717384
2717568
2719455
2722345
2722350
2723400
2723772
2729452
2742292
2747706
2748270
2749095
2749382
2749855
2751082
2752934
2755818
2756598
2759430
2759849
2760893
2761181
2764531
2771694
2778194
2781782
2782200
2782800
2783864
2785367
2787835
2788116
2791147
2795165
2796536
2797100
2798176
2804102
2810146
2813324
2828729
2830596
2830601
2834867
2835136
2836431
2858523
2861768
2867146
2868041
2871362
2875528
2877019
2877204
2879492
2879760
2880025
2880505
2884781
2885878
2886286
2886414
2886542
2890583
2893864
2895911
2897120
2902101
2903350
2917771
2926499
2927332
2934069
2940254
2940421
2940482
2947977
2953803
2959229
2965928
2965970
2967481
2972404
2973643
2975145
2982040
2993028
3003096
3003652
3013423
3017882
3018551
3021307
3029631
3030999
3032433
3032846
3035023
3035621
3038712
3052150
3053078
3061958
3067231
3069724
3069959
3072423
3074490
3075660
3077038
3083293
3086277
3087033
3087043
3087390
3106870
3112852
3116477
3118549
3118616
3141819
3142950
3145233
3148941
3149318
3149354
3161159
3164343
3166209
3169842
3174485
3176605
3182655
3185123
3185392
3185606
3186143
3186803
3188794
3189919
3191155
3192365
3200571
3201709
3202475
3202737
3216086
3233075
3240285
3240705
3240967
3244123
3249247
3252858
3257969
3258024
3258183
3263282
3264328
3268381
3268671
3268967
3271437
3274818
3275142
3284241
3287311
3288762
3289157
3289489
3295042
3299620
3308704
3309897
3315613
3328485
3331081
3335427
3340646
3341674
3342395
3344730
3345269
3348709
3353728
3354914
3358180
3358846
3360704
3361223
3361299
3361621
3362627
3362697
3363695
3365066
3366845
3371321
3372204
3373153
3373738
3380158
3381786
3386497
3388126
3403233
3414042
3415990
3418548
3424545
3430336
3433682
3438158
3445965
3450616
3455921
3456627
3456777
3457094
3462535
3475758
3478084
3479835
3483707
3486285
3488771
3489583
3489643
3489688
3489739
3492868
3503244
3511148
3515215
3517782
3520714
3522817
3525592
3530949
3533875
3534488
3540431
3547514
3560218
3562037
3566428
3575683
3578530
3584800
3590763
3597454
3601214
3603835
3613473
3615007
3619025
3619370
3620073
3622346
3622990
3623091
3624991
3625532
3629705
3637842
3639607
3643000
3648285
3648364
3648623
3654934
3656938
3658153
3667493
3669597
3672654
3674098
3676790
3678361
3683417
3688957
3697530
3698702
3704685
3705968
3713008
3720014
3720947
3743986
3745957
3766304
3767574
3777714
3778705
3783873
3788796
3789907
3793993
3794456
3802045
3807936
3810877
3817489
3819663
3828563
3831281
3832722
3834412
3835149
3842505
3843846
3845988
3846746
3853547
3854644
3865264
3865791
3866396
3869107
3871544
3876326
3881190
3882808
3883106
3883211
3904872
3908336
3913334
3913427
3927046
3929675
3929695
3938345
3940848
3946948
3947163
3947596
3947763
3949570
3949747
3949916
3953609
3954703
3959019
3960140
3961734
3966278
3972083
3972716
3984146
3987519
3991007
3991761
3992988
3994589
4006848
4019083
4019315
4019823
4021000
4029900
4041292
4043242
4047157
4050904
4056297
4058231
4062744
4064688
4069634
4071242
4081105
4082196
4082907
4097878
4097890
4100982
4104149
4111439
4133025
4135048
4139013
4140050
4140302
4145009
4146380
4147645
4149673
4156298
4161527
4163029
4165293
4167580
4170298
4171042
4189807
4191112
4192630
4195504
4197654
4199284
4207608
4216567
4219796
4226345
4229950
4238524
4243216
4250957
4258803
4259663
4261110
4262513
4270932
4271269
4275823
4282561
4283521
4284315
4287299
4290441
4298170
4298315
4302020
4305367
4320765
4333131
4334188
4336668
4337324
4344552
4350709
4352849
4355113
4359671
4360807
4367408
4368171
4370990
4371344
4372766
4377701
4380883
4381754
4383375
4384780
4384795
4389737
4391534
4391711
4398654
4402949
4404650
4405722
4406103
4420503
4425333
4430853
4434488
4444601
4444667
4444703
4446319
4461978
4462150
4476086
4476253
4476618
4479809
4480303
4483132
4484549
4488737
4492847
4496050
4496065
4497028
4500359
4500575
4505670
4506227
4506253
4512826
4515036
4523732
4533901
4534154
4534460
4547735
4550233
4550734
4551429
4551456
4551887
4552456
4560813
4564243
4567912
4568547
4572964
4575138
4576552
4576653
4579158
4579988
4581218
4581996
4587078
4591571
4592766
4597021
4600285
4600640
4602009
4604280
4608137
4611731
4614790
4614991
4615665
4618244
4626737
4629866
4638892
4641720
4643189
4646043
4647508
4648907
4652512
4652543
4660003
4660552
4663905
4670693
4670860
4671971
4672614
4681175
4684278
4692729
4697110
4697805
4701952
4706782
4707545
4710477
4712373
4716050
4727436
4728214
4729241
4733930
4739896
4748122
4748133
4748924
4751730
4755128
4761223
4765488
4768054
4773174
4780801
4780914
4788402
4789865
4791011
4795333
4796704
4796835
4802634
4803384
4808518
4814360
4815490
4816011
4823792
4825576
4830319
4831798
4836420
4842783
4842821
4847407
4857546
4867978
4867980
4870943
4872351
4876513
4877761
4882011
4888050
4888426
4891271
4894168
4894694
4908480
4912187
4920981
4923117
4930180
4931179
4937871
4941124
4941466
4947602
4963411
4969010
4972897
4973336
4977754
4980600
4983671
4985051
4990012
4994131
4998216
4998524
5004428
5006306
5009548
5012036
5015896
5022049
5026087
5035534
5037689
5038162
5038728
5039509
5039797
5050943
5051958
5064787
5066900
5076516
5083158
5083255
5085230
5085991
5091322
5093500
5094113
5094180
5095438
5100047
5108460
5108511
5109555
5115210
5115389
5119715
5128177
5131551
5135458
5149230
5149773
5151008
5152306
5154906
5157763
5164879
5167264
5173468
5184957
5186832
5187329
5188932
5190999
5191646
5193125
5194716
5198466
5198704
5199277
5200574
5204292
5208616
5214083
5214603
5216385
5223690
5226037
5228667
5237472
5241824
5242497
5243404
5261559
5261664
5266199
5267289
5280875
5282140
5283556
5286387
5287474
5290033
5292784
5299544
5325238
5325781
5326553
5328048
5334421
5338450
5345543
5346629
5346800
5347996
5348995
5357063
5368151
5370570
5371028
5372551
5373148
5373373
5375726
5378070
5379978
5390986
5392783
5410882
5416972
5419966
5420072
5420460
5421656
5422027
5427255
5432626
5459505
5466108
5472005
5478671
5482092
5482813
5486984
5492622
5497792
5498417
5507025
5508785
5513556
5517875
5518350
5526838
5527638
5533211
5534092
5541554
5549632
5552141
5555170
5556429
5559746
5563744
5570607
5575642
5576931
5577016
5579509
5580996
5585029
5598943
5609638
5609897
5615511
5615572
5620814
5622515
5623022
5642544
5642956
5650077
5651567
5653641
5655928
5659672
5659795
5662119
5662907
5670073
5670077
5670980
5673453
5676094
5694561
5721425
5727122
5735262
5736413
5747486
5759085
5762279
5764670
5772750
5776425
5777093
5778654
5778704
5798568
5800120
5808950
5817750
5821626
5824533
5828092
5830084
5830314
5832614
5833680
5833786
5843656
5843774
5844206
5851562
5851662
5854668
5860000
5862862
5866069
5871963
5875710
5876651
5877204
5878124
5879690
5884734
5887366
5895183
5897592
5898488
5909486
5909650
5909739
5914888
5916104
5918529
5920164
5930219
5935362
5936965
5959970
5966591
5967607
5970175
5975008
5975220
5975546
5979348
5985453
5988079
5994784
5998749
6007936
6019466
6025303
6025681
6046605
6047291
6054112
6063314
6067295
6069912
6070622
6072890
6077386
6078263
6084181
6084608
6098500
6114620
6142147
6158651
6206719
6219991
6226023
6226991
6238859
6241346
6247384
6247883
6249079
6271199
6290011
6302864
6304676
6332849
6338728
6340757
6342305
6356306
6363540
6370460
6371353
6394870
6398030
6400929
6403960
6409399
6426987
6428514
6432412
6442445
6445832
6449736
6457598
6461714
6464729
6465495
6467200
6468357
6481714
6483714
6484416
6485639
6494660
6501510
6510558
6510768
6516522
6523043
6526691
6527203
6534192
6549044
6560650
6565489
6579517
6580302
6590428
6601116
6602841
6602966
6603228
6605881
6607453
6631858
6635639
6637125
6656598
6665921
6667172
6672433
6682483
6688492
6701902
6712070
6730675
6735979
6740989
6749958
6755932
6767236
6776989
6784265
6801173
6804839
6810986
6812115
6814482
6819553
6837396
6839368
6844427
6855443
6858167
6858255
6858529
6866859
6866977
6906013
6912417
6917667
6917879
6920613
6928208
6928272
6953819
6954116
6955418
6964519
6971018
6973085
6986873
6989103
7007002
7016725
7030176
7032263
7043361
7043564
7044786
7051736
7069519
7072388
7075949
7093779
7096043
7104481
7122401
7131398
7133956
7138263
7150869
7162371
7169810
7175746
7182651
7189491
7216922
7219808
7232227
7233602
7234998
7235762
7236366
7239949
7246664
7251303
7258776
7264267
7266235
7268077
7275720
7280352
7280391
7286818
7288909
7291009
7295926
7298065
7330467
7364584
7383777
7384377
7393971
7424808
7426036
7426951
7450144
7476249
7488273
7503205
7503819
7517101
7523107
7531998
7534363
7541226
7545468
7560970
7564029
7570110
7577049
7589232
7590350
7591456
7602936
7616846
7619118
7649219
7657275
7659407
7664629
7664670
7670994
7676635
7680545
7687786
7689067
7690560
7695453
7725365
7728900
7737101
7749179
7749254
7759523
7759819
7770638
7790762
7791915
7794025
7813124
7820856
7821524
7822127
7822917
7851351
7879908
7882912
7883415
7888494
7888546
7896011
7896426
7899036
7904621
7905162
7914136
7917672
7922839
7927145
7928884
7930027
7939993
7944133
7944984
7945654
7952753
7955709
7957649
7959942
7967256
7970688
7979050
7980733
7981930
7984978
7989976
8018058
8042714
8044497
8045637
8071144
8074080
8075361
8082917
8085050
8094194
8096625
8101322
8113843
8118370
8122114
8125445
8126391
8149271
8163500
8169119
8187425
8205137
8249846
8262809
8263380
8265635
8274506
8275026
8288756
8288769
8295603
8302467
8305997
8307145
8320661
8322160
8328970
8332565
8343423
8346856
8360856
8366238
8369526
8382051
8399391
8401118
8401472
8406539
8409364
8425052
8435066
8435364
8436423
8443829
8448076
8448499
8473337
8477068
8486141
8495261
8498911
8501790
8507579
8521669
8521724
8525586
8529995
8531024
8554266
8557709
8562515
8573039
8587736
8587904
8594566
8604922
8607364
8611423
8612013
8613311
8613514
8635889
8643404
8653054
8663684
8668422
8669919
8678293
8683933
8706510
8706995
8712437
8713705
8718233
8751621
8751965
8752878
8760897
8784787
8799110
8806589
8839882
8843078
8847680
8850167
8857715
8866392
8867214
8897863
8900246
8900275
8907538
8945322
8949586
8989491
8989529
9045100
9051863
9064866
9070545
9071090
9075737
9079596
9104569
9104667
9105293
9109543
9109555
9117103
9131202
9143755
9173777
9180534
9182291
9188205
9208197
9208442
9214704
9217582
9247488
9258764
9267265
9279019
9284839
9284978
9291229
9319602
9351086
9357280
9359415
9371994
9403981
9419527
9434866
9449985
9461062
9463940
9466516
9468630
9480948
9483260
9484823
9486038
9517655
9524580
9533619
9534394
9544622
9563990
9573138
9577181
9599077
9617642
9636556
9640594
9641617
9645610
9653887
9662428
9684245
9695187
9697537
9698723
9708071
9710697
9719190
9723175
9755476
9765191
9812771
9825454
9834084
9854136
9865404
9886993
9889791
9920934
9922626
9989144
10012403
10032618
10034976
10041501
10067270
10072242
10076664
10080178
10094129
10104624
10106781
10119529
10119780
10122607
10136505
10138350
10170362
10201134
10212284
10230330
10253120
10254102
10257657
10267961
10272083
10277184
10288515
10319595
10325523
10326307
10389169
10420731
10421215
10424708
10463575
10471793
10475311
10499499
10500616
10542646
10579567
10588940
10601861
10616234
10619698
10624386
10649989
10665875
10666387
10672725
10677969
10690753
10715087
10731088
10745594
10748073
10749421
10818013
10827050
10836986
10854989
10869636
10878707
10890800
10912247
10914108
10914837
10923868
10933208
10974008
10974345
11071798
11077947
11093014
11112471
11121762
11132091
11164933
11165692
11178855
11193060
11197153
11199083
11200327
11201340
11210604
11215519
11250956
11251999
11263732
11266275
11330633
11379731
11382874
11392012
11393058
11416515
11437002
11463459
11469325
11470211
11476676
11480186
11514135
11515827
11530482
11537940
11548607
11598623
11603811
11610631
11645557
11656343
11667553
11671222
11674344
11676399
11711851
11743697
11748016
11750410
11753193
11805481
11842329
11914148
11934769
11953294
11979194
11984364
12019146
12050576
12069125
12087005
12101593
12105672
12177751
12183815
12184521
12186222
12206409
12207823
12208746
12222075
12236333
12245921
12246614
12272965
12293262
12318558
12325246
12377770
12387910
12412035
12413269
12415210
12425618
12445576
12451848
12457493
12468105
12468852
12469287
12485384
12514614
12519277
12526162
12531560
12550401
12562779
12582615
12583349
12593927
12594536
12596354
12627022
12635761
12649930
12670327
12680417
12698170
12724157
12759633
12792906
12794016
12803471
12839921
12843778
12850208
12893378
12901533
12907974
12911949
12915503
12925798
12929257
12972944
12985444
12997007
13011480
13053740
13058730
13113543
13117914
13126424
13145229
13145969
13148080
13160317
13192258
13192663
13209250
13222709
13226995
13265474
13272173
13278876
13296076
13299475
13321086
13323221
13361831
13383308
13387069
13393016
13455791
13474690
13478571
13598671
13619896
13664848
13670310
13688539
13757631
13793986
13809131
13832287
13851775
13878015
13905933
13917696
13939577
13978333
13983783
14006136
14045458
14075215
14099375
14107065
14128315
14142324
14143836
14156047
14226879
14234751
14282442
14295332
14295391
14311674
14330401
14334203
14349131
14354369
14417228
14530497
14537603
14567016
14570767
14602461
14618437
14621978
14647976
14657740
14757819
14787484
14807499
14849652
14860941
14899794
14933261
14937107
14961558
14967347
15005103
15018680
15069338
15078869
15082630
15154496
15204525
15204972
15225615
15254085
15268599
15274205
15277098
15298028
15298303
15320991
15385025
15416676
15462080
15473802
15477299
15493682
15511154
15536767
15542558
15593131
15607549
15620108
15626406
15678733
15689623
15692598
15757893
15773351
15791627
15907883
15909777
15913900
15933158
15943665
15953511
15981012
15986989
16002353
16003018
16056262
16072817
16120789
16167732
16182556
16333397
16351181
16377215
16380802
16480553
16496316
16598418
16638920
16654879
16678501
16837378
16848385
16862791
16863581
16993107
17146421
17203680
17261235
17285864
17302943
17307320
17314134
17351808
17400522
17438667
17492208
17502939
17520661
17526992
17540894
17586384
17625195
17630665
17632406
17684051
17687759
17700959
17709484
17734928
17794218
17797762
17858667
17884715
17902032
17910588
18030288
18044454
18073084
18100405
18102699
18111852
18137082
18183756
18229055
18231758
18259237
18318459
18338868
18355276
18364613
18397814
18419969
18510665
18572822
18574289
18620620
18650383
18697743
18828580
18933671
18951711
18988802
18995603
19014774
19019648
19051236
19073440
19133955
19142117
19179308
19267465
19277008
19292605
19327638
19329308
19341821
19446962
19537472
19582700
19603115
19688490
19715315
19829219
19835214
19839111
19848029
19907661
19993111
20014017
20154072
20156202
20404927
20424054
20429073
20634006
20725748
20802453
20813957
20822384
20826048
20967281
20975698
21000830
21066005
21125966
21146317
21156117
21175194
21213840
21248712
21265801
21416745
21433935
21448575
21467089
21486110
21501747
21526185
21542805
21561931
21624132
21764283
21892315
22042321
22178769
22209873
22283124
22368129
22457842
22458779
22470622
22474323
22521120
22522228
22549243
22555276
22578412
22602660
22618932
22641996
22677701
22684671
22781174
22883804
22936716
22997843
23069974
23084096
23278805
23312834
23460946
23467888
23471586
23477235
23489093
23499778
23511230
23530948
23641744
23698105
23698291
23707475
23725180
23759547
23866052
23871288
23881476
23938743
23966555
23972703
24026936
24065345
24075509
24110157
24127059
24152008
24192593
24360019
24511790
24546229
24653895
24993827
25027196
25179794
25311990
25396420
25481770
25498844
25574119
25587802
25592491
25620008
25698477
25743454
25753164
25759380
25760755
25773890
25839063
25853049
25857311
25888596
25904021
25934369
26013922
26026957
26052110
26107898
26192025
26289082
26339691
26374999
26574345
26609931
26645665
26756271
26830938
26892836
26997352
27001622
27040745
27244969
27252511
27310058
27314711
27370115
27401157
27411391
27508266
27513737
27514948
27731335
27733029
27932498
28048718
28239297
28285122
28383547
28383869
28449495
28468449
28605413
28636104
28660915
28771240
28831742
28845604
28924452
28952605
28981374
29140938
29149965
29206849
29208808
29222817
29324768
29343417
29371590
29462540
29622820
29645511
29704620
29717979
29801570
29946657
30035259
30303108
30727451
30785218
30852502
30975429
31292638
31847917
31853827
31866617
32022548
32164643
32167991
32169733
32172154
32224283
32622231
32754184
32817989
32891652
32920594
32984674
33002836
33027301
33058704
33170471
33396833
33428601
33565836
33706278
33723106
34384991
34404452
35242474
35244944
35385343
35465070
35523302
35624316
36160153
36409503
36582594
36936289
37052591
37061135
37309868
37363195
37610363
38657615
39165747
39399251
39502395
39548490
39586689
39827803
40050594
40342167
40778260
