0
1
7
128
299
562
3700
4393
14981
19571
25391
34009
34593
40175
41599
42463
48226
53645
54773
58188
60712
63329
77577
81887
91836
119352
140199
142676
145986
146809
154344
168811
172941
174987
194215
206099
208968
213790
226859
271354
289821
296872
298759
334363
334405
337774
403597
453564
581614
593595
601724
630365
798057
807765
811778
911416
916043
965666
1128434
1135393
1140605
1141506
1181107
1260893
1302958
1309784
1376047
1445642
1449542
1489956
1504822
1561607
1605290
1629767
1676052
1683546
1697648
1837967
1865584
1875356
1935160
1992054
2011062
2032323
2149861
2190708
2217247
2366713
2414071
2469422
2499792
2532057
2561450
2583596
2830596
2875528
2886414
2886542
2972404
3013423
3072423
3148941
3164343
3185392
3216086
3353728
3575683
3658153
3713008
3777714
3845988
3947763
3949570
3954703
4081105
4082907
4100982
4161527
4368171
4384780
4444667
4476618
4512826
4597021
4748122
4815490
4867980
4870943
4876513
4894694
4998216
5004428
5012036
5066900
5083255
5151008
5164879
5187329
5261664
5299544
5347996
5421656
5577016
5651567
5662907
5759085
5824533
5887366
5985453
6219991
6271199
6338728
6467200
6527203
6637125
6682483
6837396
6858255
6917667
7007002
7072388
7503205
7590350
7664670
7695453
7914136
7970688
8288756
8760897
8843078
8897863
9070545
9208197
9279019
10076664
10267961
10715087
11178855
11201340
11470211
11667553
11676399
11979194
12207823
12245921
12272965
12596354
13619896
14107065
14142324
14295391
14567016
14570767
15692598
16120789
16496316
17700959
19277008
25592491
27932498
