0
1
7
128
299
562
1250
3700
4393
8747
10208
14981
16063
16660
19571
25391
25412
29186
34009
34593
39465
40175
41599
42463
48226
53645
54773
58188
60712
63329
66140
72568
77577
81536
81887
84958
91836
91856
94531
96631
112765
119352
130490
140199
142676
145986
146809
147785
154344
168811
172941
173384
174987
194215
206099
207258
208968
213790
219772
222199
226859
233629
248971
271354
284525
284716
288074
289821
296872
298759
321597
334363
334405
337774
356403
376939
403597
450975
453564
467313
467470
482833
490252
532344
542396
544829
581614
581692
593595
601724
630365
677143
779178
798057
807765
811778
815202
881790
902689
911416
916043
965666
1018982
1098667
1128434
1135393
1140605
1141506
1141558
1181107
1192527
1218057
1260893
1302958
1309784
1318962
1349932
1376047
1411223
1445642
1449542
1489956
1504822
1561607
1563748
1605290
1629767
1676052
1683546
1697648
1837967
1865584
1875356
1935160
1992054
2011062
2032323
2120717
2149861
2190708
2217247
2237225
2366713
2414071
2424065
2444232
2469422
2499792
2507238
2532057
2561450
2583596
2830596
2875528
2880025
2886414
2886542
2890583
2902101
2972404
3013423
3018551
3072423
3077038
3087043
3148941
3164343
3185392
3216086
3244123
3348709
3353728
3575683
3658153
3713008
3777714
3793993
3817489
3845988
3853547
3908336
3929695
3947763
3949570
3954703
4006848
4050757
4081105
4082196
4082907
4100982
4161527
4229950
4290441
4355113
4368171
4384780
4406103
4444667
4462150
4476618
4480303
4512826
4564243
4572964
4597021
4648907
4663905
4748122
4748924
4791011
4815490
4867980
4870943
4876513
4888050
4894694
4983671
4998216
5004428
5012036
5022049
5066900
5083255
5151008
5154906
5164879
5187329
5190999
5223690
5261664
5299544
5313585
5325781
5338450
5347996
5421656
5459505
5577016
5651567
5662907
5735262
5759085
5824533
5887366
5909486
5935362
5979348
5985453
6219991
6271199
6332849
6338728
6371353
6467200
6527203
6637125
6682483
6755932
6837396
6858255
6858529
6917667
7007002
7072388
7503205
7570110
7590350
7591456
7664670
7690560
7695453
7914136
7970688
7979050
8101322
8288756
8305997
8307145
8332565
8435364
8498911
8554266
8683933
8713705
8760897
8843078
8897863
8900246
9070545
9208197
9258764
9279019
9371994
9486038
9662428
9697537
9765191
10076664
10267961
10326307
10715087
10890800
11132091
11164933
11178855
11201340
11215519
11263732
11379731
11470211
11610631
11667553
11676399
11748016
11805481
11979194
12207823
12245921
12272965
12596354
13011480
13058730
13148080
13222709
13619896
14107065
14142324
14143836
14295391
14567016
14570767
14618437
15692598
16120789
16496316
16654879
16993107
17625195
17700959
19277008
19582700
19603115
20813957
22457842
24511790
25592491
27932498
28468449
31847917
