0
1
7
128
299
562
1250
1555
1732
3700
4262
4393
6905
7443
8747
10208
14981
16063
16660
18455
19082
19571
25391
25412
26572
27401
28321
29186
32588
34009
34593
39465
40175
41599
42463
48226
52650
53645
54773
56204
57632
58188
59414
60712
63329
65657
69617
72568
74186
74503
76600
77577
81536
81887
82585
84958
85223
91836
91856
94531
96631
102373
112765
119352
122882
130490
140199
142676
145986
146809
146854
147785
154344
156766
163240
168811
172941
173384
173476
174987
191987
194215
204298
206099
207258
208968
213790
219772
221030
222199
226859
233629
248971
262190
266093
271354
284525
284716
287480
288074
289821
296872
298759
321597
325693
328425
331503
334363
334405
337774
343743
353230
356403
367398
370236
376939
400765
401941
403597
410492
432988
433260
449048
450975
453564
467313
467470
482833
490252
504640
532344
542396
544829
560829
581614
581692
593595
601724
608456
630365
674547
677143
681752
694160
757989
761493
768013
779178
798057
807765
811778
815202
833047
865672
875285
881790
886544
886624
893605
902689
907701
911416
916043
965666
986628
991963
1009133
1018982
1058532
1090325
1098667
1110847
1128434
1132479
1135393
1140605
1141506
1141558
1181107
1187456
1192527
1218020
1218057
1223936
1260893
1269913
1281303
1302958
1309784
1318962
1340424
1349932
1356805
1360123
1376047
1389329
1411223
1437811
1445642
1449542
1454190
1454845
1487144
1489956
1504822
1561607
1563748
1605290
1629767
1638790
1676052
1678354
1683546
1683625
1696648
1697648
1727238
1753645
1784377
1832010
1836746
1837967
1865584
1875356
1897088
1935160
1951520
1956775
1991663
1992054
2001248
2007468
2011062
2032323
2047900
2064721
2069879
2070533
2094029
2120717
2149861
2180861
2190708
2203009
2217247
2226070
2237225
2259846
2260091
2272286
2288852
2307010
2363033
2366713
2396673
2414071
2424065
2444232
2469422
2499792
2507238
2516402
2532057
2561450
2583596
2594110
2626390
2627073
2685713
2700766
2723772
2778194
2813324
2828729
2830596
2875528
2880025
2886414
2886542
2890583
2902101
2917771
2940482
2972404
3013423
3018551
3030999
3032846
3069724
3072423
3077038
3087043
3148941
3164343
3174485
3182655
3185392
3216086
3240705
3244123
3268671
3287311
3335427
3344730
3348709
3353728
3361223
3372204
3380158
3489688
3522817
3533875
3562037
3575683
3625532
3648285
3648623
3658153
3674098
3713008
3766304
3777714
3793993
3817489
3834412
3845988
3853547
3865264
3908336
3929695
3938345
3947763
3949570
3954703
3960140
4006848
4050904
4081105
4082196
4082907
4100982
4111439
4145009
4146380
4149673
4161527
4229950
4290441
4298170
4350709
4352849
4355113
4368171
4384780
4389737
4406103
4425333
4444667
4461978
4462150
4476618
4480303
4492847
4512826
4534460
4564243
4572964
4579158
4597021
4600285
4648907
4660552
4663905
4671971
4748122
4748924
4791011
4795333
4803384
4815490
4823792
4867978
4867980
4870943
4876513
4888050
4894168
4894694
4983671
4985051
4998216
4998524
5004428
5012036
5022049
5026087
5066900
5083255
5119715
5151008
5152306
5154906
5164879
5187329
5190999
5199277
5214603
5223690
5261664
5299544
5325781
5338450
5347996
5373373
5416972
5421656
5459505
5498417
5555170
5577016
5650077
5651567
5662119
5662907
5735262
5759085
5764670
5800120
5824533
5830084
5843774
5875710
5884734
5887366
5898488
5909486
5935362
5979348
5985453
5998749
6142147
6219991
6271199
6332849
6338728
6356306
6371353
6400929
6467200
6485639
6526691
6527203
6635639
6637125
6656598
6682483
6688492
6712070
6730675
6755932
6814482
6837396
6858255
6858529
6917667
6986873
7007002
7072388
7133956
7150869
7162371
7233602
7503205
7570110
7577049
7590350
7591456
7602936
7657275
7664670
7687786
7689067
7690560
7695453
7759523
7794025
7905162
7914136
7970688
7979050
8101322
8163500
8169119
8288756
8305997
8307145
8332565
8401472
8406539
8435364
8443829
8477068
8498911
8554266
8594566
8683933
8713705
8718233
8760897
8799110
8843078
8897863
8900246
9051863
9070545
9071090
9075737
9173777
9208197
9258764
9279019
9357280
9359415
9371994
9449985
9486038
9517655
9563990
9636556
9662428
9697537
9765191
9834084
9865404
10076664
10106781
10230330
10267961
10277184
10326307
10579567
10715087
10890800
11132091
11164933
11178855
11200327
11201340
11215519
11250956
11263732
11379731
11382874
11470211
11476676
11514135
11537940
11610631
11667553
11671222
11676399
11748016
11805481
11979194
12019146
12069125
12207823
12245921
12246614
12272965
12469287
12596354
12759633
12792906
12839921
12985444
13011480
13058730
13113543
13148080
13222709
13272173
13323221
13619896
13939577
14107065
14142324
14143836
14234751
14295391
14530497
14567016
14570767
14618437
15005103
15416676
15511154
15620108
15692598
15933158
16120789
16496316
16598418
16654879
16848385
16993107
17146421
17261235
17625195
17700959
17910588
18073084
18318459
18995603
19014774
19019648
19277008
19341821
19582700
19603115
19839111
20813957
22209873
22457842
22470622
22521120
23278805
23511230
23698105
23707475
24075509
24127059
24511790
25396420
25587802
25592491
26339691
26609931
27244969
27401157
27932498
28468449
28952605
30785218
30852502
31847917
32920594
33170471
34384991
34404452
