0
1
2
3
7
8
19
35
44
101
128
132
202
204
218
275
286
299
319
324
396
477
487
488
493
562
615
617
668
672
706
732
762
811
988
1238
1250
1348
1360
1555
1731
1732
1772
2139
2151
2603
2667
2913
3197
3257
3700
3794
4176
4224
4247
4256
4262
4346
4393
4406
4433
4435
4449
4475
4828
4961
5263
5265
5274
5306
5320
5432
5460
5562
5668
5943
5994
6200
6206
6267
6287
6411
6461
6475
6559
6647
6802
6905
7017
7180
7339
7343
7443
7540
7686
8165
8742
8747
8964
9008
9029
9205
9261
9587
9666
10059
10208
10332
10368
10740
10909
10930
10963
11063
11136
11201
11223
11295
11304
11461
12041
12429
12745
12838
13061
13321
13484
13514
14299
14387
14461
14818
14981
15008
15342
15565
16034
16046
16063
16130
16455
16461
16528
16660
16827
16884
16885
16886
16888
16889
16890
16892
16893
17004
17089
17090
17108
17183
17593
17651
17652
17709
18012
18186
18298
18455
18472
18701
18928
19082
19131
19355
19383
19410
19478
19571
19691
19921
19946
19999
20332
20553
20590
20717
20784
20818
21100
21173
21217
21450
21482
21641
21654
21682
21802
21915
22024
22115
22670
22676
22859
22999
23100
23623
23715
23745
23763
23767
23777
23784
23832
24072
24079
24335
24613
24635
25139
25164
25188
25391
25412
25415
25765
25897
25991
26126
26208
26306
26572
26581
26777
27005
27027
27401
27665
27682
28161
28321
29042
29131
29186
29681
29706
30295
30381
30772
31164
31339
31525
31549
31898
31991
32094
32190
32285
32588
32632
32726
33117
33212
33389
33444
34009
34180
34385
34593
34609
34699
34831
34903
34949
34964
34992
35589
35756
36226
36236
36259
36332
36536
36729
36940
36964
37180
37801
37970
38042
39171
39249
39352
39465
39526
40175
40452
40637
40670
40790
40792
40886
41166
41599
41839
41859
42103
42138
42302
42357
42463
42589
42631
42655
42764
42813
42901
42936
42975
43267
43627
44072
44284
44295
44359
44592
44759
44776
44831
45032
45036
45106
45257
45379
45613
45636
46106
46199
46303
46811
46837
47051
47107
47122
47334
47364
47506
47639
48035
48051
48226
48311
48578
48715
48786
48858
48928
49134
49455
49843
50061
50072
50113
50117
50167
50383
50465
50572
50712
50946
51113
51308
51501
51883
51905
51950
51982
52030
52375
52554
52650
52796
52806
53073
53414
53645
54133
54646
54660
54773
54905
54926
55005
55075
55303
55814
55895
56122
56180
56196
56204
56248
56261
56361
56388
56600
56858
56918
56935
56976
57052
57403
57632
57754
58141
58188
58815
58985
59036
59236
59406
59414
59434
59448
59494
59532
59547
59567
59601
59610
59634
59658
59740
59755
59849
59880
59893
60004
60271
60453
60712
60714
60835
61175
61280
61334
61455
61569
61590
61640
61705
62197
62214
62403
63329
63461
63472
63615
63713
64144
64308
64615
64648
64782
64829
64841
64885
65132
65476
65657
65706
65712
66082
66128
66140
66375
66463
66868
67329
67355
67389
67393
67718
67764
67783
67880
67916
67963
68213
68723
68797
69464
69584
69617
69647
70076
70491
70535
70539
70917
71158
71249
71276
71351
71702
71809
71954
72090
72206
72568
72609
72782
73065
73661
74022
74186
74503
74654
74778
74787
74913
75073
75248
75282
75326
75330
75333
75336
75358
75360
75487
75553
75825
76044
76057
76359
76600
77004
77130
77193
77235
77413
77504
77527
77577
77676
77795
78077
78636
78887
78914
79368
80404
80409
80751
81254
81443
81524
81528
81536
81674
81683
81887
82168
82470
82585
82821
82903
82921
83099
83142
83476
83652
84140
84227
84897
84958
85049
85133
85223
85231
85353
85371
85379
85700
85704
86132
87082
87532
87591
88011
88421
88476
88509
88516
88632
88634
88685
89152
89358
89649
89795
90039
90201
90369
90886
91502
91685
91836
91856
91997
92276
92457
93565
93777
93924
94274
94334
94400
94531
94725
95313
95698
96062
96378
96418
96472
96603
96622
96631
96791
96976
97150
97261
97284
98035
98259
98306
98496
98525
98584
98618
98995
99076
100445
100529
100728
100840
101279
101873
101971
102373
102446
102711
103370
103927
104691
105035
105050
105112
106058
106226
106358
106758
106872
107326
107655
107938
108169
108339
108611
108933
109073
109124
110933
110960
110969
111063
111173
111260
111737
112141
112265
112547
112765
113227
114089
114123
114124
114497
115354
115442
115555
116095
116875
117003
117255
117654
118353
118993
119043
119057
119352
119783
119901
120485
120501
121188
121519
122044
122544
122845
122882
122918
123423
123474
124931
126233
126430
126709
127121
127123
127427
127715
128298
129314
129837
130044
130490
130973
133348
134839
135649
135660
135823
135848
136162
137114
137125
137225
137303
137402
138174
138853
138982
140199
140475
140492
141485
142023
142298
142676
142855
143553
144423
144611
144887
144936
145378
145578
145945
145986
146539
146600
146809
146854
147243
147785
148720
149331
149369
149646
149665
150052
150375
150541
150657
150682
151250
152972
153559
153614
153921
154344
156364
156642
156766
156780
156975
157785
157802
158022
158916
159621
159977
160494
160658
161244
161911
162211
163225
163240
163399
164227
164637
164980
164988
165480
165534
165539
165835
166098
166127
166347
166530
166785
166870
167186
167333
167415
167817
167880
168203
168811
169111
169122
169384
170433
170908
172206
172417
172941
173279
173307
173384
173476
173532
173857
174569
174571
174987
175257
176860
177083
177125
177398
177573
177768
178541
178833
180307
180721
180963
181985
182257
182398
183381
184083
184370
184789
184797
185690
186757
186785
187088
187097
187839
188230
188621
188804
189792
190051
190266
190709
190778
190786
190931
191179
191987
192397
192699
193565
193701
194032
194215
194392
194873
195105
195390
195776
196022
197222
198260
198290
200213
200894
201120
201265
201524
202028
202265
202533
203031
203655
204298
204632
206099
207258
207331
207618
207932
208574
208596
208613
208641
208659
208968
211906
212191
212393
213282
213335
213785
213790
213803
214535
214646
215406
215673
216996
218122
218361
219772
221030
221512
221995
222199
222817
225220
225660
226364
226615
226670
226701
226796
226859
226941
226999
227098
227191
227265
227766
228151
228249
228462
228469
228958
229269
229271
229274
229496
229702
229758
230250
231152
231431
231742
232132
232379
232505
232615
232750
233374
233563
233629
233756
234169
236234
236893
237634
238206
238340
238374
239718
240039
240309
240372
240563
240673
240714
241977
242724
242802
242815
243138
243316
244964
245059
245926
246152
246453
248971
250178
250505
253139
254067
254229
254418
254980
255515
257392
257558
257970
259220
260284
260753
262190
263067
265941
266093
266442
266587
267979
268593
269699
270208
270228
270653
271354
273392
273422
273559
273798
274103
274399
274590
274925
274944
275311
275412
275565
276783
276796
276848
276989
277189
277390
277416
277579
277764
277851
277971
278362
279075
279228
279246
279362
279401
279963
279964
280316
280637
281440
281553
281666
281928
282049
283525
284472
284525
284716
284758
284815
285748
285913
286233
286276
287162
287202
287366
287480
288074
288112
289665
289821
290033
290711
290942
291379
292014
292034
292785
295595
296872
296911
296966
297609
297868
298364
298759
298795
298913
299283
299386
300719
300849
300902
302154
303067
303402
304808
305717
306201
308141
308158
308174
308253
308367
308427
309146
310470
311631
312153
312281
313892
314087
315420
315974
316226
316799
317457
317874
317903
318362
319947
320021
321597
321991
322119
323244
323307
323862
324108
324310
325693
326077
327496
327503
328332
328425
328517
329754
329786
330380
331068
331462
331503
331763
332899
332930
333493
333680
334215
334363
334405
334430
334876
335272
335866
337400
337486
337774
340146
341526
343743
344295
344496
344933
345238
345442
347753
348209
349634
349907
350021
350078
350245
350344
350480
351188
351596
352811
353188
353230
353812
354351
354360
355391
356403
356576
356859
356982
357283
357926
358367
359383
360265
360506
360734
361147
361304
361424
361607
362072
362936
363444
364150
364344
364757
365942
366387
366534
366832
367064
367306
367398
368377
368404
368672
369101
369544
369552
370236
371907
374427
375574
376483
376521
376760
376784
376924
376939
377733
378499
380982
381012
381439
381451
381694
381888
381917
382455
382711
383220
383391
384382
384616
386090
388303
388518
388529
388766
389067
389789
390067
390155
390621
390628
391073
391095
391240
393282
393296
395707
396145
396231
397213
398392
398416
398518
398848
399008
400267
400765
401941
401981
402066
402801
403470
403507
403597
404129
404701
404707
405112
407861
409091
409872
410434
410492
410740
411072
411426
411690
412418
412486
412627
413057
413684
413838
413865
413897
415455
415496
416048
418383
418965
420040
420818
421196
421925
422558
424546
425357
426180
426909
427416
429372
429376
429474
429823
430050
430170
431908
432292
432517
432623
432988
433260
434608
434688
436084
436438
436740
437337
437679
438601
438915
438966
439364
440230
442085
443414
444566
445782
446370
446534
447346
447555
448082
448143
448509
449048
450381
450975
451395
451490
451684
451880
452746
452767
453489
453564
454571
456018
456194
457649
458400
458588
458642
459206
459472
460152
460512
460868
460929
461071
461098
461143
461164
461299
461322
462008
462209
462499
463305
463602
464087
464093
464132
465447
465480
465635
465784
466504
466926
467313
467470
467584
468040
468507
468575
468761
469687
470140
471128
471545
472113
472417
474510
475013
475679
477224
477595
478081
479842
480096
480678
481859
482356
482833
484435
485568
485972
486031
486879
487203
487454
488136
489225
490086
490252
490271
490797
491421
493455
493576
493731
494349
494614
496930
497920
498091
498356
498562
498812
499344
499350
499930
500150
500396
502069
502134
502443
503574
504640
504795
506446
510734
511868
513695
514934
514958
514981
515112
515444
518517
521058
521381
522394
522568
523560
524541
526250
526614
527204
528879
529849
529947
529969
532051
532071
532093
532344
532613
533053
535176
535354
536028
536520
538762
538859
539166
540611
541042
541589
542113
542396
544829
545112
545403
546505
547354
547386
547606
547923
548086
550580
551079
551612
551913
554094
554756
556364
557318
557611
558228
559151
559359
560474
560829
561041
561404
564140
564206
564827
566067
566082
566203
567230
568176
569539
569566
571510
571877
571940
572884
574371
575108
575877
576226
576275
576590
577665
577691
579033
579555
580566
581137
581614
581692
581883
581917
584592
585686
587887
588762
588817
588887
592116
593339
593595
595976
599717
600400
600542
600765
601724
601757
603283
603745
605577
606843
607208
607557
607996
608273
608456
609214
609887
610474
610849
613088
614782
615177
616780
616840
616845
616874
616910
616925
617428
618436
618711
619552
619617
620646
620732
620792
620971
621057
621501
621966
622872
623454
623728
624236
624505
627024
627909
628464
629322
630365
631289
631930
632867
633236
633242
633247
633287
633647
633814
634557
635785
637015
637690
638280
639375
640403
640619
646650
648927
649150
650584
651163
651370
652096
653449
654224
654390
654391
654925
655131
655741
655933
656198
656263
656754
656847
657048
657115
657334
657343
657374
658939
659470
662089
663807
663828
664034
664146
664430
664471
664481
665275
666059
668639
669888
670243
670646
670929
671530
671674
671841
672697
673914
674547
674552
675318
675637
675673
676034
676584
677143
677271
678148
679948
680128
681752
684147
686192
686389
686782
688532
688634
688818
690168
691450
694160
694284
694580
695503
695675
695712
696140
697605
698503
698617
699443
699899
700073
700413
703152
703168
703628
703863
705696
705831
706017
706872
707333
707607
708006
708128
708143
709629
711085
713959
714538
714921
715936
716200
718354
719234
719269
719835
721601
721860
723153
723257
723351
723837
724154
724346
726104
726613
726938
726994
727494
727956
728494
729513
730474
731680
732551
733135
733302
735878
736005
736042
736167
736269
736843
737268
738876
740076
740746
740809
741208
741917
744096
744758
745135
745505
746929
747798
748088
748789
749214
749744
750240
751502
754912
755250
756294
757158
757517
757543
757560
757846
757989
758307
758451
758535
759069
760177
760202
761396
761446
761493
761552
762451
764557
764725
765876
766495
767213
768013
769591
770768
771624
772073
772548
773802
774785
774986
775954
776244
778901
778953
779178
780347
781395
783068
783239
783290
784317
785879
787691
787894
788284
789068
789191
789580
789983
790423
791016
791280
792094
793687
794155
794385
794932
794988
797041
797246
798057
798556
800012
800136
800315
800601
801464
801564
804120
804282
804548
804727
804770
806008
807765
808629
808708
809099
809217
809313
809342
811778
811999
812502
815202
815213
815216
815422
815845
816101
817001
818082
818535
819053
821314
821950
822481
826183
826826
828834
829149
829215
829760
830605
830791
832022
833047
833104
833364
833915
834463
835258
836035
836856
837464
838094
838836
844364
845570
845931
846300
847803
848572
851964
852906
853190
853778
856130
856470
856685
857048
859359
862640
863722
864538
864602
864730
865672
866964
870863
871053
871207
871436
872689
873801
874180
874970
875285
876518
876609
877240
879222
879456
880554
880970
881356
881409
881790
883508
884074
886383
886544
886624
887117
887511
887791
888145
888868
890426
891586
892034
892387
893273
893359
893605
896573
899423
899705
900884
901555
901739
902515
902689
903763
904567
904687
904755
905226
905249
905449
905923
907561
907701
908206
908220
908955
909547
909735
909752
910773
911416
912779
913637
914241
916043
916699
916814
921243
921692
923057
923507
923738
924869
925342
925678
927976
928493
930727
932285
936246
937183
938241
939937
940388
940754
941799
944709
944806
945363
947663
949675
949931
950382
951258
954097
954833
955403
956810
957007
957436
959008
960816
961406
961912
962192
962985
963248
963374
964999
965666
965889
967412
967933
967992
968254
968918
969501
969898
971793
971928
972083
972907
973909
974339
975211
975399
975424
975893
977759
978266
980463
980779
981105
981489
981646
982012
982368
982735
982876
986311
986336
986628
987861
989504
990017
990136
990437
990608
990671
990843
991963
992216
992637
992950
994159
994591
995150
995227
995746
996095
996208
996280
996611
997916
998208
999961
1000515
1000687
1001337
1003164
1003220
1005654
1006147
1006750
1007249
1007621
1008116
1008907
1009133
1010463
1012105
1012592
1012748
1014359
1014409
1014789
1018826
1018948
1018982
1019827
1020043
1020610
1021950
1022184
1022521
1023941
1024298
1026557
1027325
1027603
1027611
1028195
1030249
1030620
1030935
1031607
1031612
1031798
1031898
1032022
1032856
1033481
1033870
1034418
1035204
1040088
1040164
1040196
1040564
1040983
1041705
1042590
1042668
1048081
1049847
1050134
1051206
1054031
1055186
1055604
1056245
1057136
1057225
1058108
1058491
1058532
1058882
1059054
1060853
1062875
1063407
1066205
1066448
1067172
1068447
1068468
1068641
1069372
1069962
1071628
1071823
1072866
1074038
1074109
1074821
1074965
1074971
1075282
1076743
1077987
1078290
1078300
1078381
1078878
1078931
1079733
1080406
1081460
1082780
1082919
1083311
1086012
1088055
1088301
1089767
1089862
1089972
1090325
1090614
1093564
1093648
1096360
1096458
1097321
1098340
1098579
1098667
1098931
1099365
1100604
1101250
1102926
1105734
1105830
1107184
1109096
1109563
1109693
1110847
1111554
1111648
1111975
1114965
1115446
1117458
1117579
1119268
1120800
1121557
1121755
1122651
1122835
1123704
1124282
1125533
1125825
1125942
1128070
1128139
1128167
1128434
1130313
1132479
1134643
1134670
1135393
1135411
1135447
1135660
1136090
1136613
1138656
1139150
1140130
1140266
1140605
1141506
1141558
1143652
1146129
1150096
1151713
1152653
1152735
1152762
1153293
1153376
1155202
1155882
1156944
1159624
1160040
1161820
1161957
1164048
1165260
1169178
1170242
1170773
1170978
1171725
1174889
1176925
1180184
1181107
1181417
1183026
1183170
1184121
1184888
1185297
1186014
1186676
1187456
1188064
1188721
1190191
1191072
1191774
1192043
1192313
1192527
1193427
1194288
1194866
1196375
1196568
1197952
1198078
1200089
1200165
1200597
1200605
1202289
1207488
1207807
1208529
1208833
1209187
1211767
1211940
1212835
1213457
1214722
1216093
1217149
1217214
1218020
1218057
1218288
1219358
1220081
1221135
1221775
1221819
1223005
1223168
1223351
1223456
1223759
1223936
1223962
1224585
1225375
1226036
1226677
1227133
1227375
1231148
1232781
1234417
1234864
1234887
1235150
1236471
1236675
1236866
1239214
1239739
1239981
1243544
1245708
1246267
1246977
1247129
1248174
1250591
1252090
1252461
1253257
1256121
1256525
1256997
1257637
1258149
1258156
1258511
1260125
1260893
1263093
1263879
1265199
1265359
1265386
1265592
1266508
1266837
1267947
1268351
1268824
1268851
1269799
1269913
1271496
1271699
1272614
1272852
1274362
1274517
1274834
1277232
1277852
1279027
1279461
1281303
1282626
1284013
1284143
1284776
1286699
1287159
1287783
1287792
1288089
1289115
1289540
1289655
1290803
1292636
1297286
1302958
1302965
1302982
1303076
1303122
1303300
1304744
1306047
1307466
1309101
1309513
1309784
1309958
1313455
1314043
1316279
1318962
1321491
1321512
1324041
1326986
1328625
1331402
1333130
1339395
1340424
1340482
1340584
1340664
1340892
1341212
1342014
1342732
1344585
1347279
1347676
1348029
1348284
1349932
1350096
1350793
1351417
1352691
1352926
1353322
1353861
1356805
1358185
1359874
1360123
1361927
1362093
1364043
1365259
1365412
1367592
1367815
1369633
1370890
1371922
1373373
1373779
1374057
1375661
1376047
1376332
1376777
1378219
1379252
1380664
1383230
1383469
1384335
1387208
1387768
1388542
1389329
1389521
1391293
1391937
1392266
1392493
1393396
1394226
1394739
1395551
1395628
1397318
1397453
1398678
1400198
1401559
1402094
1402357
1402579
1406869
1407103
1408597
1409269
1409810
1410436
1411223
1411555
1411956
1412002
1412628
1412886
1415260
1415278
1415357
1418308
1421582
1423025
1423789
1428199
1429625
1431465
1432736
1435757
1436753
1436913
1437811
1438427
1439107
1439641
1439823
1440150
1440489
1440565
1440780
1441181
1441368
1445203
1445642
1445930
1446010
1447081
1448645
1449542
1449846
1450604
1450694
1452703
1452931
1453175
1453497
1454039
1454062
1454136
1454190
1454650
1454845
1455031
1455579
1457828
1458693
1458911
1461487
1462093
1462445
1463554
1464000
1466483
1468016
1468561
1471444
1472730
1473614
1473793
1474867
1475241
1475943
1477016
1477024
1480970
1481165
1481377
1481398
1483136
1487048
1487144
1489817
1489956
1490142
1491316
1492720
1493954
1494026
1494512
1494893
1496876
1498677
1501082
1501534
1502854
1504822
1504948
1507078
1511816
1512288
1512431
1512492
1513712
1514279
1515038
1516047
1516715
1517781
1517878
1518271
1521632
1521656
1523746
1523781
1525703
1529439
1531376
1531844
1533235
1536924
1538556
1539377
1541672
1543563
1545354
1552928
1553008
1553363
1554373
1555552
1555835
1557149
1560095
1561292
1561607
1563748
1563886
1564174
1565146
1565798
1567255
1568392
1569354
1570007
1572023
1572238
1574339
1577537
1578763
1579130
1579634
1580290
1580576
1582525
1584307
1585155
1587490
1587700
1587901
1588788
1589280
1589347
1589825
1590004
1590145
1590307
1590849
1593251
1594832
1596120
1596850
1597562
1598569
1599481
1602581
1605290
1606279
1606954
1607439
1609677
1611184
1612071
1612161
1612192
1612242
1613559
1614583
1615033
1615742
1617254
1617533
1617715
1618173
1619516
1623516
1624087
1625835
1625939
1628793
1629767
1630638
1631372
1631380
1631544
1631626
1632074
1632171
1633941
1634058
1634136
1634607
1634761
1638790
1639737
1640880
1641035
1642048
1643094
1644382
1644807
1645523
1646063
1646983
1650723
1651144
1651785
1653626
1655216
1661339
1662721
1663724
1664824
1666988
1672552
1672817
1673065
1673677
1673859
1675587
1675813
1676052
1676119
1678234
1678354
1680561
1681037
1682928
1683437
1683546
1683625
1683633
1685426
1685502
1686094
1686346
1691344
1692057
1692743
1694650
1694711
1695259
1695717
1696585
1696648
1696910
1697648
1698216
1699954
1702076
1702147
1702244
1707037
1709109
1710357
1712693
1713595
1713744
1714757
1714835
1717100
1717118
1717516
1717984
1718818
1719388
1721617
1721713
1723232
1725602
1726286
1726727
1727238
1729001
1729329
1730057
1730495
1731596
1732412
1734305
1734519
1735901
1735932
1736146
1737133
1739060
1739105
1740015
1740529
1744873
1745390
1746046
1747493
1748841
1752462
1753474
1753645
1754105
1754151
1754429
1754551
1754891
1756788
1757489
1761018
1762445
1762678
1763856
1764206
1765469
1765557
1770361
1770661
1772778
1774014
1776985
1778664
1780058
1781286
1783669
1784377
1785989
1787005
1788788
1789596
1790057
1790080
1790573
1790664
1791238
1791485
1793216
1794233
1794533
1795614
1796349
1796526
1797568
1798368
1801291
1801870
1802226
1802325
1803265
1804457
1806301
1811044
1814373
1815562
1817125
1819076
1820314
1821000
1825125
1827040
1827896
1829688
1830190
1832010
1833042
1833094
1833590
1835926
1836746
1837602
1837606
1837967
1838592
1840594
1841723
1842583
1842922
1843279
1843411
1843610
1843620
1844010
1844631
1846804
1846882
1847124
1847476
1852154
1853126
1853515
1853639
1854661
1857993
1859513
1860917
1862740
1865584
1865678
1865698
1865714
1865915
1866020
1866395
1868283
1870266
1874291
1874354
1874876
1875356
1876409
1878902
1880760
1884412
1884761
1885092
1885753
1887127
1887270
1888893
1889575
1891294
1891380
1893287
1895820
1896054
1897088
1897615
1897677
1898748
1899022
1900148
1900551
1900634
1901641
1902589
1906806
1907802
1911538
1912118
1915026
1915565
1924692
1925135
1926159
1933319
1933391
1933911
1935160
1936027
1936860
1938445
1938686
1941292
1942638
1943804
1943990
1946704
1947720
1948292
1950317
1950532
1950860
1951520
1952038
1952598
1953352
1953522
1953760
1955810
1956064
1956775
1959067
1960293
1960502
1960970
1961455
1968170
1970180
1971405
1971673
1971838
1973482
1973819
1975754
1979059
1979085
1979260
1980676
1983654
1987873
1988440
1988660
1988832
1989174
1989696
1990280
1990722
1990978
1991327
1991663
1992054
1993027
1993749
1994122
1994843
1996660
1997757
1998280
1999611
1999756
1999905
2000105
2000647
2001248
2002050
2002623
2004018
2007250
2007468
2007497
2007922
2007997
2008986
2009380
2009792
2010250
2011062
2014234
2014292
2016365
2017066
2017831
2018887
2018955
2019120
2019322
2020323
2021403
2022580
2024176
2024234
2024386
2024443
2025772
2025894
2026024
2027928
2028415
2030492
2032323
2034509
2037818
2039661
2039796
2040599
2042758
2042799
2042820
2042942
2042967
2043069
2043112
2043141
2043154
2043184
2043191
2043210
2043228
2043236
2043257
2043292
2043546
2044286
2044942
2045506
2047900
2048259
2049333
2050366
2051902
2054393
2054463
2055041
2055649
2056261
2057077
2057167
2057216
2057242
2057296
2057653
2057684
2057754
2057765
2057791
2057819
2057888
2057904
2057926
2057979
2058037
2058051
2058374
2058483
2059332
2061092
2063426
2063434
2064621
2064721
2066634
2066731
2067727
2068144
2068166
2069575
2069593
2069612
2069751
2069879
2070259
2070533
2071134
2072158
2072361
2072435
2073800
2074953
2075039
2075260
2075461
2077077
2078849
2079156
2080178
2080244
2081645
2082681
2083235
2084502
2085389
2085831
2089025
2089060
2089581
2089669
2090218
2090557
2090741
2091450
2091451
2091605
2091768
2092940
2094029
2099112
2099973
2099976
2104179
2104277
2106832
2107211
2107408
2108077
2109376
2109701
2110438
2115102
2116474
2117661
2117715
2118380
2120717
2121115
2122652
2122747
2123096
2124137
2125284
2126550
2128170
2128867
2130155
2133801
2135307
2136144
2136627
2137745
2138033
2138611
2138866
2140747
2141968
2142250
2143781
2143925
2144501
2144509
2144605
2144697
2144794
2148325
2149830
2149861
2150533
2150801
2154163
2155343
2157096
2157511
2158685
2158688
2158820
2158857
2159506
2159552
2159678
2160621
2162325
2162673
2163199
2163693
2164639
2164868
2165384
2165444
2165836
2165919
2166259
2167755
2168656
2169635
2170503
2172271
2172517
2172853
2175100
2175435
2177221
2177644
2177714
2178193
2179167
2180861
2181792
2182252
2182805
2184739
2187071
2187427
2187622
2187669
2187812
2187892
2190708
2191604
2192216
2192709
2193619
2193644
2193769
2193941
2194306
2195072
2195680
2198249
2198673
2198753
2198959
2199093
2203009
2203126
2203338
2204069
2206105
2206986
2207050
2207606
2207772
2209013
2213519
2213991
2215355
2215904
2216002
2216700
2217247
2217586
2218145
2218425
2219003
2219418
2219444
2220533
2221028
2221035
2222113
2223041
2224268
2224683
2225681
2226070
2226987
2227486
2232083
2232644
2232655
2233501
2234023
2234359
2234423
2235349
2237225
2239447
2239746
2240694
2246522
2248469
2248551
2253926
2254467
2255290
2255460
2255484
2256829
2258514
2259846
2260091
2261326
2263066
2264542
2265878
2266358
2266719
2266821
2267921
2270549
2271074
2271119
2272286
2273793
2274976
2275439
2275807
2276806
2277061
2277541
2279710
2280890
2281948
2285020
2285748
2286233
2288128
2288852
2289353
2291994
2292315
2293156
2297409
2297497
2300296
2301989
2302425
2304620
2306328
2307010
2307473
2314261
2317728
2325633
2329515
2330889
2331458
2332992
2336184
2336219
2336391
2338906
2339567
2341033
2341325
2341353
2341731
2342486
2343098
2346158
2347867
2350871
2353199
2353335
2356178
2356963
2357022
2361076
2363033
2366713
2369050
2369297
2371007
2371920
2375049
2375555
2377318
2378416
2378690
2379022
2380854
2382596
2383075
2383943
2385308
2385654
2388349
2388571
2393805
2396673
2400538
2401753
2402245
2406027
2406582
2408749
2409247
2409401
2410513
2410630
2410833
2412558
2413591
2413962
2414071
2416450
2417518
2418562
2419597
2420931
2424065
2430669
2431262
2431683
2431908
2432034
2432330
2437091
2437565
2439489
2439639
2439689
2440976
2441101
2443414
2444232
2444481
2445334
2447484
2448592
2449124
2451181
2451712
2453004
2453368
2454248
2454372
2454975
2456201
2459804
2459962
2460150
2460429
2460798
2462046
2465447
2465800
2466156
2467380
2469422
2469488
2470896
2471262
2471515
2471639
2473008
2473792
2473898
2476563
2477106
2477214
2479197
2483574
2486237
2490320
2490858
2492729
2493888
2494479
2494627
2494935
2495221
2496890
2496989
2497356
2497948
2498339
2499111
2499429
2499792
2500401
2501146
2501568
2502398
2503431
2503463
2503584
2507238
2508085
2508481
2509533
2510627
2511232
2511342
2512272
2513186
2516402
2520816
2522076
2522276
2522658
2523036
2523460
2523818
2524607
2524669
2525093
2525196
2525762
2526059
2526911
2527451
2528116
2529800
2530228
2530903
2532057
2532543
2535026
2536009
2536121
2536670
2537001
2537570
2541988
2544139
2544405
2544955
2547110
2547113
2548615
2549277
2549664
2549747
2549947
2552689
2553781
2556410
2556591
2557921
2557940
2558251
2559710
2560571
2561450
2561670
2567477
2568694
2569802
2571401
2572293
2576176
2577175
2578530
2578955
2579741
2580346
2582078
2583596
2589621
2592754
2594110
2594185
2595808
2595982
2599578
2601015
2603763
2604235
2604449
2607526
2609461
2611500
2612774
2612909
2613067
2613374
2616142
2616155
2616898
2617061
2617201
2618438
2618613
2618898
2620681
2620901
2621086
2622335
2622467
2622723
2623122
2623927
2626390
2627073
2627501
2629570
2629865
2630059
2630269
2633689
2640332
2642533
2644531
2645106
2646482
2648206
2648312
2649222
2650789
2652367
2653540
2656211
2656299
2659479
2659645
2660389
2661426
2661838
2663732
2664096
2664220
2665529
2665899
2665944
2668368
2675435
2675612
2675617
2677279
2678214
2679189
2679391
2680670
2681471
2683359
2683515
2684646
2684941
2685292
2685713
2686768
2687028
2687111
2687181
2687822
2689192
2692774
2693155
2695411
2695627
2699550
2699567
2700766
2702049
2703978
2706832
2707242
2707819
2709420
2711313
2711516
2715405
2716135
2717384
2717439
2717568
2718338
2719013
2719455
2722345
2722350
2723155
2723400
2723772
2724694
2726081
2727401
2728522
2729452
2729807
2737138
2739114
2742292
2743372
2743378
2745106
2746514
2747706
2748270
2749095
2749382
2749855
2750712
2751082
2751991
2752557
2752934
2753820
2753935
2754357
2755366
2755818
2756598
2756813
2759430
2759849
2760893
2761043
2761181
2762828
2764531
2765282
2766491
2770365
2771666
2771694
2772764
2775901
2776573
2776687
2778194
2778470
2779127
2780391
2781782
2782200
2782800
2783513
2783864
2784047
2784893
2784905
2784956
2785367
2787835
2788116
2788941
2789351
2789437
2791147
2791172
2795137
2795165
2795287
2796536
2797100
2798176
2799051
2801493
2802735
2802745
2804102
2808365
2809924
2810146
2811944
2813324
2816107
2817104
2817516
2826049
2828159
2828280
2828729
2830596
2830601
2832039
2834867
2835041
2835136
2836431
2842577
2843454
2844014
2844759
2845505
2846044
2850547
2851060
2853991
2858523
2860928
2861768
2867146
2868041
2868788
2870472
2871362
2871631
2873791
2875528
2876276
2876322
2877019
2877204
2879492
2879760
2880025
2880505
2882515
2883835
2883880
2884781
2884926
2885878
2886286
2886414
2886542
2887713
2890282
2890583
2892782
2893864
2893957
2895911
2896555
2896895
2897120
2902101
2902501
2903350
2905934
2907905
2908313
2909310
2910358
2911057
2911777
2917342
2917771
2918898
2919640
2920191
2920237
2921766
2922628
2922700
2926499
2927332
2929589
2929965
2930253
2932618
2934069
2934405
2937512
2938426
2939250
2940254
2940375
2940421
2940482
2942349
2945090
2945092
2946382
2947775
2947977
2948799
2949108
2949261
2953803
2959229
2965928
2965970
2967481
2967826
2968612
2972404
2973643
2975145
2978699
2979562
2980745
2981003
2982040
2982412
2984417
2984926
2985814
2989463
2989801
2990169
2993028
2993200
2994525
2994641
2997365
2997471
2998127
3000097
3000214
3003096
3003652
3010791
3012675
3013423
3015536
3017882
3018551
3019776
3020034
3021307
3021380
3021749
3022416
3023133
3023433
3028538
3029631
3030999
3032433
3032846
3035023
3035395
3035621
3035712
3036907
3038712
3041572
3043769
3048247
3050917
3052150
3053078
3054725
3055767
3056153
3056389
3059140
3059220
3060185
3061958
3062328
3062533
3062727
3065847
3066802
3067231
3067408
3069724
3069959
3069985
3072423
3072638
3072722
3073262
3073802
3074015
3074490
3074663
3075660
3075845
3077038
3083293
3086277
3087033
3087043
3095460
3105868
3106870
3107567
3108132
3110713
3112852
3114305
3115225
3116314
3116477
3117674
3118284
3118549
3118614
3118616
3119455
3120679
3124877
3137216
3139121
3141819
3142950
3145174
3145233
3145944
3148941
3149318
3149354
3150914
3155962
3156687
3161159
3162014
3162238
3164343
3166209
3168199
3169842
3171495
3174094
3174485
3174667
3175814
3176605
3179533
3182655
3183837
3184175
3185123
3185379
3185392
3185606
3185916
3186143
3186803
3188794
3189919
3191155
3192365
3194038
3194581
3200571
3201709
3201794
3202475
3202737
3203288
3203378
3203383
3203994
3204693
3205778
3215135
3215924
3216086
3223855
3229240
3232230
3232424
3233075
3234549
3235020
3240285
3240705
3240967
3243260
3244123
3247067
3247410
3249247
3250692
3252858
3253226
3253274
3253841
3253943
3256345
3257158
3257715
3257969
3258024
3258070
3258183
3258738
3262366
3263282
3264328
3268381
3268652
3268671
3268967
3269722
3270082
3271437
3272090
3272927
3274818
3275142
3275348
3276550
3276721
3278875
3283843
3284241
3286967
3287311
3287440
3288762
3289157
3289489
3290909
3293717
3295042
3299493
3299620
3306907
3307012
3307795
3308398
3308704
3309897
3313485
3315613
3318225
3320682
3321357
3323666
3328485
3328542
3331081
3331734
3332360
3335427
3336371
3338777
3339017
3340646
3341674
3342395
3343292
3344715
3344730
3345269
3346240
3347747
3348452
3348709
3349541
3353728
3354247
3354583
3354914
3355281
3355377
3356900
3357598
3358101
3358180
3358846
3359479
3359908
3360417
3360704
3361223
3361299
3361506
3361621
3362627
3362697
3363145
3363695
3364545
3365066
3366845
3369081
3369642
3370276
3371086
3371321
3372204
3373153
3373738
3374173
3374922
3375814
3380158
3381354
3381786
3382494
3382937
3384011
3386497
3387543
3388126
3390160
3390307
3391058
3395953
3397947
3398946
3401497
3403233
3404648
3404959
3405229
3405398
3407340
3407680
3408075
3408957
3410746
3411196
3411987
3412157
3414042
3415416
3415990
3417318
3418548
3418855
3419044
3419753
3419886
3421461
3422697
3424545
3427336
3427848
3430336
3432161
3433682
3433714
3434317
3434679
3437112
3438158
3438918
3440140
3444120
3444528
3445965
3447178
3449616
3450616
3454647
3455921
3456627
3456777
3456992
3457094
3457575
3457763
3459679
3459865
3459979
3461223
3462104
3462535
3463794
3468772
3468779
3469290
3470748
3475758
3477495
3478084
3479048
3479835
3483707
3485900
3486285
3488771
3489583
3489643
3489688
3489739
3489808
3490309
3491151
3492629
3492868
3495524
3502571
3502630
3503244
3503489
3509625
3509973
3511148
3515215
3517782
3520714
3521661
3522817
3523575
3524270
3525592
3530949
3533875
3534355
3534375
3534488
3540431
3540732
3543792
3544409
3547514
3550143
3552901
3560190
3560218
3562037
3562104
3562816
3566428
3574556
3574950
3575204
3575683
3577933
3578530
3582127
3584800
3585870
3587937
3590763
3596806
3597067
3597138
3597454
3597473
3600701
3601214
3602189
3603835
3604350
3604365
3604398
3604787
3605236
3606471
3609386
3610615
3611083
3612992
3613473
3614028
3615007
3615131
3615573
3619025
3619370
3619395
3620073
3621377
3622346
3622990
3623091
3624991
3625532
3628354
3629705
3630000
3630394
3632261
3634242
3634362
3637842
3639607
3640919
3643000
3647503
3648285
3648364
3648623
3648951
3649155
3654934
3655886
3656938
3657185
3658153
3658160
3658408
3663294
3665420
3665730
3666767
3667493
3667569
3669597
3672053
3672654
3673145
3673345
3674098
3675019
3675479
3676790
3676932
3678361
3678966
3679166
3679516
3680372
3681857
3682784
3683417
3683780
3683913
3684143
3688957
3689334
3689513
3696454
3696587
3697292
3697530
3697726
3698216
3698702
3699890
3700216
3700653
3702421
3704685
3705956
3705968
3707761
3709480
3709759
3712134
3713008
3719049
3720014
3720947
3724176
3725847
3726763
3727891
3733154
3733879
3735259
3736102
3741010
3741835
3742654
3743054
3743401
3743986
3744416
3744932
3745957
3746511
3748199
3750967
3751456
3755016
3756050
3758141
3759198
3759855
3760393
3763316
3766304
3766711
3767574
3768371
3769770
3771084
3771593
3775790
3777258
3777714
3777940
3778254
3778705
3780653
3783873
3785418
3788796
3789907
3791820
3793993
3794456
3794776
3795093
3796128
3796970
3797532
3797633
3798037
3799255
3799677
3802045
3804754
3806200
3807936
3808721
3808744
3810123
3810877
3813365
3813645
3816422
3816739
3817489
3817499
3818408
3818786
3819663
3819682
3820057
3823406
3825235
3826722
3828540
3828563
3829450
3829516
3830129
3831281
3831813
3831875
3832722
3833435
3834412
3835149
3836702
3838130
3839919
3841877
3842505
3842976
3843846
3845988
3846250
3846507
3846746
3850873
3853547
3854100
3854644
3855867
3859396
3859451
3861119
3865264
3865791
3866096
3866316
3866396
3867471
3869107
3869909
3870132
3870412
3871544
3874356
3875883
3876326
3876535
3881190
3882808
3883028
3883106
3883211
3883337
3884482
3884935
3890886
3894701
3895573
3897102
3903112
3903303
3904102
3904872
3908336
3908461
3908693
3908823
3910572
3911856
3913334
3913427
3913974
3916964
3918556
3919663
3923654
3925001
3925445
3926404
3927046
3929528
3929675
3929695
3929895
3932573
3933113
3934380
3938345
3940405
3940828
3940848
3942273
3942377
3943714
3944457
3944807
3945009
3945733
3946948
3947163
3947271
3947596
3947763
3949570
3949747
3949887
3949916
3951019
3951310
3953609
3954703
3956079
3959019
3960140
3961734
3962905
3962974
3966278
3967970
3970791
3971080
3971453
3972083
3972716
3973422
3973759
3974957
3977194
3980365
3982821
3984094
3984134
3984146
3985855
3986866
3987519
3991007
3991761
3992901
3992988
3993253
3993287
3994589
3995702
3998830
4002418
4002445
4005632
4006848
4012988
4014168
4014670
4015521
4016188
4017955
4019076
4019083
4019315
4019823
4021000
4022268
4026629
4026893
4029358
4029900
4032500
4033854
4035340
4038203
4041292
4041736
4042973
4043242
4047157
4050769
4050904
4055717
4056297
4057840
4058231
4060495
4062538
4062744
4063173
4064688
4069634
4070769
4071242
4078796
4081105
4081632
4082196
4082907
4083413
4084871
4090936
4097878
4097890
4098365
4100451
4100982
4103157
4104149
4107577
4111439
4117561
4122379
4125161
4126366
4128440
4128819
4132868
4133025
4133350
4134780
4135048
4135847
4136993
4138939
4139013
4139014
4139770
4140050
4140302
4142307
4145009
4145183
4146380
4147645
4149179
4149673
4152743
4153769
4156298
4161527
4161541
4163029
4163113
4164592
4165293
4166380
4167580
4170298
4171042
4172416
4172466
4172573
4176249
4177462
4183933
4184912
4184996
4189807
4190431
4191112
4191572
4192630
4195504
4197654
4199284
4200312
4203544
4204504
4204721
4207274
4207608
4209125
4211187
4215622
4216567
4219796
4219991
4226345
4229306
4229950
4232281
4236658
4237180
4238524
4242213
4243216
4250268
4250957
4255742
4256592
4257086
4258512
4258803
4259663
4260001
4261110
4261156
4261288
4262513
4262862
4264468
4265005
4265311
4265356
4267861
4268226
4269492
4270828
4270932
4271269
4274916
4275823
4275826
4275997
4279522
4281869
4282198
4282561
4282761
4283521
4283913
4284315
4285867
4287299
4290441
4290555
4291472
4293360
4298170
4298315
4300841
4302020
4303842
4305367
4306411
4309538
4310172
4311963
4316969
4320315
4320765
4324655
4326304
4327594
4329064
4331265
4333131
4334188
4335381
4336668
4337324
4338658
4339178
4342859
4343018
4343760
4344078
4344552
4344681
4347114
4347682
4347958
4349346
4349826
4350709
4352648
4352849
4353287
4353751
4354341
4355113
4356743
4359144
4359334
4359671
4360807
4360994
4361088
4365912
4367408
4368171
4369691
4370990
4371344
4372766
4374272
4375158
4375797
4376014
4377701
4379718
4380154
4380883
4381754
4382716
4383250
4383375
4383615
4383725
4384780
4384795
4385101
4386896
4387077
4389737
4389750
4390807
4391534
4391711
4393937
4398654
4400097
4401180
4402949
4404650
4405188
4405722
4406103
4411455
4415928
4420503
4422211
4422225
4425333
4426674
4430853
4430927
4432560
4433027
4433602
4434488
4435482
4435620
4439689
4440487
4442451
4443921
4444601
4444667
4444703
4444733
4446319
4447519
4449060
4449390
4450319
4453349
4453777
4459285
4461978
4462080
4462150
4468184
4471679
4474204
4474648
4474696
4476086
4476253
4476330
4476444
4476618
4479568
4479809
4479906
4480253
4480303
4483132
4484549
4485970
4488737
4489035
4489082
4489353
4489595
4490807
4492847
4496050
4496065
4496464
4497028
4498534
4500359
4500575
4505670
4506227
4506253
4508788
4509091
4509503
4509988
4511118
4512826
4515036
4516127
4516259
4517015
4520558
4522100
4523732
4533901
4533979
4534154
4534460
4540353
4540881
4542458
4544031
4544799
4547557
4547735
4549451
4550233
4550734
4551429
4551456
4551887
4552456
4555032
4557526
4558048
4558875
4560716
4560813
4564243
4565300
4567339
4567912
4568547
4572964
4573037
4573209
4573460
4574527
4575138
4575367
4576552
4576653
4577911
4579158
4579988
4580196
4581218
4581996
4584438
4586078
4587078
4587172
4588399
4590990
4591571
4592766
4594546
4597021
4597962
4600285
4600442
4600640
4602009
4602996
4603737
4604280
4605755
4606165
4606266
4606870
4608137
4609367
4611428
4611731
4613685
4614790
4614991
4615239
4615665
4616503
4617238
4618244
4621778
4624908
4624999
4626737
4628307
4629589
4629866
4631420
4632583
4633296
4635272
4635369
4635399
4638892
4640773
4641225
4641720
4643189
4646043
4646465
4647335
4647508
4648907
4651503
4652512
4652543
4658031
4658260
4659478
4660003
4660552
4663905
4670693
4670860
4670940
4671971
4672614
4672937
4676292
4676542
4680384
4681175
4684278
4689648
4691790
4692341
4692406
4692729
4695199
4695959
4697110
4697805
4698248
4701952
4702642
4704346
4705742
4706476
4706782
4707545
4710477
4712373
4713349
4714868
4716050
4718061
4718203
4718969
4724616
4725806
4725865
4726672
4726937
4727436
4728214
4728680
4728858
4729114
4729241
4733930
4734138
4735473
4735526
4737754
4739896
4740056
4741699
4742710
4743285
4745483
4747910
4748002
4748122
4748133
4748924
4751730
4751846
4755128
4755328
4758001
4760117
4761223
4761845
4763829
4765488
4768054
4773174
4777119
4779434
4779710
4780801
4780914
4782071
4784014
4784938
4785707
4785735
4787392
4788402
4788406
4789865
4791011
4791934
4795333
4796704
4796835
4797433
4799258
4799612
4801864
4802634
4803332
4803384
4803816
4804029
4806644
4808518
4813478
4814360
4815490
4815948
4816011
4821823
4822582
4823792
4825042
4825081
4825576
4829086
4830319
4830776
4831798
4834610
4835325
4836420
4838220
4839569
4842653
4842783
4842821
4843045
4846980
4847407
4847488
4847913
4848628
4851628
4852708
4852801
4853138
4857546
4859536
4859568
4860833
4863695
4865373
4867185
4867916
4867978
4867980
4868380
4870943
4871904
4872351
4874336
4874934
4875938
4876513
4876718
4877201
4877761
4878596
4878966
4880589
4882011
4883868
4886436
4887221
4888050
4888426
4890486
4891057
4891271
4892946
4893426
4894168
4894694
4898373
4903506
4907454
4908480
4909712
4910717
4912187
4914715
4918292
4920981
4923117
4923412
4928946
4930180
4931179
4933968
4935826
4937060
4937779
4937871
4941124
4941466
4942646
4944491
4947602
4947736
4956060
4957451
4958879
4962499
4963411
4963514
4966373
4967169
4967198
4967876
4969010
4972897
4973336
4975127
4977754
4980600
4980744
4983671
4985051
4985309
4986573
4987056
4987675
4988111
4989203
4989299
4989684
4990012
4991716
4994131
4994726
4995254
4997155
4998216
4998524
5004428
5004959
5006306
5006514
5009548
5012036
5012087
5015634
5015896
5015979
5021131
5021707
5022049
5022487
5025001
5025129
5025856
5026087
5026636
5030449
5031840
5032043
5032209
5032368
5032417
5032587
5035003
5035534
5036372
5037507
5037689
5038162
5038728
5039509
5039797
5042199
5048328
5049768
5049914
5050943
5051336
5051738
5051958
5056128
5059087
5060965
5061572
5062814
5064787
5066113
5066122
5066900
5067864
5071665
5076516
5081192
5082503
5083158
5083255
5085230
5085991
5087035
5087872
5088506
5089719
5090476
5091322
5091551
5092258
5093500
5094113
5094180
5095438
5095745
5096023
5096251
5097498
5100047
5101919
5102605
5103690
5105379
5106149
5108072
5108460
5108511
5109555
5110677
5113537
5115210
5115345
5115389
5116479
5116892
5117320
5119715
5122012
5123221
5124590
5128177
5131551
5131693
5133364
5133754
5134059
5135458
5139968
5142637
5143273
5145558
5149230
5149773
5151008
5152306
5154906
5155977
5157672
5157763
5157804
5159470
5161107
5163599
5164879
5166823
5167264
5168606
5173468
5174582
5177148
5178089
5179368
5180921
5181193
5184305
5184887
5184957
5186832
5187329
5187426
5188932
5189726
5189809
5190320
5190999
5191214
5191646
5191649
5192867
5193125
5194716
5195014
5195706
5198466
5198704
5199277
5199606
5200574
5203172
5204292
5205192
5207920
5208616
5211920
5213265
5214083
5214603
5216385
5219238
5223690
5226037
5226738
5226872
5227480
5227530
5227997
5228431
5228667
5229909
5231077
5231406
5231462
5237472
5239139
5241824
5242497
5243404
5250055
5260117
5260290
5261559
5261664
5264273
5266199
5267289
5273534
5276472
5279981
5280875
5281058
5282140
5283556
5286387
5286555
5287474
5288065
5290033
5291795
5292784
5299544
5299958
5300426
5302312
5304668
5305832
5307192
5308061
5308322
5310567
5314216
5316169
5321198
5325238
5325781
5326106
5326553
5328048
5331290
5332102
5334421
5335063
5335996
5338450
5339655
5343136
5343693
5344044
5345543
5346629
5346800
5346974
5347011
5347094
5347823
5347996
5348130
5348995
5350376
5351926
5353121
5357063
5366254
5367482
5368151
5370570
5371028
5372551
5373148
5373373
5373607
5374305
5375726
5376277
5378070
5379978
5382279
5384059
5388398
5388630
5390986
5392783
5393788
5398302
5399905
5410447
5410882
5416972
5419489
5419966
5420072
5420347
5420460
5421656
5422027
5424345
5424895
5426264
5427255
5428666
5432626
5438573
5439199
5446087
5448302
5451605
5455493
5456231
5458271
5459505
5459620
5466108
5469000
5469515
5470782
5472005
5472076
5478671
5482092
5482813
5484068
5484165
5484955
5486063
5486984
5487822
5487878
5492622
5493800
5497792
5498417
5501408
5503637
5504003
5507025
5507165
5507187
5508785
5509043
5509225
5512323
5513458
5513556
5517875
5518350
5519217
5524172
5526838
5527638
5527768
5527847
5529701
5533211
5534092
5541554
5549632
5552141
5555170
5556429
5558402
5558837
5558967
5559746
5560712
5563744
5564799
5570085
5570607
5573120
5573413
5575642
5576931
5577016
5577440
5579509
5580354
5580383
5580996
5585029
5585508
5588826
5589825
5590507
5591101
5592218
5592525
5593303
5593597
5594568
5594913
5598268
5598587
5598943
5599254
5606230
5609638
5609897
5611170
5611851
5615511
5615572
5616148
5620814
5621046
5621111
5622515
5623022
5642544
5642956
5644338
5644737
5650077
5651567
5653641
5655928
5658738
5659672
5659795
5662067
5662119
5662907
5669112
5670073
5670077
5670564
5670782
5670980
5673322
5673453
5676094
5676659
5689900
5691924
5694561
5696618
5700305
5707585
5709898
5710844
5721425
5725061
5727122
5731039
5732889
5733969
5735262
5736413
5738106
5739664
5742655
5743105
5744582
5747486
5748572
5749439
5755347
5759085
5762279
5764670
5765562
5767792
5772124
5772750
5774993
5775303
5776425
5777093
5777804
5778454
5778654
5778704
5780900
5781884
5783772
5784682
5788794
5792973
5798568
5800120
5800351
5801110
5802341
5803203
5803256
5805026
5806093
5806758
5808501
5808950
5811543
5814236
5815015
5817750
5819511
5821626
5821932
5822987
5824241
5824533
5824864
5828092
5830084
5830168
5830314
5831176
5832321
5832614
5833680
5833786
5837956
5838974
5842594
5843656
5843774
5844206
5845363
5845853
5846222
5848872
5850620
5851562
5851662
5854578
5854668
5860000
5861136
5862328
5862862
5863561
5866069
5866676
5868007
5871306
5871963
5875710
5876184
5876651
5877204
5878124
5879690
5881146
5882585
5884078
5884734
5885442
5885522
5887366
5888301
5890966
5895183
5897592
5898488
5900153
5908170
5908891
5909486
5909650
5909739
5911298
5911423
5911854
5914888
5916009
5916050
5916104
5917271
5918529
5918690
5920164
5921594
5923538
5923701
5924311
5927444
5930219
5930833
5931784
5935362
5936039
5936965
5938099
5951414
5953566
5954279
5955052
5957678
5958840
5959340
5959728
5959970
5960002
5963029
5963149
5966591
5967607
5970175
5970524
5973219
5975008
5975220
5975546
5979348
5981338
5982766
5983337
5983711
5984069
5985453
5988079
5992605
5994211
5994784
5998749
5999963
6002693
6007936
6016273
6018035
6019466
6020736
6021056
6024674
6025303
6025681
6032039
6034886
6044314
6046605
6047291
6052181
6054112
6055776
6056981
6063314
6063930
6065719
6067295
6069040
6069912
6070622
6071761
6072660
6072740
6072890
6073046
6074453
6075528
6077386
6078263
6079044
6084181
6084608
6085321
6087258
6089334
6089784
6091236
6098500
6101091
6101344
6111861
6114620
6121121
6122887
6123234
6127718
6129942
6134465
6137696
6141525
6142147
6143607
6144138
6146475
6148296
6150959
6158651
6173418
6175488
6178670
6183586
6189888
6194024
6196473
6197112
6206028
6206719
6219238
6219991
6223338
6226023
6226991
6238859
6241346
6241914
6242118
6247384
6247883
6249079
6250384
6263919
6266056
6266392
6271199
6272690
6274839
6279237
6281035
6281891
6285006
6289530
6290011
6293509
6301177
6302864
6304676
6316336
6318701
6321110
6323700
6326340
6329862
6332572
6332849
6335380
6338728
6340757
6341707
6342305
6345504
6347547
6349959
6352423
6356306
6357422
6359757
6362182
6363540
6367140
6368255
6370460
6371353
6373306
6375929
6378444
6380585
6383650
6383937
6384931
6385004
6388959
6391346
6394870
6395536
6396254
6398030
6400929
6402565
6403960
6409399
6423387
6423699
6423960
6424194
6424786
6426987
6428514
6428640
6432412
6433886
6433976
6442445
6443753
6445832
6446314
6449736
6456383
6457598
6460122
6461714
6464729
6465133
6465495
6467200
6468357
6477296
6478486
6479701
6481714
6483714
6484369
6484416
6485639
6486420
6487697
6488723
6488907
6494660
6495556
6501510
6503941
6504706
6505892
6507937
6510558
6510768
6515921
6515927
6516522
6517924
6518223
6521886
6522574
6523043
6526151
6526691
6527203
6527469
6527809
6527908
6528303
6528836
6531080
6531972
6533695
6534083
6534192
6536439
6549044
6551453
6555195
6555369
6555472
6555661
6558942
6560650
6564089
6564436
6565051
6565489
6578387
6579517
6580302
6584162
6584212
6588609
6590428
6590899
6595211
6601116
6602841
6602966
6603228
6603421
6604039
6605881
6607453
6608167
6608414
6621345
6622691
6623759
6625660
6627408
6631858
6632598
6635639
6637125
6642162
6645961
6647330
6656598
6665921
6667172
6672433
6675166
6682483
6687869
6688492
6689761
6691352
6701815
6701902
6705471
6712070
6720430
6730675
6734999
6735085
6735338
6735979
6740989
6747936
6749958
6754339
6755201
6755932
6756292
6760711
6767236
6776989
6784265
6787542
6788458
6794309
6795439
6801173
6802488
6804839
6810986
6811212
6812115
6814482
6815950
6816440
6817063
6819553
6825672
6827111
6831819
6837372
6837396
6837613
6838049
6839368
6844427
6855443
6858167
6858255
6858529
6861082
6861211
6865827
6866859
6866977
6873030
6880555
6882279
6883376
6887616
6890579
6890930
6896105
6906013
6912417
6912678
6917667
6917879
6918074
6920613
6920713
6921844
6925434
6928208
6928272
6928585
6938903
6939156
6942471
6953819
6954116
6955418
6958514
6964519
6967568
6971018
6973085
6976326
6976418
6976616
6976992
6977832
6983473
6983778
6986873
6988979
6989103
7007002
7008612
7016725
7017284
7019947
7025996
7028600
7030176
7032263
7034495
7043361
7043564
7044786
7049232
7051736
7060430
7069519
7072388
7075949
7076123
7082476
7084116
7084217
7086581
7093779
7096043
7099549
7104481
7104720
7105240
7110833
7111992
7119209
7119814
7122401
7122878
7126779
7129058
7130212
7131398
7133956
7136306
7138263
7141199
7142894
7145718
7150869
7152615
7160704
7160994
7162371
7165620
7165809
7169810
7175746
7182651
7183714
7189491
7194513
7202428
7204395
7216922
7217128
7219741
7219808
7220975
7225867
7232227
7233602
7234998
7235293
7235762
7236366
7236603
7237925
7238591
7239342
7239949
7242608
7246664
7251303
7258762
7258776
7264267
7266235
7267957
7268077
7268865
7273148
7275720
7277899
7278673
7280352
7280391
7286818
7288909
7289348
7289641
7291009
7295209
7295926
7298065
7304509
7307312
7309754
7324244
7326204
7330467
7339505
7341575
7341776
7345042
7361066
7364584
7372742
7372766
7373976
7375201
7379016
7383777
7384084
7384377
7384757
7393971
7395989
7397064
7398778
7401346
7417077
7417126
7421318
7424808
7426036
7426951
7450144
7450468
7453457
7460518
7460711
7461206
7461945
7468103
7470665
7476249
7485202
7488273
7492892
7495447
7500666
7503205
7503819
7505806
7511273
7517101
7519119
7523107
7524989
7531998
7533944
7534363
7538041
7539524
7541226
7545043
7545468
7549595
7552403
7552574
7553254
7553724
7554746
7558710
7560970
7564029
7565880
7566745
7567030
7570110
7577049
7578234
7582734
7586235
7588128
7589232
7590350
7591456
7596645
7600130
7602936
7606122
7611367
7611738
7612020
7614958
7616846
7619118
7619429
7620244
7620949
7635681
7648583
7649219
7650449
7651607
7657275
7659407
7664629
7664670
7670951
7670994
7675397
7676635
7680545
7680880
7687786
7689067
7690560
7695453
7701438
7702162
7714032
7714775
7725365
7728900
7732480
7737101
7737564
7743975
7745000
7748002
7749179
7749254
7750200
7759523
7759819
7770638
7770812
7774655
7775348
7790762
7791915
7794025
7804187
7806827
7811075
7811405
7813124
7814449
7817615
7820856
7821230
7821524
7821843
7822127
7822917
7826022
7827494
7829234
7836271
7837829
7837929
7845075
7851351
7862038
7865262
7866380
7867561
7867706
7873054
7879908
7880837
7882912
7883415
7886042
7888494
7888546
7896011
7896426
7896716
7899036
7900447
7904621
7905162
7906229
7909946
7912987
7914136
7915066
7917672
7921322
7922113
7922839
7923245
7927145
7927791
7927967
7928884
7930027
7935755
7937120
7939993
7940438
7944133
7944624
7944984
7945654
7952753
7954335
7955709
7957649
7959942
7967256
7968476
7970688
7971831
7972232
7974769
7979050
7980733
7981930
7984978
7986857
7989976
7994049
8012520
8018058
8028924
8030187
8032380
8042714
8044497
8045637
8058673
8066041
8068353
8070268
8070600
8071144
8072192
8074080
8075361
8080560
8081116
8081294
8082917
8085050
8086753
8087767
8088322
8094194
8096625
8097123
8099362
8100049
8101322
8109528
8113843
8118370
8122114
8125445
8126391
8132745
8143044
8149271
8157110
8159959
8163500
8163562
8167422
8168911
8169119
8177960
8187425
8205137
8206553
8231365
8249846
8261007
8262809
8263380
8265635
8274506
8274736
8275026
8288756
8288769
8295603
8302467
8303005
8305997
8306865
8307145
8318137
8320661
8322160
8322463
8328970
8331074
8332565
8343423
8346856
8347679
8351338
8352491
8353439
8360130
8360856
8361073
8362754
8366238
8369526
8373780
8379023
8382051
8382986
8389410
8390754
8394510
8395257
8398867
8398878
8399391
8401008
8401118
8401472
8402234
8404189
8406539
8409364
8425052
8427189
8434772
8435066
8435364
8436423
8437914
8443829
8448076
8448499
8448877
8451512
8452093
8452269
8458151
8462318
8465181
8473337
8475173
8475849
8477068
8481563
8485438
8486141
8487861
8492643
8495261
8498911
8499331
8501790
8506450
8507579
8509395
8511472
8520729
8521669
8521724
8523418
8525586
8529085
8529995
8531024
8531483
8540731
8548645
8551767
8554266
8557709
8562515
8573039
8580635
8587736
8587904
8589799
8594566
8595212
8600327
8604283
8604922
8605071
8607364
8609128
8611423
8612013
8613311
8613514
8614736
8618252
8629565
8635889
8639079
8639115
8642594
8642691
8643404
8643911
8647420
8651815
8652704
8653054
8654749
8655383
8656773
8659252
8663684
8664599
8668422
8669919
8671228
8672639
8672647
8676630
8678293
8679453
8683622
8683933
8688211
8706510
8706995
8712437
8713089
8713705
8715903
8718233
8720104
8720121
8724290
8729683
8734070
8740309
8745900
8751621
8751965
8752878
8760705
8760897
8765219
8765779
8768130
8769358
8773882
8777536
8784787
8799110
8801271
8806589
8814023
8821458
8823831
8828455
8838266
8839882
8843078
8845102
8847680
8849608
8850167
8850966
8856290
8857715
8861485
8864554
8866392
8867214
8876422
8883829
8897863
8900246
8900275
8907538
8915008
8922420
8922770
8940223
8941823
8945322
8949022
8949586
8949813
8980079
8989491
8989529
8994622
9021818
9024076
9026798
9034298
9038675
9043229
9045100
9051863
9052339
9058273
9062076
9064323
9064866
9070545
9071090
9071370
9075737
9076105
9079596
9083122
9087466
9104569
9104667
9104827
9105293
9109116
9109543
9109555
9109888
9117103
9118305
9118449
9122229
9126073
9131202
9132016
9132158
9136084
9136143
9143755
9152722
9173777
9178913
9180460
9180534
9181081
9182291
9184681
9188205
9194717
9206849
9206967
9208197
9208442
9214704
9217582
9227721
9245412
9247488
9247766
9249364
9253145
9257697
9258764
9261537
9262372
9267265
9279019
9284839
9284978
9286360
9286511
9288470
9291229
9291343
9312739
9313473
9319602
9328754
9333180
9351086
9351236
9353607
9357280
9359415
9360765
9362587
9363721
9371994
9376918
9385322
9401187
9403075
9403981
9415438
9417317
9419527
9429500
9434866
9446152
9447884
9449360
9449985
9461062
9463940
9466516
9468630
9471670
9471902
9480280
9480948
9481114
9482657
9483260
9484663
9484823
9486038
9487549
9488993
9489854
9494665
9496569
9499480
9514730
9516002
9516976
9517655
9521880
9523652
9524580
9527076
9528366
9529962
9533190
9533619
9534394
9534814
9539676
9544622
9546456
9559736
9560383
9563990
9564032
9567952
9568335
9573138
9577181
9592230
9592824
9599077
9607347
9610789
9610882
9611162
9617642
9621352
9631102
9632459
9632822
9636556
9640594
9641617
9642881
9645610
9651134
9653246
9653887
9655305
9661890
9662428
9672330
9684245
9686780
9695187
9696145
9697537
9698723
9708071
9709801
9710697
9719190
9723175
9725355
9726556
9755476
9765191
9767962
9783477
9801076
9805866
9808599
9809922
9812115
9812560
9812771
9818192
9822631
9824500
9825454
9834084
9835024
9836179
9840517
9854136
9860688
9865404
9869816
9876134
9878043
9878471
9879080
9886993
9889791
9908057
9920934
9922626
9944826
9960874
9963061
9965965
9978116
9978672
9985352
9985428
9989144
9995324
9998950
10006251
10012403
10018190
10027634
10027659
10028118
10031476
10032618
10034719
10034976
10037908
10041501
10046238
10047839
10053868
10067270
10069145
10070539
10072242
10072295
10076100
10076664
10076874
10080178
10085495
10092343
10093110
10094129
10098250
10104624
10106781
10109406
10110744
10111514
10117997
10119529
10119780
10122607
10127083
10136505
10136740
10138350
10138716
10144070
10159714
10167772
10168530
10170362
10176355
10179099
10185502
10192620
10201134
10204949
10207419
10210256
10212284
10212429
10220268
10224260
10224808
10230330
10231377
10232121
10234851
10237129
10239632
10242270
10243469
10244864
10245906
10253120
10254102
10257657
10258414
10266122
10267961
10272083
10273506
10277184
10277242
10281868
10283486
10288515
10295695
10302335
10302580
10310149
10311876
10319595
10321025
10325523
10326307
10329553
10334546
10338814
10361501
10363969
10372686
10381423
10383255
10389169
10391129
10397270
10400830
10403673
10412099
10419610
10420731
10421215
10422756
10424585
10424708
10427738
10445271
10456001
10463575
10471793
10475311
10476606
10477041
10485151
10487219
10493927
10499499
10500616
10502496
10502549
10527416
10529298
10531310
10542646
10545862
10550449
10556052
10564961
10568512
10579567
10588940
10591072
10591701
10594820
10601861
10603750
10604102
10616234
10618928
10618953
10619698
10621111
10624386
10626906
10627702
10632144
10636270
10638890
10649989
10665875
10666387
10672725
10677871
10677969
10690753
10694857
10700939
10701480
10715087
10717248
10731088
10732642
10739430
10740978
10745594
10746552
10748073
10749421
10750816
10765649
10767699
10768310
10788697
10798828
10807604
10815434
10818013
10827050
10827265
10836986
10843321
10854989
10865094
10869636
10877802
10878133
10878707
10887236
10890800
10899285
10912247
10914108
10914837
10923868
10930571
10932139
10933208
10940674
10950425
10962923
10963953
10974008
10974345
10983376
10993939
10995750
11007790
11016376
11028847
11032404
11041483
11043906
11056798
11061827
11071798
11076859
11077947
11093014
11100691
11103613
11112471
11121762
11125306
11130506
11132091
11140318
11142382
11142458
11155267
11155525
11164933
11165692
11167054
11178264
11178855
11180926
11185955
11189446
11193060
11197153
11199083
11200327
11201340
11210604
11212103
11215519
11228799
11242457
11244458
11246779
11250956
11251999
11263732
11266275
11269463
11275040
11287232
11289210
11322510
11330633
11356482
11363186
11379731
11382874
11384119
11392012
11393058
11413004
11416515
11422306
11425956
11429822
11435422
11437002
11443171
11448367
11452466
11458737
11463459
11469325
11470211
11476676
11480186
11489738
11514135
11515827
11530482
11531825
11537940
11548607
11556399
11585521
11587380
11590926
11598623
11603199
11603811
11610631
11617146
11621152
11645557
11647438
11648708
11649524
11651392
11656343
11667553
11671222
11672127
11674344
11676399
11692175
11711851
11729572
11740512
11740621
11743697
11748016
11750410
11753193
11754031
11770727
11805481
11814975
11816643
11826636
11842329
11856445
11857316
11872826
11892665
11906860
11914148
11934769
11953294
11954940
11961296
11973520
11979194
11984364
11989508
11991952
12006602
12007295
12019146
12021102
12032147
12040145
12050576
12051821
12059124
12069125
12069187
12069518
12087005
12093809
12101593
12105672
12109017
12152720
12153681
12162023
12171602
12173416
12173548
12176658
12177751
12183815
12184521
12186222
12198576
12200025
12206409
12207823
12208746
12209778
12222075
12236333
12242883
12245519
12245921
12246378
12246614
12251575
12255186
12255490
12268370
12272965
12293118
12293262
12313423
12316127
12318558
12325140
12325246
12337092
12339116
12344338
12346948
12357852
12359092
12370112
12377770
12387910
12390051
12390396
12397944
12404680
12408482
12412035
12413269
12415205
12415210
12415286
12419266
12421321
12422358
12425618
12433590
12440892
12442958
12445576
12447339
12449289
12451848
12457493
12465359
12467938
12468105
12468852
12469154
12469287
12477911
12485384
12494833
12501754
12506949
12514614
12519277
12523096
12526162
12531560
12537252
12550401
12562779
12570258
12582615
12583349
12593927
12594536
12596354
12596710
12612346
12627022
12635761
12636805
12639877
12649839
12649930
12653339
12656441
12662652
12663238
12665235
12670327
12673875
12680417
12689256
12698170
12700946
12716998
12724157
12726440
12755057
12759633
12761283
12776359
12780718
12791952
12792906
12794016
12794424
12803471
12809153
12830410
12834422
12839921
12842811
12843778
12845917
12850208
12878177
12880503
12889423
12893378
12901533
12907974
12911949
12915503
12925798
12929257
12935372
12955566
12972944
12985444
12997007
13011480
13020645
13030509
13041809
13044344
13050386
13052618
13053740
13058730
13065180
13074888
13113543
13117914
13118071
13126424
13142550
13145229
13145969
13148080
13158146
13160317
13161090
13166034
13170159
13192258
13192663
13209250
13211406
13222709
13226995
13231785
13232873
13263010
13265474
13272173
13278876
13296076
13299475
13314391
13321086
13323221
13361831
13379651
13383308
13384343
13387069
13393016
13399340
13403901
13445567
13455791
13474690
13477305
13478293
13478571
13510364
13555236
13556834
13562351
13568119
13583845
13595624
13598671
13604298
13619896
13635349
13648672
13653526
13663612
13664735
13664848
13670310
13672479
13679900
13688539
13697634
13698310
13723552
13757631
13759500
13773807
13776469
13785050
13790793
13793986
13809131
13815779
13818757
13830078
13832054
13832287
13847554
13849480
13850289
13851775
13851944
13858785
13866592
13878015
13878109
13905933
13917696
13928135
13939577
13953801
13961413
13978333
13982647
13982680
13983783
14006136
14035613
14039279
14045458
14065690
14067741
14073502
14075215
14077960
14096736
14099375
14101306
14107065
14119539
14128315
14131401
14142324
14143836
14154288
14156047
14159391
14161150
14174901
14211341
14223731
14226879
14233558
14234751
14235211
14237890
14238643
14244139
14247655
14266521
14281051
14282442
14294443
14295332
14295391
14296521
14305170
14307761
14311674
14330401
14330405
14334203
14339878
14346034
14349131
14354369
14359148
14372147
14395595
14417228
14428929
14444824
14464895
14469725
14524982
14530497
14537603
14564417
14567016
14570767
14570814
14599800
14601043
14602461
14609045
14618437
14621978
14629414
14629915
14647976
14657740
14672404
14696457
14706477
14710072
14724876
14739735
14747347
14757819
14785312
14787484
14807499
14812871
14835077
14845325
14848277
14849652
14855874
14860941
14863982
14896439
14899794
14900058
14903591
14933261
14937107
14944366
14955029
14961558
14967347
14971608
15005103
15018680
15042885
15069338
15078869
15082630
15087362
15103975
15112190
15115577
15138197
15145068
15154496
15168631
15171879
15199919
15204525
15204602
15204972
15211531
15220973
15225615
15233331
15246257
15254085
15264342
15268599
15274205
15277098
15280688
15284828
15298028
15298303
15303068
15306292
15309394
15315387
15317693
15320991
15322076
15324653
15327412
15341510
15346436
15349406
15351202
15362021
15384219
15385025
15394187
15395030
15398548
15416676
15429249
15433265
15433690
15447191
15454128
15462080
15469997
15473802
15475651
15477299
15484229
15493682
15499829
15500325
15504975
15507513
15511154
15519187
15536767
15542558
15546325
15593131
15607517
15607549
15611423
15619434
15620108
15626406
15626698
15632131
15640012
15641454
15646794
15663007
15669516
15673974
15678733
15689623
15691024
15692598
15725491
15743441
15751255
15752161
15757893
15760458
15773351
15779743
15791627
15802371
15813079
15902174
15907883
15909777
15913900
15916031
15925575
15927251
15933158
15943665
15951864
15953511
15973691
15981012
15986989
15998689
16002353
16003018
16016160
16033325
16034455
16039277
16052527
16056262
16058548
16065970
16072817
16119852
16120789
16129488
16133840
16167732
16182556
16204363
16208498
16212568
16226085
16264214
16272625
16318575
16333397
16351181
16357133
16377215
16380802
16410823
16417169
16466643
16480553
16484905
16496316
16504131
16536024
16580065
16598418
16614751
16634809
16638920
16648203
16654879
16655436
16656999
16678501
16704574
16781901
16796970
16806109
16806459
16826444
16837378
16848385
16862791
16863581
16881030
16913461
16965073
16993107
17005085
17035950
17065362
17068131
17087633
17096399
17102130
17110546
17132679
17146421
17149948
17175438
17186523
17203680
17204753
17206154
17207024
17214442
17231154
17253742
17261235
17277852
17278226
17285864
17290126
17302943
17303209
17307320
17314134
17337035
17351808
17398780
17400522
17412369
17425581
17432710
17438667
17440443
17448946
17469477
17477463
17492208
17502939
17520661
17525129
17526992
17530071
17536768
17540894
17544890
17553354
17574214
17577851
17583115
17586384
17587680
17593878
17625195
17630665
17632406
17658948
17677188
17681481
17684051
17687759
17700959
17709484
17734928
17764177
17781522
17787201
17788632
17794218
17797762
17841769
17842191
17848482
17848719
17858667
17876924
17884715
17886381
17901053
17902032
17910588
17951309
17975202
17997262
17997944
18012451
18013571
18016899
18025298
18029327
18030288
18044454
18061191
18070511
18073084
18089704
18100405
18101785
18102699
18108432
18111852
18118386
18129755
18137082
18158114
18166886
18167799
18169805
18183756
18195199
18225505
18229055
18231758
18248164
18255725
18259237
18266800
18288441
18293932
18318459
18338868
18346425
18347483
18355276
18358927
18361870
18364613
18366136
18385105
18397814
18417662
18419969
18422490
18435971
18447116
18468022
18486662
18510665
18547204
18564857
18572822
18574289
18589584
18605637
18609569
18620620
18636631
18650383
18652611
18687801
18697743
18717175
18746756
18775817
18788990
18791653
18798423
18828580
18867615
18873363
18885040
18933671
18934864
18951711
18960394
18961093
18964122
18971215
18981633
18988802
18995603
19014774
19019648
19024879
19040906
19051236
19073440
19105276
19133955
19142117
19156729
19157502
19179308
19208112
19217686
19224053
19239595
19258478
19267465
19277008
19277709
19284121
19287269
19288172
19292605
19311898
19325014
19327638
19329308
19338274
19341821
19347112
19379688
19404357
19422869
19446962
19468628
19477307
19491458
19499143
19502772
19537472
19567859
19582700
19603115
19605313
19619766
19647563
19648134
19655752
19688490
19715315
19716053
19755994
19764940
19779268
19784571
19788805
19823111
19829219
19835214
19839111
19848029
19853034
19891384
19907661
19915359
19966960
19993111
19994094
20014017
20058439
20072526
20112488
20128644
20130377
20154072
20156202
20182606
20225963
20245485
20246308
20258543
20320505
20328092
20344660
20404927
20424054
20429073
20449451
20477226
20499640
20509752
20519906
20529062
20530075
20543186
20570725
20572211
20574228
20630480
20634006
20657098
20657172
20682677
20691374
20725748
20767684
20767883
20800001
20802453
20804370
20813957
20822384
20824483
20826048
20827036
20837849
20898940
20904258
20923366
20937302
20940553
20963784
20967281
20975192
20975698
20983616
20990742
21000830
21019296
21019367
21054240
21057313
21059450
21066005
21071973
21125966
21144507
21146317
21156117
21175194
21207729
21211591
21213840
21248250
21248712
21264983
21265801
21328299
21372979
21378536
21416745
21431139
21433935
21448575
21467089
21472633
21486110
21501747
21502203
21526185
21542805
21561931
21573546
21574298
21584178
21595915
21624132
21632420
21637717
21640399
21665044
21718297
21737139
21756058
21764283
21776392
21800255
21803642
21834749
21844402
21875356
21890847
21892315
21976407
21979553
22042321
22047508
22090459
22101313
22113139
22153014
22178769
22209873
22215353
22243716
22251588
22283124
22337190
22368129
22388131
22395391
22402486
22409487
22411887
22429524
22434436
22445011
22457842
22457872
22458779
22464994
22470622
22474323
22474883
22521120
22522228
22548358
22549243
22555276
22567554
22578412
22587052
22593063
22602660
22618932
22641996
22644299
22677701
22684671
22690663
22697749
22735540
22739581
22752041
22753202
22781174
22824234
22836750
22853597
22883804
22884867
22936716
22945515
22945767
22946147
22965479
22997843
22999938
23039904
23047213
23051695
23060886
23069974
23084096
23085829
23096954
23122118
23125557
23187451
23192879
23243299
23251548
23260754
23278805
23283389
23312834
23335526
23460946
23461819
23467888
23471586
23477235
23489093
23495988
23499778
23511230
23530948
23571309
23575796
23588962
23589715
23599940
23625906
23641744
23654233
23691032
23698105
23698291
23707475
23725180
23733605
23746449
23759547
23786209
23833812
23842254
23850988
23866052
23871288
23881476
23893649
23927688
23938743
23939940
23953994
23966555
23966745
23970321
23972703
23976122
23976479
24007033
24026936
24030964
24037716
24065345
24075509
24080009
24094427
24110157
24127059
24152008
24162092
24192593
24195140
24209733
24213291
24259050
24261688
24266181
24294492
24310621
24333031
24347494
24360019
24362430
24367063
24374649
24406249
24424067
24476118
24477562
24488475
24511790
24516087
24531377
24537167
24541986
24546229
24552383
24590848
24636824
24653895
24654921
24676718
24726893
24756459
24887535
24927754
24948268
24985196
24993827
25027196
25031840
25109552
25137485
25151122
25155780
25179794
25194895
25311990
25314100
25328325
25355233
25396420
25481770
25483264
25498844
25518929
25554328
25574119
25587802
25592491
25601382
25620008
25657610
25659127
25698477
25708799
25731761
25743454
25746372
25753164
25757746
25759380
25760755
25767936
25773890
25825837
25839063
25853049
25857311
25857793
25888596
25893478
25904021
25912139
25934369
25940708
25945301
25953314
26013922
26026957
26052110
26066953
26107898
26188201
26192025
26209921
26227471
26289082
26339691
26374999
26386798
26387010
26447372
26467264
26497147
26536831
26552134
26569720
26574345
26578688
26597891
26609931
26643273
26645665
26661183
26745280
26756271
26774196
26800193
26802176
26826138
26826460
26830938
26853806
26860129
26870601
26892836
26910498
26917762
26925149
26971736
26987942
26997352
27001622
27003770
27016565
27040745
27059894
27244969
27252511
27310058
27314711
27323221
27370115
27401157
27411391
27417276
27461232
27466393
27508266
27513737
27514248
27514948
27520825
27537319
27597325
27605216
27621309
27705650
27708012
27731335
27733029
27782845
27859288
27876603
27897840
27932498
27966007
27984135
28016438
28017206
28035513
28048718
28076964
28088018
28097468
28111365
28239107
28239297
28285122
28379363
28383547
28383869
28397815
28435925
28444689
28449495
28468449
28492043
28534262
28538985
28600308
28605413
28617858
28636104
28660915
28673746
28689228
28718547
28747434
28771240
28799222
28823044
28831742
28845604
28854087
28924452
28952605
28962478
28981374
29045574
29140938
29141170
29142757
29149965
29204059
29206849
29208808
29222817
29267157
29278358
29308536
29324768
29343417
29371590
29393404
29439242
29445086
29457236
29462540
29493150
29547978
29561697
29622820
29645511
29699636
29704620
29717979
29756619
29790987
29801570
29808601
29946657
29999849
30008719
30027790
30035259
30181404
30274588
30303108
30366216
30545996
30572857
30577590
30629331
30727451
30732406
30766845
30785218
30813337
30843852
30852502
30887455
30937398
30972181
30975429
30977463
31292638
31362139
31502199
31523483
31592091
31767562
31847917
31853827
31866617
31894514
31901318
32011196
32022548
32164643
32167991
32169733
32172154
32219736
32224283
32234905
32346486
32622231
32753467
32754184
32756710
32757474
32817989
32891652
32918183
32920594
32937052
32945489
32960481
32984674
33002836
33023752
33027301
33053862
33058704
33170471
33187514
33242354
33327403
33396833
33428601
33472938
33486674
33565836
33706278
33723106
33896783
33981960
34061084
34274295
34337031
34359387
34386547
34404452
34813901
34843146
34861034
34881800
34891883
35017892
35138741
35179101
35242474
35244944
35276024
35385343
35465070
35523302
35561747
35578052
35624316
35890369
35984443
36154311
36160153
36184483
36406632
36409503
36582594
36936289
37029505
37052591
37061135
37213449
37286438
37291878
37298859
37309868
37351049
37363195
37364807
37460390
37471652
37610363
37645895
37693490
37831189
38155081
38336268
38430258
38465402
38657615
38665897
38671103
38696815
38815182
38905285
38975166
39165747
39399251
39502395
39548490
39586689
39643043
39750830
39827803
39954292
40050594
40096198
40119663
40342167
40778260
41008504
41021075
41183838
41253786
