0
1
7
128
299
562
1250
1555
1732
3700
4393
6905
7443
8747
10208
14981
16063
16660
19082
19571
25391
25412
27401
28321
29186
34009
34593
39465
40175
41599
42463
48226
53645
54773
56204
57632
58188
59414
60712
63329
65657
72568
76600
77577
81536
81887
84958
85223
91836
91856
94531
96631
102373
112765
119352
130490
140199
142676
145986
146809
146854
147785
154344
168811
172941
173384
173476
174987
194215
204298
206099
207258
208968
213790
219772
222199
226859
233629
248971
262190
266093
271354
284525
284716
288074
289821
296872
298759
321597
325693
331503
334363
334405
337774
356403
367398
376939
403597
433260
450975
453564
467313
467470
482833
490252
504640
532344
542396
544829
560829
581614
581692
593595
601724
608456
630365
674547
677143
681752
757989
761493
768013
779178
798057
807765
811778
815202
833047
865672
875285
881790
886624
902689
911416
916043
965666
991963
1009133
1018982
1058532
1098667
1128434
1135393
1140605
1141506
1141558
1181107
1187456
1192527
1218057
1223936
1260893
1269913
1302958
1309784
1318962
1349932
1360123
1376047
1411223
1445642
1449542
1454190
1487144
1489956
1504822
1561607
1563748
1605290
1629767
1676052
1683546
1683625
1697648
1784377
1832010
1837967
1865584
1875356
1897088
1935160
1992054
2007468
2011062
2032323
2069879
2070533
2094029
2120717
2149861
2190708
2203009
2217247
2237225
2260091
2307010
2366713
2414071
2424065
2444232
2469422
2499792
2507238
2516402
2532057
2561450
2583596
2594110
2685713
2700766
2830596
2875528
2880025
2886414
2886542
2890583
2902101
2917771
2972404
3013423
3018551
3030999
3069724
3072423
3077038
3087043
3148941
3164343
3174485
3185392
3216086
3240705
3244123
3268671
3335427
3348709
3353728
3380158
3489688
3522817
3533875
3575683
3625532
3658153
3713008
3777714
3793993
3817489
3834412
3845988
3853547
3865264
3908336
3929695
3947763
3949570
3954703
4006848
4050904
4081105
4082196
4082907
4100982
4111439
4145009
4149673
4161527
4229950
4290441
4298170
4350709
4355113
4368171
4384780
4389737
4406103
4425333
4444667
4462150
4476618
4480303
4512826
4534460
4564243
4572964
4579158
4597021
4648907
4663905
4671971
4748122
4748924
4791011
4803384
4815490
4867978
4867980
4870943
4876513
4888050
4894694
4983671
4985051
4998216
4998524
5004428
5012036
5022049
5066900
5083255
5151008
5152306
5154906
5164879
5187329
5190999
5214603
5223690
5261664
5299544
5325781
5338450
5347996
5421656
5459505
5555170
5577016
5650077
5651567
5662907
5735262
5759085
5764670
5824533
5875710
5887366
5898488
5909486
5935362
5979348
5985453
6219991
6271199
6332849
6338728
6356306
6371353
6400929
6467200
6485639
6526691
6527203
6635639
6637125
6656598
6682483
6688492
6730675
6755932
6837396
6858255
6858529
6917667
7007002
7072388
7150869
7162371
7233602
7503205
7570110
7577049
7590350
7591456
7664670
7687786
7689067
7690560
7695453
7794025
7914136
7970688
7979050
8101322
8163500
8169119
8288756
8305997
8307145
8332565
8435364
8498911
8554266
8594566
8683933
8713705
8760897
8799110
8843078
8897863
8900246
9051863
9070545
9208197
9258764
9279019
9359415
9371994
9486038
9517655
9563990
9662428
9697537
9765191
10076664
10106781
10230330
10267961
10326307
10715087
10890800
11132091
11164933
11178855
11201340
11215519
11250956
11263732
11379731
11470211
11476676
11514135
11537940
11610631
11667553
11671222
11676399
11748016
11805481
11979194
12207823
12245921
12246614
12272965
12596354
12792906
12985444
13011480
13058730
13148080
13222709
13619896
13939577
14107065
14142324
14143836
14234751
14295391
14567016
14570767
14618437
15416676
15511154
15620108
15692598
16120789
16496316
16654879
16848385
16993107
17146421
17261235
17625195
17700959
18318459
18995603
19014774
19277008
19341821
19582700
19603115
20813957
22209873
22457842
22521120
23698105
23707475
24075509
24127059
24511790
25396420
25592491
27401157
27932498
28468449
28952605
30785218
31847917
32920594
33170471
34404452
