8927
3023
62123
14438
11942
7552
37336
62996
19345
73943
47044
122475
66089
2755
42904
27333
1153
52974
56286
31008
73211
21194
16766
6096
10784
26581
43863
5694
18399
13671
4110
12497
46787
10511
7975
65836
45122
9027
10005
24846
4754
9797
25514
9259
17486
41560
7744
22844
5180
32907
71597
65425
52175
7775
31013
13456
1312
3443
33915
59357
30397
12965
17505
24727
33103
13027
38067
40935
13277
47949
4402
97475
4359
5656
20997
3995
31413
66506
39806
58790
10799
5201
39123
56769
17815
26188
44387
29409
3366
15018
59206
11361
13331
9892
34826
16905
9796
2008
11358
6323
41006
41703
17096
27094
39028
43104
47028
9283
35078
12839
19425
41530
90259
28346
52468
41024
307
23123
14999
14891
2860
2807
63214
2050
55952
23189
5736
8862
83579
5287
22522
4078
12701
83839
17203
9514
29721
59296
7762
7074
7046
27191
2418
30932
37159
13276
9780
18969
8878
50395
9033
35965
30743
2678
53492
2780
1744
89974
4259
1022
21336
35219
2423
19849
27234
5239
24628
3527
6662
2339
64956
57178
102328
43251
70713
3507
11689
35381
63208
19256
31301
25079
5542
24090
79920
28303
38747
2383
103644
14165
113643
15831
50889
12471
2943
5475
15876
3931
104840
6814
182
21800
67767
122459
31380
36060
19330
47881
13237
11214
25072
99428
4533
60873
28247
18380
3309
25687
11733
5295
12945
8604
70487
8363
21013
14838
128964
48666
841
15244
43736
21509
40339
11219
40035
3007
65902
19536
46345
41075
45883
77307
50800
76582
6269
15544
27474
36264
69109
50330
22705
26811
24845
4936
33872
972
10888
30176
12718
19360
12909
9373
2512
43080
14648
24959
10399
35607
3293
6578
131446
13581
66848
16993
35644
42221
8614
4221
26168
37531
9305
3606
24903
24916
10032
10648
2642
14752
844
20397
19100
27424
84559
98800
51800
28901
154438
58744
5838
44686
22263
118305
12956
15824
5367
55437
30323
18686
3149
9989
96242
46226
7986
24147
83891
6169
31734
663
63883
13976
6469
20665
37389
28017
7950
5487
64208
4487
182568
5423
15273
33643
15626
11640
27834
1391
13342
39358
3031
7735
10927
109615
62273
32643
58274
9634
3205
4081
36445
45141
23442
8282
34947
29793
30660
5834
4484
71483
56983
58730
46184
47763
4079
28835
4261
16116
19732
1200
45168
25798
35092
4130
8721
37256
864
25164
19729
4975
20119
31266
669
12887
21255
107178
152799
17388
4203
48972
31261
61307
47045
48239
11708
84734
11782
19113
2565
14719
8362
14610
43250
82306
13916
2862
13388
20558
32168
25474
4925
50428
37971
75006
3368
4559
2832
30475
6830
13757
42068
96731
4863
50712
49130
15188
18388
24927
4558
60669
50131
22455
31148
15521
930
12891
2420
34792
23456
51402
914
3909
22674
29839
26174
11822
92929
93689
56666
65863
10037
16228
28947
15329
30170
18592
28741
57911
6880
17980
5529
1906
63908
84136
172062
12663
70555
18355
348
14869
10770
15236
966
34076
11496
57508
7708
88828
2137
47542
24018
5559
19029
2632
31144
10366
14483
2274
12853
41279
4666
59288
15190
11305
42533
21714
34294
3175
70673
1263
9197
32481
40502
3052
45219
24962
24374
27681
21025
61095
1455
22523
1892
37162
16499
42675
83461
150390
11510
38729
54024
9399
35684
37636
22760
25265
2909
5057
13751
22804
42871
8946
39626
7369
52166
43955
72449
6843
76942
15303
37116
10049
22842
71231
20938
53567
64248
40206
73114
11550
2821
200948
1092
6446
99315
19757
56679
53063
32886
5642
96419
14236
17560
38712
79293
89923
43232
4952
61332
85860
12359
53732
37470
95528
51986
46091
61287
72675
52504
30222
21672
3266
18955
35539
77611
12446
5331
4812
21807
26398
5577
6751
92221
3913
28968
78189
76762
7624
47340
22282
33651
61105
111831
29296
6026
30859
40598
117704
29876
70711
12323
45827
2081
21578
6605
9473
4372
14704
49957
5710
34889
22321
24925
35961
53671
8565
61576
4036
62885
46130
2628
75419
25942
1927
57370
41749
27653
31070
14305
27357
13676
11001
2725
4867
15186
7199
31140
12833
50526
1249
28664
65882
2903
50063
26290
2908
5433
26938
6988
40611
46867
61018
40201
27478
87146
7084
6076
77940
26339
41281
14392
39107
3910
45733
42330
1502
9653
18501
20623
10633
7179
26244
50012
37947
26164
20157
32925
4958
38370
29108
10125
33436
47697
54866
68703
5275
19902
69385
25589
4744
4103
62295
7034
31965
89227
81307
11330
19424
79520
4049
4715
10709
19601
32902
52493
37634
4080
17066
59309
66374
10525
69797
2925
5908
11164
707
20041
32555
45603
71101
9474
12811
65272
52746
11823
11953
110561
56774
94014
30481
24567
15652
1877
5711
33158
43814
22871
144100
29769
97504
24539
31754
13157
124482
639
12824
27476
57056
59263
1596
129703
19867
45891
106832
12829
12421
4346
139860
118187
18919
59214
40797
16768
37370
14331
7934
61910
52587
54086
6349
37208
24541
56570
17349
23795
9494
194460
21438
11405
32892
19392
26671
22761
32491
2439
4552
160082
40031
6878
23018
21843
7430
