66089
2755
5180
33103
44387
9892
5287
12701
2418
4259
70713
11689
2943
6814
21800
4533
3309
21509
40339
36264
2512
35607
3293
6578
66848
35644
3606
24903
844
15824
5367
7986
6169
3031
8362
4559
2420
3366
5529
1906
348
11496
2274
32481
1455
1892
83461
2909
22804
64248
2821
6446
18955
4812
3007
22282
40598
28664
45733
50012
41530
43104
10125
7034
10709
2925
5908
12497
24567
13581
24539
13157
37370
39028
10927
37825
12965
18380
15459
2286
43051
5344
1335
13722
89305
16657
12323
26741
90506
19100
3256
504
17285
4036
1267
16986
27835
12223
4666
2038
