66089
2755
27333
56286
26581
12497
10005
4754
9259
41560
5180
71597
12965
33103
4359
20997
39123
44387
3366
59206
9892
27094
39028
43104
35078
41530
307
14999
2860
2807
2050
8862
5287
22522
12701
83839
59296
7762
7046
2418
9033
53492
2780
4259
21336
2423
19849
5239
3527
70713
11689
79920
28303
38747
12471
2943
5475
6814
21800
67767
31380
99428
4533
18380
3309
5295
21013
14838
128964
21509
40339
3007
76582
15544
36264
69109
50330
33872
10888
19360
2512
10399
35607
3293
6578
13581
66848
35644
42221
4221
9305
3606
24903
14752
844
20397
19100
98800
28901
12956
15824
5367
30323
46226
7986
24147
6169
13976
4487
15626
27834
3031
7735
10927
45141
8282
47763
19732
1200
4130
37256
19729
20119
31266
3443
14719
8362
2862
13388
50428
37971
4559
13757
4863
2420
914
22674
29839
26174
16228
6880
5529
1906
348
10770
34076
11496
7708
2137
47542
5559
2632
11214
31144
2274
4666
15190
42533
3175
32481
8363
1455
22523
1892
83461
11510
37636
2909
13751
22804
7369
6843
64248
2821
6446
56679
4952
95528
51986
52504
18955
5331
4812
47044
22282
111831
9027
40598
12323
9473
8565
4036
27357
9399
2725
28664
2908
5433
26938
7084
6076
45733
50012
32925
38370
10125
4744
7034
10709
32902
37634
17066
72675
2925
5908
11164
9283
71101
65272
24567
43814
30397
24539
13157
12824
27476
57056
129703
17815
45168
118187
18919
16768
37370
7934
24541
17349
26671
32491
6878
54206
40057
37389
37825
8927
34654
26811
7819
4553
5558
54022
40428
9596
15459
25945
2286
43051
56050
40667
10498
28346
5344
26331
6524
1335
13722
89305
19904
64186
98195
22871
9329
22442
13315
66506
20898
53567
3368
73748
15829
57432
16657
182
20355
6808
26741
34405
1127
10152
23886
55969
4063
11942
90506
54955
41932
3256
39806
63908
12909
