66089
2755
26581
12497
4754
5180
12965
33103
4359
44387
3366
59206
9892
39028
43104
35078
41530
14999
8862
5287
22522
12701
2418
4259
2423
19849
3527
70713
11689
2943
5475
6814
21800
31380
4533
18380
3309
21509
40339
3007
36264
69109
33872
10888
19360
2512
35607
3293
6578
13581
66848
35644
3606
24903
14752
844
19100
28901
15824
5367
30323
46226
7986
6169
53492
3031
10927
45141
37256
20119
8362
2862
13388
50428
4559
2420
26174
9259
5529
1906
348
34076
11496
2137
5559
2274
4666
128964
42533
32481
1455
1892
83461
2909
13751
22804
41560
64248
2821
6446
2860
56679
4952
95528
52504
18955
5331
4812
22282
40598
12323
9473
4036
27357
27094
28664
38747
5433
26938
6076
45733
50012
32925
38370
7762
10125
4744
7034
13757
10709
32902
17066
2925
15626
5908
11164
65272
27834
24567
9033
24539
13157
12824
57056
129703
20997
18919
37370
37825
15544
5558
54022
15459
25945
13976
2286
43051
10498
5344
26331
1335
13722
89305
50330
22442
20898
15829
57432
16657
26741
10152
23886
55969
4063
90506
54955
41932
3256
19729
22594
71101
504
17285
1267
16986
27835
16679
12223
22664
32491
27299
2038
44799
9929
20358
21336
6437
4221
22315
10399
24868
45207
17731
28122
38662
9774
112606
28900
7484
5679
25452
25405
4085
10135
4806
83839
33882
36417
72003
18415
5239
6843
15692
9372
76582
34269
5045
20010
914
12471
2807
1033
79920
4061
8565
62123
22348
6524
20063
30397
14829
21483
13662
32264
1895
22100
60044
16393
28310
157503
