8927
3023
104029
62123
7703
29742
26762
34808
14438
29750
11942
7552
37336
62996
19345
73943
47044
122475
66089
2755
81307
157153
42904
27333
53656
1153
52974
35726
56286
31008
73211
21194
16766
115465
22024
6096
27609
10784
26581
5678
43863
5694
58052
85524
18399
13671
4110
34902
12497
46787
10511
7975
65836
45122
38343
9027
10005
16970
60407
24846
4754
9797
25514
40744
26647
9259
12778
17486
41560
7744
22844
65188
5180
32907
4868
71597
65425
52175
7775
57319
14391
31013
13456
77739
1312
5650
3443
33915
8518
59062
59357
68226
38389
76137
30397
12965
246
17505
24727
33103
104288
45746
13027
38067
40935
13277
34337
2223
47949
4402
97475
19990
4359
5656
10591
20997
3995
31413
66506
39806
51081
58790
10799
1022
5201
39123
56769
22726
17815
26188
5643
44387
29409
3366
15018
59206
11361
27744
6826
1024
13331
9892
34826
103210
16905
9796
32026
139860
2008
72202
1596
11358
13947
6323
41006
41703
17096
27094
39028
1857
43104
47028
47417
9283
79541
61095
21438
35078
12839
19425
41530
90259
20346
12891
991
78005
28346
19730
52468
41024
94984
307
27478
64754
23123
14999
14891
26163
2860
2807
63214
2050
55952
23189
5736
8862
83579
39011
17757
18244
5287
22522
22064
4078
43147
12701
83839
17203
9514
45715
57498
29721
13042
59296
7762
7074
7046
27191
73373
2756
2418
30932
37159
13276
9780
42897
18969
8878
4003
50395
9033
35965
30743
35803
30640
2678
53492
2780
1744
89974
4259
29526
21336
35219
26674
2423
19849
25588
27234
5239
8274
24628
94979
11055
1616
3527
55708
42457
6662
76589
49376
2339
77576
64956
57178
102328
11582
53208
43251
70713
5275
6760
987
9505
3507
11689
22971
30824
35381
63208
24374
37822
19256
31301
25079
100686
25772
86470
5542
24090
79920
28303
38747
2383
13008
46999
37358
103644
14165
113643
15831
2115
50889
16023
12471
2943
21132
5475
15876
3931
104840
18582
6814
182
21800
25633
67767
2565
122459
31380
36060
19330
47881
13237
11214
3384
222005
25072
99428
4533
60873
28247
18380
3309
25687
11733
5295
19541
12945
8604
9557
95032
70487
51619
8363
21013
14838
73090
128964
55619
48666
841
15244
43736
25805
21509
40339
42381
8110
51892
11219
40035
3007
72922
65902
19536
46345
41075
45883
24038
77307
50800
20531
97869
76488
76582
15490
6269
15544
27474
21827
36264
69109
50330
21746
32555
4312
37067
56407
22705
26811
24845
4936
33872
972
17541
28429
10888
30176
12718
19360
6447
59543
12909
43878
50189
9373
2512
43080
14648
22554
68356
24959
10399
35607
3293
80318
24054
73082
11401
93523
6578
131446
80786
60528
13581
16367
66848
16993
35644
42221
8614
4221
26168
37531
66271
35701
7118
9305
47552
3606
24903
24916
10032
10648
2642
5842
14752
30516
15053
844
20397
19100
44834
77499
49716
27424
84559
98800
51800
22634
28901
154438
58744
7769
5838
44686
3014
46735
22263
118305
12956
15824
19235
5367
55437
30323
18686
3149
22778
1707
9989
65167
2082
96242
6313
27077
23793
46226
7986
19462
24147
83891
6169
31734
663
63883
13976
51009
6469
20665
37389
57974
97865
28017
7950
4062
40317
5487
64208
6988
4487
126361
182568
5423
49085
2386
21021
15273
76304
23571
33643
15626
26759
11640
27834
38409
29813
1391
13342
39358
3031
45858
7735
10927
109615
27443
62273
32643
58274
9634
3205
69641
4081
36445
45141
23442
21711
8282
34947
29793
11524
30660
5834
4484
79520
22690
71483
56983
58730
46184
47763
4079
28835
4261
16116
4274
19732
1200
29344
45168
25798
35092
46553
38309
4130
8721
37256
22057
864
2228
25164
19729
4975
14599
59121
20119
31266
109855
66887
669
12887
21255
107178
152799
30058
17388
4203
48972
31261
61307
47045
46316
39287
48239
11708
10379
32060
1433
84734
11782
19113
22766
36772
14719
3803
26059
8362
14610
18337
10917
43250
31804
82306
76762
55181
13916
2862
55453
13388
20558
32168
25474
142463
4925
50428
37971
75006
52695
48793
3368
4559
2832
30475
31472
6830
13757
42068
96731
4863
50712
49130
15188
24865
5581
170444
19853
18388
54086
24927
15246
30337
85857
50786
4558
40050
127532
81985
47827
60669
45666
2785
41195
50131
22455
31148
27968
15521
930
2420
34792
23456
67075
38780
40493
49253
51402
914
22713
3909
22674
29839
26174
26380
11822
4314
52431
92929
116111
93689
56666
65863
10037
54531
109347
16228
28947
75543
43918
15329
30170
116404
11536
18592
1754
28741
5993
16426
2735
57911
6880
17980
13054
5529
45797
18827
27175
1906
58814
63908
84136
172062
11342
12663
70555
18355
348
14869
10770
15236
3479
966
70104
34076
11496
8713
60689
57508
7708
88828
2137
50484
27723
23789
64058
47542
24018
16763
5559
19029
2632
16857
15825
76747
31144
42663
10366
14483
2274
136728
12853
55252
41279
4666
59288
15190
30262
20750
11305
14961
25743
42533
21714
17221
34294
3175
74717
24091
70673
1263
9197
42951
8697
32481
40502
67483
3052
11034
45219
1577
