1215
1489367
33625
54480
42463
50516
94996
43052
293399
52171
10428
52977
13664
8450
52220
12368
293397
9765
6396
50489
29783
664951
6395
9805
6431
18607
52022
18632
23205
4435
52154
1987747
27987
2790787
347788
9766
53767
245569
196888
253467
43303
2806
21471
1554508
12602
63840
52984
9777
312786
77918
9818
447075
6157
18154
53252
58926
170465
54974
1071903
146797
9783
54465
34005
107523
211041
7486
407715
182984
57045
39407
200162
45468
155706
213088
56256
81
17790
6398
49288
55060
9772
19682
55776
211039
38903
212773
6697
21591
211048
5442
261281
248852
12369
864242
40985
2636278
2163137
817231
20173
9767
16408
567946
10330
208908
488188
15510
6693
5636
3884177
77451
53236
53777
6698
20131
558545
53947
9794
52669
34684
249689
76332
68225
52062
170786
1737672
321464
207610
9261
48478
6
57303
9787
78458
12370
38254
8871
520370
4320
2890225
55514
23091
1320079
865509
4128
23265
344027
616027
1754834
24237
50125
52153
7832
327058
6691
3268914
1335215
9851
1967
282385
2883
269411
208336
11509
213588
212920
155429
9779
53251
22591
25995
15527
1338357
3063
77563
174095
15524
8355
2181580
6744
13204
17801
4492
55732
3389
1858695
6672
81297
487724
55444
236411
77454
33572
6728
45458
114646
2896
334926
1124609
17603
46638
77961
17792
470862
2989
485715
107518
29698
1656377
6732
53198
43300
182367
1072689
504915
12839
53232
169788
16764
77455
2692
38796
257791
34610
8049
16033
58764
75598
13296
259058
187509
81188
675
423255
42497
198293
20934
2890
180635
3942875
160135
101709
10646
269196
13293
107548
11708
13875
18630
16759
244640
27227
332088
21710
346682
231066
2051623
704935
13294
64695
87974
27398
1263
3878621
161357
6147
88686
706
29092
3301462
4129
324541
268667
4587
501490
311092
382932
305029
78132
23132
1306826
322008
1127513
142031
38465
2892
2811
206265
76506
78444
76327
82751
18882
77064
9558
4334
140656
177607
33703
278041
202020
