1215
1489367
33625
42463
50516
94996
43052
293399
52171
10428
52977
13664
8450
293397
9765
6396
50489
6395
9805
6431
18607
52022
18632
23205
4435
52154
1987747
27987
2790787
9766
53767
245569
196888
253467
43303
2806
21471
1554508
63840
52984
9777
77918
9818
447075
18154
53252
58926
170465
54974
1071903
146797
9783
54465
107523
211041
7486
57045
39407
155706
213088
56256
81
17790
6398
55060
9772
19682
55776
211039
38903
6697
21591
5442
248852
864242
2636278
817231
9767
16408
10330
488188
15510
6693
5636
3884177
77451
53777
6698
20131
53947
9794
52669
52062
170786
1737672
207610
9261
48478
6
9787
78458
12370
38254
8871
520370
4320
2890225
55514
1320079
865509
4128
344027
1754834
52153
7832
327058
6691
1335215
9851
2883
269411
208336
11509
212920
155429
9779
53251
25995
15527
1338357
3063
77563
15524
8355
2181580
17801
4492
3389
1858695
6672
487724
77454
33572
6728
45458
114646
2896
1124609
17603
470862
107518
1656377
6732
53198
182367
16764
77455
38796
34610
8049
16033
75598
13296
187509
81188
675
20934
2890
180635
3942875
160135
10646
13293
107548
11708
16759
244640
27227
21710
231066
13294
27398
1263
3878621
6147
3301462
4129
324541
382932
305029
78132
23132
322008
1127513
38465
78444
76327
82751
9558
177607
