672244
94185
93539
155186
37300
1073128
20457
795
8617
94524
104171
3478
212420
2711
384
19951
20989
850
28179
108477
93528
60309
2686
4847
661951
6472
75183
241905
138992
2525
160264
108463
179121
21604
1041416
220916
805
537
23133
661421
4856
644577
104149
642672
37334
27760
3813
21187
13024
30295
62853
82306
7023
3119
673305
20052
1210
21466
642
62629
79689
62638
649209
3025
643151
697819
94199
21020
8319
78446
701
20049
122763
2462
20529
37353
96360
9286
10826
1813
75179
30951
28959
33772
6235
637244
30776
7347
1257
95848
3459
457697
11988
4790
110046
23596
18763
8791
2898
26352
657448
643335
4776
642536
2962
642504
20125
17874
1232
360505
19923
672652
10009
23462
20048
2234
1530
660571
112392
67
103426
183729
775
164636
69875
62584
33783
643985
4733
79272
108796
274921
84144
11395
9192
114447
2444
153
962
638922
79635
15143
94578
44751
1251
1019953
4188
20592
658459
192714
20659
676883
9239
117939
30788
5995
46195
75020
96926
642509
33623
60611
689971
7577
1887
10967
19074
954
104690
645702
214187
38308
20829
8141
63528
77260
660639
715780
4301
189343
660216
97260
1112
9358
219819
1411
13567
677561
646745
21159
24064
8108
4384
656668
101442
529
636736
20145
107408
93857
77316
153277
41397
3473
1
21627
640047
22746
20199
6459
125849
93
175669
2732
4235
77327
107928
33129
912
4833
31028
71067
90162
4799
37398
101600
19988
94739
647829
79243
20227
305515
11778
4234
2242
66013
7621
18894
4739
20874
94184
17716
2087
681268
907684
3551
1071
513
5701
622419
709
47543
27976
108439
649214
657619
866
20256
17270
642613
4418
22892
203
9734
27038
106959
5129
18619
27358
3009
643474
773752
4910
3
87093
706
167
1029195
686673
1983
194880
676936
11921
61716
10242
4312
21447
661996
648298
3458
26948
4196
37403
643765
3606
104196
2058
1305
3506
640016
51892
373537
9840
1847
1010
660072
60317
85052
1242
1600
7878
17685
9742
663582
101951
4501
20483
57407
20720
71060
4082
20129
26856
60203
1925
18943
1845
79927
884
86177
3371
6510
28535
5134
1168
44
20216
226625
101921
3750
75025
883
60426
4843
661070
2131
24042
312340
20603
63993
25709
208974
206141
2244
939
10418
38017
18302
1070001
71251
30225
26334
9383
63911
4435
91961
118297
125251
700
807
104698
26479
6395
86340
809
2548
337884
482708
1218
252958
18371
5905
3604
660234
1124
5594
20880
66016
33626
3477
63543
172933
9027
14812
642571
1016
69794
160769
27259
24420
7915
66565
8368
3727
247255
88672
123978
694116
62518
30862
35660
123040
59369
104534
17927
160789
6779
320049
8591
20580
1228
697830
719
188936
2423
24061
146021
104696
20687
17299
717
58097
84449
653253
3976
6815
660570
16260
62826
106347
42
78451
1275
22210
134129
194440
93296
227895
645172
5698
839
27881
24616
155423
8956
6210
1176
1160
20643
6674
9895
2775
11879
6722
63923
759077
115673
1384
665214
33849
4220
18147
21312
105821
1011763
6473
3046
951
645596
46218
62726
200394
20999
4248
105014
644120
6754
1069
89748
22471
122853
36670
14250
1009462
642753
4398
170155
7166
133389
1082937
71240
998605
3796
62828
85490
14147
5035
162026
138511
228945
679347
15895
25157
21408
131027
23129
21
8213
20011
662437
130338
8256
5693
143923
4991
1796
822
130997
96698
11009
20534
31475
6457
640862
15691
29149
33688
38301
107977
341613
829
118479
1985
11919
956
96
1808
566049
640364
1999
3225
20508
21347
15365
643161
21147
2693
72485
66341
37130
1489
5572
13771
2422
4848
5987
2194
20758
98174
20422
17283
49933
1156
61867
665749
6345
59836
153926
2095
7682
1063987
106354
7784
73213
112301
23947
24198
38374
23429
20432
37952
90863
4406
3162
12579
2240
642782
4139
106984
107678
10634
649240
8745
706780
1179
3015
2420
3578
1202
919
44005
7005
7606
644353
4942
90811
78730
4889
114385
22088
20394
87959
2507
3959
607
5702
650456
3916
1750
18420
103824
3403
662194
644543
25256
12094
1885
83626
401876
59688
2245
642490
37315
222240
11914
197843
660793
17404
77
838
1450
60606
6533
639471
4800
57840
70413
27543
13503
1860
8839
9429
690
650993
885857
7895
445
131135
516
11479
112330
7790
640363
62127
16346
106143
4314
3508
7356
2855
1715
3862
71221
4443
175794
110904
1203
190657
96567
21081
16115
5135
20898
11849
24184
20753
4979
4177
234784
2815
8665
95734
13846
68027
451731
32881
3948
9883
11793
1910
93764
66342
653432
93977
2166
1008561
3207
37598
642877
656342
62833
131859
684219
104540
93511
642499
20325
677039
8423
9348
6067
375
1351
10007
59979
123220
77330
3511
646687
4958
9344
210612
8809
26639
20041
847
112737
5160
1068955
20363
101639
28514
21341
175786
104031
11484
639
17292
4012
646628
60211
643278
11886
13600
37277
649232
114984
4185
23007
104236
307548
92745
63585
108221
22816
51821
101695
1066251
1024
5464
28206
60913
644920
6267
2107
4860
68175
9405
153702
47804
10284
136992
43410
1059
22705
5148
9021
2673
91861
649411
20881
5394
4787
25933
20185
3883
78577
655623
6216
649251
690002
5960
37339
694932
50592
59970
2710
6721
22888
4459
3085
661399
2049
2820
91995
4241
4724
18123
106990
12114
20836
102610
643177
10031
2982
1044927
4935
3215
60362
1243
344033
8131
3500
710
192010
11413
20843
20234
707
32110
4986
4897
114468
24585
7789
90542
1574
99166
51832
1273
642478
221169
4980
1023
21472
280252
642838
82
3647
4773
69791
902
95611
77336
638610
7487
21033
765202
662634
29590
1239
5093
1592
6429
4305
1267
3168
649250
3921
213776
8879
646193
21120
11350
20572
20672
104131
105791
8548
37961
658204
29769
692623
75543
660328
46679
9061
643569
21935
20817
20538
648375
35896
732340
17275
649204
24739
20713
63838
60083
202026
1226
643183
21017
3903
162223
37352
8874
2076
60322
426134
657449
10549
90589
1041808
72512
635970
3211
112201
3708
1068
137363
1707
107558
5425
657503
72639
781521
8969
93945
20278
88985
97297
2344
10496
22014
8640
14541
2810
126133
3673
684221
11870
128675
5204
112773
1886
6751
660345
84977
27463
9038
195579
126291
732826
20933
2608
1009453
2378
9804
1922
27329
5273
78640
640579
645693
116
64787
8476
101699
63544
20231
3537
20349
657919
800
4751
21289
1085146
20157
75044
37661
3683
645688
108561
209
649310
3935
77838
2809
21709
104537
10236
69460
11813
649266
810
3974
122891
4852
63622
303713
33860
20024
3306
17955
41815
9206
62903
665596
1012
248393
104127
12366
92262
3728
354470
77110
37027
21685
2538
905
4141
2031
2301
69931
27985
2701
20345
11877
19875
6576
4555
3394
4049
22486
61491
25845
71091
38282
77294
20012
11905
1159
77320
91298
7887
40403
8834
643591
17342
176953
60392
2134
4221
772
87758
11900
97346
117224
679090
11945
434141
75060
60341
2037
20876
31453
1271
406019
77217
3568
33741
6331
79719
30952
63668
7925
71127
2844
104697
129372
676940
63870
109988
20180
1528
18436
153647
180680
646231
20780
1368
2026
199860
1294
4320
5139
1819
45154
75027
3446
4905
77240
966
435225
96350
3227
20595
1657
29504
17391
19462
926
108601
642464
105386
126125
102936
4767
469
279476
635830
83377
672473
30303
31842
11238
907982
70548
70141
2114
21070
62517
4351
33787
28148
807472
57914
6462
2759
77295
6466
3471
27792
10598
262190
4965
17119
23631
2105
1041717
1112790
1187
4541
7999
644688
21249
642664
182324
66500
112129
20586
69799
96424
3370
3675
5133
104541
891277
3402
93965
5048
1773
22033
494735
1834
18783
24536
62571
518634
743910
15585
1021638
71
132891
115240
84193
37314
1086053
20654
5462
515983
663503
737274
93930
36802
211400
83889
37255
57936
674081
30809
1265
2661
42412
164829
8934
4777
645631
298366
649184
88978
95
2720
95860
38352
13696
662189
20159
131024
112235
4613
660230
108785
72399
678165
714304
19572
18148
15763
101883
33164
718
1167
640636
2249
1974
4272
357530
36755
101902
6139
4562
20055
90888
136261
18054
6381
14702
68124
6778
89585
107760
78582
17258
3438
220754
30126
168057
23472
110048
3503
664092
20069
701317
3908
4018
947
105
77338
480825
111467
10419
2834
25524
20518
722
3581
28232
132538
18841
95109
25683
749451
124360
660164
123828
59608
1077021
71093
7883
172077
186704
672370
3424
29500
1890
101267
732815
5109
6475
60493
93074
5869
206
662159
60204
122688
663549
11916
62632
72524
11816
11303
60368
18878
8924
21306
93567
17
88678
3061
21343
69856
4318
729
6287
1063520
6440
702943
21321
75069
57889
27803
89755
4926
160814
77321
3457
889
641848
101677
63471
79558
81680
59846
36433
1181
2708
4303
638634
9255
280407
4820
181087
229031
3482
7863
662527
131599
166328
660238
28925
887
643374
1182
4239
3973
178233
11806
26414
2227
139
18858
9954
4915
1070
661924
1040337
29280
2286
48360
825828
3099
3516
123
681379
18105
649255
155431
21080
3217
9304
643213
744
642550
62744
10605
4814
20201
12194
94914
105327
27836
142358
713825
43
57911
642667
646367
643181
20076
47549
75799
108617
30374
21916
4902
123093
2363
28964
63055
460539
47794
77459
928
24033
62843
660523
649215
4102
1709
122825
649123
3802
111634
644036
113679
280435
18819
18854
5138
1026495
4062
6898
60528
645694
19999
30250
20306
1013167
20252
643035
230052
71098
43513
4781
30260
645727
20021
649273
20803
803
116989
248
9849
1188
279498
527
17238
5925
2425
157176
1261
1015992
159303
101817
22657
63138
3066
167815
27801
16172
6659
20415
6536
85327
640774
638817
3600
727861
325243
96886
130557
1048329
1041
122896
77252
97099
4112
10039
21013
644348
71178
198858
2316
323006
21004
6460
726
37063
77607
105934
107684
2197
9357
78273
3790
69320
2632
95945
108611
4667
21513
92796
73244
38384
14029
78757
640379
479
145655
686692
802
455314
2282
20137
196
20323
646419
636782
18088
20921
221749
17709
3481
3677
21329
12950
1850
3024
4987
60085
4456
20507
290
44521
637039
1063
2846
104533
927
103001
4259
23840
21660
8386
79232
184333
20902
20092
62875
12825
8000
616
94059
648308
71141
69853
78576
11869
20868
75026
18244
104136
33825
2900
1704
2161
8938
3405
35738
862
2122
27109
1259
17416
27849
26391
95941
705
4908
637333
165989
18364
2046
1316
14569
91942
2953
29974
39062
181147
728998
3139
802056
25460
36072
106976
87627
3665
734791
3231
886
59613
20189
3360
37290
7708
107902
390
25520
515150
758957
6328
272086
3048
3101
51841
186756
104132
32
16255
21499
642689
1011428
307599
111353
661987
11884
640017
114387
143842
6404
64117
2213
104543
70661
13449
104181
1064
481204
1121294
3197
20799
865
4653
657357
1171
90522
5037
18028
137052
20789
679387
1096010
22367
21706
4904
5423
1007584
28513
90607
89639
366
21100
20455
4718
639961
77319
100171
71075
647070
26850
71119
3803
657640
96945
3769
195547
36553
23933
646
142963
1642
94844
4963
5463
403
20964
9147
27814
133095
4946
63507
93269
4696
62921
122057
1587
24434
2724
122761
24977
684216
825
777229
22457
2774
114445
30212
3008
46
80175
645916
160697
1004461
60452
759687
96729
4759
676602
170114
29402
45391
642501
124592
5042
634
20166
94026
3433
27019
110194
8291
241
104320
7028
126137
31427
18938
789
11809
231216
80289
31965
18047
9291
9378
37355
684215
661610
5072
90
1822
660325
8898
18823
51616
636156
20033
88480
715450
426874
4028
100173
642768
20232
643467
758404
21039
26164
6424
643250
8571
713699
672637
21275
35016
110697
108464
18795
695405
518
662416
37201
199208
12684
383
1539
1224
642492
678168
1837
305845
160788
33876
24395
103913
4409
314220
20795
2825
125304
63878
874
3744
3220
676110
640628
1967
101482
167980
9531
61905
28491
4921
17263
734445
1097739
644567
4788
18571
17845
4630
47763
1007
21001
26084
94297
44012
1767
831
637262
701424
9366
15640
104683
21170
646046
4657
21029
69888
27774
16013
991775
20059
17267
39160
177006
36750
1269
36712
1319
1661
1649
86430
11837
1003560
63513
18679
62522
7827
645456
9051
74738
1190
20458
93182
642539
94401
9024
29664
28559
79641
821
713685
645647
103453
28908
20912
991906
675
9411
26921
21252
702852
88586
873
646255
21065
100127
646634
51827
741544
4293
642547
1107700
542
6269
914
4
813
191444
73236
36597
2251
4212
3414
94983
20754
4730
653564
18674
97284
702853
21351
742
110370
4144
305336
881
3221
8682
710072
3589
25715
3034
74794
282823
649311
19888
21237
714928
644786
20327
348
1703
6780
51268
75606
335
1081297
1354
141746
406
1708
1018614
17993
373833
66332
4174
24839
649092
27647
3230
1185
13737
1008
104125
3155
1244
5563
6425
3491
8705
667551
46868
90873
110104
151639
47409
94924
37057
11286
3408
62850
4368
4955
7886
71173
678999
643172
4244
23154
82142
661391
678108
643002
38337
20558
89985
20087
649283
4949
689813
407839
708998
4834
60900
23506
179192
296
249069
738883
96710
24803
1007994
71153
14297
124310
6518
78647
396761
11866
9377
6651
5203
701577
676429
14777
310
73279
644398
9321
197040
22467
102395
17148
96561
240396
3971
8856
90046
656631
20551
315154
5205
69813
174944
6675
491
649853
92011
10004
1015038
179149
105477
49687
114465
196483
5800
5690
9740
62760
1033692
3695
33
665215
71131
4741
640292
102903
1490
643420
29772
202176
9356
47555
661957
667483
3112
73259
32877
18481
18208
71121
21112
645626
3523
30444
10843
162035
186778
91958
642549
1499
1252
185311
129268
646129
388243
638614
269998
32542
123842
160560
680246
21868
65
649137
30131
643162
62824
658706
5860
660553
20866
698535
108563
160751
652673
3172
30256
223430
18172
78636
222602
643702
362
77342
2557
20071
78639
5234
714496
5455
8607
122395
252825
33541
20635
60443
37188
41561
31339
71138
95010
9161
124112
108623
3882
640858
77340
88732
649217
833
75567
402216
21783
510
22573
679657
37344
20494
23904
18972
1227
6375
846
44142
801695
643337
60423
784912
6761
38362
21599
277758
642738
77474
2782
3533
1958
20988
269348
3219
661664
827
111389
4383
20726
69833
4229
126608
646289
25097
663745
645583
18117
995816
661448
133185
693224
58778
20928
288
124730
18792
85054
2822
104133
15152
740743
3461
107600
1841
70137
4791
43019
60649
88709
646812
29810
20867
447
3739
18613
6018
22745
21957
643719
17725
451
27203
44004
20484
1061557
694765
801
7961
278192
9077
69863
104582
687
355471
275744
4735
26622
94140
107273
3842
94579
101669
1258
1311
100270
347330
94664
9394
521930
26213
20081
4728
268336
1899
11955
9402
1078
639371
27171
645507
778686
37068
9552
1032183
4821
666953
660236
14523
57431
1025810
63481
1018
38409
21137
22104
3999
10071
20638
20663
311
37250
3480
340
50561
28026
2559
106983
297710
20813
27320
6400
642861
907
21015
113768
673641
12926
70818
880
62842
5630
96919
2993
212536
103
228175
997937
1001507
151914
154085
153914
884110
95895
454
126107
727200
20429
4421
287958
77276
135771
11356
1063070
1246
222724
13697
197779
22551
1036
133563
80282
231819
3848
10111
91941
60955
1090958
254926
69807
8335
1018765
3899
96241
651485
3450
1118
204250
5803
275
1431
11963
194
3941
21076
1088
514
4347
234692
17762
21226
9935
406141
374671
5872
11931
480
