403
3424
642490
38384
268336
340
1190
105477
880
114445
23840
645693
280435
11879
1069
196
104136
772
1011428
21472
47763
1071
27801
21
94297
1182
939
672244
1258
1703
1983
310
1368
722
640858
642539
482708
2686
657449
110194
13024
479
1273
77838
2844
2661
35660
1036
4221
805
27836
825
643250
642861
1574
2632
21137
649283
638610
616
167
1001507
3
20363
2525
362
883
1244
686673
20921
155431
44012
1210
1845
1185
758957
660238
807
684215
20024
108623
642536
115240
37057
3491
44005
17342
3099
1239
115673
6510
375
4718
516
928
646289
4935
75543
802
27803
110104
20011
21170
3482
660328
661664
4986
8745
383
94026
27543
209
93539
1450
647829
1490
4735
3162
1431
5995
108601
1097739
1489
3523
27814
71075
71153
687
646255
18172
357530
1024
676602
643719
106354
2538
661610
684219
26084
831
105
103
1226
645916
662634
18858
