75543
772
1259
85052
1190
77321
104540
47543
25256
1077021
927
31453
887
20325
510
701
3231
63543
642549
60423
21004
2525
3219
20572
71060
37277
42412
649853
821
672473
3728
886
18938
644567
5234
1059
406141
21783
213776
6404
660553
248
155431
1530
694932
1107700
1041416
221169
112330
1316
2759
60317
991775
123
5869
234784
642877
22367
20754
94297
37314
86340
18436
646628
71119
78273
2846
2134
3099
11816
3477
153277
640858
62875
110048
1311
5693
63481
3025
23904
37063
5800
1071
51827
9840
928
209
114387
7883
93945
27358
18208
10598
660793
375
3471
676110
33623
104533
17270
17725
21170
20592
26334
5995
1767
4049
14250
51821
103
2608
460539
649240
714304
4942
4443
6395
6381
60085
20586
1258
657448
1294
129268
20921
1097739
1203
11963
4889
46
1574
139
1819
4028
1210
252825
18619
17955
29769
26213
2720
1351
638922
1887
93539
104181
24739
6328
33541
672370
14702
48360
155186
2962
4814
642490
646046
646367
77294
92262
28514
13024
4351
636156
5273
9061
873
710
63055
2686
90888
8879
136261
97346
2213
231216
4259
642738
1063
807
21685
20422
92745
2286
3604
2026
11879
3695
926
8476
3230
11395
203
2538
10284
889
1271
106983
20780
807472
4418
37339
21159
90589
3491
71138
645693
24434
21660
3221
104196
527
75567
1707
1244
3008
305336
8834
83889
850
20964
4301
18674
62522
676883
4733
70818
20483
5455
20494
643985
2423
1273
661951
20429
3335
47555
17391
3769
33772
254926
880
642768
4848
642667
643569
62824
672244
3683
18028
645583
9051
642492
7606
2782
94914
2673
33825
17993
93930
14777
5860
956
37188
698535
3948
195579
22457
59613
104582
2462
108601
5872
90
1489
31842
15152
1974
643177
10843
18854
63528
883
3405
2242
87758
6780
660234
1012
789
20252
62629
62518
8423
5093
4730
188936
5135
3394
88480
951
6139
2107
726
1068
21
676429
1850
77316
3790
642838
4781
6400
86430
2344
11849
2775
13737
1007
8640
1860
636736
2834
5129
33626
644398
1160
33787
137052
998605
16172
1985
5987
92011
57840
66013
4980
71
20227
113679
642478
69856
9038
1112
638610
648375
4905
27203
3168
57914
21112
89639
123093
61867
1587
33
91942
33164
146021
126291
3750
91995
684215
383
1999
1242
3973
77338
181087
69888
107902
732815
17263
9378
77295
743910
27647
272086
38282
115240
131135
649232
4910
4955
874
7999
402216
5203
643183
4963
20024
8969
12366
27019
199860
106976
3578
1910
1187
63622
6331
3046
3438
607
732340
3482
20349
20199
20394
96919
35660
27803
3424
13567
7961
104236
2234
1069
6462
60341
684221
101817
11813
195547
1032183
38384
71075
4456
18047
1246
41561
77
87959
125304
310
677561
79641
241
1808
93
373537
104683
649283
79635
810
57936
7878
19462
642536
3677
98174
6440
29280
2982
20635
3842
645456
1251
20323
802056
57889
643162
2900
713699
1657
1021638
51268
803
94059
645727
44004
697830
8607
20758
838
4843
325243
939
70137
20726
69875
9344
2953
47763
279476
4897
18763
947
21080
20829
3015
643719
3480
862
2507
59846
802
3360
1073128
5702
9147
1226
513
3899
4235
1450
2708
4799
24616
3883
28535
88985
4398
3457
24198
1009453
66500
23129
646255
1096010
616
15365
6425
7827
479
20041
104132
20999
3155
645172
1015038
73244
59369
4347
44005
79558
9734
269348
6510
2809
96945
1305
4082
22033
8705
22014
35896
646
11870
694116
3478
643250
2363
124360
664092
4141
665214
661070
3119
1018
3916
280252
21249
133185
17258
740743
21033
1704
2724
1600
95010
2710
33741
6429
758957
18105
3727
33129
66332
20799
3739
68027
77327
1265
529
19999
20928
1834
36553
85327
77342
1267
1033692
1232
11884
103001
16260
646745
29500
37027
4421
2245
4773
865
637262
275
676602
104698
5394
311
4562
20049
1490
112201
702853
21312
21237
4946
729
29149
21408
455314
11809
656668
684216
13771
60203
75020
1078
6475
9552
643035
13600
661448
16346
2661
11931
90607
69931
72399
6518
651485
6674
28513
7708
642861
672652
124730
643161
10071
396761
21100
4657
652673
268336
642689
3537
660639
644543
30788
4921
6459
7915
26084
374671
20507
12094
480825
451
72639
28559
18172
115673
18088
8335
8571
29504
18878
17238
38017
657357
8682
15895
51841
678165
83626
825
110194
60083
2548
2046
37952
117224
3414
357530
663582
21137
1845
638634
107760
11866
1431
20234
717
154085
38409
661664
6267
7682
79927
6778
21341
643181
37352
679347
658459
3959
123842
17845
2244
1007994
44012
105477
27760
36072
801
660236
1708
69853
4303
210612
78613
660238
833
21466
642613
100173
5042
6722
17685
1181
111634
20363
24061
8591
643765
162026
4174
4234
642539
665215
37355
705
5701
1528
13696
234692
106354
518634
77838
647829
11238
16255
78640
661399
93567
95895
104543
20720
25524
642782
104136
3101
362
93857
186778
640363
9377
2161
3446
105327
5037
643591
20933
2425
645647
2632
4935
14812
25460
20817
60204
45154
36712
3802
8809
10004
21472
1269
20415
8839
401876
38337
4856
27836
881
4735
28179
21065
7347
673641
18147
491
1261
1368
661610
2114
82142
695405
919
662159
37057
642509
63585
104534
17267
31427
1041
1124
106990
2732
3085
101482
4383
20912
2422
160789
4613
20306
9883
6375
10634
132538
1185
222724
4244
20672
643172
1070001
8256
111389
11479
62726
1015992
278192
4728
106347
3458
3796
3461
18841
77217
176953
648308
248393
4667
1182
962
3034
11286
684219
94185
6721
644920
133563
11955
15691
742
5205
47804
3523
8000
28232
20231
657449
21709
6659
43
17404
3162
37398
1384
4718
11303
2076
8745
5139
104133
60900
18819
18858
46679
727200
60368
84193
2251
700
1088
96886
692623
813
94199
116
3408
719
407839
701424
649209
2131
8548
3600
454
4555
10236
131024
37334
305845
25933
1156
3941
100127
77110
63507
44521
1922
847
8386
20538
71091
37201
680246
17299
11914
199208
642464
4221
27976
132891
7784
3371
20011
18117
30951
277758
3551
58097
105014
71093
20145
9357
27543
108623
280407
19951
8791
777229
167
77260
96350
196
4541
123220
79243
5594
104131
60955
1011428
678168
4986
690
22892
6424
107600
153914
61905
645916
9192
20256
4305
184333
230052
168057
645702
4852
108463
355471
1592
20795
22467
11916
91961
240396
43513
348
649411
6269
60606
3403
102903
44142
637333
7621
25520
126107
88678
27792
20059
107678
2420
1008561
482708
103824
686673
2122
102395
20789
1023
30131
3
8131
2822
252958
11009
1041808
111353
20988
907
18679
1649
73259
1019953
37290
23631
1086053
17
17148
1218
62632
5463
11919
30374
4630
702852
18823
8874
679657
160560
4220
4904
676936
646129
33783
687
1001507
26352
702943
75044
678108
660328
73236
91958
153702
4860
1026495
662634
20087
104320
4759
640636
44
11905
22551
303713
2820
105
137363
17275
70141
649184
648298
89748
3882
640292
689971
9954
208974
179192
469
109988
866
642499
3974
646812
3744
403
1243
744
662189
179149
1411
3673
2844
70548
17342
3508
1499
24803
5138
713685
660216
78730
4188
21627
3220
2559
644577
75183
33876
93965
2105
406
18792
638817
59979
831
27814
1118
690002
126133
1168
3061
131027
101695
1036
1024
20866
10419
827
1958
340
515983
151639
640017
4987
71153
658204
9291
107408
907982
62850
643420
21329
122825
20580
1064
4320
62833
6210
103453
77607
1013167
822
96698
366
1257
175794
114445
60211
3511
661391
79232
18571
228175
650456
110104
108785
122395
3803
108611
61716
130557
94026
247255
241905
4696
122761
20868
3908
622419
196483
280435
26391
20867
78636
37353
21351
1018614
1025810
674081
516
83377
480
30444
69863
646193
3009
23840
64787
80175
20551
663503
800
155423
1011763
778686
665749
25157
162223
905
16013
78582
90542
2810
646289
20129
991906
110697
1029195
63544
1983
15143
1179
4724
51616
106143
4979
60362
2774
1239
63993
112129
17292
5109
643213
4776
20081
202026
21226
108617
14569
722
4958
3306
298366
2316
78451
30126
662416
3971
107977
229031
10111
9027
23007
758404
5563
36670
62517
709
23462
4820
5425
12825
3848
447
75026
21029
3227
902
707
805
672637
3665
7487
634
966
1044927
88672
24395
1703
116989
30952
21017
25715
20457
5423
63878
79719
2282
4293
20157
638614
20092
10007
3112
60392
3533
194880
27801
5048
