48071
640016
7878
1890
11964
24456
311
1351
159303
22538
60341
5394
2301
9383
89639
133563
16049
687
15895
164636
282823
12682
4193
732815
829
1068
8839
62522
26352
883
643702
678972
7577
737534
313
1063520
126133
11795
79232
645693
71075
65
21868
1138
649411
661070
112773
71195
69833
27109
107882
15711
69888
222602
158901
186778
3976
182324
5462
7072
92098
62842
27836
79309
9326
131859
815
20256
71240
38374
1030432
213776
86605
3908
52260
1086053
6088
108785
5037
684217
8938
1841
4902
20201
20603
643250
93559
642877
5135
97309
324178
73050
674
529
29600
79635
70818
79719
6675
297710
60955
67964
3358
373833
4955
1081297
71131
2693
1019953
20961
122825
638807
21466
2085
20720
20984
47555
102903
781521
108832
46232
63513
9552
95
28535
991906
3408
32166
684221
20207
160814
4194
63732
97099
914
29772
78757
5549
202315
130974
646231
3230
807
643181
60611
23007
1703
6510
16940
20306
43410
2251
9405
9206
58419
137052
104539
702852
578661
11869
59838
80175
100171
280986
197770
778686
21275
69794
885857
103426
71095
48360
33
690
78451
90607
656050
92745
653253
643569
714496
14415
23154
228945
18819
735981
24033
101790
27801
454
18047
71251
362
728304
3471
61023
126129
406141
152094
20663
4488
645727
37063
62815
20458
24198
4799
17716
99641
4994
18088
642550
29504
8952
688078
303713
1048329
1228
7682
70096
22463
514
20021
1074
1773
62875
3708
3461
26164
23904
11356
193049
50317
715780
20921
1026495
105386
10284
6319
647829
102395
8319
1709
997937
95734
1061557
63819
28206
19821
9286
87627
16948
44004
18674
14026
77331
8809
104039
106983
4020
83626
143842
215078
8719
99715
1013878
106990
96904
67623
643278
7621
652673
7790
744
5035
3750
228175
20481
66013
19999
662189
20327
60649
660236
100881
2422
234692
137316
21562
9895
13503
18823
78446
212420
11238
25591
10009
78730
11778
354470
94664
1522
93269
176101
4062
11910
92128
345704
11931
93
9954
661399
5987
57914
125034
78273
954
69875
20166
21935
79927
313481
1364
635970
26334
86430
122759
1319
660072
741544
8213
20422
19572
643161
666953
35896
112129
1999
27203
4718
50487
70975
5905
1834
37344
3647
11884
4081
661987
62847
38337
5889
9411
738883
88585
3996
5563
2249
18619
143890
94735
3034
663549
38308
658706
73232
673035
87951
60085
129912
1038038
645598
95860
20672
9161
20595
1015038
367127
455314
156802
21249
11809
649310
21447
11837
676940
726
13449
63138
41561
727200
84856
44
374671
469
3516
91961
426874
265154
749451
5872
28232
110370
60606
4174
24417
2701
18783
3912
653432
104534
6932
640579
640399
644920
2809
235458
104127
9192
20866
1922
789
6018
1015992
25520
301607
86177
13119
4733
47794
8571
6674
8640
2134
202789
6345
1010
705
39160
101695
4820
681392
4889
5237
639371
269998
220754
101921
406019
37314
1226
164829
90921
37027
18105
71119
47112
700
27543
86340
94297
17299
165989
661421
93692
2126
107928
63993
1203
1224
537
21709
17993
105
27038
3675
37363
839501
26213
28936
122853
104582
69813
90589
262190
20455
60528
661610
35682
2031
9740
642672
678168
649243
6235
649137
7487
728998
22486
30948
10236
69834
510
22892
21
21513
9109
21070
20928
707
6287
69320
177809
87867
660325
14413
5472
66332
254926
137363
25524
25629
1996
13737
1267
35678
218666
157176
1096010
52318
108623
160788
262984
663503
18943
20726
77340
645596
29402
62517
63055
144298
28908
2174
656668
175669
77252
104132
645647
657503
96729
19560
75606
104543
6395
679347
663582
1246
135771
656344
1008561
9925
1845
169
71141
642536
65407
22033
14785
425796
70548
170114
108983
28959
137982
10496
136992
902
25933
125849
660345
127172
94844
1461
4122
4848
21289
8834
89748
648784
3414
20578
15691
7166
46218
23462
31475
3948
57936
6337
26921
107977
292635
141746
47409
15143
16531
172173
451
90888
1007584
66341
112235
30053
1243
1735
645456
107485
30250
194460
18613
679387
758957
107902
20434
62903
3769
642490
1232
5091
108463
4220
101267
21017
108439
18938
93074
177213
114385
5451
1305
644878
6422
13922
687238
5130
10071
31413
124592
5995
672652
192010
69799
234956
5701
111634
6751
701424
660216
7751
224770
66987
11988
488
143923
60392
1018746
17874
107684
4800
1258
8607
660523
23418
657919
20551
20368
312340
114464
115240
649248
82009
847
1252
1171
62844
1789
29500
678999
1044927
912
4667
4729
155431
106976
30788
60493
68175
35660
642689
21001
3457
587114
21345
158900
678976
1275
24061
37177
277758
643591
4856
71173
2107
4435
638603
243544
4910
7712
90046
17404
75144
1009453
20580
5926
93539
2316
27644
4965
62850
70413
104171
14147
104136
21864
642861
11866
124360
27760
10605
38428
38352
51821
46868
96350
94113
384
802
18302
82325
39126
92011
11321
21069
644311
154907
27814
19462
928
20415
25945
71060
3207
62760
125371
28925
24691
21347
101639
1384
9027
71138
84449
26666
831
649283
70141
307592
622419
214187
186756
95895
645607
72534
658204
20799
72512
20055
20429
71076
9304
6651
179149
5273
7999
4388
63911
26216
3168
445
1998
21499
112392
3433
28964
29769
1066844
1070
8956
656342
188936
162026
3215
651485
126112
6375
231819
639
4320
12825
118286
2825
89888
695405
1065019
101883
37130
2227
1068955
713699
123828
2013
72650
494735
24064
644120
60540
643162
889
706
197778
71132
638790
79243
665179
36628
92262
482708
77217
9355
46
3673
108611
199860
60585
124055
4501
4480
7418
637262
4309
83756
4248
676936
4303
8548
62571
153926
1159
20087
642501
30951
874
653564
166594
306892
15640
37315
21062
660700
649232
673641
20257
112301
135351
649255
186704
55802
114468
20069
642499
110048
4312
17725
60179
314220
162635
649273
10004
888
71178
122395
91298
20024
23133
75024
7915
6429
407839
80282
2600
28179
6761
11963
5860
72399
880810
106354
84871
9061
295011
6440
642667
9306
1088
27004
63632
3537
107558
23566
784912
104690
122763
4113
122688
20898
7784
11945
801
10419
1059
6754
20999
697830
2245
1007994
1033692
122896
7789
62828
95945
31427
18792
71038
20363
245019
69853
4196
643183
160769
102617
3813
686673
685071
2559
5134
686692
665215
649608
8701
1023
6460
701317
59507
123134
4773
158754
810
22747
275744
31028
4904
27044
26856
160751
31965
3399
104533
661391
1013167
47763
648375
93296
93965
71
96572
61882
11914
325182
8745
1886
201469
1574
5175
50680
4958
557531
43
710
457697
67438
2049
37275
78577
6067
696592
62726
70081
9402
5064
3727
718
8256
3015
96529
245233
16255
44012
1089811
71218
17737
692462
21081
6576
41397
10549
672864
116989
8617
99166
20274
28514
951
47543
24536
72524
77607
2673
59979
1025810
646083
96186
181087
1041
4724
214319
12892
9378
1642
103824
373809
96113
94401
180605
8665
77330
1592
63736
4613
677039
37290
33772
396761
6424
21627
105327
30260
2820
222328
88985
100127
24184
4905
274921
36711
71098
640628
63668
2822
133095
20575
59941
3139
722
1079206
20364
1847
30669
47454
61867
11919
643560
645583
197843
21293
20392
3500
4814
2037
20349
4821
75543
107408
20654
22120
174944
61120
1066251
1063987
251218
2462
2815
8874
838
5138
4555
3916
68124
825828
662634
8291
566049
298366
113768
10039
75069
197779
653080
3061
35451
237777
22657
280059
9168
19923
180680
1034251
684219
75060
27881
646419
4318
21306
686421
305515
91777
765202
60551
643002
20071
649311
37277
42129
694116
6466
5203
23429
158
5160
70661
2632
681379
6425
100173
126125
1052212
73244
36313
3306
195547
315154
4562
30131
47488
182813
8924
4767
278203
111353
305336
229031
661957
907982
662437
12366
6210
389
727861
20417
112147
3508
1251
660234
20817
27683
110904
27053
90873
90811
192714
88709
72485
97297
5205
267793
657449
660571
60309
4139
22669
1073128
23933
4885
9024
21685
21660
698537
1018765
480825
37961
17309
1247
94326
21187
2240
17709
648298
1064
1499
20048
22467
649264
3425
151639
642480
3971
93182
17886
4935
20668
638614
645702
20325
1967
1507
2075
30256
22551
6013
4842
75183
1781
210612
96567
991775
1029195
71204
2775
661922
104675
3551
60211
8476
60224
64754
660678
20159
5788
7735
13771
2470
122057
328166
20643
2135
97109
17238
138511
373537
3459
743910
3511
644786
20780
170957
137045
3899
138054
23127
100270
2363
8791
21549
146021
919
1490
1041717
649092
11879
4112
3221
28148
77308
1910
20933
60426
9344
337884
195579
391474
737274
71084
122891
20789
4946
679090
821
5234
27171
4777
2105
18858
3677
104541
1316
886
646255
96926
8335
20876
3578
86185
87963
77342
673305
69863
75027
131135
645728
20968
83889
3790
28559
2099
33601
1411
105791
17855
14029
4421
1259
94026
63987
108796
20912
667483
17920
639471
640858
25114
104181
37188
37598
231362
660164
20081
2689
22014
665744
105467
23596
3505
907684
36085
2058
206
63585
21076
211400
50561
3478
21725
141
3112
107678
9177
96424
36885
20880
1257
96717
636736
689971
1450
4459
73060
4242
190657
42274
30212
44016
197040
642478
123220
51892
881
5960
62662
62518
6379
32542
77260
126107
728
3837
4921
20558
20442
4323
649204
4657
104848
20067
124665
93764
241905
2973
4570
17762
64117
71121
126608
206141
20012
63544
4850
62921
2982
310
101902
643213
20924
222240
5156
94524
78622
390
12684
87959
20902
123
1121294
5572
77273
1070001
7005
94140
69807
761
106143
2661
194440
661924
20753
4456
3370
1082937
1112
5139
131599
6780
381699
106347
82058
77319
1030118
296
51832
866
62824
360505
426134
1182
105014
3220
7651
4897
435225
93857
113758
114984
227687
37353
24739
640047
20011
59675
33129
676429
87093
21159
88678
19997
114327
108477
643985
105934
82026
206548
472211
61716
221169
57889
63634
732340
23631
672244
20184
4185
689813
647754
95825
21916
58097
642
183729
60473
25075
15365
20638
645490
33876
21706
4959
865
166328
114445
662527
60456
1528
33632
5584
4728
5702
30374
36433
1008
956
287783
4259
1933
32181
81568
79562
127652
4852
11793
21161
20199
114387
59613
3231
101600
1750
643146
32877
86900
108601
3533
645621
36547
2525
2711
371165
118479
701
4653
740743
6974
9240
1187
323006
3359
71127
646628
65170
20988
2962
135193
926
173193
650456
21781
3405
63923
1708
7737
17263
71092
12023
4790
14812
20157
1715
129372
640488
51062
38531
46679
24372
63878
480
118297
4235
37952
18148
269348
635830
649215
6815
640862
20795
742
38384
802056
9021
167217
69460
640017
4244
683352
20480
77336
27297
6400
7347
3921
672637
1294
35825
112737
22104
212536
7294
1991
82142
288
642492
479
1837
32881
26479
8423
10598
434141
2056
2557
16013
20059
108221
3227
679777
106500
9070
4332
80289
74097
63870
122850
660570
9366
1016
153277
515983
5148
10843
96886
2420
51616
59836
1985
27647
65857
646667
180661
60452
38301
7606
84808
51841
145259
198858
366
66016
9382
110194
147826
4847
59983
11401
21343
4989
393687
1820
21016
25988
513
85054
68307
28513
22658
20635
14523
241
712162
8941
4314
112232
25256
33860
95813
1657
2318
71179
33623
20754
24420
674081
40403
29664
4759
9429
775
20203
27985
1001507
1822
55023
85327
105821
36802
27463
640363
9239
1185
159164
167815
61517
79558
180594
278192
8856
88586
19951
179121
27329
22471
3394
43019
18420
803
4024
4879
64787
1009462
62584
26391
4915
3064
20692
1011763
657450
662159
51046
9351
94272
77240
10621
653537
822
4383
51827
4384
209
678165
279498
396
354217
11009
62610
62544
82306
73342
60362
445263
660238
4908
3473
109988
30809
66334
694765
96945
62826
78647
636782
4942
11303
690002
638817
45154
92796
21783
227895
677561
3695
6404
642509
2846
1808
30225
9147
91447
77459
159537
4776
30648
94184
637039
108563
175786
21640
24434
97094
188544
4991
69816
20052
96709
96698
78640
12926
49933
1041416
643337
649250
21321
75179
11849
4293
3048
5463
108541
11350
1018
32
27792
6779
153647
78603
3523
177336
13
62843
126444
704607
158582
7827
18244
8682
104131
3848
887
365710
78582
83102
33864
10111
5204
95743
25
25229
69931
20538
3025
701577
96241
198390
962
658459
862
640379
17275
77838
17148
660793
3796
93567
905
7813
13499
23654
20659
21252
11955
646687
20483
89985
290
1021638
699729
3739
142358
705155
44935
21100
59878
675
4409
5826
66565
649240
694932
662194
164
47549
37250
88939
20227
5109
101669
36712
191444
646812
2244
3883
22457
4088
67980
692623
642753
22745
1118
129268
59369
27019
719
754127
43724
3606
1354
74773
25683
60204
643385
660235
1210
1032183
83080
348
4212
11484
73213
2242
103453
4949
20432
1265
94614
2538
3803
22465
24616
175794
85347
202026
130557
162035
481204
13567
95611
20232
5455
1022883
665749
84977
287958
9305
14297
96988
73384
87892
3438
1039106
4272
20189
11877
37334
9883
195585
708998
108617
8934
643279
700175
1833
76785
71067
22367
59846
77110
406
717
74738
11905
5048
91942
21963
1244
20425
249069
702943
340
113679
644398
178126
104126
77294
21147
17927
23966
7883
18371
646289
160789
1832
2026
181147
98174
3437
18854
234784
20092
26414
24395
166181
38282
102610
71166
36750
19988
16260
126741
637244
3458
84976
9804
341613
133389
100958
4443
189343
21957
22778
25166
77320
172002
697819
39062
75026
9734
4239
41815
110046
104031
91995
31080
216585
199358
20013
60423
643447
60095
208974
23035
23506
49687
37661
1097739
20507
786938
642453
18894
128675
4877
75799
676883
305845
638632
70137
88480
27358
13492
867
74582
33164
69791
4860
3155
84144
813
649251
644645
196
3618
244773
743481
3604
26335
177006
60322
2774
94199
2710
7863
21472
655623
37355
1006931
160697
643335
6722
20964
758404
4735
8591
20758
8386
175816
6216
19875
3581
38279
37339
3589
3446
62638
850
706780
693224
947
33849
62744
4926
3526
221749
21211
106984
20137
20596
176953
66217
5690
9849
5630
24977
800
6474
63528
645688
30303
2286
12094
12572
37201
172077
89950
4188
23858
657357
123842
12676
656631
696115
1843
642782
1810
11413
9840
4102
1311
96919
142963
3842
9742
884110
87758
91861
1767
20534
764160
33688
5042
662172
232346
695747
1242
35765
233413
6778
101951
4630
518
38340
63507
2161
101442
1925
355471
21020
131027
736804
516
20180
16515
20874
4987
3219
2282
36267
7895
1853
645916
81288
176637
4838
2208
661664
62833
17283
37398
78639
1707
129497
6462
81673
20076
275
1819
5693
21341
130997
49955
125304
4418
4696
4301
642504
2782
55121
11900
593582
219035
25152
131799
192412
6659
6731
2900
8000
9357
24048
185912
2344
16172
1983
105477
641866
85052
4368
44521
30444
8433
19790
77
656716
20494
57886
179192
515150
222724
676110
2087
118294
9321
33787
481
18795
60913
646745
1188
2724
2810
1179
660328
6349
1813
3402
162223
713685
138992
112330
30175
2032
3101
4347
736092
30295
3665
252958
10634
101482
335
77305
35738
20868
80606
21120
1012
714928
18147
966
30776
100337
314873
1860
939
252825
884
31453
21646
5464
16346
426101
79689
1119831
21117
646634
108561
38409
75228
21226
31041
3740
219819
129280
203823
44751
126137
4144
59970
21671
759687
670437
12579
79880
103913
20345
1271
4406
732826
3882
71634
642547
20881
3802
23044
118525
8514
81680
84862
103015
97284
18763
29149
27976
642664
117224
1269
26084
23840
101817
21139
90
4963
29974
773752
1176
125251
110104
75567
1282
7887
2425
1156
858
68027
709
3941
663896
13804
102606
21561
9358
809
9947
2166
95109
4781
4221
715450
90542
63622
6819
5869
186563
44005
93511
6472
92974
72639
4305
3162
86182
2608
38585
167008
1974
649123
22512
22088
178233
37068
664531
13600
662158
91941
62629
37057
57431
435250
130378
93930
1078
30862
1181
28491
1839
357530
14569
104537
22888
25715
20813
89585
409552
196483
82
649184
48367
320049
101920
19074
7356
160264
7925
4844
94578
88978
17317
272448
52180
645505
1273
6381
644577
6130
1085146
163501
18679
192967
6267
3482
23869
3583
247255
82721
379920
3481
62788
647070
240396
268336
63030
827
22223
90863
684215
642464
69786
104125
3568
4980
644688
121953
646046
57911
927
88672
1202
7886
33741
518634
447
107600
3360
20803
104683
2194
4741
1190
3973
2237
11865
634
184333
839
30604
1218
175625
4018
151914
3530
4049
880
665214
1631
1040337
1049
7023
11916
20781
805
89755
175523
19297
30952
37255
642838
2131
17
325243
4986
638610
430547
15585
11886
126141
2234
6312
25460
62632
4833
29810
12194
2720
401876
20713
527
20252
661611
643420
61905
110697
24803
17258
96225
96561
28938
75020
25097
42412
67
94983
145655
1168
35396
644543
3974
759077
131393
8131
153914
3503
153648
30015
17287
26639
4351
2732
1167
4751
107563
2423
668181
20518
30126
662416
1036
122800
37300
660639
60317
17416
11286
21015
4234
182588
21137
3009
4787
20394
5800
679529
645629
122737
154085
1090
123093
31842
21065
889125
4225
8099
103
25709
136261
156906
664092
20145
77338
795
20513
1011428
272086
11981
635672
20063
1261
649455
5838
5594
126291
77295
17955
645631
642549
3728
383
204250
642671
1112790
807472
62853
907
39102
79778
638922
3225
6457
21237
451731
45391
91958
77327
27714
94185
4
36654
375
223430
646
1227
7376
4834
167
21170
27130
727690
3424
110087
73259
18436
2213
6536
4028
21043
126195
77474
248393
46195
6328
58778
20761
139
85583
169753
314595
713825
645507
189348
21276
9258
607
1587
96155
20687
6721
21033
38675
33541
95010
3211
7961
645626
107273
642768
5425
38362
648308
37587
21408
1018614
18972
5824
21112
5108
36755
643024
37306
22573
219445
106959
3179
50592
6139
132891
9038
94914
230052
132538
18054
649853
21312
661448
3046
164581
1661
14250
83377
91446
3197
799296
75044
2378
7708
94301
44142
94376
388243
133
15763
90087
124112
104149
20129
17119
172933
4843
194880
24555
59688
1530
29851
2759
3862
307599
60203
118918
96268
2943
81981
57840
94579
4222
25157
9162
43513
22705
73236
43734
4082
203
5570
38017
30363
18172
63743
13846
4730
9291
36597
5423
3903
153702
1063
643765
200394
33392
1539
833
772
2993
6475
94059
30113
1090958
17127
74770
89951
1899
131002
75025
20508
26622
23129
1014555
29280
696110
2686
1069
20231
4541
20335
27305
2444
111467
11334
303637
14541
657619
20216
113629
79641
1071
33825
33626
698535
60443
48598
16115
429902
13697
114470
1887
1030085
85490
710072
408026
657640
9375
21004
71093
6810
643474
27259
1239
90508
18878
7918
307548
94739
644766
93977
36553
1023269
10826
3744
640292
402216
18208
4892
20989
153
706630
205673
696509
96360
1649
122761
84193
17270
667551
77275
846
1160
78636
17685
1958
25845
20843
10283
20836
9394
1004461
2844
104320
21604
183844
1024
2062
460539
3
90562
60296
102261
21599
702853
168057
1041808
3371
3085
15533
698119
20470
15152
18571
23582
3172
264203
6331
17845
4311
1003560
4865
2708
231489
643151
642571
9393
396184
672473
13696
48947
542
1135
63745
133185
155423
645172
124310
8480
8898
661951
18364
247
230682
24839
27774
1124
10242
644348
4141
57751
825
108464
644827
8724
107224
489992
11870
2548
657448
97260
663311
59608
149988
47804
4241
740137
672370
6497
681268
60083
26850
21329
67667
20592
20586
78576
6511
345162
4791
3119
8689
644353
646367
21080
344033
27803
4050
995816
96710
42
29590
37396
665596
51268
11479
11395
638634
403
9939
37403
649209
104196
38510
11118
9077
640364
3477
1889
79272
100153
11806
18117
66500
3935
3900
9356
22027
155186
77321
643177
199208
10007
4079
20486
104540
6322
6518
734791
19888
3683
21029
1885
91268
90002
106991
27685
23676
21821
37954
9935
639961
94924
660553
2122
112201
2095
6473
279476
35016
18028
6540
3480
4979
103001
646129
5072
5093
873
77276
694961
4854
2507
777229
640636
62792
100761
60368
328
643172
68255
646193
39194
100419
376
1454
188807
2898
1013678
3506
673350
116
3008
1368
3792
5129
90522
3099
12950
122147
20484
637333
10967
17292
21061
17267
63838
1007
11813
661996
123040
21039
93945
20616
32823
2118
26948
160560
649217
57407
37781
4333
650993
131024
104133
8705
3491
1037083
20829
22210
6455
20323
71153
85743
714304
586677
734445
1263
66342
521930
111389
643035
684216
18123
32110
176991
95941
2114
645860
90162
96
679657
280252
8108
1489
2953
22816
1431
62756
132779
2855
280407
6459
106534
118537
643374
1600
85746
3217
2850
90165
20870
491
60900
4110
13641
347330
104698
20033
117214
639677
5133
107760
645694
1796
3450
9051
28026
663745
62127
63547
4398
402251
104696
218037
185311
14602
7028
20049
2076
740
12114
687801
36670
24212
220916
4149
676602
643719
10418
20457
11921
10031
20278
20041
32497
11822
54528
1704
95285
5925
712001
231216
20867
644567
72462
90995
678108
9531
991893
97346
36072
1107700
124730
74794
641848
115673
1446
24042
20185
194
644036
8969
94069
3024
6269
95848
104697
114447
170155
63471
3403
6594
17342
20529
13024
27849
106883
231050
686811
20125
2834
3999
1175
101699
97520
88559
33032
280435
101721
14702
63481
50223
22214
616
27682
14777
6533
4229
31339
3959
4177
699491
71221
69812
97413
21013
649214
84019
230013
27308
11816
680246
642613
134129
5698
20572
23472
9377
18841
130338
61491
6898
102936
104236
114465
9348
167980
88732
1063070
81453
5803
37352
248
172602
3066
23947
33783
83681
643033
4739
20234
63543
642851
88965
82469
91327
33826
2046
226625
155191
660230
1038170
998605
4012
643467
23734
27320
636156
117939
21465
20610
73279
1850
4463
29761
21351
2197
18481
9255
3600
17391
8141
4870
642738
77316
101677
71091
69856
77352
642539
714495
1
123978
202176
8879
1077021
17750
729
