1210
3371
643172
1767
665215
8791
1096010
70548
2982
114387
805
4852
51616
802
649232
340
21065
642536
18763
131027
687
643162
373537
402216
2251
20789
3219
7784
883
1431
29500
184333
104540
78636
2076
20256
20049
11919
71153
9883
729
642478
3482
513
657449
947
1185
5987
1118
115673
104534
23129
22014
9378
37314
254926
3101
2134
77
78730
13567
30951
248
153277
27976
8256
23840
874
850
881
645727
777229
1190
1011428
36072
21
7827
75543
813
21080
86340
3424
686673
647829
87959
1600
17685
95895
24198
4293
6440
939
3446
18571
2245
998605
661664
1985
4351
3231
25524
778686
1974
643181
104196
20572
305845
123842
44005
21627
807
8423
122761
1489
37027
1910
5594
3727
155186
406
1649
15152
37057
20726
800
4735
27792
21249
1258
1819
5273
1063
660236
17342
1574
110104
2420
3480
5800
51841
186778
5129
10634
4141
8548
22033
21472
676602
3162
1086053
650456
20429
21017
196
646289
2525
18841
4049
44
13024
33541
79927
2548
1983
657357
64787
4082
348
8705
3604
107977
77327
83377
2316
3457
20363
21100
110194
104181
822
62518
88985
375
2423
8879
6395
115240
19999
722
694116
106347
643035
133185
16346
479
5455
1239
6404
642490
11809
63055
886
726
689971
956
25933
26352
1025810
636736
529
642464
2661
1226
38282
18172
21709
2900
75183
362
131024
702852
4555
710
181087
77295
1069
2820
1704
6510
9734
880
25520
1243
518634
37398
642782
3796
4562
676883
3959
116989
279476
31842
63543
648298
68027
2953
14702
77110
3477
27203
58097
821
37188
8000
8682
889
680246
616
838
2282
676429
645583
63993
4221
14777
20933
38409
11813
744
5425
1384
66013
17845
1232
252958
11879
643161
167
649853
94026
862
22551
10598
15365
6267
23007
179149
758404
1023
77316
801
23631
3948
652673
643420
642613
646129
919
3695
469
57889
658204
1032183
3008
222724
114445
3899
1999
203
21312
4904
1073128
77260
108623
105477
2363
648375
698535
515983
14812
29149
692623
1187
510
105327
645456
1024
17258
1007
37063
636156
6269
1490
21170
27801
4443
5394
646193
35660
13600
20234
607
21137
678165
2710
88672
132538
21029
79558
1411
4820
4946
3491
4696
1587
4935
648308
108601
1528
63544
20323
4889
4733
3523
2673
661399
1097739
5234
2810
642492
5423
3112
4986
640292
96945
21660
208974
20921
2759
649240
86430
4235
106990
660639
280435
660238
275
5048
1033692
713699
1703
4814
717
2686
8874
18858
644920
21351
1181
92745
2026
1450
928
673641
2344
454
4418
305336
401876
4955
1273
20866
679657
117224
643719
3015
664092
645702
109988
1244
6778
622419
642838
2422
38384
1294
640858
24739
6462
20592
20422
645647
4848
20024
102903
29769
847
3168
63622
19462
642539
638610
10007
24803
93930
78451
1311
3403
4303
1036
104543
1012
209
116
758957
16172
1041808
6459
6429
33741
527
684216
645916
60085
4718
810
4613
643183
104136
403
17263
17270
106354
103
91958
1168
18854
1009453
4234
1845
3220
640636
4897
644577
21112
77838
37334
1708
108611
1257
195547
26084
268336
1592
51827
71119
407839
662634
4958
2732
3511
2708
679347
1107700
396761
657448
46
77321
71075
646046
4942
2242
640017
80175
1044927
3119
649209
643213
13737
57936
7708
91961
77607
36712
4963
28179
3739
482708
69931
18674
1246
366
383
24061
3471
1041
17
643250
10843
645693
951
2632
57914
62824
94297
3803
155431
6518
4174
94059
661610
89639
480
27543
642877
8476
660328
1007994
825
672652
742
130557
104683
6400
3802
42412
3908
646255
2782
21159
665214
1218
105
8335
1041416
638634
8834
701
27019
93539
33
38337
719
1267
44012
991906
27803
642861
690002
33623
47763
1259
1071
69856
646628
905
11914
702943
160560
4781
732815
1001507
20817
672244
1160
772
23462
1958
100173
20720
701424
31427
79243
1242
5693
69853
71
1271
8386
887
927
310
678108
8640
11905
60955
8591
2538
642509
355471
5860
30952
1018
1077021
2844
684215
5995
714304
649283
1179
7621
638922
18619
634
1368
20011
21408
4856
4259
136261
684219
10419
96350
3
11816
85052
702853
18117
75044
3405
695405
104320
789
3099
3155
3009
1182
4383
107600
17275
644543
29504
3306
5205
966
700
11931
179192
62875
516
9051
646367
642549
213776
2244
2775
123
95010
661951
661391
646812
122395
2286
3848
106143
3665
27814
4456
15143
280407
831
18105
2822
6331
662159
37339
4541
9291
1112
802056
8745
697830
19951
72399
17404
491
4028
1499
62833
221169
107408
27836
357530
3973
