17342
758957
643719
103
640017
1210
1983
2782
805
646289
44005
2632
340
676602
20011
403
687
482708
1489
21170
108601
254926
106354
8386
114445
939
4541
825
35660
3948
883
636736
1490
3162
1431
657449
77838
18858
642861
13024
21
6510
1243
196
181087
362
209
20024
1024
8745
27801
1182
2316
1368
280435
94026
16172
26084
13567
1574
63055
1181
644577
62875
684219
640858
3101
1179
645693
1069
649283
889
17404
115673
167
638610
4049
1011428
3491
3424
642490
684215
807
1077021
27803
1258
1985
47763
71153
2538
516
647829
3477
4986
33
110104
4735
3
357530
2686
3099
642509
375
37057
645916
20921
27814
155431
31842
802
643250
1001507
695405
27543
93539
660238
9291
1185
1097739
479
1036
454
2844
44012
1273
20363
672244
660328
383
928
661610
3523
1226
4718
23840
94297
880
5995
1244
2673
2525
616
4889
11879
686673
310
4082
104136
2661
268336
722
469
694116
646255
1845
662634
115240
4935
642536
110194
1703
3482
18172
1071
1190
831
1239
108611
661664
69931
772
21137
642539
20256
742
108623
71075
105477
1450
27836
105
4221
179149
75543
38384
21472
