7877
698
5022
6403
4166
1624
11196
11651
1195
12523
2844
5524
14761
7685
8607
10883
8331
8398
11096
2180
3940
10655
11860
6053
3685
12154
10709
14514
12730
10747
3184
195
885
6737
8270
6736
5462
2576
14800
4557
6698
5151
10030
182
4474
13645
3098
15048
1420
1177
3543
5597
1921
11026
5205
14999
658
11717
10018
5620
6530
1810
8293
5478
4795
15202
11766
5940
5834
6036
7142
11281
11709
14398
3372
9461
6142
4709
13555
5756
173
10441
8294
5260
5029
641
13029
4571
801
14109
9697
12558
11632
886
7636
1432
10859
14293
326
7182
13805
7154
11092
14021
6159
1169
3584
4868
10526
2141
14350
10208
1879
2976
7394
10175
9255
275
5254
5660
468
14346
11276
3466
679
1538
6815
10306
3972
3213
11645
7839
13794
6193
1602
10625
14811
4330
10900
10126
9686
1158
7668
11891
10066
12008
13789
12016
7522
9602
9726
3999
8988
7944
6559
6244
14047
5605
5360
14724
10378
4512
13550
6360
10974
12545
13120
1710
619
10756
5921
13460
1215
13628
715
16
15021
10009
4902
1572
1634
832
8855
5188
2702
7243
7934
14353
2772
7999
3492
10254
4784
4894
3308
12452
1500
13173
8360
12875
229
11595
6021
14055
343
10775
13070
12890
7001
5788
3810
3416
11634
1570
11539
11151
11559
5034
2591
4799
1545
11106
13596
386
9826
9172
8603
4572
14489
10921
5988
10530
13005
5875
10423
3412
6572
7697
611
7612
11462
1050
12100
3900
12271
6014
14984
9808
13450
4544
7790
11564
2862
1170
14553
7405
2219
10824
2459
4319
13846
10058
8822
14699
3628
14234
1540
11939
14685
15054
11294
4298
6545
1424
537
12059
1211
3756
9297
14440
13322
14541
7195
6582
3902
8515
9064
3146
45
6648
3516
9427
1351
10572
11269
1141
4195
5746
13442
12198
1084
4169
6038
14825
11117
2910
12516
798
8124
1434
8116
443
9095
1558
8579
11114
11460
2623
13132
8539
7350
5082
7245
4676
6509
11508
7291
11180
13283
7927
14485
12219
1888
9684
6504
1649
8798
9524
9122
534
5304
9885
3089
5665
12968
6990
7279
13426
11249
13336
11315
9453
12660
1776
2805
2202
5101
14698
11942
12955
15135
5542
12975
2665
10892
1316
9743
2515
10801
1273
9159
13376
9050
11561
4719
13210
4656
1335
9187
7544
6209
7566
8113
14148
12543
12686
10717
5341
7619
5937
14479
10568
13921
13574
11355
6917
7824
2640
1337
2618
8544
8825
12119
7822
14184
13619
5371
3697
4286
7951
6942
9703
12500
8728
8430
7993
5974
5072
7560
2106
11948
2681
14037
15215
8652
5173
5316
12916
13736
9866
12073
1812
7753
4033
4171
14895
13849
3076
1617
9319
11649
12003
608
1134
4058
3509
24
17
7493
8339
10691
10433
3717
6138
15153
8964
8844
9061
2792
3848
10925
62
9001
4361
13585
1843
11887
14356
2336
7104
5204
8033
7221
14918
368
6440
5783
4861
7222
5889
12227
9646
1052
7431
13104
2540
4015
929
10421
7986
7302
6591
11286
8476
13658
4985
12213
13324
9004
14295
11423
7082
14622
9647
6298
8043
9704
12077
6806
1963
12594
11138
13905
5959
14270
9082
8021
6943
9681
193
12299
12476
10113
5576
8101
899
6761
11071
8496
14733
11111
15164
15082
4086
13648
12956
9450
7436
3696
7313
6255
10359
12574
10307
14450
12901
10120
1327
3542
1947
8117
14410
12527
6630
6803
12004
228
11358
8103
976
13421
11270
5969
11740
12624
1263
6584
1219
8604
7254
422
10369
5847
5294
1896
11074
14634
2266
9503
3684
8599
3805
8063
2917
1129
905
9770
139
11170
2497
15053
10217
7276
6095
8169
10257
995
2427
5017
14097
4632
7174
366
4103
9359
3189
9182
1175
9233
5928
13055
10765
11137
10437
111
10209
8492
14000
10299
322
1703
11247
7292
6091
9536
13261
10059
1345
2319
3517
9884
14425
1251
11412
11165
13037
11001
3058
5468
1627
5633
12941
2072
340
4548
8549
4616
10636
8638
5187
11354
10454
6520
9438
472
6894
3594
13975
65
1450
14501
2302
3672
10485
7615
13692
10979
14214
9622
4622
7851
14939
2003
13883
10607
14827
6011
13991
14292
7188
11959
7330
7420
5589
7749
9429
12135
10160
7041
9833
2645
15026
11087
2797
14279
8400
12889
4691
10855
13121
3521
6992
12867
13781
9058
11201
9799
339
6474
2364
5061
5545
9784
13974
2587
2150
5299
13632
7283
14204
12991
5483
3845
6421
14612
10377
1299
2
6184
11744
6486
6660
7550
4889
12676
11037
14300
13119
108
3387
5537
5789
6264
4366
2124
3707
7962
4254
662
8122
12546
14837
3806
14809
710
9838
8993
12708
8326
36
5189
10345
2534
6708
9921
12195
635
9030
3114
14010
3363
3769
6855
12237
10492
2269
1028
1227
2264
3838
9789
14077
13996
4070
2209
2045
10807
3974
11437
10296
11574
5911
1280
4060
10525
493
263
5679
12538
13446
4452
13455
2767
10328
12383
13395
10172
14798
14516
8229
547
11082
8869
601
10341
5066
2835
12329
3840
5451
7669
6970
2418
12664
13766
12677
1294
8659
14403
10669
3964
2248
11075
8970
11504
14265
12652
7158
6284
3042
3429
13204
2272
5305
9526
14872
3520
12597
5161
4209
13790
4612
13282
10741
10735
12223
8963
4653
10483
7356
5250
2010
30
8953
6388
12490
6966
5301
6797
14259
6807
10178
9604
7443
7192
2226
1366
3506
5631
1043
4919
11983
10957
7412
12466
4485
1621
450
2372
956
5155
3068
1718
8905
12426
5541
10903
11799
4299
5128
4521
13559
7907
7541
14971
7954
14126
9144
12758
13867
13170
11515
13874
5182
12427
11974
2931
11598
4450
3125
5457
12825
5673
5617
9408
4196
1652
6703
3515
1692
1881
2065
1821
8062
3536
1837
2321
11671
8448
246
14935
203
15172
2461
13750
14808
2149
5391
5257
14162
10869
5131
8208
15111
5236
2458
14160
117
8749
2033
6308
680
3351
10693
13303
10384
5639
12274
6982
4044
14852
3992
8846
13143
13440
11596
10405
13744
3217
3884
501
9894
15010
11348
1265
6187
14414
332
6143
2094
8516
2360
13475
3721
4088
8223
429
2489
2699
11852
9900
11399
12082
2358
10875
14721
1060
11206
11277
647
11933
6198
10484
10077
1189
5989
11907
5503
4311
3290
12985
1200
672
13127
1046
5400
8571
3354
6789
3796
12282
4513
5533
4614
940
11036
6048
11458
3443
3674
12474
1422
7674
6168
6940
14002
8134
11003
251
7587
4832
627
6277
10314
6871
2697
3841
7315
7768
12461
5278
8747
11021
3202
7793
2815
2733
9130
13922
4164
8202
3552
14119
4541
5343
14540
6396
968
13447
8067
1037
14340
7046
3245
5058
1140
9141
11081
12182
13494
12131
7284
13664
2250
11022
8414
13884
1151
6234
12662
14179
11778
11617
10136
11207
829
9430
3625
498
8654
958
10854
1001
14910
5888
8066
15041
9391
6137
5979
2616
6397
58
7441
1769
13023
13836
3040
8700
10414
4875
1741
4800
5332
13044
6078
12447
1201
3096
806
12375
13225
565
10450
14498
8058
10170
12922
2265
6779
6355
13066
13797
528
5817
8382
1181
3597
11765
9507
2126
13112
6833
2486
795
13549
2463
14255
6377
15212
11216
7280
964
9288
13704
6401
7020
8643
3037
4713
1011
3648
6443
9723
12076
3553
6588
5049
8885
740
5337
13185
3193
6009
6390
8465
2764
14387
11626
2848
7044
1153
10788
8702
8234
1546
8028
35
7080
6434
9728
13008
11150
8545
13701
13097
5497
12343
3907
10472
5917
1828
371
7486
11051
13540
10318
14549
4678
4525
8322
2167
14726
1497
5100
3568
6028
1474
4339
1814
6381
2457
10754
1322
1959
13092
1301
8129
13732
14602
9778
10044
3513
9049
7895
5918
8995
10072
4912
1401
5008
4765
12704
12270
15159
6354
12682
6333
9939
7071
11610
3911
6973
2447
4661
14438
9479
7585
11797
7705
13190
3709
7140
8282
9881
12485
10660
4061
6626
11673
4063
5611
5881
10911
9823
10040
1482
7987
668
10642
14211
7652
14455
4606
8369
6066
13366
8795
5054
1042
7240
1877
9304
14749
14970
2464
10750
8527
1563
11394
11695
2436
7099
4648
8664
12161
9418
13697
7702
2476
10480
5473
11357
4257
12408
13436
10162
1303
10778
4821
9573
2703
8371
12210
9228
14657
8854
10111
4387
5758
3755
2954
4351
7561
1606
4619
6201
11772
6133
13983
11503
9191
7223
8987
8484
5859
6755
2871
13568
2206
12048
3894
5361
11317
9302
1015
1448
14650
6087
8373
2726
11227
12021
5203
11113
2604
620
363
928
14194
11133
12959
5011
13109
6784
2166
11056
6405
10996
4526
3080
9818
12994
3640
7606
4210
13841
6905
14071
2731
14153
11521
5021
10762
10548
12658
1785
2128
12070
5375
4767
3032
3564
6195
6470
1666
57
9603
10223
2803
8084
3092
3724
6840
5471
7349
4509
12537
8233
7691
8750
9237
11756
9009
15191
4384
5794
12970
14385
2332
11597
1471
1630
3870
7430
3110
12641
8737
13529
2597
10800
11932
5106
10641
9768
7168
8601
6813
14358
1468
10589
4109
6145
12188
14141
5657
1443
14333
13084
10285
6055
11121
3837
2570
7556
4179
5372
7002
7251
14899
8738
5340
14789
14563
12783
9878
6387
7388
8982
10770
10446
8055
4699
7888
8805
10571
9967
11696
13469
1276
1145
12927
12752
1949
3632
5785
1958
12694
12064
3530
14060
3770
14792
7797
71
4336
9739
13581
2462
7890
8829
12366
7866
3182
1526
1091
2188
1874
10785
2361
10494
385
1271
9758
1452
7123
852
7676
14056
6120
8455
14675
4979
14341
11829
1975
545
6432
5677
4120
9139
7905
12208
2875
13553
11018
1650
13570
6691
9272
5652
7320
8438
3890
14815
1383
7671
427
7404
12801
12747
1771
3897
13129
1282
8563
3165
6334
4051
5416
14704
8632
14188
13641
7579
2334
8417
14706
7454
14517
7474
10593
10517
9433
7151
9188
13094
9586
1213
9145
7644
4856
7216
2080
2299
10036
8730
5981
12496
9086
1056
14400
1297
5311
14038
12177
12234
9204
5802
8471
4787
1701
1156
10005
1708
14539
8940
10677
1494
11686
14120
13138
1524
7552
223
1822
4958
12789
12380
14332
5985
8355
12584
12421
14499
9083
4626
9748
8870
14684
15042
12301
1768
11136
2809
13503
178
8399
7660
1340
7994
103
12739
3861
8200
9247
915
3187
11334
13276
1699
724
6386
4462
4228
14826
14555
6901
12787
5663
4858
2257
11016
6692
12357
10116
6770
12172
14370
3172
8540
13247
6562
2742
6820
12229
14470
13491
13152
1356
9589
12392
11310
14136
1476
11781
7730
6361
2415
5147
11979
11108
6037
1333
3962
14640
9674
10541
9027
2468
14291
600
14492
11193
13445
12863
12346
2179
7270
14568
9518
5396
3482
6829
5088
7775
14945
6356
9730
831
5388
249
6068
8621
12528
8139
9841
8056
464
13982
5440
3522
11449
4951
13949
1464
2894
4026
11890
14784
12249
7369
424
3791
7477
1834
2536
5864
9080
4773
9074
11585
2346
3371
597
1069
6043
8692
1846
14626
8344
8506
13880
8488
603
7263
4131
8642
2502
10054
11220
10199
14615
9326
9824
975
997
241
10797
14847
13667
9135
14763
6695
10396
3236
6186
1906
11885
2283
14813
3550
6610
8973
9197
2384
5231
11532
12386
3256
2609
11268
5759
11701
10973
3382
5993
5754
2330
3045
7523
4484
961
10163
3656
9499
11577
4762
3994
2236
4884
14314
2843
7865
11757
10045
9568
15140
2152
3262
8950
7833
8263
6731
12275
1410
13544
1485
4
6034
10029
4694
4855
5427
10540
13313
8742
2163
2839
6363
11851
2237
9531
1711
5202
5984
14402
6933
8580
6051
5814
14355
4019
10426
1475
14805
5642
12913
11950
12157
9582
10087
2215
5654
3436
3844
3813
791
2565
8464
11179
4898
5976
1694
9157
10311
11816
857
7938
2622
11153
14026
9432
11599
2978
13193
9917
4921
926
11990
6108
3066
4848
5884
12646
2373
4130
5132
1880
3280
1559
14491
14788
5276
13147
11173
8077
12328
1868
4560
12541
14740
7568
11298
3008
13516
11297
4662
1377
12072
8518
5767
8802
14709
10300
13758
6487
10958
32
13813
3579
9718
979
14734
12576
674
11743
4499
6561
1764
657
204
2662
4294
9950
12843
1916
10193
2961
12330
6687
15186
15061
14557
8824
12365
642
1826
5721
7513
11489
8719
5890
13719
1983
9910
4507
562
13103
2143
8952
12873
4975
11997
14649
778
3447
7912
9574
14271
14100
4468
3478
8466
14388
5020
13681
5215
12504
11119
15175
6174
13252
13850
5415
12313
7700
1782
7143
2524
14786
12588
8416
8383
13003
29
5486
325
8453
13650
7009
14952
8819
8148
9195
10757
6294
11097
10711
7328
10611
13432
4570
2329
2027
99
7966
12745
2721
13566
4976
10668
261
14745
331
8875
456
7898
12698
11034
13114
9877
10575
7016
1323
13335
232
8132
4756
5494
15100
12605
687
13587
14961
11424
3223
12657
14871
10449
14716
215
4492
10998
7239
3518
13302
12037
8570
10004
11713
5760
3169
2706
8768
4872
11859
5708
12080
1491
12778
7070
2199
14420
11984
7647
8726
6188
9682
68
12267
7155
3180
7375
7259
7526
7580
292
3367
5799
943
4247
13424
1453
12202
650
14834
2255
6863
3991
10537
13067
1139
219
7141
9907
1275
10389
11767
10090
5678
5999
8110
2984
13497
8891
14518
2060
1717
13214
8727
12606
5232
8789
9335
10214
10211
9787
3820
6644
2146
4623
2103
693
1164
1841
932
11557
13977
6903
3374
11581
10782
14280
10229
6830
8323
7975
14892
9809
483
10707
1609
5846
8939
13135
9537
13822
639
4223
9333
11660
5211
3082
12027
6985
3033
2501
3799
7133
8222
8410
4292
11864
10139
10039
8960
3413
14904
1592
6291
7659
15110
4056
13624
3788
12989
11305
13876
14597
13197
11228
4349
7815
3686
399
7653
634
3547
86
6191
10104
8314
12811
6111
8663
3748
3052
8522
8361
10702
14641
10682
12700
807
3606
9110
10581
3908
7054
4252
11670
7213
844
11099
8983
6351
1161
12120
5303
335
10917
14421
3749
9898
12784
2691
14054
2203
2698
7258
7574
10495
1115
3915
11434
6424
11734
4007
10034
6423
8859
6420
7635
6134
7091
5081
11746
425
389
413
11635
13665
5885
10721
11894
8274
12312
1051
4459
6447
2477
6411
11694
4923
12688
9963
14413
5046
123
14773
5377
2537
10473
2394
7353
2672
13944
3360
1787
1942
8736
2895
13722
12761
8947
12987
7825
9691
1047
13727
13142
3732
11197
5615
6713
1326
9672
13763
1289
6706
15078
11308
7802
13348
13090
6623
13
11229
8650
5951
3384
8342
6816
10734
15161
13997
7573
4170
8611
14778
2335
1209
151
13106
5267
5579
11470
4331
14902
1105
13435
3483
10124
14116
3009
1605
5125
1133
9029
7167
9015
13280
2635
13995
12126
9192
56
13414
3936
1670
10779
9625
1017
10968
295
7633
7462
9168
9829
5510
13415
670
1202
11570
7459
14334
245
8133
12542
14017
3966
5557
9650
10192
1788
11738
5160
11929
7237
4601
12014
7502
8256
12914
7343
11324
11054
882
4158
7200
5103
1824
10555
7166
11988
1924
12324
9614
10069
4518
1071
12979
15077
2451
7626
3631
854
9476
3569
14354
7101
622
1668
2507
6994
856
4332
6876
4497
13573
9071
5329
9902
12920
8486
8010
10535
6287
11551
13554
3677
12569
2018
2331
8904
1026
9483
2235
788
6084
4793
7322
2133
9425
1087
3886
7625
1784
14170
168
13770
4679
7968
14114
13817
8901
1740
5512
7760
8974
192
7479
6547
14001
9735
11762
13382
12309
1044
675
6999
15098
9154
13561
14164
3485
1520
1525
10267
14985
6812
626
13487
2953
5411
11497
2669
5508
748
2398
2624
5226
14033
7207
3435
5994
2386
5604
6164
671
3839
12610
8773
9830
1387
4121
8114
6342
14957
7288
11053
14671
723
13847
7079
6461
12416
9423
3880
14992
474
11944
1034
5735
11184
14181
3678
4479
96
9696
14352
10331
14742
2885
13011
5241
7958
4744
1885
11913
7617
3338
7351
1127
224
3097
8042
10205
2154
4478
8184
26
13260
2047
9560
7985
12512
11902
12318
1745
5037
4390
6318
7124
4258
771
4536
6555
8143
13892
11837
15207
14406
9767
1199
12074
8076
3970
6190
13229
12940
5178
8433
2351
4828
9577
7516
4471
1361
10424
11115
9265
1941
4084
1081
11116
10612
13659
10091
2220
11714
14738
14131
1065
12240
9588
2121
1952
10990
175
1442
1059
1236
13530
14802
10606
14137
296
4534
12497
3910
3389
607
14222
6670
4329
8509
12552
12948
8661
703
4473
6093
6729
7914
10666
3395
391
6245
2117
4803
9240
1839
11530
12517
1014
9076
9231
6317
804
7943
4930
4412
4342
1897
8437
4304
5843
5135
1966
8395
7059
12957
2567
11553
11120
6743
13166
3789
2919
8867
7024
15171
7262
3670
7121
8165
8093
5963
4908
11438
6047
9104
14841
130
4413
11509
9845
9393
8054
1489
9490
13352
7098
14607
1676
14235
10700
2926
3498
7949
14994
6160
3307
4530
7978
10297
4381
12136
14408
9565
13801
10246
8718
1260
8689
4605
5923
5474
7597
9025
11731
3035
2837
4301
5726
2991
6822
8172
2422
2971
14648
7666
7792
9085
329
11271
10653
5291
2611
11763
761
15080
7926
937
4943
5240
1376
10274
10878
14376
2300
3439
7980
14013
10239
2244
9121
4438
7111
11046
14683
12716
15109
7326
174
4303
13505
6425
2860
7379
5593
4681
6909
7403
185
7386
5855
11432
15086
15073
4087
205
6065
12066
12417
502
11257
14655
15129
2307
10220
14938
10914
13061
12199
11964
1369
12471
11569
10340
5480
313
707
7853
6978
441
14530
7763
9669
7990
14928
13980
9883
12587
9035
13776
3913
8456
12308
13401
12173
12260
4293
10420
14471
5113
13371
3807
13807
13878
1770
14567
2275
1974
5004
12804
1460
4365
2799
6394
12583
1664
6464
14189
3733
13357
4523
4239
12632
412
3573
4028
12793
12737
2019
2671
146
12680
8762
14627
10949
2936
3064
10858
2190
6092
7869
14990
5555
11345
5383
9338
14933
7771
11776
13297
7529
8678
14719
4928
12871
13051
9132
13427
10714
11893
2448
6821
7455
13606
7183
4804
12984
5845
10584
7540
8769
7482
10506
7011
10853
5614
11679
9763
9474
11274
6744
11279
11571
6081
13275
67
3586
11847
11390
6775
4953
9468
15006
990
10507
14223
10236
11149
2378
3683
4146
4839
8136
5659
11006
4690
14031
1285
9039
8279
12281
14509
7720
3771
625
5043
12818
13385
6229
13703
4115
3935
4701
7512
1920
6261
6436
10922
5868
2414
11070
2312
31
9798
5977
11945
10463
5345
4539
13390
2259
3368
3939
11215
1439
6956
5114
12034
3636
2434
2049
5227
6007
13165
13122
9522
4874
13964
14859
9150
1657
1394
13476
8832
6076
3324
12905
6922
13631
7773
2171
773
5776
7344
10234
2118
12311
6105
13984
10963
6058
3694
10222
14043
11619
9516
306
10109
838
9598
774
11862
3619
155
9134
13399
8511
14533
11916
11793
3192
1936
797
9242
2774
8215
11103
10288
7863
2599
4385
5298
8914
7543
9152
14432
7229
7309
14185
14087
14122
10577
14821
1018
2352
10407
3945
2562
2804
4768
137
419
12376
6785
4460
10076
10352
708
14578
4934
206
12162
4053
6321
5765
8338
4391
11702
105
6563
7396
2750
925
12659
305
9440
13557
1243
5184
6107
11987
8574
9282
3731
10745
5024
1907
2652
9063
14061
11038
6958
5283
3830
14287
13635
12481
2556
4638
5995
11764
9819
2389
9478
10102
1362
5853
4418
9314
6225
14757
11699
2950
12218
6738
14014
13662
10081
3342
991
6809
3206
11405
7122
9637
6471
2316
1406
11299
14081
4736
8849
884
1574
14755
14700
3130
3947
2638
6130
7711
5344
12765
6283
7049
14569
10774
11195
4693
8349
9422
4226
4419
7774
2979
11072
11639
10167
6902
14580
4842
1172
7860
6633
2242
3785
8926
13045
7336
5397
11624
166
4995
4037
5091
11052
3711
6554
12950
4302
2022
2370
4393
13760
8951
6602
9670
14482
4849
9740
3541
14072
10805
1913
11583
14765
13896
3783
11775
5644
2813
12718
5059
6097
13911
1309
7794
6123
9394
2791
9364
12695
3641
3137
5404
15113
11900
3879
209
13159
2695
7501
1781
8173
7287
470
3120
6237
15214
10308
5356
10582
13125
7401
5730
2051
1108
14015
14556
6845
8836
630
9215
13507
8884
14098
2320
6621
3426
14760
8596
4607
2717
5982
6185
6518
9346
6297
1685
7492
2667
4514
7399
5169
7244
6202
3610
13203
9442
14381
15039
13362
11511
13331
9859
5027
1449
8034
13081
951
3782
7956
8210
3969
13207
431
1267
7536
12792
8731
8622
3019
9638
12459
12520
14374
13060
7392
5733
9372
13321
4738
54
3695
3988
13812
15155
8291
14727
2085
9353
9079
3653
13080
11567
2923
12988
7514
9840
3105
14762
5152
401
14394
9979
12611
10843
6012
370
13470
4369
4637
6647
14856
6365
9764
728
8446
2724
9549
5934
7589
15058
1516
13712
10476
5112
9906
14759
14129
4415
8752
272
6550
6891
678
12732
2509
10128
12570
8820
9960
6272
1446
12640
12816
7918
12053
8767
6352
3835
7385
13931
14630
1399
2301
12442
772
4117
1661
3044
12241
4994
7257
8725
5293
15097
9351
3702
1339
14187
8267
12371
8327
3792
14508
8147
12531
11722
8927
9863
2460
13151
70
10609
1252
12432
14447
7648
9219
11377
9996
10397
3968
10802
13777
11167
2763
7917
1113
7281
14692
4860
11321
7665
6541
6004
14532
9888
1261
4817
564
4916
7546
11711
14968
14848
4625
1384
10509
15192
11541
6331
10097
1324
1348
2743
5217
4246
6826
6959
11623
9480
4937
4069
14493
5423
13412
8709
4877
3493
4096
7960
4236
12505
10694
6986
15177
12582
6279
3160
5302
3715
8564
10250
14916
10127
522
14737
12446
5239
8898
6493
2089
7608
9376
9971
13756
14180
14460
6944
1671
11245
4315
2474
14030
6313
10053
8091
4102
10403
9891
6165
8003
13821
7117
2408
1242
7564
13271
3524
12235
13767
2920
9771
8425
8575
10647
14857
14691
13176
4938
10022
14544
5600
3927
14861
10371
10522
15063
7438
2127
2921
4671
13558
9644
6795
8061
2824
8431
5565
4522
7086
13223
11293
3615
14166
1479
4546
10089
6214
11824
9677
2159
3887
9615
5475
5325
6046
8321
6525
6991
4947
2800
12332
3690
8036
12252
1790
7524
9974
11536
4094
2713
8879
14171
6583
15132
4057
5946
1899
5003
1068
9496
12849
4798
14089
5958
11918
12990
11007
14689
5310
12134
14554
6998
1530
14931
7936
1565
5139
2147
12522
1631
2405
14249
4727
9968
13308
6651
1665
10383
3418
1578
6603
10243
4472
1849
999
12142
1142
5931
10738
7959
6140
3085
981
12756
8618
7627
9519
6553
13417
13168
2564
8409
1024
4706
8115
8350
4009
8027
13341
9834
12729
6238
9673
12724
5623
6116
14277
12363
11464
7489
12307
13639
12902
4151
11125
9749
15163
10554
10842
9211
19
3716
11956
10103
14922
12368
5402
9010
8002
7069
11839
8332
8842
1663
2182
13816
7850
11336
13644
876
14756
10798
4481
7274
8372
8164
10013
4491
6823
10881
7219
3299
3433
12639
1438
14969
6510
8100
2956
2402
13338
11975
4486
2262
1154
3091
15122
7641
13741
6499
8761
7411
12125
6671
7829
5450
3049
15142
11872
12832
1887
10410
5703
4216
1596
8341
12945
4364
8962
6232
8182
5592
13100
8128
13539
5083
8547
11233
4593
5390
15134
3453
5856
1421
1076
1994
4181
1094
4305
13912
6546
8716
10470
312
8171
4256
3511
13493
13040
682
3924
735
5176
6879
11708
13968
4112
9795
7558
2232
3234
3095
13669
6391
11370
2218
14229
2225
6071
13617
13515
3454
7909
4878
14476
1927
9044
2776
12898
8363
3595
6754
8137
6311
364
2268
13904
13449
14909
8329
1722
10158
1748
8449
10344
11375
8356
8186
14105
5235
12062
7331
7754
1678
6977
2588
7778
3583
3963
11791
1766
14599
10654
9181
6794
12310
4404
2694
7159
14799
5798
10456
714
11977
5779
1688
11356
10874
7820
8333
12615
2607
2728
6085
4753
13934
14953
5447
159
11544
3681
1597
6953
9460
6594
12964
548
102
4324
9092
12506
4629
11954
2746
4455
1917
9284
436
85
4136
6332
14919
570
1651
1590
8337
11024
13690
405
8500
12145
4417
11326
10767
6302
13453
2603
8508
1502
7886
7855
5594
5526
3952
12095
3025
1146
10417
10365
894
10697
7689
11362
2108
960
648
2519
10364
10689
6586
11611
4968
10427
12997
2798
8160
11043
8390
12361
2282
8881
654
4825
3682
12617
5666
12895
10404
5181
6976
5315
2676
2491
8362
9853
14620
13255
7678
11199
14149
14752
3212
10219
14845
13837
1253
7093
9281
6681
4743
6643
7271
8065
5192
8123
12998
6032
11953
7942
1751
677
14361
6324
11580
632
3162
3735
10068
9772
12484
690
11139
4785
14596
13418
8238
6288
3784
216
9155
2056
14930
3346
1646
11904
8241
8531
2807
11500
613
5104
13622
4675
6792
8031
904
14844
13680
12965
5569
5016
7347
11609
2446
14502
12590
14917
13289
1659
5399
5806
11980
7381
3598
530
11014
5456
14978
5159
10620
6585
4914
6880
3657
5622
4277
7185
1089
12323
12337
9065
11104
1736
5877
14390
8477
3502
3300
12314
10837
4188
13918
4064
5516
14383
14032
4770
10546
6939
372
13042
15044
12549
14108
2627
7286
12455
7451
3364
1365
1248
3727
5671
14552
3469
11471
1092
6804
7545
9991
13532
7303
14040
9205
637
1111
13746
1358
7722
12203
14830
5222
6208
11892
7393
8781
12304
6952
6426
1354
7478
5612
3198
2191
13768
55
13178
12954
12663
2543
7765
9368
11064
13601
13993
13783
7729
13145
1817
4659
9252
13569
8572
13027
10177
8472
15154
14951
12909
3634
6735
6086
12243
8376
12892
11295
10321
2765
7584
1956
375
9032
13597
2452
10272
10215
11593
13527
2077
7656
8018
4812
8710
965
13495
1951
218
15013
1363
2113
10594
13462
7191
145
10092
7499
5292
1430
3055
9236
10409
6719
1684
5465
15030
12478
7113
2070
4652
1820
11545
4427
14722
46
4830
7087
5141
7064
9715
802
4505
5481
9229
9292
8821
8717
1074
8979
8394
10634
12770
4903
794
6358
8701
13779
4964
13257
11951
5797
6139
12974
10248
5700
10667
11690
3575
8219
280
14644
12335
7496
9612
15072
9312
4408
972
13244
5907
5922
6988
5863
2231
6663
10038
9245
12802
10776
4043
8048
8610
9119
1762
9949
11603
6104
6045
6831
5407
10919
14604
7887
362
769
10213
3950
2366
14228
2228
13917
7832
9464
6935
3077
270
11427
10056
12138
6508
2514
7230
7923
10852
13914
889
13711
404
9084
4664
7380
10261
3330
1976
3201
5775
13262
14416
9538
3333
5867
5026
8666
14437
6029
3335
9534
10304
10043
11422
2090
10583
6350
13150
13582
7902
8910
3560
11978
89
4918
1341
5558
14967
2683
8873
6296
4416
9502
10984
8418
13014
7294
8620
5894
1760
13675
267
12292
11443
9955
12786
2357
11590
5725
2602
10586
970
3388
9339
5986
3914
2946
14480
7187
5448
14929
6220
14248
5248
5961
14932
10534
11221
10638
10966
12876
3706
14635
7026
11923
1882
9641
2276
2006
9166
2958
7238
955
827
14753
8498
5816
14941
4733
4434
5591
13473
11088
9533
2775
9839
11529
13988
13361
12707
3899
3022
15131
13155
11562
2748
5048
3220
14966
4090
353
14748
13274
6606
6060
779
7808
1058
1013
3643
12591
13780
14230
12614
5075
800
7658
13693
9987
14850
15005
13270
8204
9850
11760
3289
6787
5975
13117
9985
9628
6641
1948
10191
1045
2696
13064
9238
14974
5437
3168
7277
14397
12535
8722
5587
5110
3984
13182
2653
10292
1288
1272
6180
13872
12821
12894
8406
14907
5712
4642
6617
12754
10037
7704
8814
2853
8566
10806
10265
10434
2708
11867
13633
12024
6868
3159
12186
12075
2233
6911
10181
10829
5165
13141
5504
13670
11248
8976
5368
338
656
2158
463
7506
3161
1080
9946
8057
7072
5265
7646
13484
4162
9570
13258
8285
14311
1009
11726
8187
4543
12164
5707
7780
7937
5378
1431
7467
1644
10906
6921
8479
4498
11850
11223
7194
13049
2172
6592
14663
13731
14631
685
13733
14328
14028
7235
4827
15188
2483
4754
8255
4899
5625
13050
3763
14459
4598
8284
6533
14086
8538
10803
509
4340
6819
2718
2903
7611
7726
1462
11848
6033
13416
11613
10680
6564
13936
1379
2367
5130
799
11821
12924
14803
11378
479
9606
4696
8478
5831
732
12193
10179
4717
10142
1618
11142
3319
1629
6688
4194
5167
5540
4283
5142
7346
3878
12607
5214
1225
9239
14851
13600
15136
10604
13967
14133
628
13998
11128
7517
410
4715
3121
13605
8530
2752
12526
6357
4156
3473
5866
5698
5028
12181
11871
7177
2886
10845
10122
5085
3650
5869
2583
5658
1793
6906
7364
2449
3599
2512
390
4808
12491
13676
13318
6121
10271
3925
9737
6491
4221
3960
6274
5603
578
10722
12220
8703
11028
518
6897
3218
14273
14009
14787
7372
2861
11290
9869
5517
14362
12866
14294
9395
3675
11947
9043
14159
13820
2574
12382
10687
125
416
7744
12338
9581
11440
508
10838
13387
12887
10632
11302
1873
8759
6627
14526
9129
954
2526
7398
13999
14591
9462
7119
6865
5409
14260
1093
7109
7743
14903
3459
43
10057
12943
12508
5374
11306
3067
14059
5464
2912
5010
437
1643
4423
6194
6162
14419
3722
2646
1761
11400
1495
7043
4436
10880
11186
673
14986
3445
153
5129
1568
3250
11813
13947
9298
12
10931
11946
6303
8299
2403
1466
2288
7197
6020
15094
7779
10675
309
14049
10532
5320
3736
12316
8436
9439
3779
13381
9535
8655
12414
5553
6799
9484
1533
12096
12616
12643
2281
140
120
2002
3921
5370
1985
3701
3742
9842
14417
787
8705
12438
8992
14309
1359
2500
1549
7332
5596
2539
6538
15211
10570
6416
6753
11805
8741
7440
15209
9738
5015
5183
5636
11962
1099
9143
11844
7488
14708
6353
11615
4633
3623
14174
442
2322
14661
6694
9876
2918
2388
14177
1461
3457
11780
2249
7874
1332
8434
8922
4688
11798
4328
1911
8554
5430
957
15197
8551
9057
3191
9660
5242
5880
1458
330
2120
2532
14062
3188
14702
14987
665
4583
12081
12425
9953
711
12539
11005
4590
3392
9482
747
9316
2411
12601
14335
10083
851
2177
7089
12261
3147
1522
4796
6347
5435
10849
8847
11190
1347
420
10194
3059
6895
10326
13647
333
9631
13179
644
7679
8480
3171
7339
15101
1577
1537
6696
14078
14322
5286
5349
3228
8501
7250
12777
10935
12350
2541
8459
4325
8334
9034
12367
13806
7828
10746
14510
7699
2753
10313
475
4814
551
11655
12245
14157
6856
12976
8429
2559
4346
11407
2230
5363
9435
428
2687
10942
7057
11065
8485
11803
15000
11124
9779
11991
5606
7542
7719
14770
11477
1724
13626
8600
10343
8624
14
7035
6205
14717
200
2941
14791
4224
7368
13764
8411
1166
7306
3688
11938
10436
13202
3901
9051
9069
9846
13882
2754
15225
15103
8402
7631
9727
3183
8667
4516
4952
7236
4973
874
4363
8185
9751
3618
1758
7310
8697
14481
2818
2965
6216
5672
892
12717
10847
6406
1445
7776
14239
987
10569
5581
1972
8552
11512
8594
3434
4128
11659
5697
4448
6741
3718
2668
1555
4589
12798
12023
10815
6444
9449
13870
11625
11459
11698
10552
7094
14638
11578
10399
2654
828
13456
6837
12472
4199
8521
3468
525
13833
5223
14301
7624
1518
11077
10573
9572
14446
10050
14286
13236
14202
10247
11058
6482
1894
4273
4663
6718
4880
3326
3804
9831
9993
14288
7088
7686
13233
5695
3312
1587
10887
1919
281
3609
13073
9509
11843
12099
10933
4230
3195
13334
14256
324
13071
3306
11219
11688
13323
11262
10844
484
3222
2091
8670
7777
8051
11840
14145
2859
13828
10086
10795
3093
9937
1290
7476
3020
6665
1641
66
5651
1023
11328
6299
13925
11421
12502
10564
11835
11628
11157
506
11604
13804
6853
2112
4949
7130
13762
10879
7756
7296
8119
6389
11177
11493
8626
2867
5751
2825
4945
7861
3153
5502
3417
10716
2538
3510
6842
11409
6916
10110
5090
2008
3531
12140
13187
1759
11239
447
9919
4580
10026
7272
8772
2619
7952
6410
15143
13314
12123
5177
11089
9194
10730
13851
12947
6062
540
6125
8617
5136
8353
276
10978
438
14586
8009
8757
11171
12608
5547
11931
9652
11903
8810
11534
3205
3411
14083
1370
14609
9243
10956
3463
2881
12709
5233
4347
2315
6783
13609
6483
7282
4147
2973
14039
14921
10972
10327
7114
7555
2030
11419
11240
14949
8533
13973
10464
13474
8435
14449
4341
8892
2151
6372
13169
12936
727
6445
6878
13315
7598
9820
8674
13811
9550
4454
12972
12087
13976
5717
6664
2854
6192
14669
1025
9569
7748
11723
8389
3072
6026
4594
11008
11807
11549
8639
11522
14668
13267
1131
9354
9642
14339
2850
14995
2987
9147
7165
13602
8969
907
5567
8292
6543
9897
1831
6306
8517
14203
11289
3474
13188
15060
11692
9506
5406
15149
14372
3544
12050
9301
327
11381
6613
3662
8616
4650
3084
10605
4996
1918
14427
7714
12302
8271
5641
1217
14656
13819
12148
10748
3128
11429
5382
511
6862
9349
1854
6183
9722
9792
8623
2826
9260
5920
10863
8491
13526
9090
11705
3739
93
10465
5441
8308
10171
12780
5174
13164
6760
1398
4549
13829
6380
9711
14686
13407
12006
9578
4901
3211
4379
7422
12937
12319
11063
6153
7448
8924
398
13775
5271
9463
12153
4550
3975
5956
6542
3608
4139
8318
11633
9411
14705
2217
5244
13234
11873
14860
12942
1600
4596
3557
6927
11017
9426
8458
4697
11877
4609
6776
5648
9861
4025
10851
8094
9118
5047
13012
8490
4857
11364
4080
13384
6170
13227
5912
4288
9469
4636
15141
4820
6810
393
4350
14642
14315
4504
7693
4243
4353
7594
448
7367
7196
7737
7376
1118
4263
14429
4217
14975
5077
543
5089
14725
12454
5544
13411
10514
10152
4924
252
9619
12692
6418
10032
13201
11622
7341
5699
12929
1352
1552
2575
4429
12946
2586
409
2785
6222
4737
10923
2513
7621
9947
8246
11751
9270
5874
3971
411
11558
1437
8542
7595
2838
4274
5669
10429
318
13465
10338
15228
6001
13702
7008
920
3251
11447
6383
3021
12015
4240
124
6477
4790
1804
5087
6242
11880
6479
144
9954
1611
2715
10453
12603
577
1818
1413
15024
7503
764
2819
5529
3843
4732
15043
2634
7710
6528
7153
7696
14991
9254
491
5092
14619
9087
13296
4978
4553
3831
12779
8756
11820
11971
836
1020
6218
8586
1174
10337
5676
283
11924
8131
3527
3637
4780
11874
10736
14099
1305
2454
9186
10799
2453
3156
342
6
10216
4035
14664
14495
7673
9109
872
12038
10794
7052
11995
7826
585
9098
12794
9785
11905
6382
6945
14307
1791
9901
7537
4533
6995
9790
11448
3136
3366
8865
2207
9473
8921
4202
583
12239
7312
8760
12655
7359
8037
4890
8916
6345
12113
1922
3269
7293
10856
817
11002
53
2165
12928
12370
8193
7065
11069
12836
10197
1447
12418
567
1593
14565
13054
9662
11085
14012
8391
3987
13406
14551
9517
7397
11936
14779
4494
9624
8237
1082
13438
5713
12706
6618
11922
1981
10121
8734
13219
8864
4957
14679
8097
12809
12725
10137
4038
3029
11914
10652
11466
12812
14128
4579
2932
2741
10078
2229
5629
717
10411
5957
821
5062
13062
12196
2572
2636
11307
3132
2878
6629
214
15032
14915
12379
14515
8254
10358
4153
11480
10658
11159
12207
2048
8017
11973
2362
3148
4551
6841
9511
7947
7946
2267
6131
649
9754
13654
1231
3869
9047
13567
14329
6843
1767
2913
12851
881
10633
4318
3062
4722
1990
2419
9373
4588
888
4445
469
8045
8179
10462
1566
14614
13086
2046
6128
14940
4992
2557
12277
1147
9648
5626
6328
7718
9234
12853
4469
4174
14262
5731
310
359
7378
367
3967
4167
14448
4343
554
11146
11566
10813
13242
1693
880
1403
7139
9275
9889
3859
9707
10498
6667
12226
3889
10519
10789
10777
5395
8933
6042
14494
4686
7670
13085
5164
11410
1986
380
10938
9232
12273
8497
10186
2648
2988
11194
4100
3676
152
5093
13177
8328
253
13004
6931
5862
640
7547
7687
12451
4017
11385
3075
5229
11112
15017
9530
10501
10279
12189
5813
12817
681
3423
9163
8999
2727
6874
6511
2887
14743
6756
667
4940
9643
15187
14947
4501
812
1615
9981
8096
2993
5321
5470
2365
3995
6771
12589
7095
10504
10796
15011
11700
14227
5787
3867
13158
1750
1842
5865
4208
7858
13666
10752
10728
11236
5773
439
553
3798
6680
9591
3852
11878
266
14878
8025
8938
12298
254
15108
2012
5180
9471
8070
5595
4160
5432
4586
14950
6844
776
12286
12744
9994
6454
10562
977
15046
14687
1218
6677
7872
6494
1107
1196
14832
6773
9999
11841
5891
13855
7539
6453
1725
9296
12645
8525
12840
11397
1628
2251
11870
4237
444
6101
14025
8176
2542
11712
11728
11234
4250
5348
13740
10303
13848
5927
2649
9943
14266
10871
9324
3576
15222
284
7039
77
3451
2870
3616
4611
8439
11641
9962
8900
10759
10516
299
2286
1929
6723
9851
2643
1742
4040
303
11118
10394
2193
81
3647
3030
8831
14308
10135
840
10861
8555
1731
2304
7787
12738
13556
14783
1547
15019
3853
13365
12065
15170
5521
11921
12604
10766
5096
5960
4077
10685
1889
5966
14713
933
13468
2780
2980
9300
5838
1343
1090
2185
135
15065
11330
11140
2382
10587
8180
6851
5067
348
12374
3331
9041
8489
2891
2473
7613
9797
477
4941
8191
2595
6080
12362
2510
3381
9762
9529
14399
4205
3079
5163
3405
13608
14401
13048
10703
2161
6913
4866
1909
7324
9498
1380
11320
14911
519
13041
6711
13618
9342
582
11232
1498
11996
1307
10283
10945
11013
14804
8420
11865
6412
4011
8138
5630
14989
8260
919
6465
13575
6560
12102
8
13209
381
13472
1481
11205
7355
2924
2945
9610
13970
6022
2873
6673
10020
3801
7220
14186
2547
6364
1124
12844
6989
8008
2050
11481
12156
2409
14816
7897
11648
14391
8454
9371
1005
9173
12215
3723
14681
5586
2110
8401
11961
5398
8444
440
402
14873
9914
52
6867
14106
1683
227
10561
8581
11181
8228
3353
4971
5507
6686
3027
15119
9446
12772
3036
1483
9545
6481
6566
10460
7842
10547
8989
6888
94
9584
4261
5044
11361
9982
3645
1121
9791
6702
12183
188
2134
9544
3876
13843
9913
12325
11258
13272
14375
8790
13031
1210
1112
4211
5724
488
12440
6050
12678
2348
9713
4456
6590
12262
2078
14074
6685
5900
9417
3998
944
1719
14067
13448
13538
13286
11465
5556
2688
8183
8107
15079
10804
12689
14659
6292
8679
352
3863
7209
13859
13927
3135
4178
126
4939
10
10645
2876
9271
8890
14633
4372
705
4946
13337
3565
3358
13924
2811
1999
5842
9248
10355
421
2026
5552
4129
10061
1418
10976
12268
1569
11777
6249
2174
8283
6428
823
220
3730
3941
12791
13108
10982
11689
4990
7256
14411
4721
9226
5070
13349
2062
15220
2071
1677
2135
3305
12112
9922
8305
23
5548
1667
6869
6526
10542
6635
3380
13039
14124
248
5691
2176
2796
11300
13350
5237
3916
11657
6709
3465
12400
1977
6466
4189
14290
3885
3370
4935
2558
7623
490
481
9664
7136
2659
7973
3824
3602
3271
5991
4065
221
7562
3014
11101
6907
4723
12626
290
2660
3753
12345
8723
6638
3248
1560
786
13965
3116
5879
9117
14560
11341
10370
5757
3865
7983
190
560
4933
7102
14250
5346
4595
10052
11473
2393
9151
13370
9401
4259
4386
9263
4998
208
14795
6325
3317
13153
12254
6730
618
5289
9068
3375
2034
4280
5275
9872
14323
172
12870
7170
4362
5200
7145
34
14768
7859
369
10986
11672
11680
7179
13220
12555
7096
3604
7338
2760
1695
10393
14923
5421
4066
7649
2125
11899
8698
623
13224
15130
4758
5007
8590
5263
10970
12453
14456
10156
12391
5727
5684
5057
10885
909
12903
4457
14324
9128
2858
11015
13091
11426
2416
985
10521
8380
1388
11676
8493
8082
7848
8384
7531
6721
9948
5063
5001
11896
1055
3401
14218
7290
11413
6039
4397
13509
5571
992
14096
5998
13200
10821
13265
8499
12094
3051
7171
9828
9398
7103
866
4122
8105
3621
3472
9276
8936
7176
14477
13954
12498
6367
3507
5489
7204
13799
14869
4729
11182
2700
3274
13245
7210
14045
4137
9810
1635
13191
4187
1501
6200
3143
8074
765
2279
13739
7675
1660
3282
2318
10289
12720
11200
9180
9305
13020
12711
7012
11986
6204
11801
13689
8099
3558
10959
1053
14863
4145
8196
11187
935
13638
8085
4376
3284
5518
7701
10833
11966
2582
10578
3470
3787
7629
6659
7172
11444
7930
4602
5019
2073
983
12556
12353
1639
3301
2963
6158
13866
12284
6710
6580
13933
7785
12993
11083
1891
5980
13457
6930
7864
76
13834
7840
14325
14531
5245
8505
2096
11091
6248
3399
688
11485
14955
8090
3268
13717
11963
5670
9251
9357
11836
14898
9803
13708
6714
7023
1185
6090
7487
1746
8041
8695
4834
869
15033
10515
356
13657
2465
9328
7703
10255
2278
11367
3099
9918
1390
11376
12063
14639
13212
80
7878
6054
2975
13292
9485
13990
9467
4021
10440
321
3210
1274
1705
4388
2494
10698
11418
5023
3001
14464
2877
10969
1007
7894
14344
8235
963
4245
5564
3642
903
4439
28
11802
8537
7637
298
1469
11674
759
11790
1030
3823
3106
14257
9671
2829
4977
12184
5689
6025
3336
9045
3658
12629
12673
8212
2197
5800
2371
7663
1811
10947
4314
13428
4705
12233
11243
11773
1872
14512
10372
13835
3176
14497
13374
11669
12971
13831
7036
10291
13017
6768
11169
11478
10910
1507
4039
10302
11254
2079
7650
7268
10816
2977
11225
2781
8358
9007
3617
10062
7134
3065
2740
3214
7473
8975
978
5064
14490
11366
1871
5505
2631
6221
11012
3635
10065
5253
11102
9283
8628
9266
461
1470
5373
6984
7725
10348
1079
2132
8258
15205
4013
5199
6178
6624
3373
95
3391
5133
6319
11246
1100
12499
8118
11754
4152
5109
8412
5599
13765
6469
12886
12878
11339
11189
3671
4279
10631
11845
2441
9630
5729
300
5661
2579
575
8794
6378
15189
2115
521
805
1614
11000
14442
2295
11
7528
5610
2972
1277
6489
3018
8605
7614
1550
2338
14005
1961
13673
2689
8253
2889
9198
11514
2814
3577
7821
12550
7318
157
5365
6061
9138
2011
13683
3591
2391
6881
7818
8763
2647
11425
1856
15181
11494
8301
12736
825
3393
6932
902
8984
8004
3855
9689
5501
7370
10924
8998
14134
1778
2817
12194
6971
8614
2571
1610
12300
13761
51
10435
10259
2966
11678
5702
5538
6885
467
12130
12001
3943
2412
8787
9562
14258
11934
9724
12559
7498
13902
4559
4313
11475
12644
605
12581
11917
9746
8866
11291
6949
9887
9224
11483
1938
5220
12827
912
7810
11782
2064
615
3002
8162
9941
10783
4159
7048
4987
13677
2428
14496
4352
4959
14065
7468
1130
12906
3145
4370
686
8876
14652
10354
13865
5002
908
10173
12494
9203
6460
5646
7772
14703
7444
7063
12667
14130
6219
2598
33
10497
13425
14814
3350
7184
6498
6963
8560
6608
12766
833
6513
5997
12651
8699
8227
9235
11637
1207
5318
12613
14407
462
2761
7677
3304
5903
12255
487
2142
4887
859
11970
2922
2450
8473
10293
3986
13290
11105
9003
12458
13072
12568
13743
7736
11575
11416
5939
12683
9081
655
13536
10567
7757
4207
13328
3760
14581
8535
9555
10011
7789
7127
2600
1633
14042
6329
7267
7402
5942
1895
4227
11162
14996
10967
4673
1279
3123
1553
4367
1579
13714
3920
4631
5148
3607
10743
7569
11588
8040
7058
6946
10758
12287
2098
15169
4284
864
3017
8972
14818
6472
8815
11208
12174
2424
1239
3698
3555
7583
9961
44
8201
6439
2925
15071
2057
13226
11049
14523
2869
12258
2777
6937
6016
8967
5790
7352
8740
7261
1845
3538
2581
13511
9613
4435
8277
6858
5696
4213
7307
11335
10251
4829
8948
10316
14576
3990
15009
3666
403
13304
6581
494
7428
2291
10232
15226
11662
6400
1004
2823
279
6322
9419
9415
9964
10985
8032
4161
7007
13909
13402
5120
7409
6962
1006
9214
3847
5496
320
9347
6315
5153
12636
4845
8809
347
6996
11275
5300
12822
7442
12441
2387
5490
12931
3475
2247
4707
2908
11042
4568
11352
3318
2444
616
1477
6041
10315
6167
8925
4764
4618
10376
14023
10975
13655
13383
7410
13729
3740
14216
10729
1619
643
5492
3646
11912
12412
13901
1939
13963
1238
5342
344
3534
7992
13798
13508
11267
14457
5000
6442
14193
6415
13969
11703
2674
11319
9909
1910
12251
1000
766
9769
9916
3893
9201
13755
15178
9932
4244
8826
14964
13458
2340
7933
12480
13095
722
7126
12823
11469
13748
10033
4763
11343
1626
5906
143
8857
5688
14936
8784
9392
5367
14138
2739
6705
13782
11256
12713
1233
6657
7576
7601
4300
12701
10876
9680
4778
13830
11130
1247
13149
1073
14110
12007
5925
8672
2253
5860
13206
14522
716
4555
536
3249
9189
11683
12803
11313
5330
10362
10466
712
896
13621
4410
13728
3663
10780
2914
14820
12084
796
5968
13856
4003
11602
87
12696
13492
1315
3283
666
11999
12060
6861
3204
6135
13951
2234
14534
4264
7015
14927
9350
6899
8265
3244
7225
13815
2615
5449
8419
1314
7013
12710
1096
14876
9060
7374
7707
12259
7045
10046
14085
10455
11442
164
8598
11758
3407
8656
171
1827
11127
1728
11430
9653
621
3339
7285
12961
2420
12684
14389
2196
12107
3090
700
9131
1508
14011
13443
1106
12216
14914
10699
11395
417
3545
1506
14436
11039
3341
5728
1993
3005
9567
14182
11414
7734
8248
7634
15116
14107
13230
12486
10146
4375
12110
6213
8140
8848
11192
2981
14363
3977
4540
10557
5168
10683
14998
13025
4108
400
12326
2521
8378
13749
1433
1536
10100
3203
14590
1075
11565
12373
8612
10791
10848
9006
8968
7465
1637
6763
4461
5338
10520
10608
14812
10954
260
237
7260
4155
5216
6544
8796
12519
10508
10825
14546
6715
12351
959
4231
9608
13422
14868
6652
12463
10596
118
11009
1511
7651
9719
14550
7234
1412
5764
11351
3063
10920
3703
14881
2479
9017
3877
5930
1594
1674
13792
10819
2551
8636
1425
6522
704
3529
10098
11814
11278
12868
808
11881
10174
11382
7329
2213
6241
871
12236
6615
1302
9959
6339
8213
12483
7849
6825
13531
14225
8589
1517
14066
3652
11506
9040
14589
9369
14819
13238
7480
3726
6556
3767
12918
4110
10200
189
5
7246
15084
3750
5895
11285
2425
8502
9073
11548
15174
1926
496
6883
1298
3719
5031
1807
337
10395
6096
4815
837
4644
4669
15104
3340
4480
15088
4966
4942
6161
12795
12410
9734
15087
15001
2119
12855
12768
14536
12190
7752
9717
4241
14063
12117
2693
725
2028
861
3053
4401
2469
9315
6451
7215
12828
2656
4032
14367
10895
13266
2102
7021
8797
5307
6739
42
14613
9380
7692
503
6887
7146
9532
14793
459
9148
6772
9175
3957
10670
9701
14478
11725
9494
7889
12356
13625
9527
4345
1128
3528
13862
8381
7607
3424
14169
12810
9807
9487
11925
9617
2969
11618
15099
9114
4684
7414
12767
13364
2503
617
6848
11019
2041
12133
5562
1198
4483
12209
10051
3420
6938
12464
8209
2194
11650
11748
7424
7208
9957
3776
1473
8290
9216
15096
4731
4016
7205
15014
8161
939
3693
2123
568
446
11383
14326
9945
9714
9185
14088
7800
10093
14348
14677
14879
8981
12327
5485
11265
1554
13167
557
3243
13069
5042
308
14380
12619
9179
12896
1223
13243
6746
9355
4704
746
12396
7945
7056
9651
14751
8660
12731
15012
12781
4610
12306
7706
13734
11761
5005
8460
1283
13198
8835
1757
14772
12250
2802
11363
14217
14016
4840
11156
13955
11035
10886
11264
14823
5035
5791
13678
1586
5194
4658
696
10840
21
8155
445
11884
7317
10101
7199
10189
2938
6836
10706
612
13583
14926
13333
923
13172
12638
5238
5393
8807
1898
5570
3808
7075
7620
8785
7160
531
8281
11627
9441
4374
11031
6611
10312
7062
13825
12434
2488
1658
9543
3514
9062
2930
5219
9310
13852
544
2433
6265
12044
7214
6516
973
8635
5750
11144
10461
7817
6759
6289
11435
9699
15168
13199
14566
8861
4180
1988
11061
4852
11883
12834
5705
5295
1588
10425
8370
5987
14653
14296
1357
7511
13961
4023
7475
9178
3665
4757
2937
2499
6438
11374
13378
13024
13696
1163
11379
1819
6972
12826
8862
14839
211
13953
10822
14238
10169
3578
98
3115
14241
737
8684
9984
10846
9253
12000
9862
11815
10130
8895
12129
9998
2181
1934
11253
7006
11209
3570
2162
6507
5624
13082
5408
10961
3856
2789
14386
11857
328
7996
6728
5274
10943
8743
8474
6475
9978
2410
7533
13256
12272
9923
2017
13148
10382
5014
7084
12041
10445
14113
11526
12057
4818
10512
5140
14545
1706
10070
3874
12402
10772
4265
3197
4682
12433
12980
1853
13420
14278
3556
8249
9165
10176
3800
15127
4960
4927
4809
15139
12175
579
1531
4621
9099
2751
12893
2369
14036
1269
11273
15093
142
1049
12247
504
13864
2309
7105
8068
1544
5714
9399
12290
930
12661
10488
3762
6597
5258
5992
7893
2639
7931
12572
9167
10792
14306
9611
2531
7807
7586
7688
11214
7727
5499
14207
15059
5549
3427
10992
3230
949
3117
9501
14884
743
6227
4275
13926
2324
10930
6141
13623
4531
13032
2773
5324
5753
14587
5443
13620
10391
2535
8780
345
13971
1709
10830
2732
996
4232
9072
14424
11163
6079
7423
9925
11224
10690
11528
8853
7920
7657
12622
14200
11496
10351
13101
4745
13913
6250
12092
1286
8035
9540
10640
9160
5857
3242
11501
11372
11742
482
1295
9997
5472
9665
3151
13504
13941
8507
12204
6683
5036
5858
15045
7811
9397
2296
604
11771
3819
2392
4816
3446
8364
3572
1801
13726
11819
5632
9655
14824
1883
6575
11858
12394
9389
11033
3134
5105
3295
6098
14570
14715
14688
9870
11879
3441
6478
15180
13486
14712
8269
9325
12598
2563
11560
14469
4323
8568
5009
2097
10592
2100
2485
8526
8098
6919
5546
11389
9951
4775
9106
10839
1512
2629
4403
12185
7447
14946
9383
78
8120
11729
1459
4728
4667
14445
11520
7361
4563
12341
910
3620
2406
12845
6846
6877
4824
5901
9874
4532
10832
5933
12833
5467
12078
12460
3639
4200
6171
2263
4718
91
1478
676
1397
10134
9437
14954
7795
2122
15145
7873
1487
3425
2445
13174
13785
7709
13840
13078
4716
1859
12169
9378
14506
8000
14029
8778
11550
4411
191
1673
8889
8060
13668
9676
6337
2258
6275
11198
14828
4552
9725
5264
5870
1493
4402
12883
11704
2707
14269
1798
4451
3533
288
1057
13026
2039
4801
11457
10553
3898
1192
2606
9434
7413
3140
12858
14404
3851
9053
11272
9193
8811
4320
3415
14503
2983
4702
13827
3263
4925
8573
13181
13293
3408
15049
1061
15089
360
6849
8874
11684
5357
6612
13311
10164
12388
1022
993
7439
1114
14069
2736
12514
7112
11261
10627
10006
1165
3278
6419
12143
3345
9161
10361
2007
471
3525
6697
7241
8141
3781
7273
11211
3803
12291
883
546
8548
247
14889
9267
4249
14474
6778
775
11490
5123
12602
4253
7989
8519
2175
3088
5887
7491
4695
592
15146
1754
6408
7464
6501
3226
4645
11188
3919
7497
6948
15112
599
1148
187
5910
499
11078
4617
8917
13285
6701
1070
8949
8713
11636
1155
12049
9579
12019
4747
5683
9153
7642
2088
7494
8481
1669
9731
10613
918
11100
1
8913
10412
13137
6742
12393
9096
14415
1732
5514
2067
10185
14621
7100
8461
5686
5038
7803
11826
13157
4786
9566
10790
9026
2075
13956
11930
2038
8839
162
12430
181
6975
14958
2845
11252
14794
9558
14645
12160
1780
13089
14592
15173
12192
6700
2083
13946
8843
989
14731
14637
4489
10510
6468
5025
3440
7047
13745
13107
8252
15204
962
3122
8251
2863
12800
1603
4310
5706
8801
3247
10276
9046
12949
1775
10893
8704
13010
2771
4980
5771
7981
3965
10980
11572
1514
6576
6548
10180
4042
6295
15057
11495
6506
2641
10550
10284
6023
1393
10948
5459
12733
8231
2833
2005
9274
8929
1186
4432
6015
3460
11853
6122
169
11906
6796
6449
6149
6335
15157
2480
14073
2187
1662
2243
2326
13945
12618
4554
15165
4214
9313
8428
7924
1733
8259
7415
14538
3834
8503
14487
11467
11454
11656
5849
9752
4613
2173
5335
12530
3477
14053
8422
4805
550
9709
4089
10309
15126
580
8348
5964
14965
9414
12944
138
11943
7991
11715
1208
5892
14422
10977
7549
1591
7900
2063
3329
863
8748
3596
4421
2376
8495
6476
14877
4092
8851
1249
7732
12978
2679
11693
3322
13753
2996
1908
1625
10080
14198
2192
9246
10256
5904
14598
10131
13935
6965
1367
8463
12630
14082
2710
8985
9583
119
13375
10749
6850
8379
5947
14616
11838
14660
13877
5511
6589
8532
7823
5269
4272
3023
3758
13215
8978
7925
1454
6005
5833
14313
14810
2317
7435
2637
3537
141
11958
4983
10834
12687
7770
2093
1027
4634
4104
5386
9815
3142
8744
1221
13791
13131
11732
14143
8199
14562
11505
11172
5359
11210
12885
4437
8592
718
4173
10298
2723
10048
5681
7766
3523
14382
7297
2516
1698
11972
5500
8166
7076
9864
6716
13277
14511
1582
5780
408
11982
1382
10260
9016
6616
4932
4565
7115
2399
6301
591
2841
14412
18
12011
14102
4081
7108
12881
1850
760
9774
10481
3761
14875
8911
5319
1672
1510
7190
11830
10295
12244
7314
3272
2137
5810
3086
8198
12217
3846
12111
38
9775
12967
316
14094
7747
13392
5692
2592
5482
2081
10987
7068
8852
8893
11439
134
7884
6892
14052
61
8296
15121
156
6154
14396
15208
8909
10710
3048
75
4281
7609
10929
7125
4651
3421
2682
3926
6748
11718
12403
1567
15219
6211
7152
7622
7383
4838
1712
15092
3549
1457
7469
539
12104
2260
1645
4082
12378
14858
9091
11327
1321
4788
1373
10946
3768
7767
9512
3239
14988
6278
4050
243
6152
5551
11895
10275
9837
264
9070
6712
10621
3828
10518
1083
2658
13306
6467
69
10870
10385
4920
1679
4029
9634
873
9658
12888
4537
4574
12755
13180
4495
13171
4218
6077
13195
10624
12381
10898
2929
512
10012
2092
8050
13249
1622
3258
9344
12163
1391
830
2768
6866
8828
5354
10242
14428
13663
10888
12561
383
9221
2916
3484
13688
3309
12769
10422
2354
13279
893
13887
9663
10940
13592
8075
10576
14156
9618
3170
13372
6100
10579
8899
13310
10614
549
7712
14594
1182
9077
11476
13818
9268
6458
13057
5766
5915
12919
2271
4993
12278
13757
4879
5990
13430
15107
3582
7798
8860
3124
9755
3540
1647
9196
5297
3444
2790
4915
7425
7984
9969
7819
8946
8996
8634
9457
561
13034
7571
5076
7325
10718
12763
8159
11095
1686
5221
810
2016
913
8385
176
1772
12553
6505
947
3592
6859
12973
12344
12977
5287
3352
282
3057
11461
1415
8127
5127
14600
4233
846
1904
14359
12562
14418
8295
4936
13580
15034
4076
10674
13298
4720
6280
1978
14210
13709
7366
9329
2907
4749
9294
13434
1250
7180
12966
13079
4776
6769
14051
6427
1167
8850
11152
3918
11147
13860
14360
12238
5111
6106
3046
14190
4348
12774
11080
12841
4789
7337
7590
11908
10629
4535
4091
3892
13463
10964
8930
12470
2899
8683
3119
9140
2109
1542
7643
6549
2782
10118
3752
3938
9805
13737
14064
4585
79
2478
11030
3546
3219
11998
4604
3209
9336
11631
2585
1774
12983
10618
8153
10184
4841
5583
5916
8286
13482
5839
6010
1407
12790
8445
100
13196
12355
941
1031
12331
4071
11579
9137
952
3449
5852
14337
3237
14558
12420
12147
13649
13537
3419
3390
311
7148
201
13077
3818
10228
12933
11866
2527
3868
14912
1136
2677
13793
5413
14781
8615
5902
5394
5116
8403
2024
8706
5246
4674
1642
4748
14636
9854
4999
2280
7228
15213
7525
11040
3343
12631
13535
11032
9470
13698
12551
12986
3873
7616
9856
13888
13033
12760
13685
9766
14976
9933
11869
2136
1946
14766
13897
7559
2738
572
15123
297
13943
9421
3875
7342
11584
1329
5830
10210
4306
11392
3348
12090
4271
14662
3394
3504
2042
3398
8934
8298
12141
9931
6223
7997
6864
12435
11203
1900
13889
14948
7275
12436
7879
11981
14887
5158
4567
9489
8047
11831
9700
1763
2911
12167
6189
3614
10286
14905
2031
10617
8330
13868
110
2989
5656
5317
1312
13966
13273
5117
538
2014
875
790
7067
2239
2189
8405
6340
1743
9905
1901
5290
7919
1012
7906
11759
936
2601
239
5898
4123
13429
13528
15036
5741
7565
5403
3759
3073
11823
2779
2831
11941
2241
9590
7445
9459
1214
13754
1583
6310
11283
2522
3794
13400
6614
10144
4344
5871
11665
14525
998
11340
9683
3948
5339
4006
13186
1246
1973
10556
10558
13263
1125
8335
13248
10025
12712
7814
14835
3896
9374
7972
6206
6069
5572
1687
6529
3275
10637
10336
10347
5527
12697
11666
3334
10190
2840
11926
1330
14488
2314
3490
1409
13523
11897
3705
15
14728
4446
1350
13881
10301
9323
1783
4248
9377
2994
8012
8146
6398
1220
455
9744
14079
1551
9990
12857
7876
6462
6596
14959
12295
12322
13281
9635
3864
3548
598
12764
11482
11993
14625
2828
3406
1336
11371
4182
7316
6371
5308
14747
10662
4883
6640
8765
2998
13627
8669
10262
3821
7484
9773
315
13030
9539
6259
3240
6457
3571
3858
13525
9005
7178
10350
14027
5747
822
7433
2308
384
433
5848
13591
12560
3917
12428
9075
5772
5701
14593
6569
10524
4851
15162
12814
11304
1950
7847
12404
1408
3311
3720
4963
11365
5805
5560
9835
12563
1423
9212
14754
7030
8777
7563
14882
938
10997
9741
10672
3842
6362
12289
1203
14628
11325
9788
4458
5693
5347
7882
8377
5520
9965
13543
8049
13612
4969
10696
5662
13772
8782
361
354
3133
10268
2794
6369
1723
8462
13389
9054
3958
7227
10665
2095
7408
2144
5426
12799
7022
10905
4847
1979
357
10266
5803
14746
12579
11109
5331
12005
13002
1235
3554
10230
14444
2138
13903
8006
197
3332
12577
7971
2068
14900
5122
2657
4309
5051
8883
2630
5653
6146
1244
7157
3061
14528
9169
8871
6854
6286
10915
7147
4201
2339
4054
14320
4133
661
1451
4327
11250
4760
4206
39
13396
3508
210
8932
4018
4837
8367
5322
13307
5914
13490
14199
2023
10363
1317
2852
11178
13932
4836
11255
13464
14944
12230
2821
13598
14993
9596
1188
376
6254
9759
12625
6263
3668
6266
3224
9488
10031
6000
820
12690
818
1720
13786
9928
13845
10787
4529
10329
7554
7740
9972
1143
12477
8966
4125
1039
6217
692
4467
7224
9466
14121
10896
12925
10981
14154
5861
14274
6765
5224
15216
7421
13478
7751
6540
11965
14468
5837
2758
12960
10088
11582
6757
11985
2664
11531
13879
13481
12179
3780
6593
6654
5050
13393
13599
1738
3850
13938
4140
870
1240
8015
5179
867
12296
5755
9576
8469
8788
2356
4582
1346
10049
14697
3487
2381
3765
749
13319
6385
7132
2997
14678
4577
12348
8665
9806
2443
1122
9289
6147
6429
11889
1095
14888
13288
3651
9334
10145
6791
1229
11288
3365
5350
4405
890
6979
5685
5734
8712
10105
2036
8653
11755
745
9330
7834
14806
4488
11928
6150
9616
13713
13205
12118
3113
11640
9844
4981
5419
3862
0
365
13885
10028
9067
1890
4475
12757
7782
4649
1360
8494
7741
3455
5690
6625
3083
11175
6343
7761
14439
1813
3070
6309
15055
5777
11525
6304
13398
13454
14452
170
489
7298
8958
8528
15038
14263
9659
2766
3574
12137
378
5936
1866
3601
14433
10339
6918
14034
652
8675
11646
10622
736
6450
6969
3233
3928
584
13844
11055
552
9190
3797
7681
10155
3041
2906
7373
4752
1862
12264
2456
2613
12742
13022
14611
1585
744
7360
2959
5883
14364
13937
3757
3790
4132
4440
13253
683
323
8779
10926
5828
8606
10566
4931
12231
3712
14548
3186
13595
3822
179
9465
10207
1402
2590
7387
9983
8386
13499
14574
8541
7289
1969
12612
8935
449
7017
3832
4143
14201
4562
8645
609
12672
13679
950
14741
2429
15201
7880
10431
7110
9736
12880
13353
4603
10590
10719
2368
5575
4833
4864
4561
8352
533
13161
12675
11251
13183
4289
6215
13985
14209
3232
10873
1375
14213
5953
7698
8310
13386
9
9028
14651
2374
3827
1835
8374
3314
14606
12856
887
11658
1829
11332
14272
4453
3279
3402
9980
12055
1697
13923
2990
5876
4592
13380
3150
13695
10478
14312
9293
7055
7551
4441
4510
12621
13231
10491
12228
13326
6281
13950
835
9827
3104
14913
12891
10027
6346
9107
11535
6366
10934
2139
9525
1029
4150
12079
14127
3909
13354
757
8130
5732
10418
5719
5978
11886
1441
11664
10713
3562
10258
4991
12904
2874
5584
2417
7695
12882
11753
7217
3012
10324
14297
12294
8029
13571
5162
9899
4116
9761
3428
6253
14822
4172
4811
8776
3811
4741
10379
6484
4111
4149
5762
11446
9361
13560
6166
2337
8447
14849
12693
11920
631
14694
7831
2632
8902
6658
14167
1318
4538
13480
1870
12051
6782
4527
4052
14090
3320
3479
11960
7610
8577
12482
4074
5463
7304
9133
10443
11927
691
7135
14846
4835
12028
11592
7362
14855
9123
9855
10686
1805
12009
150
2076
6113
10041
11915
4726
8487
11420
6417
845
49
4740
10610
9452
5098
4113
4730
10479
1576
15018
3563
4700
14901
2430
1041
12872
5522
2884
5249
6632
2561
6497
8680
5778
1541
1832
3127
13479
14769
14777
3505
14695
3108
2156
7963
8830
5893
6924
1254
1120
6117
7733
8957
10003
12036
12510
317
14486
11720
10319
2847
11994
15016
10644
5774
2548
11654
1264
8755
12634
7970
9052
14084
11329
865
12279
12170
10112
1308
10809
6008
14384
12035
6539
12932
4897
14441
6811
7417
12635
3888
5909
14252
14701
3519
7269
924
14831
15003
13928
1539
11682
6376
7806
4869
13301
10346
12703
2298
9976
4447
9317
10469
11387
10035
12389
3028
349
40
6662
9356
2487
7472
1844
7901
10204
6269
9912
11785
11817
2552
12665
12333
9757
7809
14862
15128
9514
2101
3344
4725
587
14115
9142
5878
4049
11769
7129
12424
7120
14723
14195
1823
10991
15091
10841
10282
13339
10894
11391
3738
5270
13778
3267
10008
9037
6607
268
11616
5536
2949
2025
4266
13340
8177
4428
12303
763
13216
6834
8242
11213
7029
1168
13320
9220
780
1928
10601
3252
12958
14303
15025
1954
3221
9777
3100
5366
12040
6974
11380
7870
10342
1331
13795
2834
10678
15156
3745
9587
7805
785
5134
7389
9783
7939
1680
3691
11787
15004
7965
7845
2939
588
10406
3362
3654
2816
11353
14103
6002
3078
917
10836
4974
6148
10002
1268
6496
10763
5782
9609
4620
6488
2129
4027
7837
2390
8203
6750
1892
14466
4482
6099
2888
10320
3138
6246
1739
13028
3285
2584
9848
8214
255
1802
5818
13900
1206
346
3094
11479
8880
8961
5836
9458
3316
10096
8239
8001
225
1116
11555
3196
9127
5543
12046
7899
6114
6923
9472
5645
11629
2569
10681
4334
3376
8152
1152
9523
14463
2377
1078
13409
149
7252
6437
7181
1224
14906
11586
2927
1532
14423
1456
9667
11222
7371
10196
916
11568
921
10001
3294
14219
8262
11630
2116
7416
3923
8111
7173
3906
3551
8217
2620
9742
6075
7745
314
2506
4000
10850
4449
1945
7750
10769
4893
12022
5429
13942
9750
14883
9036
5896
12413
3667
12056
5045
6535
3422
13824
14782
3580
406
11745
4759
2934
6839
2612
7530
7265
5650
10882
9559
10899
12012
2471
5445
3480
5190
14435
6073
3158
235
7471
5013
14276
10398
10602
14500
5638
9055
6693
10154
2274
4297
3181
161
285
879
12039
11450
4396
13498
9162
4225
4444
4392
2690
495
3069
7961
12719
13140
4813
6818
3687
106
13259
2967
694
10810
14221
8467
5948
11992
5711
6920
2806
13110
4698
3860
7600
1599
14123
395
13699
12364
13500
3276
12939
1607
14504
14543
8896
13410
3400
571
7144
5094
12846
2573
8427
7357
8886
6226
9038
15066
9290
12176
5590
754
5668
6056
12205
9390
4502
14261
8240
13342
12018
12390
730
13519
11141
8440
14473
10505
3302
1088
4222
6872
4989
7253
914
5962
4068
8064
6925
5206
12982
4950
12151
8774
6407
2628
9088
6327
11094
4954
9873
1101
5225
9375
10585
9765
4430
6558
6631
4276
12101
14196
1077
3704
11796
14289
13134
8218
3679
2808
13329
8591
7581
13873
1230
8637
5052
8732
6574
8297
13562
7602
14673
14618
729
10897
11937
1389
3802
9113
4909
7940
2114
4703
8121
5166
11134
8396
12748
307
12150
3175
2333
8546
6573
9513
1396
1702
11499
13546
6653
13317
13907
2864
3038
12187
4389
5424
9497
2426
1957
2943
12221
7354
5079
14176
695
3624
9938
699
6136
250
3809
1064
13325
10074
5820
2341
10793
11331
9308
27
11280
12908
10560
11166
9585
9801
6955
4107
702
13345
1747
14224
1773
9800
3361
6732
8791
7908
2985
731
5602
9970
2520
953
7032
4823
5795
8404
753
4114
12740
6967
9456
5198
3327
15120
2940
2432
1281
10545
11784
2756
14674
8799
4962
3241
7572
11406
4865
11540
8919
3786
7116
8971
13058
5723
5107
7193
13359
13377
4843
8039
14101
11967
14833
9410
1342
5207
9698
478
8803
8812
7557
11789
7162
12743
8588
5568
5273
11148
2198
9261
6668
10115
6536
7735
9657
10727
9747
5097
4545
5598
11417
14268
14112
1054
8359
8236
3215
3955
2528
8072
5532
9056
6628
9640
4380
1212
10595
10165
10489
9896
11846
10673
12253
2882
5784
4394
3386
5326
226
14058
9687
2407
3954
14575
14111
15148
12649
10663
6282
8022
2293
7982
8346
2705
10202
5763
10912
8158
3074
4913
13823
12691
9213
11747
10902
1654
13939
4600
13154
12178
8745
8771
7995
2650
2928
12334
160
559
8106
13541
11160
7738
9956
6915
1334
13987
10148
13842
14233
8888
1675
12071
5588
7000
10287
5143
1287
14790
1132
813
5420
13808
133
15083
5525
213
10864
9720
13893
9694
4885
5943
12702
11842
1971
12749
13802
12297
8887
3246
9008
5807
14191
5102
5479
2529
8415
11770
9895
9225
3179
1613
13972
645
1799
1556
115
13578
11311
13083
13838
10502
6323
3725
97
11126
207
2735
3481
850
451
878
3866
14175
3003
10891
7485
14710
7913
3047
1328
12726
1435
4515
1262
1612
388
5185
8658
8424
12910
9156
2730
11135
9413
6175
2737
6801
3978
5071
4005
3499
8156
762
6552
1726
14865
10643
396
4487
14736
11218
13916
9920
2793
2893
458
12407
12852
5336
9702
6393
7118
9732
10755
11057
12628
11518
2383
1395
60
9551
7106
1681
9184
13502
2827
10536
13751
6774
3266
8523
2610
14880
6620
8733
3310
11086
14331
5439
10367
9561
3054
6224
8366
10751
3486
14513
5769
15051
5844
3836
9481
12501
13452
9278
7862
4031
6889
13861
1729
3385
9547
10828
8421
7053
11452
12669
9176
4569
4528
5213
5288
14758
2626
663
6067
14240
1086
287
3588
9599
13461
2201
12450
9174
11642
8026
10901
15028
9327
9258
7249
3772
10452
5905
13208
11811
4777
5561
2344
13471
2470
14767
1036
7903
2686
13239
3680
7446
2252
7365
11342
6197
8583
14505
8086
122
12503
12122
1967
11614
10402
15227
257
11204
1571
3747
2350
4477
10773
9926
11809
13517
7816
3815
6758
12782
14379
7295
1405
9706
13769
576
6764
10889
6517
13105
5414
6699
4654
5752
14647
5929
82
8243
11644
14144
5809
8584
10442
7871
9021
8840
11393
13940
13640
8053
10206
2830
10016
12399
8316
12246
8944
2254
11524
8482
12437
14943
3015
6019
7852
4854
12829
4046
3673
8311
6904
14982
14864
9857
418
5938
11231
7212
7582
8347
5030
669
10527
814
13839
13506
10233
13771
5380
4783
13235
5434
10332
14979
3700
1245
2714
5577
6409
8312
14732
12031
5742
3833
11045
1656
12103
7334
6414
10580
5634
10133
558
9126
12785
12265
2568
14696
10099
12548
15184
13309
5585
2904
13642
8845
9580
5446
1815
8792
11415
3795
301
13087
2493
11456
8368
3438
1296
2303
5627
14299
11060
7639
10151
11309
15223
1749
6717
8903
15217
12544
2204
10060
9400
13221
10639
6727
5897
2812
2306
9343
3816
2256
12963
14317
5841
3010
4333
8441
11484
9500
4360
13368
2294
9781
6722
10366
1374
2832
7461
946
2625
1173
7684
13910
2015
2490
2642
10218
9520
5175
11303
5786
12445
13716
7548
5376
2437
7150
12384
13391
4118
2323
15118
9273
13735
3728
12835
13930
3489
1157
7333
7578
3328
14842
11386
9170
12002
9782
14643
7358
535
2621
2995
3154
14007
11287
3854
212
839
10349
9975
14057
14246
12762
8273
2770
7107
8224
12405
15047
13919
948
4906
10692
1016
9867
9992
7051
5032
2130
13093
614
13579
12509
13047
14667
9269
13643
9632
10989
11202
3496
2909
9416
13211
2104
12045
13656
15203
14220
10477
1857
7156
12567
6404
11952
12168
4988
10188
7588
2273
10661
10664
8195
5944
10106
4871
15020
6890
9904
3512
8357
3190
6571
10603
3177
5410
3255
7553
4630
15090
9678
11716
12952
12248
12342
1509
1138
7083
11411
10123
4030
12465
7630
11868
2842
13016
1515
12320
1178
3229
2810
13118
11048
10533
10811
11238
11067
13908
12132
2311
5618
8247
3462
6983
12406
7201
13347
13672
4101
14623
5710
12214
7390
3253
4177
6557
7638
3793
9447
6672
4335
7449
1183
7769
1557
163
3109
2208
9911
5218
12524
7532
8289
7830
2778
7437
11369
4519
6600
5355
12600
4433
11068
2183
1320
12171
6395
5823
9852
4426
721
14373
7844
2680
14603
8878
180
13577
6852
3471
9656
4219
3155
1905
14093
9331
8565
6064
5196
6747
10499
2769
14564
5941
13160
14070
13721
3112
8024
7050
10941
2964
7664
13367
10909
3011
2523
4126
1869
6827
11359
5749
6320
9097
12735
10357
14582
12593
3612
7028
2044
3622
8707
7941
14547
4168
6993
15105
1404
2455
1796
7500
7592
1010
7198
7163
13403
6669
5154
6568
6642
10531
4597
12114
12276
13854
7662
7149
1310
1689
13111
6531
7843
12656
11825
3660
47
8325
11402
13613
7426
9879
7575
8578
6373
5949
7896
13327
7018
7974
4576
4948
7483
11164
4750
12529
986
752
9639
12620
14646
555
7248
1417
1852
6609
9493
8102
1935
10094
526
7003
14520
88
770
10373
3101
6767
1632
11898
5737
8092
8576
574
5528
3071
12305
2897
12705
8442
10827
5840
14443
11191
7979
1575
6707
13615
3087
10249
14584
841
9636
6290
5069
14024
1808
1325
12431
8627
8336
15182
2043
2851
6480
3293
4359
101
5996
1816
8030
3559
3942
9486
10704
4774
12807
6502
14212
2720
1721
7073
11301
10430
9089
3016
147
10650
12339
1931
4424
8216
2872
10227
6605
10079
8681
8407
7791
12578
8823
1176
11004
9793
1855
15076
2661
8023
6655
277
1488
4905
5210
10960
9149
10768
8524
9116
236
14573
12352
12340
8211
8630
10712
11066
3383
14041
9495
15022
14426
11296
4578
1504
15138
14091
13228
5431
1278
4097
5768
9164
8808
14371
13962
9250
10290
6300
1257
10812
1232
4564
10335
7490
13074
11079
11554
6934
9903
8078
12093
8753
9944
7998
13718
9563
10159
4356
10201
2546
10648
4972
8764
6455
1786
15023
5353
14342
6997
5296
14347
14151
9847
12010
13451
12206
9860
9875
12533
3633
13019
5255
10952
8052
6537
4270
2709
6645
10820
6725
6622
121
12479
6912
10814
7
10067
12444
2578
4547
7311
7915
4517
6003
14118
15069
8069
240
11041
2605
13124
15198
3378
1903
1779
5149
6212
12861
12256
7033
9733
1180
6941
8613
9431
13992
3270
10867
407
3139
2059
11398
2749
9436
8104
11552
10676
8245
14140
9171
4496
13518
14785
11594
11677
2855
12456
8872
7010
9385
2952
12269
713
11949
4106
12668
7340
5523
10017
1960
8994
3737
4766
7796
13682
11849
931
2992
11318
11855
7077
5812
11721
12155
4640
2947
11129
10732
7382
11968
286
2401
8475
83
14365
5452
1428
2986
7406
341
10962
7335
1636
10270
13144
12085
11736
12884
12473
4047
5835
8882
1258
3500
14867
12397
12493
6960
12429
3325
9621
7450
10203
11733
7345
6485
2224
11507
12166
7759
382
3303
9890
4268
14670
5973
289
8625
9666
3225
1400
12457
14610
5608
9601
10503
7226
1860
10474
3778
1123
13038
3881
9014
1995
9843
14874
541
793
11431
10657
3946
12030
5351
11487
8534
3526
12128
11174
14521
13043
6964
13068
9995
10273
5491
10737
10739
602
10884
7400
9358
3912
14018
901
734
7755
10356
14475
11516
2747
12033
15200
5285
12775
5850
1492
13299
5476
8319
9649
14125
7232
1467
11854
10860
13978
9199
13614
14776
11901
8046
11266
1480
7507
12819
6910
14046
10823
5935
4148
3103
900
14654
2577
3627
8230
14472
4072
2379
4524
9407
10238
11284
11263
11749
13394
6089
10904
5851
5493
6740
2880
10325
15064
6649
11143
6908
8014
1338
3734
6780
11741
13607
10114
10544
4075
6793
10983
11093
12900
569
2566
6521
10937
414
5201
12575
10764
107
13496
2892
9249
1623
13715
2475
5417
11282
8631
486
6954
14571
6132
5740
2277
697
14735
9360
5781
5715
14321
5573
14780
10615
11804
128
6088
10015
6579
2020
5983
8837
12152
4278
13018
847
8020
8221
9595
12026
13674
3930
15193
12969
12127
14896
5328
7128
4819
13929
7025
3746
8818
8244
12714
8686
9078
1914
13218
3985
14461
4012
9207
6587
11492
12934
186
11027
982
5919
10866
9571
1381
7708
10241
14409
14796
4826
8483
3829
7042
8232
13291
606
8813
6661
12089
13759
2327
11940
6473
3129
10245
11176
6551
5647
10720
13346
278
4191
6210
10221
967
3321
13773
2712
11338
13565
15158
113
8108
7040
6017
11488
1875
9557
12525
8677
6228
8073
6314
13413
4955
9455
1690
14302
3111
5534
14680
4984
13459
8986
4193
8432
10007
8225
8206
9033
6236
4127
3539
13684
11241
11350
8149
4967
11752
5362
9675
4431
3590
7535
6650
5084
11445
2759
9936
10415
7964
11010
1098
9892
6155
1996
8640
3814
6882
8746
9528
10138
9384
6163
1228
10708
13088
1527
4627
6018
12518
6307
6598
12013
14338
9387
13006
9817
566
13163
7005
3458
1304
4465
2313
1008
4751
4203
5040
8739
11217
6847
13705
510
2227
4317
2021
8272
8457
2212
7014
1925
4581
2549
10000
6788
8915
3997
633
8838
8735
11428
7935
2496
6268
12225
9688
706
9000
12536
8443
11668
10826
355
5736
14345
10235
9629
3260
4020
5601
1440
12753
12899
13796
2755
5065
11795
803
6070
7672
5461
9048
1876
11612
1848
10723
12191
15085
14624
9633
7504
3056
3993
48
9218
13278
2061
6678
10333
12468
8397
9120
11808
9575
7739
8190
15125
10835
2105
11661
1955
15050
8894
4083
1735
7515
10042
13979
9012
2879
2589
9412
8264
10701
6049
2037
11244
4863
5815
741
9280
2673
3013
7883
334
13610
13548
13287
6179
1878
3937
11856
12280
2495
15196
4154
9548
9023
10539
4876
6156
14942
6459
14690
9542
5530
22
14682
12540
84
1865
15195
12200
1032
8266
1700
14247
2054
13369
4769
14714
7169
13563
3450
3379
1135
3404
11621
14908
1259
7081
11322
10157
819
9521
8651
8275
3532
1463
5389
3
12860
6456
5832
2553
8536
2442
9886
15031
7799
2670
11433
12637
132
2982
5323
379
9241
709
789
13213
14739
9403
4142
13184
6435
109
12926
5056
3611
3826
4135
9908
3903
12266
1930
9200
14453
25
7764
10616
11543
8513
6336
10010
8991
5385
10907
532
516
13660
7419
12830
9716
8920
12121
13629
5212
1704
10753
4779
9320
3216
14392
12047
2901
13250
12879
7164
5704
12423
5086
8556
5955
733
6030
9564
6463
9822
7724
10490
11337
1455
12139
3996
7137
8928
9306
7618
6814
6634
10916
2685
7453
13510
12315
12067
8816
7161
10140
9102
4371
12495
6578
5313
12771
4683
594
10649
11154
3007
11727
8646
10390
5209
12411
7948
14962
5761
10161
2944
7875
7434
14208
11876
10444
9428
6500
1884
11323
242
11523
12648
9286
10944
4689
4846
3006
14885
9013
3600
15206
4034
231
14305
12293
8559
855
3933
2160
4677
14183
15068
4373
13007
2533
13604
8806
2155
13358
11605
8858
3754
6267
9244
3323
4463
9865
2663
8724
6173
6523
1830
2711
13634
15008
14595
8174
4635
9942
13809
13920
1989
15150
14022
5444
10419
2633
7470
13489
11768
5770
7904
4192
4907
7596
8557
8693
9760
2801
14467
3227
2857
4036
5687
10626
9259
13059
13686
10237
13046
12727
523
9337
853
8990
5234
7856
6503
3357
5171
12666
10656
10119
14251
4668
3292
7534
12144
10187
11706
5574
5018
7037
6824
6271
4566
8937
13355
11373
11451
8955
1490
6835
14629
14676
8189
4425
13363
6082
10330
5358
1573
10817
529
4251
4282
274
480
4881
5405
4961
14155
10598
6433
6144
2820
3882
11697
1915
7323
8793
1319
10684
1102
230
13268
1353
3956
10388
5422
3825
14963
15151
12222
1851
7784
14672
8817
6968
14430
12806
7495
12864
2890
4711
5266
13379
14434
2009
3126
2999
4862
9094
2550
13388
5640
12058
9366
14836
12820
5074
2518
10353
5559
5819
1564
10380
351
6914
13009
6359
10281
14897
9209
7460
1378
4742
11029
2029
2363
2221
7885
4647
148
14205
5582
14854
116
14484
8168
59
9729
4105
5460
10231
3238
7452
2055
4470
377
4831
8897
184
3743
4687
984
1863
8013
12776
14711
13513
1270
5115
13906
10432
5259
10374
934
6690
8561
7916
11834
14173
12487
13589
9679
8451
14608
10075
1427
1072
13552
1184
4399
6176
5039
5801
8662
10244
12923
6422
3207
12734
2353
4956
14019
777
11786
8595
8582
423
3626
7628
5261
12808
4291
4657
13603
13957
3585
11023
12054
10872
5425
2905
2186
6316
1962
10808
1638
9024
9370
10107
2744
14215
13948
14720
4646
14853
7308
9776
3476
7348
14707
2492
8109
11910
9405
8226
527
154
3286
234
2169
11707
8087
4781
3277
8170
13015
3359
12805
3442
13021
3649
15137
6059
8587
12917
14583
12751
589
6431
9451
6119
2915
7813
1620
6057
12554
6599
9454
9796
10467
2289
12097
7463
10771
14044
922
9804
2216
6532
14165
7189
5073
7038
8841
9935
8343
2270
8188
5563
12715
6293
13863
1392
397
1386
6928
460
5827
13952
6044
12257
9448
8721
5144
2692
9836
10438
3949
12566
2957
6567
4337
9341
6305
9814
12521
1794
9593
13123
3708
2784
12415
10742
4746
1980
4285
2704
12354
5635
13853
13000
4099
6637
8714
13156
12083
394
2421
10786
8629
4004
7742
454
3751
10543
14665
10381
11519
3497
13254
1038
2467
9695
5099
4238
465
9592
4807
10021
13433
12915
2974
2431
2725
7655
7603
4735
629
969
7242
1171
11822
11653
1505
2560
2347
1160
719
10588
6781
10269
10278
1119
13959
1364
11957
183
9042
1048
7827
3060
9388
1598
12848
11919
5824
217
1933
12534
2684
14076
13053
6252
4882
3259
6666
11875
6798
7027
11587
4442
112
11161
1655
13787
5119
5060
5718
5268
758
12532
5033
897
15029
7186
2678
8550
6072
2178
10688
10071
6258
177
9661
3973
4316
13630
2195
1179
15056
3194
2222
7085
6262
11517
14178
7031
9832
7508
4186
10927
8954
9332
3369
14527
5095
9882
10294
1691
11388
5484
9597
1991
5495
15106
6951
11710
7604
7061
11110
7505
5578
1640
5442
9786
11527
11312
1368
3638
15124
653
7786
12443
2481
14920
8157
6896
898
11556
434
2438
15007
6619
5170
10117
848
13312
5280
14004
1066
5675
10971
4666
11062
14158
12449
7391
7466
11681
9287
8167
6981
12360
5466
222
7838
11347
5279
4873
6040
12831
6256
13488
1372
3000
9406
9623
1162
7690
14393
9352
1528
11806
9382
6936
8205
10451
6441
14666
5716
3254
10951
13264
5281
12448
8083
12091
12912
14318
3488
10277
12475
9627
1103
4692
10063
2285
11783
5613
8569
11463
10317
3729
10024
11969
4041
12953
1997
659
868
11090
4407
14035
3437
10400
9002
13241
8320
3144
9445
3661
1940
14368
12109
6312
7928
11292
11401
11185
8470
4520
6118
3567
5743
1300
20
466
10182
6348
4850
3931
9340
6987
4406
13316
7264
2482
14483
3396
2593
13036
9031
6124
9594
10129
7955
2099
14298
1416
3891
15221
8197
6177
14605
9136
11498
9257
5873
5722
2787
942
4982
966
4322
453
1932
6181
5531
9756
9424
7728
7683
10918
12488
5053
2968
586
9915
1696
1806
269
9986
4079
14068
6112
4573
4660
8633
2948
6817
1923
9712
12865
1970
7910
14304
1616
10387
10263
8715
8941
13800
13564
3817
12511
3980
5899
8770
1589
41
13404
9291
15062
14244
3265
12746
2846
1255
590
15074
1943
11730
610
15067
1608
8393
1503
5314
10890
4190
11260
12650
10862
9504
3467
12565
14431
1306
2349
4542
9210
14838
12670
14285
6832
12032
10511
1513
1653
11455
2380
5381
13651
13700
4183
4802
1234
4670
8354
8945
14316
12349
4714
4095
4001
660
1847
8005
12439
8977
9125
14253
14395
5379
2596
3107
6684
5854
11800
2328
2305
15185
7247
2086
14632
513
258
3287
15037
11792
12609
8081
751
7892
10408
14579
6751
1534
1755
12911
5509
5954
10725
3981
4641
15075
2868
158
8827
14572
4400
9285
13521
6115
9409
14797
8687
2933
4414
2297
12489
14163
5041
4904
5387
9011
8758
7305
12728
5433
50
14890
1902
6338
5745
11638
8163
13652
3979
14519
1964
11832
6656
7218
9546
9825
3629
12796
10939
816
1648
4163
6601
581
6679
8324
12847
12263
911
11073
6689
6857
11547
10073
8250
5825
4822
14577
7667
12859
1062
5186
13774
5272
4255
2140
7715
4944
6196
9365
11468
4368
5680
4262
1543
1465
515
11368
1944
13035
10679
127
10252
13730
392
2525
9443
14829
8175
6875
11242
3741
9505
11441
9692
1126
14983
10868
1765
3397
834
12398
11818
2325
13116
13001
13542
7645
8696
3173
6083
1562
2342
3905
1019
6639
4755
14343
2052
9177
12671
9299
6203
1861
6199
12197
4098
12723
12874
14050
11226
12108
8510
14283
10635
9626
11882
849
9607
13284
4420
5616
14226
2087
4891
165
4287
14894
6828
9745
8694
92
4672
1965
12838
13671
11316
14658
595
12105
6074
12507
7377
3699
8365
12115
8307
12285
4078
8450
8688
8514
4093
7788
8178
3976
13616
3448
2157
6495
4665
12654
14132
14924
11750
514
485
15179
7640
64
12385
14588
432
1984
14451
12377
12017
11011
12515
430
10597
8562
8602
12369
4382
4055
1800
13724
1581
8388
12842
4772
10019
12935
2261
6024
9600
8192
2238
7092
8304
10877
11059
11687
1419
4409
9934
7801
7060
9208
5821
2400
1838
12564
8833
6980
5829
12839
5327
10857
10168
4794
3199
15102
3566
7034
12824
15224
4269
9158
8135
7599
4422
2359
520
1021
755
8207
4922
13295
3713
5055
5068
3503
1777
3644
9475
13501
10143
13431
1284
10493
10458
11888
13803
6109
1998
13810
15027
11591
5621
72
5796
9958
14152
5945
1204
4761
14801
3495
4321
14981
1523
426
11047
6157
9780
10401
6207
5649
13898
11909
9321
10831
452
14771
8303
4466
10280
12359
9989
12571
10731
10913
6230
4260
7175
3347
15015
15117
8754
2032
3167
1040
11044
9420
5882
13133
10368
12907
10198
198
4511
14843
507
4806
4354
8923
435
3031
8088
13305
12653
3410
6270
14236
2729
10744
8641
6240
6448
3141
2472
10212
1893
6884
5469
12585
12321
13687
5506
7867
13710
4655
9554
11989
9444
12596
5950
2505
350
1149
14245
12347
9309
3264
5738
4680
891
5262
5550
14764
13217
8863
1604
14458
9303
8016
6490
3157
8095
1311
1226
4165
1864
1584
2148
14973
12025
11230
12043
9018
9491
11976
2000
2962
13351
5513
9108
2084
3989
684
73
7407
14730
3273
7804
15183
12088
12052
1104
9858
11403
13356
1159
4910
238
6151
12921
12422
14243
14104
6636
293
8392
11643
9264
6031
5643
12813
1730
7746
6726
12897
6805
196
13875
5282
2111
12699
13588
2404
10132
4175
12401
1187
14960
14231
15199
6129
9556
1216
11607
12685
11098
6893
10305
3004
1193
9690
10487
6231
5971
1137
1937
13330
12467
7929
1385
2942
6800
291
10908
6247
9705
14377
10448
9508
3163
596
256
2004
3904
13075
9105
271
826
10651
12336
9802
131
9515
10226
12224
9973
12995
6527
9541
7457
5913
2439
2035
5078
7255
3773
167
11546
3983
13115
6402
13013
4771
12679
12201
3777
9381
14465
2508
14775
5566
14281
14585
6565
2284
3951
1714
9022
2666
6674
4234
5333
13099
1840
7384
782
2066
10447
6682
2970
136
10047
1886
14237
14142
10600
8648
6762
12599
13723
11861
4398
8804
4119
3922
8676
4220
13707
14729
13405
5924
14774
8593
4010
9710
6957
8313
11833
5124
7812
5369
8877
6326
11107
10932
2240
5515
4184
10671
9966
877
9020
4067
12124
11122
824
3461
12165
10475
1982
6929
8959
1953
3872
13646
4886
5334
7922
13894
14319
12158
497
3337
906
11084
1713
8126
13706
13343
5156
7395
11145
8980
4810
13189
10085
14925
12098
2614
129
5498
10375
12395
5720
6961
1144
10549
2960
8729
6577
12850
6013
8387
7891
13240
11123
7509
13485
6452
10619
4296
4326
5458
12759
11486
4591
8089
3174
14351
11349
13130
7206
4490
13891
4500
7278
2757
12116
1912
7605
4792
3561
4895
13056
13899
8351
3494
8220
3953
12086
11739
8011
5637
6446
14693
11911
11563
7953
37
7911
8657
4797
2786
3024
3452
7721
8007
4229
14956
3589
8918
8912
12623
9868
387
4176
14135
9124
13102
12869
5694
14357
8708
2555
6898
7527
858
2898
12317
2397
4911
13096
13611
2145
4888
1682
12854
14617
15147
8276
13636
12180
10095
10459
5972
13512
4185
12592
6126
3185
3944
5364
13052
13065
1707
11685
3102
12469
12547
8685
7066
14886
7977
3118
4724
8673
13136
7713
11573
12513
12981
1003
8302
13397
14095
5580
14817
11828
3297
14006
8019
7521
3296
2210
3659
4308
2580
374
14349
13545
304
742
8608
14405
194
10538
5172
7520
11691
7538
10141
9367
3849
3871
9952
8079
14524
8942
3315
10224
11589
768
3403
7427
13590
1117
3501
2375
2184
8690
10565
1002
4587
2170
1792
9348
244
15070
11542
3710
4045
14378
14937
2013
5108
8306
7319
13098
8287
9553
4929
5137
11667
4383
10322
2395
1109
3178
3774
7078
11576
14206
9654
473
259
12232
8044
2896
9101
3961
14267
1293
1110
8543
10064
12288
1833
3152
9605
2246
2530
9816
13989
7131
1521
5080
8619
767
988
13467
1344
1349
739
5932
1411
7783
13076
13738
2554
9362
3929
8691
12557
14003
13857
13344
6950
9880
6734
651
11237
10416
1194
13551
8151
11235
8375
6127
5208
6790
10149
6399
6524
13960
10865
8038
3857
5539
9404
1033
14048
2153
5744
10014
273
2902
5243
2900
10955
5664
9093
4134
1968
1191
2745
11168
9279
6870
6251
4739
13237
3581
7004
8567
202
10183
14242
1313
11606
4377
13408
3812
6027
8317
15114
15002
3200
2822
8956
14327
10468
10413
9708
3932
10482
13572
2074
8766
4197
1197
13895
12409
2517
4844
2310
4584
10392
7932
2865
8413
14172
1150
9668
10471
1797
4870
8059
1035
1426
1789
12586
2413
3630
3208
2734
457
2504
5826
5908
11396
13725
6752
7321
9307
9645
12797
8145
10999
10055
10323
11955
13113
895
14980
2396
3605
7231
10818
14192
2205
9871
4643
4624
2655
13586
13747
10781
8150
6860
2343
1237
9477
14275
12741
2935
809
7854
10496
4355
3464
2223
7680
4859
13139
12462
843
4917
1499
9262
14840
6786
6570
5477
8315
9396
7723
13814
3355
12580
4073
4493
3026
7456
3692
12674
12721
13547
1858
10240
14535
6233
738
5121
8504
860
8181
11333
6374
1436
12211
5150
7519
1809
15133
2544
638
1715
11774
13869
8194
9103
13175
3714
9111
9019
13694
13483
14718
4048
14750
6110
1205
10528
6276
14282
14075
10439
1484
9821
8597
2423
6257
2287
8257
10264
1825
8080
12815
10023
5967
8834
5256
6285
13520
1734
10486
6512
750
12722
9227
12999
12387
8720
12996
415
6676
8649
13524
8931
13439
4599
13522
10724
6926
11183
8943
15176
9794
14369
11502
9059
7762
12042
1414
74
2716
4896
7881
14232
13332
1222
10760
265
12068
1085
1529
3456
5872
4685
2131
5193
6102
13691
11794
13986
4791
8423
10599
7300
6384
4014
5454
13246
5822
15081
12647
1727
8512
3164
5157
6492
11474
9202
7835
14168
7661
7097
7074
815
792
664
10623
11533
14197
3409
10630
1753
10965
2200
9277
9753
11513
9222
1992
4476
8906
980
8345
6341
6379
14161
12642
14080
11360
7577
756
3934
5251
9929
8711
1535
11212
945
5609
9492
9693
5312
4575
9318
9112
7418
13871
6777
7967
2107
4965
636
10108
1716
1987
13981
13466
5252
104
4926
2511
14310
7138
3356
784
13192
10563
2617
4464
5965
2762
13584
6534
9813
7731
14139
10740
13742
15210
8071
2211
6900
11050
2484
3430
646
9363
14507
701
8558
5118
2856
6368
5309
5453
10993
13063
4235
10994
5682
4198
13534
15152
5535
9115
13886
14366
3050
12146
8965
13360
9379
6595
3766
7301
4357
12242
2722
6103
3764
1291
4710
10513
14997
11510
4867
3431
7299
6766
13441
3669
2214
4443
1429
9322
13300
2245
12788
6273
4508
3982
10953
5230
1795
2951
2651
5487
4290
15167
1266
6515
10150
11025
14147
12992
9223
90
9927
6838
11788
11600
6745
11436
6006
6349
8786
6873
294
11735
3166
5418
6802
7717
2836
12681
8468
9811
3298
15095
13437
14254
2058
4900
12633
14559
5228
13126
4295
9402
10360
5952
6514
8278
11812
14462
6035
7694
63
5195
6235
781
10761
11620
593
4639
1519
11131
6646
15190
12773
5970
8112
6724
13788
5926
199
11076
3231
15115
5197
11663
7716
6182
3587
7432
12930
4712
5277
1097
1561
2866
9100
5619
542
11132
358
3081
3744
10705
6808
9940
11346
4085
10457
13162
14008
10195
5886
9685
2355
14117
4212
8553
8340
13477
8856
9552
13653
13444
7654
5804
8280
12492
10995
2788
11863
8682
3349
8142
1241
5146
7363
7868
3414
8671
10386
1803
6675
8609
3883
10726
319
1190
927
11652
14972
13251
13784
8908
1595
373
3034
6749
2719
13232
4062
1355
7957
13269
13194
7266
11779
7988
524
9217
6430
7969
6720
14893
6604
1756
8751
14330
10310
9230
14020
4378
2001
6370
7950
4608
783
11344
3288
8408
7518
5145
1486
10936
4059
14092
1256
5748
8800
5247
11538
14977
10153
12283
14934
2082
6260
11453
8644
12069
9849
5006
7976
10523
15040
10628
11491
5655
9977
4267
12061
862
4141
3603
9256
2783
11647
7211
4615
842
4970
13832
13373
3291
4708
4986
7921
5792
7836
12419
3664
3235
7781
4312
10147
13533
5126
2608
15166
6413
12372
11608
6375
5519
13594
5739
13826
5554
3257
7233
13419
3655
11935
13915
2290
3689
5306
7841
14866
3131
11404
11675
4008
5607
2849
726
8775
11472
13128
14601
4558
11724
2440
2292
6243
3039
7458
2701
14454
1063
13890
5191
12750
8585
4628
12149
13661
4997
10225
4338
13294
8426
11259
8668
11737
11810
4022
12951
14870
8783
8288
15052
5709
15194
4215
8268
10591
8520
11827
6886
12020
10733
12837
10529
14529
233
4307
1867
14807
7570
10646
9206
5436
10500
13752
11384
1444
8997
114
10253
12862
7202
9620
500
6733
11537
6239
4395
11601
8907
4734
13146
9295
476
5352
3613
15035
3775
10082
8261
2385
15144
2955
13576
6172
14537
14336
262
2644
4503
1371
10428
7682
8647
10559
2069
4506
5455
4556
8154
1548
2545
13637
14264
8452
7510
14150
10125
10574
9345
9146
6392
1496
974
3281
5793
505
12877
4242
9183
9066
13858
5628
5012
4138
2675
2435
1836
10084
13958
5284
3491
6344
9930
9386
7567
4782
971
5808
573
563
14284
2345
11408
336
3432
4853
6519
10988
11314
6094
8144
11158
2164
14542
11020
5428
1580
1472
3261
3377
3149
11719
4002
4024
10551
720
13514
12358
1292
7857
10695
2466
3593
10784
10950
15160
7090
10659
15218
556
13593
7846
5412
4892
9988
2594
14891
4204
8529
811
4157
1752
5401
14744
5438
2883
5138
7203
7632
2053
6330
14146
9510
7481
8300
7327
4124
5674
1067
9311
689
13423
517
3959
5384
4358
12212
12029
6052
624
2498
13720
12962
10928
3535
8309
8125
5667
9893
5488
7019
8868
12106
10334
2168
9812
12573
7593
11155
2795
12595
302
9721
10166
492
6063
12938
12159
7591
13994
5811
994
3313
3895
13222
3043
5392
6947
7758
14561
9924
6169
1737
1601
10715
6704
4144
7429
1744
12627
2040
