4161541
471545
5087872
1309536
5803203
27537319
18435971
939450
787894
4555375
1161649
913128
388529
3449406
19596045
6977743
1236866
9985428
724154
5744582
23914126
10010836
2402583
3029915
2965970
7953819
957007
6768269
47506
7830966
27466393
30381
4963211
8100846
4583618
608137
18589584
1248174
13050386
1290433
21173
6922297
4931179
5067809
481859
21349434
5884038
7119814
6531972
27875372
4695199
6315976
15691024
21190588
14537540
98618
430170
22670
10360057
28444689
10685037
30965514
1111094
13668265
4272823
1625835
12223079
20510007
8745900
2886542
3220331
11064152
2661004
1753277
45951
22457842
35537
6817711
1391389
407861
117028
1552928
2497948
4290555
6503561
6341707
49134
22420487
251595
296966
6363540
90111
5344044
7567030
13878957
44759
24192593
8570268
2843454
24948268
9152722
11643594
8643404
5925629
2535010
12204654
3625289
76359
282049
3937200
1224585
1590145
7030176
36987114
6206807
3846507
25573676
4149673
4315493
6607595
12290954
1704305
4300285
5812201
4846980
12608534
9227721
12387910
10552123
4019823
17203680
4339134
7777638
285748
15907883
8933953
496877
27514248
3344715
5908891
6433886
8416599
25024297
4999937
2140380
2265878
10045504
3041572
498220
538510
18934864
3824075
8865041
2292315
23977168
1496038
875851
1951520
5540829
75362
3947163
22287610
34389599
38456374
5315193
1350355
3566931
53400
25140485
2880025
6863904
17303024
23795038
6755201
25261220
4918292
13532305
2642533
5529701
6714194
13053740
8430732
8409905
175733
1876409
3053078
18740913
9113386
23784430
7393971
6802810
13299475
3110713
6910023
10074847
2163199
84455
77504
4264525
18713474
518630
4252135
2255355
1256509
3630060
7680545
2031270
6206268
1645523
33883813
830605
18450613
923186
160505
4726672
6495062
5022043
4669656
262190
15454128
15807325
337486
24079535
1835926
4987056
2417428
1276229
995180
10046238
10214675
34512278
16781901
6029113
10421215
5617104
895066
4488737
5731529
5042445
2947577
27704994
3563976
5822128
17166313
1218288
2460150
1795614
6344699
27005
14971608
1548879
5157672
160276
16417169
3123058
1321491
2030102
3635400
10112196
11090655
4728214
7343
5527638
6814482
1022475
4360807
1580633
281666
18356769
21326202
6095954
15499829
39294999
23746449
4469166
3012822
4203593
2184739
5668942
1018948
2156815
3761960
3940405
13495984
13294010
23955673
3380102
18036496
4713349
1316556
2909479
22142786
5003376
1096360
181151
5005369
8041656
24406249
103899
7969791
15593131
557636
2414793
2756478
3358571
412585
616845
7697000
5290033
3769907
4371344
9809922
2235937
11737669
14059594
18097682
337774
16384304
17352241
8338397
20699966
2663732
27669930
16317473
2079156
18746756
11480186
22494151
9606972
2382596
6805676
15583182
7845261
3146681
5852680
12881310
5731470
12937543
5642956
2090985
5822987
9143755
588887
39720963
75326
1895615
5838512
876168
5008810
13342860
333680
37610363
1938445
4346667
8787925
8820261
9188205
1218103
3255675
5957678
6079044
2121115
29075715
114497
48226
9060405
5146995
8375292
75375
2906772
1190191
75257
8768130
29340261
4805153
2469488
4189807
9720878
34525939
274944
22082744
4668568
8353439
736843
4265311
5622607
321030
8044497
1523601
528879
1424677
35589
14447988
1961124
3756032
23881476
8648892
1695259
2749382
6534192
6197689
846300
1766733
13533125
59532
5749439
5133754
5037246
1740015
338778
6802
5953566
6274839
5975220
26467264
7275205
25587802
2130159
26251937
3829994
10066531
830722
1970259
4465515
77193
41364208
14346034
9533190
28962478
2209655
1952598
22649391
24488475
985013
5773911
12135557
450381
12906174
12570258
3998556
9514241
1122835
1236675
55709
1697632
4192196
27209984
4311344
16857516
39872091
10919419
15402752
208968
23278805
1118154
5039791
5645204
2365407
924869
6199685
3327042
4214706
244367
748789
6991057
1581406
3174485
5056526
14065690
13034539
9377634
10232121
40050594
68213
371138
1759708
3858264
4097890
64308
21101831
11806261
1014359
22536540
3338777
5416039
4999564
22897447
411072
365942
2929965
7390933
24512746
7992572
4600640
5862328
23194588
2607526
