31122517
7120431
2244340
28973546
726269
26595655
1645589
362058
2714212
22265232
7279203
25563335
7596626
1282039
10425309
14754982
6322819
943323
19808147
10139473
19619046
11152562
3515298
3651996
18043049
3717315
40496437
30210128
33212743
8809632
4512826
3250424
7633740
3980773
1651974
900813
481150
28185855
1175842
2601508
15525397
9384847
12920946
24218747
3083709
7520871
876733
24858265
17139986
55875
33970268
1328578
19695947
29102599
29386044
20809851
30867592
5659588
1799335
3238854
662495
915685
4912691
1646601
18539680
3744383
11446
11173226
2261954
17571
10313317
363423
10205734
903635
2991320
2982040
1024061
15107951
6286954
2207120
12104163
16920072
6976974
1022340
2092856
3953083
1639921
36184483
7073929
4341876
8456476
1845416
11889192
7526501
11648107
17627037
20042909
13593377
17466362
1605137
21867545
17796187
4535134
35396452
560503
3943280
10944806
11551102
293220
673125
3777480
170613
30887455
16762803
27158765
1963987
36954796
25111949
11559977
27030562
285877
875958
21436840
7017359
2074472
27949906
710648
22937578
26268334
1384202
7555755
7259334
4154700
13585375
5212941
21693517
4405987
5876247
2528611
5315337
22312372
5881809
7774166
10939053
27756611
4648438
7007937
792137
174447
2223914
23988310
13472835
1184014
27749695
11726188
1196375
2935735
889664
3736706
4275328
2794826
50211
3304389
2923646
29788928
9560187
6887487
10489517
3899032
6261739
3444380
279291
537072
10246417
5104084
12271449
20971773
17931371
1092095
16909212
4397002
2406748
27937963
3546176
28420830
21028904
2357476
1871212
1253800
18190620
23413147
3201884
3417651
2963431
31507063
2527609
10046578
3188404
8101878
3070897
39214287
4540470
1224267
2961953
803835
3793190
208968
11397714
1631552
19057013
6181055
9831785
2720927
278416
2846044
1327939
5275335
22257
15607835
114142
2703894
1400100
19120811
4108891
17300553
12167025
6151734
14134852
6648413
12132427
7246569
20432939
39289962
5970341
9009344
17894
1221066
18592521
6805241
2480128
17213168
404463
10579567
2050018
23666578
1774508
28944279
2095106
14793158
7531364
1204069
14016611
38487006
9495812
3683987
22824832
9589556
28491526
40153034
1603981
35897841
1631953
810957
33669679
2228249
7106235
14645930
24464089
329547
4124703
11996514
16147676
1068626
10962134
877603
7091184
5317878
16833937
42644
21007950
1378457
2465333
18071500
7101984
3886660
9009914
2300180
9992155
7079036
19262549
9652435
1870184
20078634
3748937
2615108
10375914
1936001
32384940
947983
16318911
20479236
24233936
12135557
633526
237415
2931031
14336832
12215608
1458334
26454285
13502120
2030374
56918
17278364
1267729
6719644
12158518
16573793
26987080
30418049
3698183
6001838
3761111
7576869
2913298
4404862
9872648
177891
3112846
16595020
35542486
25984730
1406675
5954615
14322277
18126673
4512574
10178164
19397147
7707727
25306291
32929064
21557285
2057707
16639164
670576
40736591
659568
6601583
16827
1616730
1635639
34102774
4272823
544655
4012858
4649559
25109552
10743017
9812748
1850957
5530608
5207359
1278880
2091038
2697516
1215568
11283410
10927929
12791323
25211586
35552859
5869877
545293
20710680
1017720
24373899
20732638
1213803
5432594
18626496
2074557
1503234
15663586
25378378
2529800
729173
3361363
15982065
11742745
1844634
2264475
2771634
1041746
2950914
2272981
9317405
25402220
1591360
3134046
3202737
11791583
15120904
3186143
4446172
1067655
5107702
4005280
18845995
13765983
141849
955810
10122395
18097868
2931902
735384
10266027
36894466
32532611
4880
21365256
5727500
12038054
10333529
25869727
3769815
14199771
670929
629097
11359325
2705693
21776208
6424349
11075072
382222
1984555
2297145
2576473
8375394
2956058
9524074
3896962
13502756
14987836
25839063
68773
14472206
3908106
893273
2861447
7808259
7518507
2964650
10161706
3341212
1291932
26098759
4950962
2803710
501978
4128673
6244223
3051492
5780343
675966
5230221
6580182
35992773
11180873
3219670
4882012
2886000
588436
6621228
2240763
20112237
23310857
8283122
28971173
735933
1971658
2715723
19749276
11045656
1466572
299
15329374
25144481
1842583
796572
10930919
390162
2780822
33203325
910760
19239595
1959235
5569708
3598790
6836198
4252159
172149
881033
1215048
2445011
2921080
2507073
7606902
10313724
6349591
11246922
18146838
4705380
11070242
10732805
6228156
4184996
540992
2307439
21622545
3591530
3253273
3797352
31476075
16543280
7481070
15694087
1736655
20941425
4324168
28523270
26939739
2089412
1018948
19044675
23814738
322141
1998849
7523690
4204341
243055
1749981
1988832
5123218
3766304
187303
41232174
16487324
27083667
28979194
10034542
66246
926568
18588087
2535654
5356477
2328646
184083
21423614
5838683
16499921
40722
21326694
16794541
13156428
2039355
3921578
13226995
6203814
9680527
7629374
9635724
777998
6424419
8147838
16016160
20177135
3638684
24812721
7115710
12540273
229571
7236104
24074582
10334749
11530482
983545
7093940
1275067
5396710
3432623
14446248
16046217
5431570
14236436
1192962
1705494
3630595
30717903
1029304
21584286
1676034
58213
12154063
9788406
28612014
26637739
26594788
9596304
8493300
449127
13726426
15542818
5462177
29449841
25965558
5377110
1735700
238644
4926393
188415
457054
37200391
5188932
17275679
32690493
10316015
15128670
424987
18500003
4873704
170402
9475780
24242724
9373124
28605751
12013664
30040840
21080839
1883302
14197011
45854
27322369
23110964
15390832
26990150
3164573
10968176
5993127
7466947
7388598
633059
28507
10029998
40150964
17835068
36845613
8321
40745640
3091517
4184957
9715789
1271927
14533598
13092727
4137280
37972421
704172
199592
12760949
18201098
8861515
1484670
18577312
3644906
2754766
32280856
31789382
2947476
4604043
196755
9964541
9955588
25920579
21071105
3411834
3134882
3693639
415168
6435345
3698403
1373805
112375
3609117
1795772
17902822
12360534
7819250
18247277
381283
24151059
17816894
26177475
4060739
16707950
33117225
28535157
7357796
5042426
605585
14917273
6189888
7339816
637946
3922468
8105892
4884295
1752753
4407115
286289
10597611
26962788
10790167
39348230
16917189
11040939
31873119
363632
4045719
15401315
30316020
1696351
5436912
331333
4831798
24442275
5848419
8296922
9343409
26545982
22407673
1754548
689383
338138
14299951
5484174
1312078
9796254
3457206
2880196
17580752
395275
32610646
16318497
25283137
13234177
7457544
14549364
2266098
16091786
416635
8631780
4484549
37450130
36701448
20477664
9056451
26563053
14134809
1940759
1413827
2296687
5505504
738892
618898
31504917
2285020
39916386
24037738
20917122
6910945
8498674
2964602
497856
6576219
13533276
39617138
47903
2078584
4437757
55097
24039576
7209315
6686007
887152
30243208
6254820
5940039
6596148
87836
