52062
33625
1124609
4435
81188
4320
8450
34684
20131
488188
23132
6744
76506
25995
520370
5636
1987747
57045
4129
58926
155429
52022
864242
269411
261281
1554508
21710
1338357
77455
77451
6398
5442
38465
2636278
865509
27398
18882
382932
1306826
1263
447075
9779
9818
1320079
327058
236411
9777
244640
3942875
2806
187509
53767
664951
9805
63840
38254
29092
18154
9772
208336
78444
68225
344027
16408
2883
2890225
1127513
211039
3884177
9783
78458
470862
2163137
20934
52153
44227
6728
10428
75598
45458
2896
15527
9765
6395
42463
27987
3063
43303
182367
7486
6691
487724
211048
17790
196888
4492
39407
311092
53777
4128
3878621
13664
170786
3389
77563
248852
177607
146797
6693
77454
38796
6431
53198
245569
15510
11708
53251
6147
76327
293397
504915
16759
9787
52984
6672
52171
18632
94996
53947
170465
55514
17603
13294
6697
155706
2181580
6732
213088
55060
1737672
52977
231066
29698
78132
182984
107518
9766
77918
1335215
16033
2790787
1489367
48478
11509
1754834
27227
9261
23205
54974
2989
7832
3573262
17801
38903
12370
9558
53252
54465
6396
817231
52154
56256
6698
169788
50516
10330
324541
3301462
54480
1215
259058
10646
64695
53232
52669
1656377
55776
305029
211041
9851
58764
107548
8355
1071903
107523
