17603
63840
77563
6698
18154
1124609
20934
13294
78458
12370
77454
17801
6395
55514
487724
269411
15527
52669
9766
10646
53252
382932
865509
52062
15510
4492
7486
1338357
52977
52153
77455
38254
81188
52984
9765
5442
4435
50516
1754834
2883
52022
1071903
3884177
38796
864242
27987
9787
146797
1127513
75598
447075
4128
55776
1656377
470862
9818
17790
23132
3301462
2790787
1263
182367
78132
48478
6728
155706
33625
1335215
7832
1987747
10428
11509
13664
57045
9777
208336
107523
42463
53947
187509
8355
56256
1737672
9779
52171
53767
11708
2181580
6691
6693
817231
4129
9783
324541
54974
1489367
53777
20131
293397
9772
2806
107548
1554508
170465
2890225
3389
53198
39407
170786
16408
9851
23205
58926
77918
3942875
9261
6398
6697
77451
1320079
