3
4
17
21
33
43
44
46
71
77
90
95
103
105
116
123
139
167
196
203
209
248
275
310
311
340
348
362
366
375
383
403
406
451
454
469
479
480
491
510
513
516
527
529
607
616
634
639
646
687
690
700
701
705
707
710
717
718
719
722
726
729
742
744
772
789
800
801
802
805
807
810
813
821
822
825
827
831
833
838
847
850
862
865
866
873
874
880
881
883
886
887
889
902
905
919
926
927
928
939
947
951
954
956
962
966
1007
1012
1018
1023
1024
1036
1041
1059
1063
1064
1068
1069
1071
1078
1088
1112
1118
1124
1160
1168
1179
1181
1182
1185
1187
1190
1203
1210
1218
1220
1226
1232
1239
1242
1243
1244
1246
1251
1252
1257
1258
1259
1267
1269
1271
1273
1275
1294
1305
1311
1368
1384
1411
1431
1450
1489
1490
1499
1528
1530
1574
1587
1592
1600
1649
1657
1703
1704
1707
1708
1767
1819
1834
1841
1845
1860
1887
1910
1922
1958
1974
1983
1985
1999
2026
2046
2076
2105
2107
2114
2122
2134
2161
2174
2213
2234
2240
2242
2244
2245
2249
2251
2282
2286
2316
2344
2363
2420
2422
2423
2462
2507
2525
2538
2548
2559
2608
2632
2661
2673
2686
2708
2710
2720
2724
2732
2759
2774
2775
2782
2810
2820
2822
2834
2844
2900
2953
2982
2993
3008
3009
3015
3025
3034
3046
3061
3085
3099
3101
3112
3119
3155
3162
3168
3211
3219
3220
3221
3227
3231
3306
3335
3360
3371
3399
3402
3403
3405
3408
3424
3429
3438
3446
3457
3458
3461
3471
3477
3478
3480
3482
3491
3500
3508
3511
3523
3533
3537
3589
3600
3604
3665
3673
3677
3683
3695
3727
3728
3739
3769
3796
3802
3803
3813
3842
3848
3882
3899
3908
3916
3935
3941
3948
3959
3971
3973
3974
3999
4018
4028
4049
4082
4139
4141
4174
4188
4220
4221
4234
4235
4244
4259
4263
4293
4301
4303
4347
4351
4383
4384
4398
4418
4421
4443
4456
4541
4555
4562
4613
4630
4657
4696
4718
4728
4730
4733
4735
4773
4781
4799
4814
4820
4843
4848
4852
4856
4860
4889
4891
4897
4904
4908
4935
4942
4946
4955
4958
4963
4986
4987
5037
5042
5048
5129
5135
5205
5234
5273
5394
5423
5425
5455
5463
5594
5693
5698
5701
5800
5860
5869
5987
5995
6139
6210
6216
6267
6269
6328
6331
6375
6395
6400
6404
6425
6429
6440
6459
6462
6510
6518
6659
6674
6721
6722
6751
6778
6780
7005
7023
7028
7347
7356
7487
7577
7606
7621
7682
7708
7784
7827
7878
7883
7915
7925
7961
7999
8000
8131
8256
8335
8386
8423
8476
8548
8571
8591
8607
8640
8682
8705
8745
8791
8809
8834
8874
8879
8924
8938
8969
9024
9038
9051
9147
9192
9291
9344
9357
9377
9378
9429
9552
9734
9742
9840
9883
9954
10004
10007
10009
10031
10039
10071
10111
10236
10284
10419
10496
10598
10634
10843
10967
11009
11303
11356
11395
11484
11778
11809
11813
11816
11866
11879
11884
11905
11914
11916
11919
11931
11963
11988
12114
12194
12825
13024
13567
13600
13697
13737
13771
14250
14569
14702
14777
14812
15143
15152
15242
15365
15691
16172
16260
16346
17148
17238
17258
17263
17270
17275
17283
17299
17342
17391
17404
17416
17685
17725
17845
17874
17993
18028
18105
18117
18147
18172
18208
18436
18523
18571
18619
18674
18679
18763
18819
18823
18841
18854
18858
18878
18938
19462
19572
19875
19951
19999
20011
20024
20049
20081
20087
20092
20157
20199
20231
20234
20256
20323
20363
20394
20415
20422
20429
20483
20494
20507
20538
20551
20572
20586
20592
20672
20720
20726
20758
20780
20789
20795
20799
20817
20829
20866
20867
20921
20933
20964
20988
20999
21004
21017
21029
21065
21080
21100
21112
21137
21147
21159
21170
21226
21237
21249
21312
21329
21341
21351
21408
21466
21472
21499
21604
21627
21660
21709
21783
21916
22014
22033
22088
22457
22467
22551
22892
23007
23129
23462
23631
23718
23840
23904
23933
23947
24042
24061
24198
24395
24434
24536
24616
24732
24739
24803
25157
25460
25520
25524
25709
25715
25933
26084
26213
26334
26352
26414
26639
26856
26921
27004
27019
27038
27203
27358
27463
27543
27647
27760
27792
27801
27803
27814
27836
27849
27976
28179
28206
28232
28509
28513
28514
28535
28908
28964
29149
29280
29500
29504
29769
29772
29810
30374
30444
30951
30952
31038
31339
31427
31453
31842
31965
33164
33541
33623
33626
33741
33783
33787
35660
35896
36072
36313
36553
36670
36712
36750
37027
37057
37063
37188
37201
37250
37290
37314
37334
37339
37353
37355
37398
37403
37670
37705
37952
38017
38282
38337
38384
38409
40403
41397
41561
41815
42412
43410
43513
44004
44005
44012
44142
44521
45154
46195
46679
47112
47409
47454
47543
47555
47763
47804
48360
49933
50561
51268
51616
51827
51841
57840
57889
57914
57936
58097
58778
59369
59608
59613
59688
59846
59979
60083
60085
60204
60211
60362
60392
60423
60452
60611
60900
60955
61716
61905
62517
62518
62522
62632
62726
62760
62824
62833
62842
62853
62875
63055
63481
63507
63543
63544
63622
63993
64787
65170
66013
68027
69320
69794
69799
69853
69856
69863
69875
69888
69931
70081
70137
70548
70661
70818
71060
71075
71091
71093
71119
71138
71153
71178
72399
72639
73222
73236
73259
74582
74794
75020
75044
75183
75228
75543
75799
76785
77110
77260
77295
77316
77319
77321
77327
77338
77342
77607
77838
78451
78613
78632
78636
78730
79232
79243
79558
79635
79641
79689
79719
79927
80175
82142
83080
83213
83377
83626
83889
84193
85007
85052
85327
85490
85658
85743
86340
86430
87093
87758
87959
88480
88672
88709
88732
88985
89585
89639
89755
89985
90046
90212
90589
90607
90811
91942
91958
91961
91995
92011
92262
92745
93539
93567
93857
93930
93945
93965
94026
94059
94185
94297
94914
95010
95895
96225
96350
96698
96886
96919
96945
97297
98174
98180
100127
100173
100270
100958
101482
101817
101883
101920
102610
102903
103001
103426
103453
103824
104132
104133
104136
104181
104196
104236
104320
104533
104534
104540
104543
104683
104698
105327
105386
105477
106143
106347
106354
106976
106990
107408
107600
107678
107902
107977
108463
108601
108611
108623
108785
108800
109988
110104
110194
110697
111353
111389
112129
112201
112235
114349
114385
114387
114445
115240
115673
116989
117224
122057
122395
122761
122825
123040
123093
123220
123828
123842
123978
124360
124730
125251
125304
126133
126291
129268
129280
129372
129497
130557
131024
131027
131135
131599
131799
131859
132538
132891
133095
133185
133389
133563
135193
135771
136261
137052
137363
138054
138992
141746
142358
144298
146021
149240
150036
151639
151914
153277
153647
153914
153926
154085
155186
155423
155431
156802
157176
160065
160264
160560
160697
160789
162026
162035
162223
163630
164829
165989
166594
167008
168057
169753
170114
170155
173183
174944
175794
176637
176953
179149
179192
180680
181087
182588
184333
185311
186778
188807
188936
191444
192010
192412
194880
195547
196483
197770
197843
199208
199860
200306
200394
202026
202176
205673
206548
208974
210612
213776
221169
222550
222602
222724
226625
226946
228175
228945
229031
231216
231489
232346
234956
241905
247255
252825
252958
254926
256514
262190
268336
269348
272086
277758
278192
279476
280252
280407
280435
280986
282823
289368
293716
295011
298366
303713
305336
305515
305845
307548
315154
320049
324281
325243
339302
341613
342060
343346
354470
355471
357530
370284
373537
373833
374671
376276
379920
388243
396761
397682
401876
402216
407839
425796
426874
435225
451731
454700
455314
460539
480825
482708
486959
515983
518634
587114
593582
622419
622595
633923
636156
636736
636782
637262
637293
637333
638610
638614
638634
638922
640017
640292
640636
640858
642464
642478
642490
642492
642509
642536
642539
642549
642613
642667
642738
642768
642782
642838
642861
642877
643035
643151
643161
643162
643172
643177
643181
643183
643213
643250
643420
643569
643702
643719
643765
644036
644120
644398
644543
644567
644577
644647
644920
645172
645456
645583
645647
645693
645702
645727
645916
646046
646129
646193
646255
646289
646367
646628
646634
646745
646812
647829
648298
648308
648375
649123
649204
649209
649232
649240
649251
649255
649283
649311
649411
649455
649853
650456
650993
651485
652673
655575
655623
656065
656651
656668
657357
657448
657449
658204
658459
658706
660072
660234
660236
660238
660328
660523
660553
660639
660793
661070
661391
661399
661448
661610
661664
661951
662159
662189
662416
662634
663503
663582
664092
665214
665215
665596
665749
667483
672244
672370
672473
672637
672652
673305
673641
674081
676110
676429
676602
676883
676936
676940
677561
678108
678165
678168
679090
679347
679657
680246
680616
684215
684216
684219
686673
686692
687801
689813
689971
690002
690388
692199
692623
694116
694765
694932
695405
696115
696592
697819
697830
698119
698535
698537
700175
701317
701424
702852
702853
702943
706780
710072
713685
713699
713825
714304
714496
714928
715780
717436
727200
727690
727861
732340
732815
736092
740137
740743
741544
743910
753669
758404
758957
759077
777229
778686
781521
784912
786938
787702
802056
807472
807584
814940
837082
839501
885857
891277
907982
939679
950593
991775
991906
994088
998605
1001507
1003560
1007994
1009453
1011428
1011763
1011832
1013167
1013749
1014206
1015038
1015992
1016684
1018765
1019953
1021638
1025519
1025810
1026495
1029195
1032183
1033692
1037083
1041416
1041717
1041808
1044927
1048329
1048343
1052207
1052212
1068955
1070001
1073128
1077021
1079206
1086053
1089811
1090958
1096010
1097739
1107700
1112790
