3
21
33
46
103
105
167
196
209
310
340
362
375
383
403
454
469
479
513
516
616
687
701
722
742
772
802
805
807
825
831
838
880
883
889
928
939
1024
1036
1069
1071
1179
1181
1182
1185
1190
1210
1226
1239
1243
1244
1258
1273
1368
1431
1450
1489
1490
1574
1703
1845
1983
1985
2245
2316
2525
2538
2632
2661
2673
2686
2782
2844
2900
3099
3101
3162
3306
3424
3477
3482
3491
3523
3802
3948
4049
4082
4221
4541
4718
4735
4781
4889
4897
4935
4955
4986
5995
6331
6510
8386
8423
8745
8874
9291
11879
13024
13567
16172
17342
17404
17845
18172
18674
18858
20011
20024
20256
20323
20363
20921
21137
21170
21472
22014
22033
23631
23840
24739
24803
25520
26084
27019
27543
27801
27803
27814
27836
29149
30951
31842
35660
37027
37057
38384
38409
44005
44012
47763
62875
63055
69931
71075
71153
72399
75543
77838
78451
78730
86340
91958
93539
94026
94297
102903
104136
104196
105477
106354
106990
108601
108611
108623
110104
110194
114445
115240
115673
122395
131027
133185
136261
155431
179149
181087
222724
254926
268336
280435
357530
373537
482708
636156
636736
638610
640017
640858
642478
642490
642509
642536
642539
642613
642838
642861
643250
643719
644577
645647
645693
645702
645916
646255
646289
646367
646628
647829
648375
649232
649283
657357
657449
660238
660328
660639
661391
661610
661664
662159
662634
672244
676602
678165
680246
684215
684219
686673
694116
695405
697830
702943
732815
758957
802056
991906
1001507
1011428
1032183
1077021
1097739
