3
21
33
46
77
103
105
167
196
209
310
340
362
383
403
454
479
513
516
529
616
687
701
722
742
772
801
802
805
807
825
831
838
880
883
889
928
939
1024
1036
1071
1112
1179
1181
1182
1185
1190
1210
1226
1239
1243
1244
1258
1273
1368
1411
1431
1450
1489
1490
1528
1574
1703
1845
1983
1985
2316
2525
2538
2632
2661
2686
2782
2844
3009
3099
3101
3162
3306
3424
3482
3491
3523
3802
3803
3948
4049
4082
4141
4221
4718
4735
4889
4897
4935
4955
4986
5995
6510
7784
8386
8423
8745
8874
9291
10843
11879
13024
13567
14812
17342
17845
18172
18674
18858
20011
20024
20363
20921
21137
21170
21408
21472
22014
23631
23840
24061
24739
26084
27019
27543
27801
27803
27814
27836
29149
29769
30951
31842
33541
35660
36712
37057
37339
38384
44005
47763
60392
62875
63055
69931
71075
71153
72399
75543
77838
78451
78730
86340
89639
91958
93539
94026
94297
102903
104136
104196
105327
105477
106354
106990
108601
108611
108623
110104
110194
114445
115240
115673
122395
131024
133185
136261
155431
179149
179192
181087
222724
254926
268336
280435
357530
373537
482708
636156
638610
640017
640858
642490
642509
642536
642539
642613
642782
642838
642861
643250
643719
644577
644920
645647
645702
645916
646046
646255
646289
646367
646628
647829
648375
649283
649853
657357
657449
660238
660328
660639
661391
661610
661664
662634
672244
676602
678165
684215
684219
686673
694116
695405
697830
698535
702853
702943
732815
758957
991906
1001507
1011428
1077021
1097739
