3
21
103
105
196
209
310
340
362
383
479
516
687
772
802
805
807
831
880
928
939
1024
1071
1182
1190
1244
1273
1368
1431
1489
1490
1845
1983
2525
2632
2686
2844
3099
3424
4718
4935
5995
6510
8745
11879
17342
18858
20011
20024
20363
20921
21137
21170
21472
23840
26084
27543
27836
35660
37057
38384
44005
71075
71153
104136
108601
108623
110104
110194
115240
115673
155431
268336
280435
482708
638610
640858
642490
642536
642539
642861
643250
643719
645916
646255
647829
657357
657449
660238
661664
662634
672244
676602
686673
694116
758957
1001507
1011428
1077021
1097739
