646255
807
660328
2661
3099
362
6510
167
2686
638610
108601
646289
13024
104196
71153
8874
94297
3306
516
1845
644577
3101
2525
660238
645693
1011428
636736
8745
616
26084
4735
102903
657357
657449
103
20024
27801
110104
831
44012
1181
1243
687
4889
3
27836
646367
661664
105477
44005
4935
697830
22033
27814
106354
403
1210
5995
649283
825
939
21170
20363
645916
21
310
37057
1001507
805
75543
660639
642838
684219
1703
33
18858
1024
94026
1185
20921
47763
23840
4986
802
71075
2844
1985
69931
1182
1239
