5798568
3083293
4391534
1117458
5216385
2684941
6526691
16654879
12583349
5676094
32164643
41599
2748270
5659795
7619118
1683437
76359
16890
3191155
4219991
10138350
30852502
484435
10230330
6098500
2182805
7970688
25188
5576931
14006136
3793993
10094129
20634006
10080178
70539
27401
557611
2683359
1846882
23715
1250591
19329308
8688211
447346
1545354
7896426
5410882
8074080
3483707
2490858
2431683
3287440
7616846
1274362
10616234
18988802
141485
1234887
1504822
1110847
16678501
21682
6424786
7393971
3871544
2530228
7443
1763856
11934769
12208746
3865791
2128170
6749958
15416676
2830601
16827
9641617
4591571
4350709
1309784
317903
6565489
1114965
3335427
871053
2218425
1612071
3430336
4534460
10471793
8169119
1302965
21915
11164933
10665875
3533875
4462150
5806093
8486141
51308
5243404
17302943
285748
262190
5287474
19355
10302580
2149861
48578
6912417
8678293
1302958
3414042
4894168
8288769
2388349
2018887
2203009
2612774
12519277
1003220
962192
3450616
3433682
3077038
1440780
4262
6814482
411072
3489583
30975429
5824533
14349131
1438427
18650383
8369526
2884781
7175746
1089767
194873
870863
1889575
5091322
5909650
1436753
11748016
3479835
4371344
22042321
13160317
17526992
5237472
3174485
29324768
48858
5038728
26756271
944806
8554266
291379
6601116
4305367
454571
361607
3603835
13809131
6271199
2577175
52650
15757893
1564174
5368151
2495221
2547110
17794218
25839063
17285864
893605
85133
4140302
4383375
8448499
2159552
7680545
6656598
13296076
9860688
6356306
7952753
29645511
593595
650584
1612161
1267947
4170298
3534488
13849480
666059
13383308
22458779
5806758
14075215
7295926
13688539
69464
21501747
5662119
3118549
1263879
3530949
871436
5173468
38657615
4780914
10914108
82921
4791011
24546229
5108511
4512826
1032856
1378219
12069125
6755932
398848
33565836
3735259
1617254
70917
28771240
18186
3777714
3547514
10325523
4617238
90886
5228667
1450694
4489353
6705471
29622820
8435066
838836
5198704
14647976
12457493
11215519
8399391
3940848
1218020
23467888
22474323
105050
388766
140492
1141558
17684051
877240
1672817
1079733
1454845
1762678
1302982
3010791
1854661
7822917
21146317
26289082
64885
1555
21486110
8594566
8850167
1950532
9291229
2877204
298795
6665921
4104149
274103
9449985
4941466
3743986
31847917
5615511
5513556
5828092
240714
4729241
6464729
8082917
1192527
721601
4608137
6928272
3075660
4479809
3619370
3947763
789191
4283521
8989491
1865678
1605290
2723400
779178
2277541
9708071
3382494
1170773
3789907
5486984
1387208
6238859
4041292
6428514
14295332
5241824
0
299
7930027
5908170
4648907
266093
314087
5226738
7426951
365942
5994784
1389329
35756
191987
2115102
1830190
9483260
2277061
1379252
20822384
7979050
5498417
8113843
21467089
1303076
3072423
2722350
5507025
4058231
27244969
5860000
58188
5556429
1992054
3676790
88476
10136740
8573039
12177751
2363033
5579509
5214083
4405722
5038162
16496316
551913
1617533
2254467
677143
8322160
2453004
5833680
5620814
3992988
7689067
122882
323862
6457598
4262513
321991
25592491
2781782
1216093
288074
8839882
4803384
74503
2940254
2412558
14226879
16660
15320991
1683633
28845604
11515827
3702421
2715405
15791627
992637
28048718
997916
3424545
4480303
2700766
2895911
9461062
191179
2043210
2886286
13272173
59634
4576653
1696648
11953294
21561931
3520714
1865584
1590145
811778
9071090
4302020
308158
59448
12803471
356859
7649219
12724157
2965928
4888426
279246
3148941
1012748
96062
1089862
8663684
10122607
5482813
23881476
4492847
5371028
4579158
5800120
11548607
1181107
482833
4384795
3601214
8521724
1953760
9854136
2828729
7879908
8760897
10119780
27514948
11671222
5066122
4716050
541589
2759849
3678361
4887221
1634761
4384780
2751082
208968
12236333
29343417
4748122
9812771
19537472
5347996
5555170
2722345
4389737
353230
6485639
14234751
2707242
5164879
2613374
16003018
5282140
5776425
1563886
536028
8332565
12649930
13148080
7680880
4377701
3362627
599717
1941292
63329
13478571
1411223
557318
4506253
7216922
1587700
3766304
2893864
4998216
4931179
14937107
5777093
8018058
11480186
23530948
265941
9592230
10106781
7534363
1356805
203655
1696585
1360123
12925798
8964
4402949
892034
325693
226701
2830596
11201340
5897592
9064866
1946704
20424054
2120717
11077947
5830314
6603421
2007497
12293262
2307473
1226036
292034
5655928
10389169
4097878
7523107
297868
1512288
13670310
10748073
3174094
4575138
32285
6189888
4564243
3166209
381451
3742654
4947602
3619025
3462535
23698291
4692729
4056297
1340482
9109543
1454190
22677701
401941
167415
12200025
1340584
632867
1999756
10253120
514958
33706278
32920594
2903350
815216
28383869
170908
2778194
3584800
23599940
22521120
12105672
13619896
3949570
8557709
630365
9484823
14099375
1423025
3842505
1105830
19603115
12911949
12593927
212191
27513737
461071
1123704
15933158
3417318
15542558
12838
369544
34949
10424708
6905
3522817
5208616
1009133
991963
1951520
7888546
2886414
619617
4994131
569566
675673
1384335
88632
5035534
1612242
10421215
9143755
3258183
3489643
5420460
24511790
581137
3061958
3188794
1487144
1231148
375574
13387069
7560970
12915503
23460946
2783864
2882515
2532057
7914136
16480553
59414
343743
3087043
4355113
28383547
2366713
20725748
2300296
2338906
13757631
5559746
1140605
2535026
206099
367064
6989103
3622346
5050943
19907661
277579
40050594
1184888
3705968
74787
12415210
1
807765
1098340
2180861
564140
2159678
194215
8398867
16377215
1481165
619552
1122835
4788402
5615572
10701480
1269913
6084181
10878707
7043361
2226070
1678234
5778704
2560571
28239297
172417
12843778
1739060
2184739
2717384
146854
17734928
96631
10272083
646650
801464
6522574
6400929
6510558
25731761
4097890
24127059
5370570
2653540
163399
5348995
35385343
3257
1211940
544829
2523460
18951711
23759547
7591456
4398654
2237225
7291009
15204972
3953609
453564
5226037
225220
8521669
3883106
4660003
3637842
5085230
74186
3032846
818082
2756598
4739896
8406539
74654
50572
5885442
15986989
253139
5512323
8866392
161244
4219796
10267961
119352
5843656
9922626
15646794
11093014
10201134
1096458
84897
219772
4139013
698503
227766
29042
13113543
3972716
25897
1837602
413865
6647
19267465
18995603
2281948
4505670
4587078
22781174
11984364
19133955
17687759
6810986
7275720
3003652
11914148
4706782
22641996
1007621
2578955
39643043
4434488
6866859
13192663
32984674
14967347
3345269
1988660
6920613
11200327
26971736
6516522
6906013
4216567
5875710
5066900
2876322
3560218
7944133
12680417
17520661
7794025
5609638
11437002
8443829
10170362
4602009
8045637
8900275
4433
11514135
1589825
10542646
34337031
4823792
4663905
8328970
14860941
1445642
7424808
2723772
2897120
7737101
3348709
15317693
4842783
35523302
4567912
7503819
7162371
2219444
21125966
13058730
6953819
22618932
4177462
7075949
698617
2686768
72568
34009
1027611
14107065
5095438
542396
21213840
308367
56204
156766
233756
6146475
1625835
17307320
2902101
7589232
5975546
75553
273422
2194306
22522228
1132479
6019466
24075509
5575642
130044
9208442
3624991
3846746
29371590
15298303
7690560
7927145
20590
94531
313892
7904621
5015896
4611731
2190708
16056262
2084502
8187425
17540894
2271074
9117103
6976616
4972897
865672
4638892
8713705
84227
98259
2148325
13851775
4572964
1765469
7676635
3944807
1561607
10579567
2524607
7749254
112765
15473802
4069634
6467200
11470211
345442
18293932
5032587
1664824
1445203
3850873
39465
308427
3913427
1489956
96976
18100405
6247384
4476253
25620008
4670940
4337324
18338868
5115389
12246614
3488771
271354
56261
3683417
3463794
458588
694160
3954703
25396420
1681037
5012036
31853827
14807499
16034
3295042
154344
289821
13117914
5422027
1388542
70535
2444481
1022184
7488273
2410513
3118616
2880025
1948292
7821230
164988
608456
18183756
25179794
15429249
479842
6338728
1953352
192699
246453
2431908
9653887
5585029
5967607
64144
9886993
5762279
11393058
3372204
1119268
82585
3380158
19993111
26192025
10283486
1309101
17146421
5833786
9403981
2288852
10666387
2510627
14849652
2934069
2759430
2163199
10715087
9104667
10672725
23866052
23641744
172941
456194
8520729
3315613
4062744
2810146
1449542
3802045
16848385
10032618
3562037
4748924
3620073
1712693
2024234
281440
1570007
24079
2199093
23871288
13192258
31549
560829
1515038
2764531
1234864
3361299
2890583
4728214
3053078
71351
2940482
1342014
2090557
3960140
8126391
23966555
163240
9188205
4892946
2121115
7545468
3866396
13314391
472113
2522076
2070533
723351
11112471
6342305
1023941
25991
1196375
9131202
13474690
833364
15254085
2078849
1135447
18259237
1740529
24110157
56248
5267289
7234998
6445832
2719455
22115
5204292
830605
4963411
7030176
4145009
500150
4712373
10136505
657115
5943
56600
2755818
1392493
8409364
6332849
5482092
1694711
27370115
4336668
31292638
3700
7007002
7150869
35244944
70491
1672552
6784265
27040745
22555276
6069912
17625195
12377770
4701952
21000830
1614583
10034976
23312834
10212284
17203680
7813124
14618437
2259846
23471586
819053
8897863
72206
713959
11753193
2544139
14334203
15692598
21482
8305997
7541226
1042668
5570085
688532
14530497
146809
8612013
4886436
1843411
764725
4243216
30035259
4755128
110933
761493
6605881
4751730
947663
2221035
7453457
185690
9070545
32167991
3087033
7980733
33170471
7759523
4802634
1821000
279362
930727
18030288
29149965
4082907
5918529
1563748
71702
674552
2187427
971793
3185606
331503
27466393
5345543
7043564
13145969
229274
15082630
6449736
1770661
67329
3713008
1134670
15005103
3794
1445930
13126424
20570725
2973643
55005
3643000
3257969
3913334
4814360
16333397
7538041
230250
30303108
3819663
2879492
12429
36226
5199277
4500575
2342486
5198466
3038712
973909
8401472
2972404
42463
1098667
472417
14621978
8635889
26574345
8262809
24152008
7770638
1252461
5622515
1723232
3309897
233629
17709484
6602966
932285
15493682
16862791
10381423
1350096
1227375
5242497
14354369
21416745
5817750
35242474
955403
22997843
2749095
7044786
1083311
2561450
1593251
3534355
37363195
7659407
27314711
15018680
4352849
2285748
783290
815422
12759633
4727436
18589584
4189807
7503205
12972944
5375726
15907883
6142147
2075461
4381754
18129755
5843774
1735901
376939
6964519
5094113
2026024
284525
3069724
6858167
5851562
15462080
147785
5151008
4404650
10281868
1725602
3828563
20813957
226859
11537940
815202
5004428
4444667
2926499
10383255
312153
7016725
5420072
1008907
8071144
2149830
177768
7169810
4568547
2967481
40778260
4773174
7286818
6483714
32622231
75282
3074490
13455791
8611423
222199
4847913
48928
7233602
29801570
13664848
13598671
545403
6363540
2039661
7298065
3904872
30785218
28952605
5149773
3192365
1673859
3869107
2017831
2297497
6672433
4867978
2559710
21764283
7189491
5876651
4287299
18572822
6701902
10257657
5325238
9351086
1961455
6580302
844364
12698170
221030
1139150
11251999
3182655
60271
3363695
5492622
222817
1349932
2273793
2623122
2216002
300849
25027196
1180184
995227
10326307
4830319
77235
93565
5830084
5898488
10288515
5379978
9865404
2165836
320021
8712437
9666
7945654
4111439
1541672
761396
4282561
4238524
11603811
18620620
1896054
3835149
6403960
638280
37610363
17632406
1846804
13917696
7383777
22735540
4983671
27731335
4647508
4877761
142676
75487
1274834
4207608
453489
128298
3492868
1452931
9577181
204298
2959229
23278805
1998280
5458271
826826
142298
4523732
4199284
8435364
1098931
1630638
4697805
10319595
1344585
856470
15678733
4626737
2685713
8799110
24072
3289157
458400
6607453
3287311
5191646
8274506
26013922
232505
4488737
315974
29704620
2024176
26026957
32817989
465447
3258024
11979194
886544
9180534
19839111
672697
296911
1587490
88011
1200597
14657740
218
2867146
5093500
17438667
4576552
11469325
72609
6882279
12272965
2225681
2548615
2424065
7239949
328425
4646043
566067
11743697
1580290
9517655
2341033
5039509
9695187
4298315
2336184
190266
25773890
1223936
4050904
7
3876326
5662907
13905933
13222709
3244123
27401157
1678354
4258803
19829219
13793986
19835214
11814975
28321
2272286
17314134
7602936
77577
1040983
10254102
15154496
4652543
1218057
9173777
609887
11667553
750240
18397814
34384991
5167264
12636805
8747
4019823
6825672
10076874
22578412
1326986
3489739
2270549
4684278
829149
2414071
1569354
8436423
9534394
9889791
8096625
1140130
2832039
7476249
5879690
1362093
2217247
1623516
8448076
2813324
8806589
2020323
4064688
5152306
32190
11610631
1027603
364344
120501
9636556
22470622
3201709
5653641
6398030
2836431
900884
3832722
7957649
2499111
9104569
7426036
201265
881790
3340646
8485438
1135393
1692743
2917342
4500359
3418548
5821626
7280391
4156298
5988079
2927332
20429073
1875356
55075
29681
6858529
97284
6602841
15909777
3817489
3927046
1397318
33002836
47122
12839921
5037689
389067
4552456
25760755
1862740
1483136
17886381
8307145
5721425
168811
25412
2377318
3929695
5157763
5764670
18229055
5478671
4733930
1068447
5959970
24026936
5914888
4857546
182257
18318459
91997
3264328
66140
2356178
10277184
18111852
4761223
9109555
4425333
2099112
4290441
1578763
16455
4333131
8706995
23698105
3489688
8360856
3477495
8751621
1744873
12101593
13939577
2213519
213785
232132
15607549
8249846
21542805
439364
59406
2788116
1342732
7939993
3794456
7686
1676052
4670693
6603228
4368171
2861768
3503244
3200571
988
7888494
3688957
213790
456018
10012403
9247488
18419969
69617
6007936
3938345
19715315
2622467
225660
21265801
357926
24531377
32588
5286387
9825454
3667493
3575683
4147645
9075737
907701
11416515
4484549
6461714
4618244
10624386
1784377
757543
4476086
11645557
1695259
27411391
482356
3438158
4883868
37061135
9755476
15298028
5346800
66128
31164
334363
4081105
1836746
1753645
3185123
24948268
202533
28285122
5517875
8847680
757989
8507579
15274205
119057
6631858
978266
738876
1933319
2652367
8075361
2627073
12207823
6481714
6590428
1468016
15953511
11121762
12514614
18073084
1250
788284
450381
21448575
1580576
1847124
616925
1078300
5223690
45379
15626406
5527638
654224
9662428
10619698
46811
7232227
19019648
7577049
12183815
8525586
20975698
4977754
971928
1493954
1662721
3946948
975399
3202475
1018982
2154163
3947163
3578530
4275823
8718233
5100047
9573138
2675435
19605313
10745594
7246664
4372766
10603750
12318558
921692
4681175
183381
4149179
12050576
6494660
26609931
1973819
452746
115442
33723106
410492
648927
14156047
398518
11649524
2248551
651163
208613
176860
10836986
5642544
2439639
16182556
6712070
5727122
9480948
25934369
9371994
3289489
174571
5970175
13145229
2594110
396
3457094
68797
4980600
925342
8857715
3491151
14299
6442445
593339
20014017
9563990
3648623
3233075
1224585
4019076
296872
3865264
32891652
32172154
19582700
2022580
7959942
56918
48226
4597021
26892836
5134059
2501568
5326553
798057
7725365
740809
3908336
7072388
10475311
149369
9279019
7069519
10869636
2292315
1397453
2144794
4029900
21526185
6279237
351188
3987519
4250957
68723
6844427
23489093
2162673
5421656
3358846
2432034
8163500
5609897
5909486
4344552
3434317
12635761
27665
60714
5373148
25853049
5181193
4047157
1695717
1837967
3854644
5432626
2544405
1746046
173476
6735979
19014774
9419527
5623022
5673453
173307
904567
6054112
3149318
5188932
5190999
1406869
10208
1579634
9645610
8751965
75358
200894
5466108
797041
14757819
4847407
103370
5083158
23511230
19688490
9214704
4985051
10649989
6917667
10072242
730474
7811075
26572
5290033
10500616
1838592
20154072
5119715
5736413
3116477
7883415
47364
9533619
76600
17630665
9105293
6688492
3149354
7034495
8487861
9640594
1423789
9698723
2336219
28449495
298759
22883804
17492208
5334421
9684245
323244
9463940
1457828
671530
5174582
8900246
4796704
4262862
460512
5419966
316799
581614
1572023
3145233
4021000
11382874
12596354
8275026
36409503
3052150
201120
39502395
250505
664471
344933
911416
332899
6503941
551079
4923117
1309958
13209250
703863
7822127
7657275
1402357
1121755
8752878
2001248
3882808
35465070
3018551
8501790
6954116
1898748
745505
245926
59434
33027301
1340424
5338450
16120789
27733029
29208808
268593
29140938
5115210
85353
9217582
7906229
3249247
2525093
11266275
4614790
7687786
333680
226670
8425052
19082
25753164
32224283
24993827
2106832
4320765
1089972
6247883
15620108
4476618
218122
2306328
7882912
11178855
28924452
17884715
50712
321597
6802
4615239
2787835
1125942
2886542
18044454
4671971
221191
9544622
1152735
1475241
83652
14387
25759380
6855443
9710697
135649
4446319
207258
1597562
11330633
6072660
21066005
4149673
634557
22602660
4643189
4891271
9834084
5051958
128
40342167
6484416
2444232
160658
3788796
10588940
5862862
2875528
5187329
674547
6986873
11674344
1717984
8668422
1502854
2617201
5975008
19277008
201524
1128434
15069338
6219991
1435757
246152
601757
145986
280316
14311674
279964
8613514
6510768
1078931
17910588
2622723
34609
8945322
6468357
14787484
12019146
2879760
34386547
9824500
6025681
85379
4444601
1068641
1853515
2523036
28831742
12469287
25857311
5851662
1239739
10854989
1049847
995746
353188
1874354
36160153
14142324
9765191
3648285
9359415
26997352
467313
18574289
17797762
2032323
3386497
7384377
5552141
1956775
184083
10104624
9357280
4660552
1448645
3
5373373
1717516
1056245
11199083
98496
2556410
137125
581883
2699567
3142950
45636
56361
12627022
5670077
266442
12184521
11165692
2998127
768013
2616898
6837613
10974008
17351808
8940223
13321086
54773
8094194
4370990
3353728
1432736
4998524
1059054
1683546
4600640
4496050
12670327
3164343
451684
1613559
449048
10677969
10827050
5372551
40670
4796835
39548490
57632
875285
177573
429474
2626390
2393805
5621111
1050134
76044
2752934
6973085
1900148
3658153
662089
899423
403597
89358
5108460
7277899
3456777
18102699
3629705
3362697
15673974
8288756
4670860
16863581
2785367
15204525
43267
2260091
5577016
581692
4604280
8265635
248971
6084608
6866977
8401118
3168199
21173
9920934
3268381
2729452
1719388
10690753
37052591
2796536
5325781
15511154
4842821
1935160
6801173
2164868
4785707
16598418
287480
1055604
8949586
2469422
3240705
16063
7264267
12594536
14567016
5884734
451490
9284839
4483132
26339691
195390
19571
9486038
10974345
1318962
1698216
4515036
22178769
3929675
2459804
4876513
17186523
28981374
7695453
1631372
4261110
1051206
2064721
2583596
17502939
1348284
5759085
15225615
4816011
7820856
16130
22209873
5966591
368377
90369
4534154
1638790
467470
19341821
21175194
83142
909735
3445965
2595808
21100
4672614
3517782
12413269
43627
12792906
13978333
3299620
8907538
8263380
6682483
5747486
994591
356576
1258149
18933671
6858255
9267265
1683625
6560650
1121557
19848029
7917672
6635639
130490
2791147
12468852
1376047
2965970
15385025
4300841
11476676
1290803
26777
444566
254418
7182651
7981930
395707
809099
8382051
8613311
7280352
4937871
5570607
12997007
26052110
12186222
14295391
3069959
32960481
14282442
42357
1223168
14045458
1494026
22368129
12901533
111063
32022548
5022049
1561292
4748133
5598943
85049
11379731
8302467
3515215
14143836
499930
902689
4768054
173384
14537603
1176925
3268671
16034455
4551456
17902032
78636
50946
7984978
226999
284472
3648364
925678
4614991
15384219
6505892
7096043
1762445
9258764
1739105
16167732
2082681
4894694
8843078
3067231
11392012
2007468
13278876
12325246
2761181
19327638
18225505
11250956
240309
1713744
13265474
3883211
12387910
27001622
3288762
166098
12425618
32754184
2158820
130973
15619434
23972703
400765
3344730
887117
24065345
2014292
1402094
452767
12451848
10923868
2693155
11711851
12245921
93777
26374999
34593
2503431
4707545
559359
7235762
3216086
7517101
1631380
8118370
15981012
7590350
12794016
6394870
7051736
1734519
186757
2536121
2419597
3486285
2220533
12445576
8562515
8653054
847803
22283124
34831
2091451
3511148
9723175
5808950
17400522
2388571
5877204
11676399
33428601
3966278
33396833
3720014
20967281
13323221
8085050
13983783
548086
2437091
4420503
8101322
51883
6304676
30727451
12562779
3984146
4930180
4226345
16993107
1260893
2529800
10601861
6804839
3185392
56976
3141819
5194716
64308
14961558
18928
12850208
15773351
5541554
27932498
5563744
404129
18828580
4430853
10117997
723837
25574119
681752
2027928
6501510
356982
1090325
1891294
1333130
8531024
4359671
3672654
1281303
1832010
458642
4146380
7364584
194392
13393016
7851351
4071242
5186832
6411
4100982
5534092
7791915
1190191
344496
6290011
2094029
3783873
1375661
13226995
3365066
562
1632074
3947596
4882011
574371
1152653
4815490
8683933
1437811
14981
10731088
2137745
299283
7219808
34404452
4888050
1987873
5085991
23084096
4506227
2499792
19073440
2439489
2460150
5392783
8587904
331763
2009380
3030999
5135458
12985444
7989976
5184957
119783
161911
96622
1634607
3881190
8989529
433260
421925
5936965
6371353
7552403
601724
7928884
564827
16351181
3778705
12087005
29186
110960
19410
1196568
4600285
3656938
6158651
334405
2341325
2496890
4171042
34359387
5508785
2604449
18231758
21892315
3308704
7905162
16002353
26107898
3597454
664481
9719190
53645
1673677
107938
1629767
60712
81887
2091450
14330401
2613067
10818013
236893
29222817
167880
2172271
532344
5650077
833047
55814
7076123
1347279
25587802
4126366
61705
965666
2695627
3625532
8125445
794385
14417228
337774
2508481
4973336
390628
1912118
2396673
5459505
8498911
22936716
7133956
1117579
1617715
4641720
10076664
1234417
1525703
8322463
2175100
6249079
1058532
1040564
542113
10420731
7288909
32169733
20826048
5998749
5909739
25698477
5357063
12550401
349634
5149230
5735262
26830938
19142117
5200574
418383
5472005
14570767
6527203
2135307
15689623
29706
14933261
3240285
2871362
4533901
1436913
102373
5651567
2069879
156780
888145
3086277
85371
229271
6595211
17586384
499344
4284315
5328048
356403
1727238
11805481
1820314
1880760
1138656
4765488
3029631
1971838
13053740
7131398
968918
24488475
5128177
7570110
277390
7821524
23767
678148
1187456
1185297
27508266
12531560
6955418
6137696
5670980
5280875
13299475
1645523
5094180
12422358
2618613
6579517
36936289
11656343
3341674
10499499
1099365
25391
490252
16806109
376760
4444703
2507238
1732
1900551
91836
9434866
7664670
4795333
3186143
1973482
28660915
4334188
7790762
5131551
5006306
1058108
17700959
14602461
8994622
1661339
2795165
4710477
4581996
28605413
10119529
8080560
85223
5076516
493455
6241346
3475758
1141506
16072817
3949747
5261664
2659479
6340757
5026087
5887366
2917771
257970
4615665
5935362
215673
4006848
5518350
10463575
956810
12907974
35624316
2011062
22684671
39352
762451
9051863
3263282
91856
26645665
3169842
1439641
432988
5266199
9208197
5985453
5778654
4271269
37309868
1100604
1014789
39165747
614782
6549044
19292605
10749421
40175
3332360
5378070
18355276
2516402
1339395
7670994
29206849
1707037
4908480
24360019
2420931
986628
5299544
16893
383220
1702076
1888893
3540431
4380883
2883835
23499778
33117
174987
3388126
10912247
13361831
3252858
23938743
65657
2092940
8205137
3013423
8495261
477595
18455
2056261
10067270
2607526
4918292
29717979
8042714
12485384
274399
2717568
68213
370236
4496065
16638920
2193644
87532
84958
1286699
4229950
6837396
4551429
8643404
5979348
515444
276796
1125533
15277098
9989144
10224260
6534192
986311
13011480
12255186
2179167
5659672
3807936
310470
4393
8366238
3745957
5039797
2868041
6432412
5670073
15943665
5214603
4406103
1272614
11530482
6409399
6067295
8867214
876609
8587736
8149271
3361223
17261235
7967256
11463459
4551887
4969010
5783772
6816440
723153
2226987
6767236
6226023
1991663
1489817
9599077
19446962
916043
2051902
23477235
8669919
322119
6063314
2019322
11210604
2160621
434688
1588788
7238591
8784787
5009548
25743454
1146129
3853547
5871963
36582594
2018955
9284978
25194895
5916104
1122651
1398678
12929257
4298170
432517
1170242
50072
2307010
13832287
1074821
2834867
17858667
2454372
4789865
504640
11132091
8343423
5533211
3834412
4161527
7899036
1574339
5193125
4870943
4652512
11197153
7955709
243316
24192593
22457842
1258156
2047900
44
6730675
1523781
1697648
9697537
6637125
5772750
367398
12412035
872689
846300
3972083
20802453
39586689
5083255
4191112
4461978
3810877
5154906
270228
288112
8540731
5416972
1897088
9079596
3674098
4550233
15913900
228958
1778664
2907905
100529
381917
450975
2885878
4876718
6465495
1979059
6523043
7896011
20156202
270208
140199
4082196
3845988
4825576
6426987
924869
15008
7330467
3373153
3360704
36332
2240694
10890800
213282
4867980
28468449
8607364
11263732
23707475
284716
1943804
11071798
18137082
22549243
4941124
81536
21248712
5109555
5832614
13878015
