13117914
826183
18510665
2135307
8163500
460152
3118616
1512288
64841
9487549
3346240
15475651
31847917
19082
1246267
907701
1439641
7298065
378499
9173777
2187427
13263010
5228667
3438158
238206
1453497
2693155
925342
3361299
19267465
2410630
6701902
1351417
1814373
2439489
3257
650584
16781901
2532057
2653540
248971
21450
8562515
3289157
9632822
3520714
4572964
10963953
2209013
7944984
11142458
1561607
7980733
26853806
8712437
26870601
102446
14417228
8768130
2719013
10621111
15233331
9719190
2626390
19073440
1018826
204632
4435
18933671
5290033
3793993
3340646
13192258
5828092
2616142
4117561
96791
2195680
11178264
21979553
535354
2490858
6423960
4262862
1235150
651370
1686094
2723772
2677279
1288089
4462150
2357022
7234998
4643189
1739060
5914888
67393
10059
1392493
1436913
624236
12445576
1449542
22753202
7133956
4670940
4283521
1083311
34831
5122012
1393396
156642
16120789
2009792
7280352
3947763
1153376
34180
3705956
6323700
7686
1475241
2830601
453489
3120679
404707
29131
22997843
461098
29206849
4171042
489225
13757631
218
9403981
24360019
21573546
7007002
3489808
1362093
4894168
1196375
18183756
3116477
3807936
4515036
1054031
28673746
2851060
2432034
13222709
356576
3433682
2175100
1200597
5655928
2561670
4815490
2787835
3258070
2028415
2913
2125284
10245906
2266719
4489082
68723
3117674
6373306
11603811
1941292
2918898
10933208
2057926
6967568
7096043
165835
14395595
8071144
9208197
9809922
515444
3675019
17975202
1880760
4920981
12245921
10283486
3923654
4560813
5195014
3405398
27876603
5348995
30732406
899705
11961296
8823831
10690753
5266199
23511230
9075737
4443921
607557
4019083
8506450
1089972
24531377
7670994
432517
8639079
17132679
1953760
29439242
85700
257970
875285
3966278
629322
30852502
6449736
29801570
13474690
4368171
75073
7957649
4804029
159977
8263380
25857311
1946704
4641720
800012
8720104
4149673
1561292
1464000
15933158
228249
6858167
575108
8507579
2184739
2902101
381917
5843774
3052150
2903350
666059
4888426
9886993
8126391
768013
351596
806008
5149773
19907661
5173468
526250
33053862
9489854
34009
4842783
50712
5226037
4692729
76359
200894
838836
22368129
2747706
4659478
5875710
8436423
3155962
4590990
7373976
10242270
9546456
150682
10746552
8306865
18167799
6810986
3299620
65706
28321
4859536
797041
26777
1188721
1152653
5096251
2039661
6146475
7086581
395707
4551887
15280688
4564243
3828540
4146380
2522076
2940482
4551456
1587700
4523732
2325633
2453004
9291229
137225
212393
13387069
6467200
4488737
4928946
300902
3884482
1580576
5037689
4755328
900884
6735979
3335427
458400
1493954
413865
14299
3908336
266442
1364043
39165747
3408957
1989696
24406249
3362697
75487
10420731
671530
11676399
19292605
5862862
90201
7545043
2190708
7553724
4605755
208596
9357280
4613685
24635
5193125
13145969
13148080
4658031
816101
1394739
5325238
328425
924869
18231758
2064721
34404452
4265005
794932
3176605
1409810
1893287
5198704
4842821
22464994
5097498
8362754
21682
6747936
779178
963248
13272173
12469154
12514614
1938445
12780718
6749958
5168606
31523483
355391
11392012
9516002
7379016
5832614
3619370
3240967
42655
649150
2058037
15626406
7443
16003018
3640919
1079733
616840
3250692
7268865
9449985
16167732
4029358
42463
21467089
2120717
1605290
8850167
9560383
114497
1455031
4867980
5048328
3148941
287480
29343417
3534488
740809
95313
369544
7880837
4853138
15511154
3365066
26578688
721601
108933
13698310
1545354
22457842
1475943
7084217
3682784
5558967
1570007
3411987
2895911
6814482
37309868
194392
1772
7945654
1763856
4796835
5094180
4474204
21737139
3742654
4558048
1207488
3946948
6802
1160040
4064688
3168199
5644737
491421
1572238
4207274
3846507
1192313
266587
4785707
2752934
229271
13296076
4055717
25391
7635681
67718
5015896
1632074
8801271
13053740
1489956
12105672
1696910
16039277
25109552
28111365
4219796
1040564
12469287
4505670
2431683
7235293
5326106
5100047
332899
566203
2972404
7182651
890426
389067
2659479
22209873
2949108
1014789
5085230
15317693
10207419
3777940
2182805
829215
2886414
3866396
6534192
5788794
6084181
2363033
3511148
941799
21448575
2890583
1221135
8642594
14387
1135393
6955418
26574345
25897
2084502
4298315
4681175
3689513
798057
402066
33428601
6522574
28285122
15519187
2288852
11200327
296911
3032433
1820314
8706995
32167991
111260
593595
1069962
12162023
15913900
18572822
23460946
226859
88634
22153014
9463940
6281035
4994131
6402565
4163113
5908170
4551429
1109096
12670327
279228
761493
6528836
8653054
437337
1617715
1735901
5115210
2759430
18455
2622467
3625532
1268351
3929695
26892836
8249846
9180534
3369642
10122607
8274506
70491
3672654
6363540
5721425
2525762
2001248
3797633
22115
4761845
2479197
55005
8448076
1096458
2749382
4600285
88632
8495261
8713705
1375661
284525
3321357
3108132
1050134
33396833
10923868
844364
815202
167880
20449451
130490
23698105
212191
178541
3705968
203655
4444703
277851
1349932
4285867
191987
1267947
5527768
2056261
3562037
29042
4262513
7619118
10192620
229496
61455
1269913
4923117
5673322
250505
5482813
15246257
8525586
3388126
4983671
17068131
7912987
12627022
9136084
5191649
1507078
2460150
4587078
8611423
6672433
1717984
7616846
2770365
4390807
815216
7393971
3149318
8425052
2336219
788284
6219991
5195706
15986989
7524989
15362021
24993827
15943665
7578234
6735085
12929257
29457236
3835149
1093564
3871544
17096399
164988
103370
2617201
2412558
4739896
21892315
27705650
1132479
230250
8042714
17204753
56261
3233075
12636805
1587901
1695259
4576653
947663
3061958
9995324
23938743
7657275
706017
7545468
226999
5742655
55814
9878043
59849
14530497
1935160
6939156
50113
32346486
13058730
7162371
35756
111737
8668422
1787005
3361621
4765488
27859288
13961413
24007033
4836420
3865791
60004
7295926
1673859
285913
72782
23467888
77235
6603421
9662428
194032
482356
1378219
9812560
1252461
2078849
8409364
1042668
10266122
1579634
2222113
45379
1541672
24636824
14933261
2456201
302154
140199
2858523
297868
5316169
5101919
8654749
22470622
4430853
7619429
11649524
5518350
560474
9481114
5134059
12494833
891586
23767
16863581
2388349
571877
1734519
15069338
2043069
54773
10138350
834463
616925
1504822
8122114
7955709
5211920
20813957
564827
9362587
6335380
9879080
7611367
10603750
2069612
5909650
8080560
8499331
13619896
5727122
3960140
4903506
25620008
5482092
12680417
1762678
5191646
11071798
388518
8058673
25355233
2618438
1218020
7896716
5071665
5882585
994591
7461206
11251999
10424708
5651567
2159678
957007
6398030
1394226
14295332
2089581
194215
4706782
1628793
726104
3883211
3489688
281440
4822582
1625835
1607439
2007468
1846804
1896054
3637842
8448499
298759
23530948
10843321
36409503
1099365
2437565
156780
2424065
5484165
3491151
4773174
2396673
3382494
16678501
1402357
2753820
2893864
1211940
7225867
22458779
1185297
6844427
3743986
767213
23976122
3186143
11556399
11598623
5131551
2307473
5012036
160494
27001622
15005103
391073
7759523
20332
3188794
21526185
21207729
80404
3942273
183381
5432626
18073084
8747
2115102
1717100
2460429
421925
14244139
6468357
11142382
6958514
21890847
5231406
6465495
6527809
2560571
975893
2057216
3216086
654925
5876651
484435
5988079
11984364
5135458
1223936
4161527
6656598
25574119
18995603
4877761
1450694
8897863
5879690
1889575
2656211
4400097
1236471
28771240
56361
37213449
4082907
4041292
16614751
1152735
2099112
14282442
4071242
12390396
81887
6266056
3036907
2843454
10231377
14211341
502134
9666
3483707
13403901
5190999
2893957
2547110
1306047
2967481
4697110
114124
2722350
118353
5811543
4334188
757517
5670782
4989299
7566745
2109701
5512323
9208442
15395030
8361073
411072
12206409
25179794
16660
1114965
146809
1183170
5833680
3678361
4133025
2021403
8481563
15429249
2383943
3488771
3257969
3459865
3702421
4980600
5421656
1309958
13314391
3929895
6603228
29445086
4930180
1027611
4367408
4320765
9359415
8044497
3395953
4816011
4702642
9064323
23625906
59532
27401157
0
3244123
292785
2406027
34386547
11077947
5527638
64885
5824533
20590
1462093
15757893
4886436
240309
794385
2613374
1606954
28048718
3424545
2942349
6400929
13478571
23759547
5366254
18044454
13809131
1350096
2612909
3358846
1832010
16504131
8688211
16965073
4698248
996095
730474
2300296
11422306
8799110
853190
4814360
5439199
4238524
997916
4973336
5691924
10072295
3533875
3540732
1452931
21211591
1020043
5921594
1815562
1437811
4867978
14848277
7141199
24294492
11750410
1788788
27897840
3364545
5469515
3846746
5191214
550580
29186
846300
8784787
6479701
20182606
1449846
72206
700413
6516522
11121762
59494
25698477
17502939
5493800
137125
4998524
21542805
1739105
5092258
7238591
1200165
3725847
6367140
452746
4676542
10127083
10827265
672
198290
280316
10618928
7165809
19410
7954335
1342014
1258156
21472633
7266235
664146
1740529
13849480
5243404
298795
7538041
1190191
1398678
1387768
5095745
2729452
4660552
2929965
48858
13697634
10887236
20767883
4795333
5346974
3288762
3683780
1141506
3929675
9371994
4058231
22409487
678148
27401
8751621
1480970
657115
114089
2927332
6953819
2277061
8900275
4887221
17425581
5373148
29681
2091605
781395
569566
5242497
8540731
5735262
154344
1198078
6882279
3124877
187088
20990742
560829
559359
2633689
6024674
2498339
2416450
15462080
758535
8486141
233563
2356963
6007936
96622
27513737
3077038
70535
11805481
5371028
2085831
1402094
14006136
102373
12501754
8099362
1624087
11165692
85133
10267961
8760897
921692
7043361
1077987
992637
15678733
3927046
640403
4780801
3386497
3192365
1846882
70539
77193
8169119
4941466
3258024
4081105
5534092
2578955
4281869
436438
1975754
325693
9109543
1580290
880554
3072722
6755932
11185955
12468105
2027928
33981960
9434866
13759500
53414
3003652
7737101
2920237
2892782
4707545
2198959
5186832
9696145
2047900
33565836
1517878
4147645
7236366
1141558
9279019
17544890
1408597
5662119
434688
665275
6838049
1302958
4994726
479842
2877204
12457493
652096
2529800
57754
5777093
6755201
1089767
388766
3358180
17146421
4226345
10815434
2781782
3667493
2057904
94334
6428514
142298
72609
1613559
12656441
4512826
1874354
9684245
524541
10500616
4189807
6238859
11667553
7075949
6855443
58815
3456777
14570767
2075461
4516127
10372686
907561
28660915
2886286
436740
11266275
2782800
5507025
657374
27323221
1397453
22402486
8163562
4998216
8332565
277971
5497792
3415990
9825454
2024176
80751
4056297
36332
6483714
4658260
19499143
972907
6196473
449048
5026087
23972703
7476249
3397947
9051863
6756292
1031612
6046605
4990012
4006848
1696585
3489739
1384335
593339
5591101
396
7275720
3050917
22395391
7586235
20967281
19277008
1754429
26013922
270228
5388630
6637125
4876513
5214083
10363969
12889423
5924311
26374999
1309513
7339
56976
57632
166530
923738
818082
298913
3118549
9008
1140605
5051958
653449
8949586
2137745
5817750
4716050
672697
89152
7821230
5478671
3502571
8664599
3700
2875528
288112
10391129
292034
24080009
25314100
450381
4641225
472417
4626737
28605413
2486237
690168
94400
3276721
15433690
12755057
7330467
160658
20802453
5280875
1821000
10749421
10974345
2177644
5878124
3817489
12639877
2356178
1991663
37610363
1027603
4026893
5851662
2307010
6635639
14339878
5390986
10665875
24152008
37180
1901641
450975
1785989
694580
10094129
1992054
10899285
3665420
5778704
1122835
11140318
8573039
10579567
3658160
10403673
3612992
9245412
18229055
5609638
19839111
19024879
4380883
3240285
334876
7905162
2020323
5151008
12422358
938241
12242883
1754105
2648312
961406
8487861
2336391
14570814
9723175
2525093
96062
5032417
9217582
228469
200213
10788697
2764531
24552383
52796
12377770
4888050
2751082
13653526
2689192
4718061
83142
401941
11645557
3201709
7649219
991963
11953294
6812115
2523036
4751846
1623516
9636556
90369
6332849
5501408
44284
7025996
6134465
477595
6682483
1587490
26497147
1589825
398518
8082917
8520729
14099375
4270932
2751991
36406632
7295209
4444601
774986
4802634
8382051
10072242
30727451
11178855
12724157
10136505
447555
12519277
9461062
8806589
1915026
8101322
2289353
3916964
2182252
14235211
5700305
5066122
662089
7899036
651163
14787484
8612013
1373779
7917672
6858529
74787
15791627
4062538
4479809
59036
4663905
116095
13145229
4825042
2613067
347753
169122
2018955
10930571
15743441
3949747
365942
1192527
32891652
12442958
996208
71351
9284839
17794218
940754
2258514
15607517
880970
2536121
11753193
13878015
5653641
74654
1717516
3475758
1898748
123423
4191112
105050
7567030
5287474
581692
15008
2260091
581917
3842505
15416676
20128644
9488993
1078878
177768
6705471
7030176
4133350
35561747
9726556
6375929
26339691
944806
6523043
2879760
1117579
3287440
279362
1811044
2169635
17902032
2580346
4371344
4870943
5936039
1352926
5552141
499344
1360123
7364584
9697537
6486420
1122651
11201340
8475173
5025856
6370460
33058704
5039509
16884
7794025
7896426
327496
103927
5472076
32960481
232132
122918
16466643
2801493
14354369
19582700
5286387
208968
364757
277390
457649
5346629
5621111
522568
310470
3794
5398302
6002693
18717175
190266
5806758
22388131
3883106
1412628
4229950
7523107
299386
8521724
2163199
1481165
5261664
30027790
4082196
13278876
1008907
254418
8265635
1943804
6754339
2276806
1702076
9486038
2507238
14757819
4370990
4579158
1891294
4815948
26997352
127715
5178089
112765
4987675
5800120
22283124
6226023
25412
225220
4432560
3137216
3623091
23698291
13160317
5194716
776244
5261559
9963061
1906806
2556410
21173
8401118
2285748
8406539
5897592
4882011
3850873
29204059
10067270
4163029
1837602
4985051
3972716
9698723
688818
7989976
5744582
6247384
5083255
27466393
3179533
5420072
3621377
8511472
2044286
21756058
25601382
1098340
5963029
376939
2834867
7967256
15973691
2155343
5320
398848
375574
4275823
6189888
54660
10210256
3486285
10212284
8663684
22735540
5492622
15477299
6607453
8275026
2195072
288074
1397318
243316
12246614
458642
19715315
16226085
11548607
2366713
8671228
7043564
19994094
14349131
11814975
12171602
84227
3353728
3720947
5094113
87082
5778654
22434436
2402245
5749439
4534154
5593303
9568335
7745000
5860000
536028
954097
971928
3629705
145986
1356805
2279710
7049232
899423
349634
2014292
5326553
3597138
59434
59634
3418548
3954703
4461978
14142324
6510558
1686346
8843078
15907883
2997471
1888893
11537940
4609367
451684
4041736
9105293
23499778
5370570
444566
4576552
361304
1246977
111063
995227
20072526
18419969
3944457
10666387
847803
6025681
8642691
12893378
2717568
2453368
5670564
20156202
1111975
5620814
3174485
5066900
4660003
4098365
2206105
10106781
15385025
75330
20014017
949675
253139
26745280
98259
12447339
2711516
4300841
358367
7725365
276796
3794456
29999849
1316279
1156944
1698216
2880025
85353
15018680
4728214
24546229
44759
6688492
888145
9824500
32285
6986873
7044786
38657615
1614583
6905
15689623
33117
12209778
7690560
29808601
18928
3013423
10962923
2341731
4506227
25753164
14295391
2495221
727494
2679391
33486674
16056262
8443829
98496
7851351
2483574
883508
4347682
500150
4883868
4591571
1836746
1875356
6380585
15115577
1634607
3643000
21718297
48928
3145944
4684278
4211187
1121557
5943
2860928
4342859
2501568
34359387
25934369
11061827
16002353
3162238
25194895
8752878
587887
12593927
3029631
6501510
15204972
5821626
26609931
638280
2104277
865672
8777536
40886
21834749
23122118
1835926
59414
1843411
36536
331763
15773351
12663238
298364
6226991
8745900
1900148
5200574
910773
15078869
1634761
545403
14567016
5009548
6481714
4219991
7822127
19537472
5575642
988
3373153
7291009
433260
3332360
18129755
150052
2329515
4019315
1352691
107938
8395257
1651144
2544405
104691
3457094
1440150
5119715
5416972
542396
7384377
6054112
77577
5832321
25592491
5128177
1719388
11463459
10601861
22549243
8531024
750240
3339017
7236603
135649
2179167
6647
3421461
173476
5588826
22936716
9922626
4476618
4352648
9249364
10731088
14305170
4691790
38155081
7
9653887
3882808
4509091
3681857
10028118
6625660
2832039
14961558
334430
12408482
7659407
26289082
245926
13982680
102711
2509533
3145174
299283
1953352
856470
5830314
2876322
1770661
7232227
26306
18605637
5936965
25188
27514248
137402
146854
29704620
306201
4369691
1238
5589825
5231462
16893
2217247
19
1263093
2193769
1683437
9188205
3985855
91836
4405722
15145068
4914715
9181081
1731596
17520661
1388542
892034
1865678
22641996
3575683
8373780
4243216
6976418
63713
14835077
778953
3184175
85371
35465070
1454136
6047291
7826022
6816440
4829086
654391
3234549
14154288
5039797
76044
240563
7749254
9765191
909752
26208
87591
18447116
21146317
3056389
12506949
59880
2082681
851964
5174582
56600
19224053
5292784
18960394
96976
2544139
9258764
8945322
1970180
4433602
10471793
28449495
9021818
2058483
688634
11330633
5050943
5623022
25657610
13793986
2879492
2621086
228958
3913427
9533619
15751255
1231148
601724
29208808
34949
7759819
4380154
9286360
1454845
1435757
10212429
13851775
1994843
18981633
2194306
6349959
4735473
1445930
25945301
4842653
1266508
12337092
4671971
1119268
4751730
5563744
3613473
1950860
2444232
27370115
627024
9523652
1187456
809217
1062875
3713008
2810146
4963411
61569
227766
13158146
7589232
2745106
15154496
9527076
93565
1090325
10739430
1866020
10046238
5061572
1135447
3404959
3544409
10176355
2871631
4577911
9079596
978266
485568
4420503
9640594
1676052
3720014
2477106
6304676
8094194
7915066
4618244
8548645
26830938
4784014
1059054
807765
2117661
14065690
6484416
10258414
27605216
1128139
9109555
21248712
2612774
29222817
11210604
15473802
22521120
23084096
2121115
5181193
3403233
202533
28239297
11007790
8032380
599717
13928135
870863
3468779
28383869
7534363
2288128
7220975
6595211
982876
16063
3202475
115442
13170159
888868
4331265
35242474
5673453
16848385
3735259
5803203
6079044
17842191
1214722
11514135
9484663
8118370
52806
4648907
4567912
1454190
1223962
3810877
5570085
3584800
2272286
22178769
5314216
4259663
680128
4069634
3361223
1650723
14311674
5662907
24516087
13568119
3252858
322119
1640880
24075509
94725
36940
5376277
5772750
26126
14657740
4271269
5164879
3438918
42357
1146129
1250
654224
2583596
7233602
1819076
13399340
1692743
10201134
461164
3363695
334363
14234751
74186
29142757
144887
50946
11656343
9262372
621501
1227375
9126073
5877204
2965928
8390754
4107577
1998280
14330405
4575138
6912417
126709
5459505
10288515
2375555
3984094
5188932
5975008
1068468
2620681
5885442
1012592
2494479
1058882
69464
4471679
3263282
17687759
4718969
8458151
4128819
7814449
425357
7813124
829149
12440892
2756598
4352849
67329
3417318
19208112
168203
2469422
429823
4733930
2007250
4327594
9908057
3373738
26971736
279246
13664848
9808599
6494660
2748270
27932498
145945
321991
3741010
7069519
186785
22739581
5282140
1710357
1193427
9480280
14629414
4156298
100529
2684941
101279
4584438
5951414
17065362
1102926
4282561
10588940
5184305
16480553
15254085
833915
6478486
5032368
7110833
620732
19915359
3760393
110933
10383255
222817
213282
231152
490252
26107898
18070511
26188201
6505892
286
7952753
32164643
3069724
254229
10136740
11476676
7268077
4406103
3604787
32588
8718233
1125942
456018
6866859
10080178
10995750
13142550
146600
2499792
2883880
5227480
8643911
1950532
69617
37831189
6464729
27597325
47122
4337324
3462535
9214704
4689648
21019367
5833786
1481398
156364
527204
12972944
10616234
5759085
3836702
18636631
3689334
1516715
4050904
10170362
10694857
4803384
2070533
3929528
351188
239718
4697805
14537603
2253926
8045637
1367815
7862038
4444667
17884715
2254467
17630665
184083
4097878
24030964
2572293
5157672
3597454
2122652
23866052
5108460
18397814
5822987
21482
18988802
1673677
1933319
25027196
36236
3832722
2043191
1318962
12325140
6623759
467313
126233
3414042
37061135
161911
7242608
673914
6866977
789580
12526162
3463794
12550401
1457828
1730495
10281868
2164868
5887366
10463575
344933
714538
9610882
9641617
8557709
12184521
2072361
1681037
10076664
584592
2558251
5555170
1678234
5846222
2091450
2068144
9024076
1664824
238374
1612242
3769770
1973482
4552456
16827
14981
9401187
2057819
3142950
8994622
1697648
1672817
5110677
10475311
2979562
2017831
6423699
364344
759069
2154163
28924452
1098931
2437091
27027
2128170
6063314
7277899
10854989
1611184
1303300
3622990
4258803
5830084
361607
367064
5733969
213785
826826
4350709
5979348
12850208
27411391
5868007
27733029
193565
2783864
1790573
28016438
475013
242802
6565489
4344078
3194581
5573120
396145
6503941
1031798
2711313
3515215
6148296
639375
21000830
2524669
13776469
291379
56248
2685713
87532
3825235
13384343
17625195
3992988
9104667
2292315
4269492
11754031
1271699
1564174
3309897
14075215
554094
1489817
568176
28845604
190778
141485
4284315
4012988
2009380
9064866
19835214
2675435
986311
255515
7591456
26756271
981489
32754184
27514948
2043184
10076100
3017882
5133754
1407103
857048
1303076
2511232
4326304
3028538
16417169
4197654
9184681
10144070
6605881
762
15619434
316799
20429073
3492868
2548615
60835
12901533
7714775
8305997
6445832
756294
17203680
2459804
4391534
3751456
7138263
3355377
24079
3434317
2043292
167415
5517875
118993
2968612
5967607
557611
8353439
3602189
3185916
2106832
1952038
18293932
688532
5507187
5167264
8656773
1239214
3072423
20826048
8587736
43267
7453457
3073802
16826444
3053078
6526691
31164
18158114
2623122
16351181
9034298
619552
8399391
71809
15692598
2232655
4016188
2695627
617428
21486110
4615665
5037507
1854661
17492208
9834084
9621352
82921
5558402
11842329
2868041
1784377
6590428
47364
1181107
916043
9104569
3590763
881409
9528366
2255484
471128
4261110
1471444
5157763
4748122
761552
3348709
8604283
1432736
9836179
1239739
20975698
20424054
5743105
8485438
1055604
418383
8521669
6395536
5343136
887117
10529298
3240705
13562351
17586384
39352
6883376
23641744
2998127
6784265
1450604
9516976
2057653
1590307
6442445
13265474
18061191
1058532
3562104
5709898
10257657
1224585
17231154
2755818
1494026
4425333
429474
23060886
4640773
3766304
1136090
16806109
5214603
1900551
8452269
668639
32945489
1761018
19848029
3973759
6281891
6527203
17186523
574371
5851562
2604449
11363186
19691
1731
3853547
50072
8435364
468040
3083293
5237472
1107184
2627073
6887616
32190
965666
12059124
5115389
8187425
5466108
3440140
6411
4710477
22684671
874180
5187329
15813079
8437914
32172154
4797433
551079
1268824
152972
8205137
1536924
31362139
634557
5032587
10119529
695675
4788406
362936
2761181
4517015
9468630
15277098
10618953
8589799
6510768
3619025
10591072
13978333
36582594
1041705
15303068
2080178
15546325
2523460
7827494
22697749
6920713
3810123
33002836
4638892
14860941
1021950
121188
40670
9835024
186757
4344552
285748
25839063
4586078
4947602
34609
317903
5154906
2813324
18355276
1266837
208659
581614
41183838
10389169
20634006
5802341
17351808
8328970
5592525
3477495
2796536
271354
53645
12803471
30975429
16704574
10412099
5808950
2069575
467470
8085050
29790987
1379252
3021307
51308
4680384
1617254
4360994
9767962
3876326
745505
2795165
9710697
15138197
10624386
664471
11322510
376760
1973819
4825576
5806093
21915
7811075
6989103
4796704
127121
4433
3010791
1574339
8989491
149665
4557526
26860129
34337031
5093500
3940848
4573460
14937107
7702162
130973
13598671
700073
3427848
357926
964999
5609897
719835
260753
2207050
2010250
1951520
1256525
65657
10253120
23966745
3018551
29706
4320315
968254
23085829
981105
5509043
2594110
5109555
94531
8940223
6622691
7930027
791280
3741835
1431465
27782845
1702147
677143
609887
7150869
9695187
201265
299
2019322
1078300
6250384
1436753
43627
229702
7286818
1012105
2144794
471545
862640
6928272
14143836
356982
12665235
1563886
1579130
3913334
12985444
12792906
32757474
2629865
8751965
1911538
2754357
2204069
5088506
12069125
19567859
40175
14903591
1634058
15981012
8724290
3876535
7304509
4893426
467584
2393805
10034976
17858667
657048
1445642
22474323
5334421
10701480
75553
3938345
12236333
12186222
1712693
8922420
61705
2090557
2123096
23939940
12313423
5659795
16204363
79368
142676
12537252
182257
16072817
12101593
2235349
4755128
15394187
6340757
5959970
39465
308367
11295
18828580
6321110
4381754
32937052
2051902
5898488
5035534
25853049
3067408
12830410
18100405
1523781
452767
4191572
1074109
20529062
233629
5549632
5486984
4727436
1695717
2409247
12689256
2559710
10224260
1031607
3200571
2059332
3959019
7791915
5954279
2439639
3032846
3854644
575877
4434488
3087033
6271199
2665899
2780391
19288172
188621
4393
3802045
4581218
8452093
3450616
3679166
925678
17700959
18012451
7822917
3447178
2203009
21764283
11989508
3380158
3624991
21100
1563748
1862740
3743401
5267289
4894694
140492
1721617
902689
3371321
995746
12293262
35523302
4975127
536520
13905933
13635349
4435620
4347114
5004428
4912187
5909486
13790793
2884781
8734070
557318
1340424
22602660
10914837
37363195
1887127
4005632
2630059
8706510
26572
3381786
3566428
9143755
561041
12200025
2341033
4404650
75248
10890800
648927
4402949
7944133
2213519
7126779
4847913
68797
21328299
59740
119352
361424
3035621
4372766
16264214
4573209
7517101
1
4597021
1572023
241977
1895820
13011480
157785
4170298
10302580
1406869
1056245
243138
2700766
2460798
4415928
4383375
14334203
14785312
11515827
122845
19179308
2742292
1713744
19040906
163399
2516402
2237225
16886
2388571
268593
174987
990017
11979194
5764670
8964
32984674
28097468
18225505
9632459
1018982
7689067
28538985
2686768
7732480
10700939
21066005
1696648
18701
1525703
7676635
23623
7927145
3698702
4843045
1979085
76057
4863695
6394870
2932618
723351
3854100
7488273
1774014
2162673
3949887
10012403
5226738
1000687
719234
3360704
12562779
4544031
4672614
8113843
600765
6837613
12911949
308427
62214
33212
9284978
9544622
10748073
12413269
2075260
1223168
22411887
494349
42631
1186676
10185502
27665
1746046
4282761
14101306
4406
4646043
3823406
7258776
567230
10117997
4547735
367306
4485970
39502395
11100691
22593063
12465359
3344730
1502854
30785218
5621046
3072638
1009133
2148325
13192663
4305367
6032039
5819511
3141819
25587802
22101313
1441181
46811
4262
7914136
16496316
130044
24374649
29547978
18255725
429372
2508085
1468016
2219444
16890
2930253
12596354
1948292
2908313
17787201
2409401
4047157
4100982
619617
12468852
12838
32817989
22670
26026957
19688490
32920594
14621978
18697743
19404357
2755366
25743454
6976616
1897088
2883835
1830190
9353607
1302965
581137
2050366
14266521
3258183
1683633
20154072
3870412
3944807
7882912
4500575
2219003
173384
3654934
41839
18318459
16598418
17876924
1218057
6531972
6432412
8613311
25767936
1371922
7749179
14296521
8980079
2496890
558228
219772
15607549
22677701
3067231
270208
7485202
5422027
11621152
2159506
1272614
192699
15225615
5529701
85223
2785367
11470211
12370112
2890282
3106870
5670073
177125
24347494
4617238
6274839
646650
5527847
2297497
44
5909739
2934069
876609
7450144
41599
6433886
10310149
11379731
323244
2018887
7131398
5798568
893605
9351086
987861
1121755
410492
168811
12843778
4333131
390621
6811212
15673974
11748016
4937871
4081632
5736413
1202289
6767236
14247655
1646983
17540894
1221819
4969010
2743372
3819663
3688957
368377
3972083
5350376
11934769
21624132
2158820
34891883
23461819
1466483
4283913
75358
11275040
24756459
674547
254980
1568392
14107065
9419527
4139013
5513556
811778
7383777
3875883
22853597
3783873
2917342
1279461
633814
1472730
11416515
9812771
4712373
4447519
18417662
12649839
10381423
9117103
2215355
886544
390628
113227
4329064
2336184
290033
7680545
10104624
5564799
19571
176860
381451
757560
3674098
4475
7614958
40050594
4880589
12845917
400765
7687786
1057225
3910572
3865264
7267957
2510627
13299475
2993200
18186
932285
3445965
10914108
12177751
1340584
3434679
2716135
3164343
354351
27520825
178833
22042321
5615572
7959942
5227997
5559746
370236
15916031
3162014
955403
21378536
4859568
4791011
7906229
1389521
13361831
17848719
5938099
3578530
3348452
27252511
5854668
5015634
451490
277579
1833042
20404927
22883804
2499429
9529962
10619698
58141
25953314
18025298
2233501
15103975
15274205
3605236
90886
11155525
1853515
5106149
1034418
5866676
6129942
1662721
872689
15298028
2166259
4825081
20822384
2255460
265941
34274295
4019076
1683625
999961
7531998
12907974
713959
24192593
4070769
4701952
5676094
312281
15909777
1027325
52030
14967347
9920934
3947596
1117458
3540431
3030999
5526838
4579988
1590145
18266800
5970524
1448645
5108511
764725
3455921
5410882
22090459
300719
12451848
11711851
2410513
5533211
2882515
4090936
93777
91997
2616898
25731761
58188
14161150
201524
24072
6056981
1644382
7970688
566067
3415416
5299958
11448367
990671
5556429
17438667
11480186
5622515
1269799
14564417
921243
2897120
4435482
1793216
6342305
2917771
7246664
23477235
1344585
7307312
3107567
6137696
413057
4941124
39399251
16654879
7602936
10179099
9480948
3547514
6730675
8595212
16034
246453
1176925
3816739
963374
18964122
3750967
5792973
1631626
184797
14807499
9417317
82168
319
4489035
17089
59406
7280391
34593
5472005
5455493
2071134
6084608
9351236
2660389
6837396
225660
3062727
32756710
2273793
8849608
3904102
8643404
91856
4343760
77527
15951864
1682928
3295042
39643043
6055776
9026798
6565051
2871362
21175194
5347823
3745957
8465181
6249079
4449
8587904
5871963
445782
2255290
466926
8839882
2902501
144611
498562
6627408
17997262
1006750
1504948
9517655
4145009
8303005
337774
10208
12794016
12318558
439364
6973085
331503
6247883
17901053
274399
1732
2439689
5908891
4550233
3035395
5060965
11244458
909735
1794533
14618437
5784682
2940254
7216922
12183815
2057765
5650077
656198
14602461
6906013
206099
17658948
19142117
10878707
5089719
56204
1302982
3656938
279964
226701
7564029
6873030
3777714
2024443
25760755
284716
4401180
3828563
97284
403470
7505806
4789865
3444528
800315
3363145
71702
2885878
15620108
6338728
5458271
547386
4489353
11193060
4506253
5420460
1055186
2094029
877240
9109116
11461
7424808
25991
4207608
2270549
904567
240372
19239595
17175438
13321086
3949570
10542646
1560095
47639
226670
8867214
3019776
3347747
3648364
9889791
4560716
23850988
13851944
5850620
7565880
7664670
8318137
22781174
3166209
5338450
409872
8149271
4349826
4500359
13455791
9607347
2760893
24541986
52375
12325246
1376047
7235762
32022548
4379718
3503244
39750830
2338906
9860688
16993107
10119780
7051736
8360856
3203383
564140
3490309
21501747
4360807
18650383
36154311
10715087
303402
2715405
7888494
3249247
6533695
15082630
2816107
9805866
5091322
23927688
12019146
2948799
31866617
4142307
9989144
19014774
18102699
7288909
4734138
1439107
11263732
3284241
12485384
5519217
1617533
3704685
4909712
3356900
3074490
2782200
1339395
2592754
5585029
2332992
863722
4748924
22644299
4966373
13323221
7837829
1139150
5375726
15298303
82585
170908
19379688
6560650
39548490
4670693
48715
1732412
145378
9038675
4140302
778901
8580635
28718547
5577016
1988660
1411223
7821524
760202
19993111
7695453
5241824
13209250
3795093
19327638
1461487
956810
400267
1765469
19341821
32169733
1907802
8322463
5022049
4019823
415496
1638790
6917879
1971405
287162
18030288
308141
5328048
5970175
4446319
3778705
3174094
3648285
1439823
3186803
1615033
13226995
15320991
10232121
18589584
140475
3522817
4359671
1068641
1005654
13664735
14045458
1068447
10032618
122882
3086277
27508266
12531560
5378070
55075
694160
1309101
5487878
1271496
14226879
17314134
12429
3331734
5367482
1286699
15211531
16333397
89358
15327412
12583349
10485151
723837
1631372
274103
3947163
1692057
10302335
6631858
930727
4608137
804282
48226
1678354
6424194
2618613
2808365
236893
9070545
6388959
6964519
320021
5108072
25904021
1274362
3185392
2535026
28468449
10230330
62403
19051236
2802745
50572
4384780
7770638
8366238
4216567
1040983
21776392
119783
8635889
78077
3962905
7972232
61334
15542558
2026024
2043154
12272965
8989529
5670980
971793
3634242
1802325
17684051
4302020
173307
716200
4476086
4670860
24065345
1694711
1089862
2973643
954833
5299544
1265359
3341674
1128070
177573
5006306
1837967
7019947
8683933
4606266
296872
5264273
4977754
229274
315974
3534355
2104179
2577175
300849
6142147
3287311
8302467
2920191
277416
29622820
1865584
17886381
5250055
195390
3110713
3381354
2224683
815422
8847680
2089060
9577181
6584212
1983654
1423789
174571
12109017
674552
333680
2043210
819053
905226
6602841
23278805
1762445
2007922
128298
7426951
4310172
2218425
8448877
12635761
17261235
5187426
13126424
29371590
4652543
675673
24488475
7829234
5124590
6527908
2699567
3870132
8473337
83652
59448
757543
2649222
2069879
10272083
5076516
6356306
1838592
4611731
17302943
12390051
7680880
22578412
4860833
1110847
20725748
163240
240714
789191
7273148
2846044
1672552
17632406
8742
7790762
112547
7883415
852906
830791
23599940
5184957
2753935
35624316
1078931
85379
5845853
3182655
1284013
1747493
22859
312153
7728900
10421215
2525196
3202737
1979059
498812
5139968
5372551
60712
17110546
7142894
2221028
2159552
896573
4389737
5204292
8613514
23842254
5508785
1702244
13688539
16455
838094
3667569
3344715
7361066
1051206
10745594
15204525
1342732
12878177
965889
1778664
9118305
1796526
24127059
1234864
11250956
562
11914148
9534394
10254102
8206553
2652367
229269
6461714
17525129
40778260
15779743
5392783
738876
871436
13866592
22690663
4111439
822481
21802
3817499
17307320
19019648
1012748
22555276
5152306
3185123
1333130
3191155
10034719
29324768
4908480
13679900
12387910
2306328
548086
2149830
2668368
3338777
633242
4748133
3953609
366387
12649930
172941
3993287
4287299
76600
6665921
345442
23069974
7189491
8639115
2791172
15669516
459206
6825672
11199083
3430336
2965970
4857546
1501534
3422697
499930
7289348
3489643
23707475
35244944
7204395
4632583
2199093
2024234
204298
19156729
9104827
16634809
3105868
11393058
10325523
149331
1281303
5837956
2277541
5343693
19647563
353188
1140130
4947736
3794776
8288769
9985428
2683359
28823044
2054393
12087005
1445203
29717979
313892
7503819
1100604
8529995
11197153
10827050
1032856
18259237
6549044
6326340
606843
5095438
135660
3524270
194873
3601214
1227133
25396420
5642544
26052110
12207823
334405
967992
6077386
10499499
1134670
1578763
1184888
1007621
493455
383220
5083158
1105830
14307761
9661890
5844206
4250957
8678293
15752161
3074015
33027301
8523418
4851628
23187451
2604235
2926499
1633941
1348284
1196568
8554266
9755476
28854087
15953511
3596806
6667172
2092940
2124137
390067
20344660
45257
13953801
5307192
3841877
33706278
9319602
3658153
8262809
681752
16130
31292638
12050576
17412369
207258
28981374
5451605
2341325
98306
27244969
5843656
39586689
14599800
13847554
13832287
1726286
185690
2607526
6098500
3788796
551913
1111554
3331081
7076123
3648623
6788458
11437002
3676790
5498417
13939577
488
608456
18652611
6424786
3834412
2377318
542113
4761223
4847407
11729572
1885753
1487144
7968476
5998749
3951310
6488723
3744932
1234887
6460122
7016725
8157110
1058108
8125445
3530949
323862
14330401
18361870
1134643
4439689
24026936
2057791
5659672
81536
1790664
5038162
30766845
4782071
24948268
9415438
81528
7577049
456194
2717439
48578
4986573
331068
25759380
6720430
4891271
1725602
6804839
3517782
1612161
1248174
11112471
5353121
4138939
4496065
8068353
12477911
61280
68213
912779
804727
740746
13858785
17734928
21057313
2172517
266093
6712070
757989
1597562
31853827
9708071
60714
11167054
9599077
9136143
16862791
369552
12425618
4177462
1138656
1987873
356859
5866069
975424
344496
36936289
3746511
4533901
60271
188804
4355113
1661339
2576176
2266358
1440780
8018058
3145233
4336668
468575
4480303
482833
18346425
761396
11671222
17910588
4651503
75282
26597891
4257086
5918529
19355
871053
2066731
12698170
67389
21265801
4872351
6485639
3622346
28831742
16380802
3087043
7570110
1514279
2342486
4199284
5082503
2165836
7820856
14035613
2420931
4021000
5199277
1569354
6075528
2759849
214535
28383547
4647508
237634
96378
19829219
5345543
9333180
8322160
15565
3268671
2798176
16638920
7552403
5615511
96631
6183586
4165293
6456383
28952605
66140
1216093
6072660
6687869
47051
7904621
119057
84897
6890930
610474
32622231
4375797
191179
2193644
311631
770768
7939993
24511790
12759633
3268381
4935826
2107408
13723552
790423
4876718
5573413
8398867
1347279
2826049
10974008
8907538
356403
6526151
4972897
296966
6293509
6019466
23489093
25498844
20804370
7239342
13050386
84140
2259846
3308398
8369526
3818408
2788116
2595808
401981
34384991
23871288
783290
4029900
17587680
166098
17709484
233374
3069959
4492847
4806644
11215519
1250591
821950
5576931
10836986
15536767
17207024
2414071
2162325
1170773
4614790
3204693
4134780
190931
12700946
7879908
16129488
3
13670310
2907905
273422
156766
9483260
4385101
4633296
2524607
3419753
1961455
9076105
5966591
274590
3984146
403597
25155780
1274834
14428929
614782
601757
120501
10818013
29140938
2454372
11610631
246152
67916
12421321
23051695
5308322
23715
9642881
2719455
5344044
3038712
21125966
14159391
74503
3075660
13983783
5662067
4835325
1582525
16892
1279027
1709109
2091451
4290441
5085991
5808501
9062076
4374272
7664629
18338868
959008
4063173
37471652
161244
6601116
7701438
4967169
8307145
4729241
64308
18620620
3372204
169111
3874356
1588788
787691
4344681
5180921
23966555
1078290
5470782
98618
4931179
9631102
2795137
7239949
2223041
52650
532344
7560970
4097890
16182556
8501790
2099976
8462318
34861034
40119663
2522658
2158857
27731335
6150959
381888
164980
2216002
110960
1453175
7590350
1629767
20570725
1307466
18422490
213790
17797762
12412035
5216385
1326986
5038728
84958
3315613
2160621
1555
19287269
3264328
7981930
1123704
5762279
23312834
9267265
1423025
232505
5357063
3479835
64144
5031840
5994784
18574289
4377701
3278875
9247488
723153
2419597
19619766
2149861
7503205
6917667
6385004
10677969
2561450
2271074
6701815
31549
4496050
2749095
3232230
7927967
25773890
1003220
31991
698503
1309784
13917696
26645665
5208616
221030
2165919
56180
1631380
9854136
1389329
52554
12594536
2180861
975399
7372742
6290011
29149965
5373373
308158
5783772
7264267
2778194
5368151
3683417
329786
3987519
4768054
703628
88476
4520558
262190
7541226
9071090
9045100
968918
4104149
11743697
9328754
1220081
881790
1258149
5570607
833364
2011062
18137082
14294443
6101091
6954116
7492892
33170471
10220268
3789907
3967970
10319595
5959728
404129
180307
14849652
3149354
10326307
3606471
432988
3362627
10224808
973909
16034455
5935362
2622723
23471586
343743
10649989
2444481
7398778
2073800
4823792
581883
1454650
2007497
1683546
11093014
2177221
8343423
12925798
21561931
5087035
22522228
6475
5198466
2285020
7426036
6920613
1387208
11469325
9118449
6067295
7804187
3843846
504795
5579509
4483132
3904872
5670077
1754891
4484549
21431139
2234359
6384931
7821843
630365
5102605
11164933
12467938
2537570
15593131
3620073
2982040
27040745
22618932
6426987
6801173
17253742
2830596
462499
2503431
7324244
19446962
367398
4383250
5469000
2226987
6241346
9592824
7034495
2717384
1847124
458588
3197
5884734
4874934
18111852
91502
3175814
8143044
1707037
3534375
19603115
36226
31502199
10076874
2116474
904755
1555552
5975546
8900246
2499111
8096625
5731039
5598943
4298170
1003164
6069040
2240694
453564
12415210
1956775
172417
4652512
4614991
12040145
7896011
143553
6114620
3603835
2037818
7072388
14955029
8594566
4892946
632867
504640
15646794
4603737
6925434
8075361
6858255
821314
16065970
404701
3881190
2828729
290942
911416
7169810
32224283
801464
3118614
5219238
2225681
49843
10672725
5379978
7979050
3290909
6279237
65476
962985
25518929
4338658
11382874
1515038
1340482
432623
26192025
4602009
22965479
5226872
5541554
1272852
4942646
20245485
30035259
1098667
3323666
1128434
1744873
2861768
2959229
1860917
7539524
1483136
17400522
5918690
1843279
286276
1049847
9818192
66128
5985453
4172573
9563990
6740989
40342167
3698216
5927444
8074080
13663612
6507937
7888546
22337190
8857715
381439
20509752
4808518
1727238
2530228
962192
24676718
705696
5149230
12839921
21665044
10338814
147785
3767574
13113543
323307
321597
14128315
4274916
6089784
13878109
8866392
2886542
5056128
1593251
17285864
1180184
29645511
4604280
4742710
20824483
263067
1663724
11674344
3308704
6357422
2791147
13555236
1074821
1639737
1234417
7811405
5747486
6457598
4581996
1630638
2722345
5975220
2207772
26581
2836431
9131202
36160153
10069145
2508481
353230
2978699
5916104
3069985
1001337
8669919
9840517
6837372
7600130
25311990
22251588
3345269
4788402
664481
2286233
3289489
4997155
2226070
7237925
3169842
13393016
12397944
11530482
5116479
1438427
4568547
27537319
430170
9865404
2248551
386090
514981
19133955
7219808
1612192
833047
10027659
12255186
3845988
30577590
9286511
202028
12915503
616910
2281948
19605313
3174667
7553254
2215904
8609128
4621778
4534460
14706477
208613
2040599
14647976
4780914
5346800
2911777
226941
1022184
18547204
698617
11906860
4450319
78636
2083235
1226036
16377215
40790
77504
2454975
93924
3560218
10604102
3992901
70917
6580302
3869107
1340664
7984978
8435066
3410746
6289530
4126366
9617642
3023133
9182291
9645610
1791238
11651392
6602966
8607364
9484823
4852708
2220533
6371353
35385343
274944
149369
7145718
63329
14156047
2723400
147243
1999756
21213840
20258543
3253226
15493682
656263
703863
6819553
2919640
5223690
2776573
514958
1518271
2143781
5888301
5606230
5776425
613088
23192879
3185606
15220973
7582734
12997007
2867146
472113
201120
10277184
327503
6158651
1753645
3489583
410434
8288756
357283
35179101
1645523
460512
2221035
7928884
18364613
22457872
30303108
986628
2707242
5419489
454571
21416745
14747347
2603763
6409399
544829
1290803
4615239
215673
2057888
10869636
6341707
447346
8498911
1912118
5658738
4149179
1263879
8401472
56918
6621345
222199
7175746
5419966
4830319
88011
1723232
6383937
886383
1612071
4203544
1023941
284472
17526992
10047839
4398654
15384219
528879
5983711
4476253
28088018
5325781
2032323
72568
1125533
18971215
1164048
3087390
9122229
461071
2541988
24110157
2172271
51883
11132091
2431908
2665529
830605
12032147
233756
1367592
541589
13383308
6069912
3059220
27314711
465447
2136627
3456627
1971838
3908461
736269
128
9360765
410740
12208746
2380854
22945767
5347996
281928
23881476
4384795
4600640
9446152
218122
11289210
4062744
1303122
16536024
809099
19329308
1844631
33723106
85049
6861211
5577440
7921322
3043769
18298
10912247
289821
314087
6206719
345238
3895573
1170242
6403960
1260893
9573138
