1683546
14567016
5187329
1376047
298759
5651567
60712
14107065
3777714
25391
3845988
11470211
1865584
4867980
5299544
9279019
119352
2190708
677143
1141506
2583596
4100982
911416
1837967
34009
142676
1445642
6682483
8760897
1875356
3713008
42463
5164879
208968
337774
807765
7007002
3072423
19277008
2414071
3013423
4894694
8897863
25592491
14981
14142324
5577016
601724
5662907
5151008
453564
206099
3575683
334405
2149861
271354
6917667
1128434
6837396
7664670
5985453
2561450
7
4393
12245921
2499792
145986
1181107
1
1992054
172941
2886542
9208197
4597021
5012036
5066900
2830596
296872
7590350
0
154344
3949570
5421656
6338728
4081105
91836
3700
798057
10715087
194215
4384780
77577
7503205
403597
6527203
11667553
2217247
10267961
128
48226
581614
8843078
17700959
41599
11979194
5759085
40175
5887366
1489956
7695453
10076664
7970688
7072388
8288756
14570767
1504822
811778
2875528
6271199
2469422
1561607
34593
2886414
3148941
226859
6858255
53645
4815490
6219991
4368171
5083255
1135393
1309784
2032323
2366713
5824533
3185392
593595
3353728
5347996
1260893
630365
11676399
6467200
334363
299
6637125
4876513
3658153
1935160
12207823
4444667
3954703
1302958
9070545
5261664
4748122
174987
146809
81887
2011062
3216086
213790
4161527
140199
4870943
11201340
4998216
2532057
4082907
19571
12596354
965666
168811
3947763
2972404
4476618
1629767
1605290
