6814
13157
5367
3606
6446
10135
33872
16679
5175
6578
18955
5344
54022
28310
13581
16228
1426
28122
2274
2420
45207
15692
35644
11164
45141
20522
89305
32481
15824
7046
18415
27476
2152
28664
2512
5679
4061
2137
66089
16657
1906
20331
2190
1267
7310
5287
73748
5433
15694
4085
14402
2908
22594
50428
31144
67767
24903
38747
2909
22523
55437
504
9774
13757
26331
65272
40339
2807
57230
61255
4744
3293
2038
7624
20355
8280
844
1892
19100
17285
6858
3175
2394
663
44799
10013
914
46226
11496
10709
33103
7986
22804
64956
348
2943
10125
3031
1895
32925
32491
95528
9473
20313
90506
4863
13976
4533
21509
5558
9102
64248
19849
34269
83461
2755
2050
9929
14829
16981
73943
2860
15459
21483
2418
21800
6271
8282
10927
38671
3527
69109
14763
30033
13388
31266
24539
46345
20397
9033
5331
8783
6854
44387
13879
9259
4579
50330
41530
12699
26938
3309
53470
22872
15686
33882
24437
19360
15577
9372
3443
4359
3007
30786
22348
18380
83839
10498
