310
37057
657449
4986
21
362
646289
20024
71075
44005
645916
1845
105477
1243
1181
807
44012
71153
104196
1210
1011428
4735
1182
684219
110104
2844
805
1185
94026
516
20363
802
1001507
649283
646255
108601
106354
661664
697830
4935
939
3
1024
687
825
21170
831
660238
638610
660328
616
26084
23840
18858
3099
644577
122395
2686
657357
20921
4889
2525
403
103
6510
2661
3101
1239
27836
8745
5995
1036
722
108611
3491
114445
1368
647829
93539
21472
20011
115240
642490
31842
11879
179149
383
