307
348
504
844
914
1267
1335
1455
1503
1892
1895
1906
2038
2050
2137
2190
2274
2286
2394
2418
2420
2512
2755
2807
2908
2909
2925
2943
3007
3031
3164
3175
3256
3293
3309
3527
3606
4061
4063
4085
4259
4356
4359
4559
4579
4744
4754
4806
5045
5180
5239
5287
5331
5344
5367
5433
5529
5771
5908
6169
6446
6578
6628
6814
6854
6858
7034
7310
7624
7986
8280
8362
8783
9033
9102
9372
9399
9473
9514
9892
9929
10125
10498
10709
10888
10927
11164
11496
11689
11733
12223
12497
12699
12701
13157
13388
13581
13722
13879
14763
14829
15459
15577
15626
15686
15692
15824
16228
16657
16853
16981
16986
17285
18380
18919
18955
19100
19360
19849
20010
20119
20331
20358
20397
20522
21483
21509
21800
22282
22348
22523
22804
24539
24903
25452
26331
26581
26741
26811
26938
27333
27835
28122
28310
28664
30323
31144
32251
32481
32491
32902
32925
33103
33342
33872
33882
34076
34269
35607
35644
36264
37370
37825
38662
38671
39028
39233
40339
41530
42533
42676
44387
44799
45141
45207
45733
46156
46226
46345
50428
53470
54022
55437
59206
60340
61255
64248
64956
65272
66089
67767
69109
72003
73943
76582
83461
89305
90506
95528
128964
